-9.884132239726638458e-01,-9.884132239764787942e-01,-9.884132239709768619e-01,-9.884132239792804420e-01,-9.884132239706552303e-01,-9.884132239774325868e-01,-9.884132239744035653e-01,-9.884132239738669945e-01,-9.884132239814538146e-01,-9.884132239846206147e-01,-9.884132239737348780e-01,-9.884132239782724705e-01,-9.884132239723925073e-01,-9.884132239774842121e-01,-9.884132239730233360e-01,-9.884132239848246737e-01,-9.884132239669893849e-01,-9.884132239746733495e-01,-9.884132239686204136e-01,-9.884132239769425343e-01
-9.852116456660194865e-01,-9.852116456662317612e-01,-9.852116456658509547e-01,-9.852116456665522826e-01,-9.852116456659911758e-01,-9.852116456663896349e-01,-9.852116456662247668e-01,-9.852116456661738075e-01,-9.852116456666633049e-01,-9.852116456669059996e-01,-9.852116456661220711e-01,-9.852116456665129807e-01,-9.852116456660783284e-01,-9.852116456663929656e-01,-9.852116456660517940e-01,-9.852116456669076650e-01,-9.852116456656393462e-01,-9.852116456662340926e-01,-9.852116456656654364e-01,-9.852116456663125854e-01
-9.805235086566226332e-01,-9.805235086587628102e-01,-9.805235086549123347e-01,-9.805235086624136676e-01,-9.805235086557972934e-01,-9.805235086603726335e-01,-9.805235086588731663e-01,-9.805235086576812309e-01,-9.805235086638471875e-01,-9.805235086662577038e-01,-9.805235086578858450e-01,-9.805235086618672158e-01,-9.805235086568335756e-01,-9.805235086605862405e-01,-9.805235086561091551e-01,-9.805235086662728028e-01,-9.805235086521491006e-01,-9.805235086589646487e-01,-9.805235086526160604e-01,-9.805235086591818083e-01
-9.733152643324249897e-01,-9.733152643324594067e-01,-9.733152643317933839e-01,-9.733152643328437659e-01,-9.733152643327227516e-01,-9.733152643326170583e-01,-9.733152643325114761e-01,-9.733152643324773923e-01,-9.733152643321594244e-01,-9.733152643325052589e-01,-9.733152643316939079e-01,-9.733152643328253362e-01,-9.733152643323922382e-01,-9.733152643326651310e-01,-9.733152643322301456e-01,-9.733152643329210374e-01,-9.733152643320009956e-01,-9.733152643332229070e-01,-9.733152643318422337e-01,-9.733152643328678577e-01
-9.615528131979458326e-01,-9.615528131988054783e-01,-9.615528131916837307e-01,-9.615528132022372887e-01,-9.615528132009961704e-01,-9.615528132017093776e-01,-9.615528132004733664e-01,-9.615528131987428617e-01,-9.615528131978574589e-01,-9.615528132020494390e-01,-9.615528131911298404e-01,-9.615528132029156350e-01,-9.615528131976029957e-01,-9.615528132020657592e-01,-9.615528131961418312e-01,-9.615528132041671894e-01,-9.615528131932298272e-01,-9.615528132075639167e-01,-9.615528131913236853e-01,-9.615528132018331675e-01
-9.409604251317220669e-01,-9.409604251385711438e-01,-9.409604251175052170e-01,-9.409604251387065910e-01,-9.409604251443054457e-01,-9.409604251480611081e-01,-9.409604251467889036e-01,-9.409604251370341510e-01,-9.409604251345693449e-01,-9.409604251526197949e-01,-9.409604251116023832e-01,-9.409604251451845203e-01,-9.409604251336394221e-01,-9.409604251451522128e-01,-9.409604251336876057e-01,-9.409604251436463063e-01,-9.409604251260786922e-01,-9.409604251698701072e-01,-9.409604251150673893e-01,-9.409604251454944945e-01
-9.021696628815084607e-01,-9.021696629451722016e-01,-9.021696629076115803e-01,-9.021696629044504423e-01,-9.021696629243887156e-01,-9.021696629118667321e-01,-9.021696629393024525e-01,-9.021696629059845485e-01,-9.021696628913565830e-01,-9.021696629656222877e-01,-9.021696628569378928e-01,-9.021696629293796121e-01,-9.021696629188585836e-01,-9.021696628994750888e-01,-9.021696629400209888e-01,-9.021696628967448284e-01,-9.021696629183781901e-01,-9.021696629720724614e-01,-9.021696628696111997e-01,-9.021696629643227716e-01
-8.259590304193143995e-01,-8.259590319314853435e-01,-8.259590312144764468e-01,-8.259590314523839183e-01,-8.259590318514931084e-01,-8.259590305870960769e-01,-8.259590311942176521e-01,-8.259590315631273327e-01,-8.259590307167229417e-01,-8.259590316051993453e-01,-8.259590306703264995e-01,-8.259590319810274917e-01,-8.259590314959541768e-01,-8.259590310184180550e-01,-8.259590313852642751e-01,-8.259590311554069197e-01,-8.259590315984465247e-01,-8.259590307594215641e-01,-8.259590307699185008e-01,-8.259590325293565405e-01
-6.862852162170031134e-01,-6.862852135138837184e-01,-6.862852156330032649e-01,-6.862852163512442871e-01,-6.862852123191335307e-01,-6.862852174131169880e-01,-6.862852138869681706e-01,-6.862852144921933739e-01,-6.862852143890147971e-01,-6.862852159770724825e-01,-6.862852134967635243e-01,-6.862852153169102243e-01,-6.862852144806125265e-01,-6.862852150971929799e-01,-6.862852138628565690e-01,-6.862852166125420483e-01,-6.862852112475330557e-01,-6.862852168276383225e-01,-6.862852140680287816e-01,-6.862852137987933698e-01
-4.786725212610644653e-01,-4.786725223223035064e-01,-4.786725226928532639e-01,-4.786725212100446103e-01,-4.786725219126885533e-01,-4.786725215629724084e-01,-4.786725207479970989e-01,-4.786725219092189954e-01,-4.786725207879670707e-01,-4.786725207384923686e-01,-4.786725225078115042e-01,-4.786725205268748118e-01,-4.786725204832961156e-01,-4.786725226581040049e-01,-4.786725214248349625e-01,-4.786725213109815913e-01,-4.786725224948585877e-01,-4.786725218428530271e-01,-4.786725221056567503e-01,-4.786725222485246345e-01
-1.757563110568377274e-01,-1.757563070631488200e-01,-1.757563105217603283e-01,-1.757563074909904710e-01,-1.757563110830845376e-01,-1.757563084989818281e-01,-1.757563114447709407e-01,-1.757563085206826359e-01,-1.757563111539058032e-01,-1.757563084515876561e-01,-1.757563111460371807e-01,-1.757563082381427000e-01,-1.757563121262019634e-01,-1.757563081024170748e-01,-1.757563114718187769e-01,-1.757563074745752685e-01,-1.757563104441179913e-01,-1.757563074186827279e-01,-1.757563110414908925e-01,-1.757563072627522927e-01
-6.889816376636713480e-02,-6.889819150407212878e-02,-6.889816476298239734e-02,-6.889819123508603149e-02,-6.889816465097042819e-02,-6.889819103717745308e-02,-6.889816412922133981e-02,-6.889819109779948825e-02,-6.889816497773157411e-02,-6.889819096888695482e-02,-6.889816484671479335e-02,-6.889819168562467955e-02,-6.889816342880514255e-02,-6.889819168438200692e-02,-6.889816458650459274e-02,-6.889819106712283259e-02,-6.889816500082901474e-02,-6.889819136497571384e-02,-6.889816402825595099e-02,-6.889819198041002846e-02
6.439581110272118991e-02,-1.355761147653906928e-01,6.439581007382833011e-02,-1.355761136897221664e-01,6.439581074245792625e-02,-1.355761143646628530e-01,6.439581007899761178e-02,-1.355761143743428321e-01,6.439581004834984967e-02,-1.355761137935331817e-01,6.439581092939734852e-02,-1.355761146735696698e-01,6.439581063144123041e-02,-1.355761139853232100e-01,6.439581087140704152e-02,-1.355761147799410815e-01,6.439581004679520437e-02,-1.355761144925398676e-01,6.439581114914066928e-02,-1.355761142810733844e-01
-1.092731126035754036e-01,6.698128406163422754e-02,-1.092731127087600979e-01,6.698128417818086100e-02,-1.092731126451157997e-01,6.698128412191103886e-02,-1.092731127311577927e-01,6.698128411194649579e-02,-1.092731127416896320e-01,6.698128419669728550e-02,-1.092731126370290323e-01,6.698128406477041330e-02,-1.092731126488034332e-01,6.698128413760087718e-02,-1.092731126237300870e-01,6.698128407639550308e-02,-1.092731127506658545e-01,6.698128411097709067e-02,-1.092731126441317119e-01,6.698128413316509211e-02
-1.572851940615476452e-01,1.299437350259705914e-01,-1.572851940738800580e-01,1.299437350213696885e-01,-1.572851940725232267e-01,1.299437350241878508e-01,-1.572851940862365350e-01,1.299437350223983101e-01,-1.572851940860719999e-01,1.299437350312881712e-01,-1.572851940681423699e-01,1.299437350164920624e-01,-1.572851940522830283e-01,1.299437350235151667e-01,-1.572851940545849370e-01,1.299437350402467550e-01,-1.572851940861052233e-01,1.299437350415713344e-01,-1.572851940741631926e-01,1.299437350436586369e-01
-1.694169411693465244e-01,1.508195574700585684e-01,-1.694169410445735269e-01,1.508195571496249998e-01,-1.694169411589810659e-01,1.508195572769632509e-01,-1.694169410472244619e-01,1.508195572940627394e-01,-1.694169409914897673e-01,1.508195571546082914e-01,-1.694169411322046515e-01,1.508195574154843344e-01,-1.694169409977808460e-01,1.508195572765253789e-01,-1.694169410638076689e-01,1.508195574953957452e-01,-1.694169409765333145e-01,1.508195574203549383e-01,-1.694169410882236659e-01,1.508195574054271293e-01
-1.709883182450289973e-01,1.580027635690537391e-01,-1.709883182344937302e-01,1.580027635410060916e-01,-1.709883182432552218e-01,1.580027635527717911e-01,-1.709883182359317744e-01,1.580027635535631025e-01,-1.709883182295228732e-01,1.580027635416138831e-01,-1.709883182420766368e-01,1.580027635644838113e-01,-1.709883182300213633e-01,1.580027635522658069e-01,-1.709883182357919973e-01,1.580027635718964651e-01,-1.709883182288206294e-01,1.580027635660338214e-01,-1.709883182372841093e-01,1.580027635639159322e-01
1.611326700343908569e-01,-1.702283734007527805e-01,1.611326700271012990e-01,-1.702283734033327722e-01,1.611326700249544608e-01,-1.702283733994822412e-01,1.611326700251126121e-01,-1.702283733947652089e-01,1.611326700254126498e-01,-1.702283733987989545e-01,1.611326700265863499e-01,-1.702283733920256781e-01,1.611326700189991690e-01,-1.702283733988395609e-01,1.611326700292602943e-01,-1.702283733952498490e-01,1.611326700349650365e-01,-1.702283733985262559e-01,1.611326700333717832e-01,-1.702283733994854886e-01
1.639387898012572287e-01,-1.701433531506376939e-01,1.639387897714583986e-01,-1.701433531706433022e-01,1.639387897882086942e-01,-1.701433531268192467e-01,1.639387897778116221e-01,-1.701433531064958649e-01,1.639387897562356589e-01,-1.701433531544091771e-01,1.639387897553267748e-01,-1.701433531266116073e-01,1.639387896830492852e-01,-1.701433531235704288e-01,1.639387897461017096e-01,-1.701433530944441441e-01,1.639387897941101124e-01,-1.701433531484780326e-01,1.639387898093203066e-01,-1.701433531720191183e-01
-1.719679175779417757e-01,1.680644303468057932e-01,-1.719679175788086378e-01,1.680644303429932873e-01,-1.719679175806125004e-01,1.680644303442503096e-01,-1.719679175730603748e-01,1.680644303483393165e-01,-1.719679175776550606e-01,1.680644303473783630e-01,-1.719679175849902208e-01,1.680644303491609093e-01,-1.719679175830184925e-01,1.680644303435559761e-01,-1.719679175775234992e-01,1.680644303425465336e-01,-1.719679175738797750e-01,1.680644303409079832e-01,-1.719679175742439281e-01,1.680644303419192020e-01
1.743893483361906027e-01,-1.763270465636329609e-01,1.743893483498016872e-01,-1.763270465349807137e-01,1.743893483490416008e-01,-1.763270465286691513e-01,1.743893483550418566e-01,-1.763270465373014406e-01,1.743893483450976167e-01,-1.763270465484115535e-01,1.743893483365010766e-01,-1.763270465450161861e-01,1.743893483142781031e-01,-1.763270465330532000e-01,1.743893483181581938e-01,-1.763270465457663361e-01,1.743893483302116632e-01,-1.763270465491120209e-01,1.743893483337574934e-01,-1.763270465521599439e-01
-1.836809052516568397e-01,1.835525119661476634e-01,-1.836809056210101099e-01,1.835525120536962429e-01,-1.836809056279275210e-01,1.835525117258255123e-01,-1.836809054614259862e-01,1.835525119302831298e-01,-1.836809060173136277e-01,1.835525123840457684e-01,-1.836809057249832178e-01,1.835525119117167869e-01,-1.836809053859196350e-01,1.835525120285070033e-01,-1.836809057149398072e-01,1.835525117769777614e-01,-1.836809056562632991e-01,1.835525121156949824e-01,-1.836809055523210554e-01,1.835525116347815344e-01
1.961950908381006609e-01,-1.945243194856059454e-01,1.961950908574014163e-01,-1.945243194724414759e-01,1.961950908484813572e-01,-1.945243194746455184e-01,1.961950908620669065e-01,-1.945243194843426504e-01,1.961950908427880225e-01,-1.945243194811430432e-01,1.961950908495061208e-01,-1.945243194923684804e-01,1.961950908452034514e-01,-1.945243194832235456e-01,1.961950908447736286e-01,-1.945243194810218901e-01,1.961950908366389412e-01,-1.945243194776481166e-01,1.961950908410028671e-01,-1.945243194961377708e-01
2.131060030684427675e-01,-2.095018971419515819e-01,2.131060030636681979e-01,-2.095018971795035989e-01,2.131060030410570905e-01,-2.095018970942097991e-01,2.131060030401402960e-01,-2.095018972308785032e-01,2.131060030503465763e-01,-2.095018971350221804e-01,2.131060031098828966e-01,-2.095018971790656159e-01,2.131060030097807756e-01,-2.095018972053658834e-01,2.131060029677750989e-01,-2.095018971432588972e-01,2.131060030530377847e-01,-2.095018971161406729e-01,2.131060030206093081e-01,-2.095018969921455809e-01
-2.294991086184447471e-01,2.353426294570654664e-01,-2.294991086323529272e-01,2.353426294652513351e-01,-2.294991086215306675e-01,2.353426294517545203e-01,-2.294991086306309436e-01,2.353426294732066104e-01,-2.294991086471007968e-01,2.353426294879667757e-01,-2.294991086202117780e-01,2.353426294815405551e-01,-2.294991085921263552e-01,2.353426294902888904e-01,-2.294991086050051365e-01,2.353426294938556207e-01,-2.294991086340077424e-01,2.353426294836719057e-01,-2.294991086373103506e-01,2.353426294714923983e-01
