-6.056343891034525750e-01,-6.056343820073633033e-01,-6.056343856001520365e-01,-6.056343882780208521e-01,-6.056343856435534301e-01,-6.056343880361618748e-01,-6.056343838637833210e-01,-6.056343859030730581e-01,-6.056343903864529477e-01,-6.056343860278988744e-01,-6.056343796808225655e-01,-6.056343888359553285e-01,-6.056343918846516239e-01,-6.056343831069475048e-01,-6.056343846481637705e-01,-6.056343916981594688e-01,-6.056343846999878711e-01,-6.056343847321676854e-01,-6.056343839999218659e-01,-6.056343874963761031e-01
-5.995345344716358493e-01,-5.995345337295402421e-01,-5.995345338443391903e-01,-5.995345343054436782e-01,-5.995345342826798873e-01,-5.995345341511560955e-01,-5.995345339147584163e-01,-5.995345343643009306e-01,-5.995345347276856973e-01,-5.995345339359505754e-01,-5.995345333953384648e-01,-5.995345344340917704e-01,-5.995345346700509115e-01,-5.995345335934396669e-01,-5.995345337736337488e-01,-5.995345347642824230e-01,-5.995345343482061384e-01,-5.995345337041415590e-01,-5.995345336861723773e-01,-5.995345343646365510e-01
-5.933833448780344577e-01,-5.933833440438888163e-01,-5.933833441436396905e-01,-5.933833446677745371e-01,-5.933833446773492115e-01,-5.933833445109610860e-01,-5.933833442517034706e-01,-5.933833447724080612e-01,-5.933833451636030265e-01,-5.933833442373928069e-01,-5.933833436356921176e-01,-5.933833448224824503e-01,-5.933833451007365367e-01,-5.933833438874545063e-01,-5.933833440968139250e-01,-5.933833452307935019e-01,-5.933833447696660324e-01,-5.933833439931959219e-01,-5.933833439834486079e-01,-5.933833447666887473e-01
-5.871815406969584927e-01,-5.871815397690666183e-01,-5.871815398465594082e-01,-5.871815404263664995e-01,-5.871815404738570665e-01,-5.871815402845557141e-01,-5.871815400014295250e-01,-5.871815405877434113e-01,-5.871815410037832805e-01,-5.871815399360719168e-01,-5.871815392702602887e-01,-5.871815406158178430e-01,-5.871815409421208276e-01,-5.871815395884960598e-01,-5.871815398343440684e-01,-5.871815411211385172e-01,-5.871815406077871557e-01,-5.871815396920835317e-01,-5.871815396930768483e-01,-5.871815405827369716e-01
-5.809298102797049168e-01,-5.809298092600549968e-01,-5.809298093095064397e-01,-5.809298099284101458e-01,-5.809298100190838365e-01,-5.809298098293829149e-01,-5.809298095185022603e-01,-5.809298101566674477e-01,-5.809298105988185412e-01,-5.809298093854800005e-01,-5.809298086480092493e-01,-5.809298101649448265e-01,-5.809298105471383256e-01,-5.809298090479606547e-01,-5.809298093416084274e-01,-5.809298107918386966e-01,-5.809298102139697217e-01,-5.809298091569041755e-01,-5.809298091755847882e-01,-5.809298101674323922e-01
-5.746288002835659992e-01,-5.746287991781557913e-01,-5.746287991954829311e-01,-5.746287998278447606e-01,-5.746287999678876268e-01,-5.746287998096549776e-01,-5.746287994605034921e-01,-5.746288001311221638e-01,-5.746288006086717193e-01,-5.746287992449207183e-01,-5.746287984214941691e-01,-5.746288001284128866e-01,-5.746288005784059294e-01,-5.746287989211364966e-01,-5.746287992777836529e-01,-5.746288009082027859e-01,-5.746288002471899858e-01,-5.746287990477630947e-01,-5.746287990995591066e-01,-5.746288001854604754e-01
-5.682791084137059912e-01,-5.682791072301063284e-01,-5.682791072122796994e-01,-5.682791078271658414e-01,-5.682791080256546223e-01,-5.682791079331983575e-01,-5.682791075264125302e-01,-5.682791082101275038e-01,-5.682791087430945076e-01,-5.682791072186050840e-01,-5.682791062876328958e-01,-5.682791082143330286e-01,-5.682791087481132708e-01,-5.682791069074372148e-01,-5.682791073443145269e-01,-5.682791091829670904e-01,-5.682791084155960348e-01,-5.682791070683230750e-01,-5.682791071802152372e-01,-5.682791083522322761e-01
-5.618812756820379395e-01,-5.618812744244997548e-01,-5.618812743672794152e-01,-5.618812749360400094e-01,-5.618812752070754257e-01,-5.618812752046976611e-01,-5.618812747128998364e-01,-5.618812753995836573e-01,-5.618812760164555442e-01,-5.618812743116179398e-01,-5.618812732493990714e-01,-5.618812754384112651e-01,-5.618812760730778066e-01,-5.618812740092750113e-01,-5.618812745407439913e-01,-5.618812766292569094e-01,-5.618812757341271613e-01,-5.618812742232064394e-01,-5.618812744332677411e-01,-5.618812756893778459e-01
-5.554357780949472634e-01,-5.554357767561177717e-01,-5.554357766480954028e-01,-5.554357771596842852e-01,-5.554357775206640868e-01,-5.554357776065701469e-01,-5.554357770018296669e-01,-5.554357777020622056e-01,-5.554357784276091614e-01,-5.554357765144093406e-01,-5.554357753100094275e-01,-5.554357778081774333e-01,-5.554357785549636217e-01,-5.554357762213142369e-01,-5.554357768514061044e-01,-5.554357792381616754e-01,-5.554357782083594319e-01,-5.554357765071418207e-01,-5.554357768533972894e-01,-5.554357782049750281e-01
-5.489430176560270436e-01,-5.489430162005599634e-01,-5.489430160166466344e-01,-5.489430164984193672e-01,-5.489430169630014067e-01,-5.489430170926823394e-01,-5.489430163685358188e-01,-5.489430171190642360e-01,-5.489430179480254690e-01,-5.489430158026289419e-01,-5.489430144817206703e-01,-5.489430173169775884e-01,-5.489430181674705977e-01,-5.489430155356070928e-01,-5.489430162500791299e-01,-5.489430189656261394e-01,-5.489430178275213068e-01,-5.489430159111028384e-01,-5.489430164039585947e-01,-5.489430178788816672e-01
-5.424033125246681131e-01,-5.424033108718475660e-01,-5.424033105662320331e-01,-5.424033111060473367e-01,-5.424033116657374087e-01,-5.424033117513299418e-01,-5.424033109579516898e-01,-5.424033118096667216e-01,-5.424033126690940287e-01,-5.424033103015187818e-01,-5.424033089529483043e-01,-5.424033120912609141e-01,-5.424033130018799387e-01,-5.424033101062804008e-01,-5.424033108718631091e-01,-5.424033138818085131e-01,-5.424033127120235775e-01,-5.424033105930640142e-01,-5.424033111694825937e-01,-5.424033128050578245e-01
-5.358168861275444117e-01,-5.358168841410846372e-01,-5.358168836494279219e-01,-5.358168844029314037e-01,-5.358168850003188766e-01,-5.358168849400513079e-01,-5.358168842199235726e-01,-5.358168851959882462e-01,-5.358168859205346690e-01,-5.358168834166876504e-01,-5.358168821959907735e-01,-5.358168854983068607e-01,-5.358168863819487981e-01,-5.358168833635300610e-01,-5.358168841446079300e-01,-5.358168872956112772e-01,-5.358168862183880776e-01,-5.358168840026451551e-01,-5.358168844820578869e-01,-5.358168862994466819e-01
-5.291838549537548619e-01,-5.291838524539822508e-01,-5.291838517099862749e-01,-5.291838528793523233e-01,-5.291838533860312443e-01,-5.291838531249639654e-01,-5.291838527140917403e-01,-5.291838537499563566e-01,-5.291838541118042416e-01,-5.291838516575770868e-01,-5.291838507387860435e-01,-5.291838539663311636e-01,-5.291838547081012534e-01,-5.291838518011831027e-01,-5.291838525970113949e-01,-5.291838556043101383e-01,-5.291838547486772404e-01,-5.291838526762985273e-01,-5.291838527610461806e-01,-5.291838547306728646e-01
-5.225042147032656903e-01,-5.225042114931972570e-01,-5.225042104542001464e-01,-5.225042122471004191e-01,-5.225042124680945310e-01,-5.225042120530658529e-01,-5.225042122290274316e-01,-5.225042131331758544e-01,-5.225042129446201278e-01,-5.225042107933823843e-01,-5.225042102678871814e-01,-5.225042131863786299e-01,-5.225042136852466879e-01,-5.225042111021063196e-01,-5.225042119872315149e-01,-5.225042145084616285e-01,-5.225042139302421562e-01,-5.225042123535653671e-01,-5.225042117031364342e-01,-5.225042137287406740e-01
-5.157778243494026693e-01,-5.157778202404463830e-01,-5.157778188980803868e-01,-5.157778214992252419e-01,-5.157778212092405390e-01,-5.157778208016946531e-01,-5.157778218038051588e-01,-5.157778222722111394e-01,-5.157778215118555831e-01,-5.157778198962508220e-01,-5.157778196719271513e-01,-5.157778222249271849e-01,-5.157778224415363599e-01,-5.157778201901619397e-01,-5.157778213296262404e-01,-5.157778230974557898e-01,-5.157778227059632847e-01,-5.157778219972436462e-01,-5.157778203459906230e-01,-5.157778222893931730e-01
-5.090043875266472284e-01,-5.090043823744128115e-01,-5.090043807437875101e-01,-5.090043843075201524e-01,-5.090043833196433720e-01,-5.090043831566705146e-01,-5.090043851219565596e-01,-5.090043848054671694e-01,-5.090043836973591196e-01,-5.090043827306754975e-01,-5.090043824883146995e-01,-5.090043849405484488e-01,-5.090043849184645586e-01,-5.090043826626740042e-01,-5.090043842769575999e-01,-5.090043852105983202e-01,-5.090043847448170178e-01,-5.090043851658994090e-01,-5.090043824351283552e-01,-5.090043841692255544e-01
-5.021834278304275756e-01,-5.021834274344288973e-01,-5.021834274254016739e-01,-5.021834279271766288e-01,-5.021834273352885347e-01,-5.021834272856320336e-01,-5.021834278717208777e-01,-5.021834273798915227e-01,-5.021834270665069822e-01,-5.021834276244259154e-01,-5.021834276865706492e-01,-5.021834271488900825e-01,-5.021834269020374331e-01,-5.021834274030436696e-01,-5.021834278156054321e-01,-5.021834272207279515e-01,-5.021834273335560317e-01,-5.021834280783429305e-01,-5.021834272821023015e-01,-5.021834270190522753e-01
-4.953142732390095060e-01,-4.953142725169343286e-01,-4.953142724302276867e-01,-4.953142732679132187e-01,-4.953142725367197796e-01,-4.953142725280869074e-01,-4.953142733238555806e-01,-4.953142726521351236e-01,-4.953142723914261691e-01,-4.953142729723197801e-01,-4.953142729063641503e-01,-4.953142726335831858e-01,-4.953142723585491902e-01,-4.953142725440795036e-01,-4.953142731060380388e-01,-4.953142724998486068e-01,-4.953142724937847907e-01,-4.953142733473060444e-01,-4.953142723546123394e-01,-4.953142721339684473e-01
-4.883960080070228749e-01,-4.883960073012971748e-01,-4.883960070270881859e-01,-4.883960079475888616e-01,-4.883960076963212993e-01,-4.883960075075889362e-01,-4.883960083855472534e-01,-4.883960081306261691e-01,-4.883960073181903283e-01,-4.883960078272356342e-01,-4.883960084191559803e-01,-4.883960077393773025e-01,-4.883960072994578683e-01,-4.883960078624033363e-01,-4.883960078954629469e-01,-4.883960072043506129e-01,-4.883960075978653337e-01,-4.883960079741772597e-01,-4.883960068942234667e-01,-4.883960069895578737e-01
-4.814274441228646451e-01,-4.814274447409084834e-01,-4.814274446423647547e-01,-4.814274441768754964e-01,-4.814274450221686097e-01,-4.814274444120000274e-01,-4.814274445811952963e-01,-4.814274455994925206e-01,-4.814274435355614945e-01,-4.814274440674272126e-01,-4.814274464777596463e-01,-4.814274436369814225e-01,-4.814274430312657782e-01,-4.814274458951372515e-01,-4.814274445100443778e-01,-4.814274435583593137e-01,-4.814274451993558745e-01,-4.814274446733086688e-01,-4.814274440123847976e-01,-4.814274442790082986e-01
-4.744070709243222717e-01,-4.744070724772805892e-01,-4.744070726683600192e-01,-4.744070708667186831e-01,-4.744070722232043291e-01,-4.744070715300824359e-01,-4.744070709867400093e-01,-4.744070727110913377e-01,-4.744070699729788787e-01,-4.744070705226930418e-01,-4.744070740535635267e-01,-4.744070696808869170e-01,-4.744070691058900335e-01,-4.744070736548033351e-01,-4.744070715442282316e-01,-4.744070705301440816e-01,-4.744070729203838654e-01,-4.744070720803859054e-01,-4.744070717716561969e-01,-4.744070719519388191e-01
-4.673329937057295602e-01,-4.673329957557734726e-01,-4.673329961426434531e-01,-4.673329933168757222e-01,-4.673329950333834359e-01,-4.673329944057925678e-01,-4.673329932810095788e-01,-4.673329955013033055e-01,-4.673329922535124914e-01,-4.673329927324043620e-01,-4.673329971499815549e-01,-4.673329916256895311e-01,-4.673329910823292299e-01,-4.673329968952484315e-01,-4.673329943160127731e-01,-4.673329933523756030e-01,-4.673329963058112102e-01,-4.673329953026015282e-01,-4.673329951900652146e-01,-4.673329953426168526e-01
-4.602028600233250555e-01,-4.602028623648951600e-01,-4.602028629042836938e-01,-4.602028592533458640e-01,-4.602028613317420414e-01,-4.602028607186503528e-01,-4.602028590597643243e-01,-4.602028618448932296e-01,-4.602028579924828944e-01,-4.602028583791639704e-01,-4.602028638378197201e-01,-4.602028570320033096e-01,-4.602028564036369507e-01,-4.602028635687519520e-01,-4.602028604707490977e-01,-4.602028595461104543e-01,-4.602028631873489872e-01,-4.602028620256030100e-01,-4.602028619419187283e-01,-4.602028621791062202e-01
-4.530137668937113116e-01,-4.530137692179162512e-01,-4.530137698456552231e-01,-4.530137658587217730e-01,-4.530137681161485741e-01,-4.530137673369590279e-01,-4.530137654050690466e-01,-4.530137687215167186e-01,-4.530137640991779291e-01,-4.530137645852606587e-01,-4.530137712865851540e-01,-4.530137629529075172e-01,-4.530137619959956341e-01,-4.530137706848145207e-01,-4.530137670169709363e-01,-4.530137659074285339e-01,-4.530137704304659785e-01,-4.530137692886378464e-01,-4.530137688251578698e-01,-4.530137692363055413e-01
-4.457621452814224394e-01,-4.457621470356231130e-01,-4.457621475650377363e-01,-4.457621443369352288e-01,-4.457621461150345077e-01,-4.457621450891862680e-01,-4.457621437125459662e-01,-4.457621468574524126e-01,-4.457621414345339650e-01,-4.457621427244072843e-01,-4.457621504645172261e-01,-4.457621406031846423e-01,-4.457621389875509599e-01,-4.457621490049964441e-01,-4.457621450650395833e-01,-4.457621431496350817e-01,-4.457621484204050133e-01,-4.457621480510874923e-01,-4.457621463998507338e-01,-4.457621468102779261e-01
-4.384436174025687638e-01,-4.384436175378955136e-01,-4.384436176139638874e-01,-4.384436173382038060e-01,-4.384436173386992985e-01,-4.384436168953401713e-01,-4.384436167652955296e-01,-4.384436174109602735e-01,-4.384436168372776721e-01,-4.384436167430073583e-01,-4.384436175527214319e-01,-4.384436166943212476e-01,-4.384436165407822328e-01,-4.384436176785370121e-01,-4.384436171254524894e-01,-4.384436169087945201e-01,-4.384436176587297451e-01,-4.384436174956352072e-01,-4.384436173010647919e-01,-4.384436175614027653e-01
-4.310528206628949088e-01,-4.310528199224458179e-01,-4.310528200912440155e-01,-4.310528213222695193e-01,-4.310528200392521603e-01,-4.310528200105864238e-01,-4.310528207233771392e-01,-4.310528200208988414e-01,-4.310528205125241374e-01,-4.310528208469068812e-01,-4.310528198527828758e-01,-4.310528204983850031e-01,-4.310528208127476502e-01,-4.310528198113922627e-01,-4.310528204641438377e-01,-4.310528203346557508e-01,-4.310528192785599844e-01,-4.310528203649813817e-01,-4.310528197153274954e-01,-4.310528192153173510e-01
-4.235831956286166267e-01,-4.235831932627005525e-01,-4.235831944712349362e-01,-4.235831957132034642e-01,-4.235831936104562101e-01,-4.235831949500653004e-01,-4.235831939107138067e-01,-4.235831944466855181e-01,-4.235831954126630938e-01,-4.235831942272306749e-01,-4.235831940495767833e-01,-4.235831942537554573e-01,-4.235831959268328006e-01,-4.235831938318149748e-01,-4.235831937882572062e-01,-4.235831957827003169e-01,-4.235831927411533027e-01,-4.235831943807746303e-01,-4.235831941426310698e-01,-4.235831929305186039e-01
-4.160267250348092527e-01,-4.160267238366842091e-01,-4.160267232821263095e-01,-4.160267268036857979e-01,-4.160267253577388802e-01,-4.160267223840657946e-01,-4.160267250864335686e-01,-4.160267246699383969e-01,-4.160267261906067104e-01,-4.160267255133308084e-01,-4.160267208859476096e-01,-4.160267262873262872e-01,-4.160267270562419406e-01,-4.160267228943601570e-01,-4.160267250651041859e-01,-4.160267249040529025e-01,-4.160267239263285011e-01,-4.160267235878588044e-01,-4.160267229039770198e-01,-4.160267240816332701e-01
-4.083736447576581385e-01,-4.083736412141527605e-01,-4.083736405942010039e-01,-4.083736465306700425e-01,-4.083736438109922817e-01,-4.083736393547658938e-01,-4.083736430588706390e-01,-4.083736442032423475e-01,-4.083736445755098421e-01,-4.083736432892635104e-01,-4.083736393289824074e-01,-4.083736443029609142e-01,-4.083736454960639750e-01,-4.083736417404966734e-01,-4.083736432664204496e-01,-4.083736430256933447e-01,-4.083736423579836794e-01,-4.083736425380283808e-01,-4.083736400911618381e-01,-4.083736419394774497e-01
-4.006120879682310010e-01,-4.006120820847270947e-01,-4.006120807874584133e-01,-4.006120900395546136e-01,-4.006120856804231689e-01,-4.006120792958567378e-01,-4.006120853671958359e-01,-4.006120872207309391e-01,-4.006120860104597781e-01,-4.006120852816502653e-01,-4.006120813892231070e-01,-4.006120858696371467e-01,-4.006120871305674513e-01,-4.006120841204142691e-01,-4.006120855603221287e-01,-4.006120841746037553e-01,-4.006120840250559922e-01,-4.006120855434950334e-01,-4.006120802912306877e-01,-4.006120827260408190e-01
-3.927277201058981815e-01,-3.927277182332416516e-01,-3.927277175511759699e-01,-3.927277202091193908e-01,-3.927277192770377567e-01,-3.927277177497737748e-01,-3.927277196281221960e-01,-3.927277202195190164e-01,-3.927277185443722729e-01,-3.927277192990196175e-01,-3.927277197317066149e-01,-3.927277191435610826e-01,-3.927277188297862986e-01,-3.927277198220295862e-01,-3.927277195150422617e-01,-3.927277181610723256e-01,-3.927277191661360245e-01,-3.927277199987926348e-01,-3.927277178987486073e-01,-3.927277184841878044e-01
-3.847033817785875387e-01,-3.847033794184310795e-01,-3.847033783552725184e-01,-3.847033819142119948e-01,-3.847033805476948176e-01,-3.847033788118164876e-01,-3.847033814740840052e-01,-3.847033818578103892e-01,-3.847033795617277319e-01,-3.847033810103626661e-01,-3.847033813997375873e-01,-3.847033805053346467e-01,-3.847033800797149405e-01,-3.847033814654997053e-01,-3.847033812316733581e-01,-3.847033792890316994e-01,-3.847033803621884296e-01,-3.847033819523392184e-01,-3.847033790075985449e-01,-3.847033794956688513e-01
-3.765187489619337136e-01,-3.765187461012216574e-01,-3.765187446208919653e-01,-3.765187491262123043e-01,-3.765187473488211811e-01,-3.765187455270767591e-01,-3.765187490294185646e-01,-3.765187490929051140e-01,-3.765187462340378599e-01,-3.765187482866639845e-01,-3.765187484463713430e-01,-3.765187473606248503e-01,-3.765187469669075693e-01,-3.765187486383754223e-01,-3.765187485929540889e-01,-3.765187461458396334e-01,-3.765187470879598486e-01,-3.765187495227315662e-01,-3.765187457547851668e-01,-3.765187460289688981e-01
-3.681501764307292257e-01,-3.681501730943458894e-01,-3.681501714719292440e-01,-3.681501764641383900e-01,-3.681501748055024947e-01,-3.681501729063740846e-01,-3.681501770738431767e-01,-3.681501770329180245e-01,-3.681501736575558681e-01,-3.681501756914361545e-01,-3.681501761343969892e-01,-3.681501745089664213e-01,-3.681501742135092070e-01,-3.681501765234975743e-01,-3.681501765087467626e-01,-3.681501734496571698e-01,-3.681501746820186050e-01,-3.681501774589781562e-01,-3.681501730448745735e-01,-3.681501731754024398e-01
-3.595708201104429458e-01,-3.595708165882631757e-01,-3.595708158067054683e-01,-3.595708194402075231e-01,-3.595708194754821951e-01,-3.595708172104325473e-01,-3.595708213319647739e-01,-3.595708220325979920e-01,-3.595708180099696505e-01,-3.595708190150174732e-01,-3.595708218434635617e-01,-3.595708182385589646e-01,-3.595708176458797256e-01,-3.595708218873422402e-01,-3.595708212196454534e-01,-3.595708165497851772e-01,-3.595708199815222939e-01,-3.595708216223749698e-01,-3.595708169224614004e-01,-3.595708175582947308e-01
-3.507512809278793275e-01,-3.507512777289724659e-01,-3.507512789069342496e-01,-3.507512787692652623e-01,-3.507512821707184925e-01,-3.507512792440169447e-01,-3.507512825866400119e-01,-3.507512846842980592e-01,-3.507512797179381248e-01,-3.507512797433020579e-01,-3.507512868214115453e-01,-3.507512799457930819e-01,-3.507512785088766627e-01,-3.507512854989827122e-01,-3.507512838527613863e-01,-3.507512759510533762e-01,-3.507512833807159280e-01,-3.507512830058181486e-01,-3.507512781013339409e-01,-3.507512802358330184e-01
-3.416610687853894879e-01,-3.416610691410197354e-01,-3.416610699336452006e-01,-3.416610680382645149e-01,-3.416610694604366172e-01,-3.416610690901078495e-01,-3.416610685723347474e-01,-3.416610692891180467e-01,-3.416610686746819336e-01,-3.416610685001383318e-01,-3.416610703666721482e-01,-3.416610691213728401e-01,-3.416610687052250572e-01,-3.416610698221702047e-01,-3.416610692178705388e-01,-3.416610678087725894e-01,-3.416610695116180652e-01,-3.416610685996984698e-01,-3.416610688700887355e-01,-3.416610698284970882e-01
-3.322712377743818335e-01,-3.322712384780105443e-01,-3.322712396529161616e-01,-3.322712367179193049e-01,-3.322712387171223858e-01,-3.322712384055916401e-01,-3.322712374983761152e-01,-3.322712383413148340e-01,-3.322712377334479106e-01,-3.322712376209888685e-01,-3.322712396054073314e-01,-3.322712384377497497e-01,-3.322712381109595436e-01,-3.322712389161877056e-01,-3.322712384059920421e-01,-3.322712367380971088e-01,-3.322712385253138168e-01,-3.322712374433464122e-01,-3.322712380185877667e-01,-3.322712394398672497e-01
-3.225585463417444121e-01,-3.225585473414651627e-01,-3.225585490008622269e-01,-3.225585448624050944e-01,-3.225585476514251093e-01,-3.225585473419123050e-01,-3.225585461288489331e-01,-3.225585470724394721e-01,-3.225585463230137284e-01,-3.225585464074557929e-01,-3.225585483343190729e-01,-3.225585473115796242e-01,-3.225585472862827485e-01,-3.225585475053572293e-01,-3.225585473104511935e-01,-3.225585452964891964e-01,-3.225585470120103659e-01,-3.225585459682936418e-01,-3.225585466756240027e-01,-3.225585487429371012e-01
-3.125112751106556841e-01,-3.125112762940858713e-01,-3.125112786946995236e-01,-3.125112730415215978e-01,-3.125112770453289945e-01,-3.125112765367540346e-01,-3.125112751347309814e-01,-3.125112762534122401e-01,-3.125112750222512337e-01,-3.125112756151775528e-01,-3.125112771806710654e-01,-3.125112763349651712e-01,-3.125112770073834034e-01,-3.125112761156084162e-01,-3.125112766749389981e-01,-3.125112741645127978e-01,-3.125112755805824483e-01,-3.125112749534435519e-01,-3.125112753666423604e-01,-3.125112784247963127e-01
-3.021363795068393032e-01,-3.021363805365111510e-01,-3.021363843476944089e-01,-3.021363765521652422e-01,-3.021363827042449213e-01,-3.021363813527888631e-01,-3.021363799981311438e-01,-3.021363817873616853e-01,-3.021363790104282798e-01,-3.021363811354204065e-01,-3.021363816052609064e-01,-3.021363808297959919e-01,-3.021363830678381879e-01,-3.021363798995952976e-01,-3.021363823156230644e-01,-3.021363788689199747e-01,-3.021363795898061033e-01,-3.021363803539363624e-01,-3.021363791189429771e-01,-3.021363839755067393e-01
-2.914668662954727485e-01,-2.914668661219392276e-01,-2.914668708363019611e-01,-2.914668633084280258e-01,-2.914668704388924114e-01,-2.914668673818140432e-01,-2.914668668825158293e-01,-2.914668701631060732e-01,-2.914668642022051892e-01,-2.914668695229452045e-01,-2.914668675123419650e-01,-2.914668664874439652e-01,-2.914668709627751264e-01,-2.914668650068911737e-01,-2.914668705074120458e-01,-2.914668662826445100e-01,-2.914668656728502394e-01,-2.914668696668664682e-01,-2.914668640753573792e-01,-2.914668703799763172e-01
-2.805673566770923166e-01,-2.805673573427323042e-01,-2.805673524287911058e-01,-2.805673580336819906e-01,-2.805673523638951283e-01,-2.805673555621422399e-01,-2.805673567175951399e-01,-2.805673501388004087e-01,-2.805673576561018012e-01,-2.805673501968510286e-01,-2.805673548727293243e-01,-2.805673553900288608e-01,-2.805673508916405323e-01,-2.805673586668233632e-01,-2.805673522118138363e-01,-2.805673553309790402e-01,-2.805673567239084232e-01,-2.805673521026343931e-01,-2.805673602657796639e-01,-2.805673538318381177e-01
-2.695352322434889647e-01,-2.695352329624664534e-01,-2.695352292577524178e-01,-2.695352321870538859e-01,-2.695352289861677741e-01,-2.695352318352197130e-01,-2.695352337501933926e-01,-2.695352251971696589e-01,-2.695352344567646385e-01,-2.695352250633600844e-01,-2.695352309263843171e-01,-2.695352311941074386e-01,-2.695352278030920812e-01,-2.695352341440269139e-01,-2.695352280546482460e-01,-2.695352305957704475e-01,-2.695352321481304658e-01,-2.695352263346755817e-01,-2.695352367345166811e-01,-2.695352304932160381e-01
-2.584952795670462100e-01,-2.584952788276539404e-01,-2.584952762147153527e-01,-2.584952784783471902e-01,-2.584952766806257740e-01,-2.584952780763951630e-01,-2.584952818386155315e-01,-2.584952716163479436e-01,-2.584952819739776420e-01,-2.584952714122951134e-01,-2.584952781222150109e-01,-2.584952772733425941e-01,-2.584952753904910527e-01,-2.584952802506638170e-01,-2.584952754842761991e-01,-2.584952770498753494e-01,-2.584952791844944975e-01,-2.584952728069037642e-01,-2.584952840362643167e-01,-2.584952764916330636e-01
-2.475875223362588029e-01,-2.475875191491297977e-01,-2.475875179282548133e-01,-2.475875202767037764e-01,-2.475875188222392553e-01,-2.475875181810114900e-01,-2.475875238438258186e-01,-2.475875126690947892e-01,-2.475875244539178233e-01,-2.475875126794568892e-01,-2.475875209734506588e-01,-2.475875179865983933e-01,-2.475875173313287214e-01,-2.475875211464942938e-01,-2.475875180500352046e-01,-2.475875177260296045e-01,-2.475875220049039704e-01,-2.475875140851469258e-01,-2.475875261214607326e-01,-2.475875158122835262e-01
-2.369507322568416008e-01,-2.369507312615778960e-01,-2.369507313126888448e-01,-2.369507316171139966e-01,-2.369507306797940804e-01,-2.369507305308131140e-01,-2.369507300721056808e-01,-2.369507303469725878e-01,-2.369507306944629577e-01,-2.369507300444540498e-01,-2.369507316017262777e-01,-2.369507307598615053e-01,-2.369507301224078044e-01,-2.369507318490893522e-01,-2.369507311100805258e-01,-2.369507300125440197e-01,-2.369507312022589296e-01,-2.369507315548674831e-01,-2.369507315474846387e-01,-2.369507309730868316e-01
-2.267060392259254709e-01,-2.267060444138222497e-01,-2.267060411844883105e-01,-2.267060426365551107e-01,-2.267060415076497804e-01,-2.267060455055437407e-01,-2.267060387390791854e-01,-2.267060477700839072e-01,-2.267060352841241966e-01,-2.267060466353829629e-01,-2.267060372781088684e-01,-2.267060432885364962e-01,-2.267060411374856033e-01,-2.267060427007997758e-01,-2.267060407795034038e-01,-2.267060454378661549e-01,-2.267060366627964840e-01,-2.267060493681317956e-01,-2.267060372621049202e-01,-2.267060486584881185e-01
-2.169450454241285131e-01,-2.169450511510872259e-01,-2.169450457704636681e-01,-2.169450499628472473e-01,-2.169450475342421247e-01,-2.169450529814437867e-01,-2.169450467016122985e-01,-2.169450543066480108e-01,-2.169450415349619687e-01,-2.169450531389521264e-01,-2.169450420088024356e-01,-2.169450496202902368e-01,-2.169450470414471255e-01,-2.169450492167166733e-01,-2.169450462432140347e-01,-2.169450531733859711e-01,-2.169450423780703852e-01,-2.169450558020955544e-01,-2.169450449138132231e-01,-2.169450549239860249e-01
-2.077248120673738097e-01,-2.077248175384451279e-01,-2.077248111627583160e-01,-2.077248170119544435e-01,-2.077248132578551343e-01,-2.077248194932045100e-01,-2.077248134479465214e-01,-2.077248201015434170e-01,-2.077248082142794938e-01,-2.077248190933437821e-01,-2.077248079689119065e-01,-2.077248159742116629e-01,-2.077248128624142876e-01,-2.077248156533703372e-01,-2.077248120206603432e-01,-2.077248194257282632e-01,-2.077248089928990793e-01,-2.077248209961338188e-01,-2.077248123281091874e-01,-2.077248202202429672e-01
-1.990694618261699134e-01,-1.990694672373274632e-01,-1.990694604041567950e-01,-1.990694670622774332e-01,-1.990694621907310724e-01,-1.990694689876934820e-01,-1.990694626130453115e-01,-1.990694691180576181e-01,-1.990694581280099962e-01,-1.990694682527083814e-01,-1.990694577242968777e-01,-1.990694658057125810e-01,-1.990694618844179864e-01,-1.990694655153729953e-01,-1.990694611394089319e-01,-1.990694684922740265e-01,-1.990694589502605971e-01,-1.990694694195778158e-01,-1.990694622544993686e-01,-1.990694690329089522e-01
-1.909761631051944686e-01,-1.909761686526383062e-01,-1.909761616654624405e-01,-1.909761686437398409e-01,-1.909761628797747579e-01,-1.909761699316199213e-01,-1.909761631257934633e-01,-1.909761697574269279e-01,-1.909761598281403405e-01,-1.909761690259087485e-01,-1.909761595137505763e-01,-1.909761673958194628e-01,-1.909761625358077364e-01,-1.909761672187261228e-01,-1.909761620241514080e-01,-1.909761691931041727e-01,-1.909761606472428208e-01,-1.909761697958474169e-01,-1.909761633839034412e-01,-1.909761697487712684e-01
-1.834228681590642229e-01,-1.834228736436736285e-01,-1.834228670401282790e-01,-1.834228736853715513e-01,-1.834228675276492748e-01,-1.834228741915807648e-01,-1.834228674266942249e-01,-1.834228738607138753e-01,-1.834228656088966736e-01,-1.834228733261659972e-01,-1.834228654704265493e-01,-1.834228725581030228e-01,-1.834228670878146616e-01,-1.834228726017192723e-01,-1.834228669570928394e-01,-1.834228735209132988e-01,-1.834228663945912940e-01,-1.834228740652644740e-01,-1.834228682087599149e-01,-1.834228741201339163e-01
-1.763757507109277589e-01,-1.763757531861019634e-01,-1.763757501079039336e-01,-1.763757531325929884e-01,-1.763757497546560027e-01,-1.763757529874345753e-01,-1.763757495114793850e-01,-1.763757526654474717e-01,-1.763757493489341299e-01,-1.763757525077298827e-01,-1.763757493663391518e-01,-1.763757524994143677e-01,-1.763757496391246959e-01,-1.763757527591929830e-01,-1.763757498225884401e-01,-1.763757525202716558e-01,-1.763757498631500498e-01,-1.763757532632120595e-01,-1.763757506181526935e-01,-1.763757531631404418e-01
-1.697952293196236528e-01,-1.697952248731035563e-01,-1.697952286943224531e-01,-1.697952249410584757e-01,-1.697952288202984883e-01,-1.697952252095323300e-01,-1.697952289054834307e-01,-1.697952252353100433e-01,-1.697952286959163726e-01,-1.697952251202558271e-01,-1.697952286705610714e-01,-1.697952249192937746e-01,-1.697952289478424914e-01,-1.697952248824257382e-01,-1.697952288415203181e-01,-1.697952247795562197e-01,-1.697952286977152669e-01,-1.697952251434002857e-01,-1.697952293738896334e-01,-1.697952250502355043e-01
-1.636402639419068383e-01,-1.636402596396070996e-01,-1.636402629466502945e-01,-1.636402598745564374e-01,-1.636402636214145667e-01,-1.636402604534749616e-01,-1.636402637142999605e-01,-1.636402605544979849e-01,-1.636402629453526103e-01,-1.636402601159656911e-01,-1.636402629118950680e-01,-1.636402597559519778e-01,-1.636402636300526292e-01,-1.636402595822415984e-01,-1.636402632742335606e-01,-1.636402597835579509e-01,-1.636402627972333712e-01,-1.636402598998352720e-01,-1.636402639143751947e-01,-1.636402600282208519e-01
-1.578711072118893499e-01,-1.578711041216930289e-01,-1.578711060374520248e-01,-1.578711043644069334e-01,-1.578711067565722326e-01,-1.578711049358561269e-01,-1.578711067274387869e-01,-1.578711050011971928e-01,-1.578711059665369731e-01,-1.578711043623849952e-01,-1.578711059738083788e-01,-1.578711041618933164e-01,-1.578711067936830748e-01,-1.578711040646119945e-01,-1.578711063824483340e-01,-1.578711040501841467e-01,-1.578711057501787363e-01,-1.578711042712691304e-01,-1.578711070682861095e-01,-1.578711045294788340e-01
-1.524508248096174412e-01,-1.524508227936019478e-01,-1.524508236732211586e-01,-1.524508230207566872e-01,-1.524508243375846117e-01,-1.524508234249814242e-01,-1.524508241340286341e-01,-1.524508235288059843e-01,-1.524508235602551331e-01,-1.524508227975400754e-01,-1.524508236248215964e-01,-1.524508227737982335e-01,-1.524508242868275187e-01,-1.524508227494086599e-01,-1.524508239667500265e-01,-1.524508225640776871e-01,-1.524508233552407388e-01,-1.524508228497394868e-01,-1.524508246199310635e-01,-1.524508231534572322e-01
-1.473459887956401482e-01,-1.473459873402571951e-01,-1.473459877949684915e-01,-1.473459875466315849e-01,-1.473459883761533418e-01,-1.473459877768797943e-01,-1.473459880530239852e-01,-1.473459879320860588e-01,-1.473459876699985127e-01,-1.473459872059805220e-01,-1.473459877840346266e-01,-1.473459872964663631e-01,-1.473459882389761832e-01,-1.473459873117842212e-01,-1.473459880331505212e-01,-1.473459870438768304e-01,-1.473459874964983540e-01,-1.473459873395533692e-01,-1.473459885986439788e-01,-1.473459876295591109e-01
-1.425268378083838494e-01,-1.425268368004049546e-01,-1.425268369494691045e-01,-1.425268369805420265e-01,-1.425268374436495511e-01,-1.425268370951428554e-01,-1.425268370809613383e-01,-1.425268372705091602e-01,-1.425268368374075501e-01,-1.425268366098373651e-01,-1.425268369782706490e-01,-1.425268367578300110e-01,-1.425268372829490704e-01,-1.425268367937400082e-01,-1.425268371539590295e-01,-1.425268364849962555e-01,-1.425268366870676151e-01,-1.425268367725696372e-01,-1.425268376216827226e-01,-1.425268370201966672e-01
-1.379671381922387141e-01,-1.379671256941106539e-01,-1.379671325364117962e-01,-1.379671264344402570e-01,-1.379671352008774721e-01,-1.379671288502029025e-01,-1.379671360305126104e-01,-1.379671285779682510e-01,-1.379671343081687873e-01,-1.379671277206126478e-01,-1.379671336294720774e-01,-1.379671264061467229e-01,-1.379671390469528747e-01,-1.379671271562468715e-01,-1.379671359997549085e-01,-1.379671261271036287e-01,-1.379671334191266696e-01,-1.379671277917472461e-01,-1.379671381998086865e-01,-1.379671264418152743e-01
-1.336438560999869962e-01,-1.336438465706338563e-01,-1.336438509927430351e-01,-1.336438471475099032e-01,-1.336438533931051387e-01,-1.336438490447746652e-01,-1.336438539481203946e-01,-1.336438488912677913e-01,-1.336438525528666210e-01,-1.336438479890912356e-01,-1.336438521029933713e-01,-1.336438470741070361e-01,-1.336438567923347309e-01,-1.336438478220335069e-01,-1.336438540892731508e-01,-1.336438466687373539e-01,-1.336438516556723299e-01,-1.336438481912066434e-01,-1.336438559765983358e-01,-1.336438471092807889e-01
-1.295368380006260978e-01,-1.295368308277588532e-01,-1.295368334487616291e-01,-1.295368312513369979e-01,-1.295368355662671889e-01,-1.295368327666727160e-01,-1.295368359732395613e-01,-1.295368326687615368e-01,-1.295368348312268825e-01,-1.295368318137198327e-01,-1.295368345524473830e-01,-1.295368311912487025e-01,-1.295368386291441964e-01,-1.295368319051931894e-01,-1.295368362130440987e-01,-1.295368306926052426e-01,-1.295368339328834550e-01,-1.295368320715575283e-01,-1.295368377892635037e-01,-1.295368311877775902e-01
-1.256284132143143939e-01,-1.256284069581154461e-01,-1.256284092078495673e-01,-1.256284072524610773e-01,-1.256284110543411381e-01,-1.256284084724926808e-01,-1.256284113782340506e-01,-1.256284083926905715e-01,-1.256284104361646004e-01,-1.256284076306980468e-01,-1.256284102762419697e-01,-1.256284072233468385e-01,-1.256284138098991976e-01,-1.256284078841918006e-01,-1.256284116577631449e-01,-1.256284066783219244e-01,-1.256284095671728884e-01,-1.256284079031078915e-01,-1.256284129587314780e-01,-1.256284071701146698e-01
-1.219030547509928897e-01,-1.219030497397488727e-01,-1.219030512830317492e-01,-1.219030499355515801e-01,-1.219030528801126889e-01,-1.219030509072889096e-01,-1.219030531475140261e-01,-1.219030508322637013e-01,-1.219030523706989971e-01,-1.219030501865821514e-01,-1.219030522886191958e-01,-1.219030499330778367e-01,-1.219030553089274216e-01,-1.219030505261389924e-01,-1.219030534237255242e-01,-1.219030493956482497e-01,-1.219030515734183667e-01,-1.219030504494784811e-01,-1.219030544928962345e-01,-1.219030498319285394e-01
-1.183470723789086243e-01,-1.183470685085983160e-01,-1.183470694455764222e-01,-1.183470686372791181e-01,-1.183470708120237941e-01,-1.183470693870664753e-01,-1.183470710326838260e-01,-1.183470693195305401e-01,-1.183470703978345556e-01,-1.183470688037182444e-01,-1.183470703650623679e-01,-1.183470686493568319e-01,-1.183470728859234433e-01,-1.183470691617173609e-01,-1.183470712767591276e-01,-1.183470681725234258e-01,-1.183470697095396901e-01,-1.183470690391907471e-01,-1.183470721492113908e-01,-1.183470685076689899e-01
-1.149483412049462361e-01,-1.149483398545158574e-01,-1.149483387860398970e-01,-1.149483399417815244e-01,-1.149483399388997878e-01,-1.149483404938939773e-01,-1.149483401158243462e-01,-1.149483404424208738e-01,-1.149483396040056060e-01,-1.149483400545962403e-01,-1.149483396026379639e-01,-1.149483399564266844e-01,-1.149483416504491484e-01,-1.149483403819464844e-01,-1.149483403153880867e-01,-1.149483395743935571e-01,-1.149483390427925161e-01,-1.149483402528901077e-01,-1.149483410195334260e-01,-1.149483397890486841e-01
-1.116960755831972879e-01,-1.116960729240916994e-01,-1.116960736281683020e-01,-1.116960729866600804e-01,-1.116960745885403200e-01,-1.116960733728251248e-01,-1.116960747232537410e-01,-1.116960733428926933e-01,-1.116960743155575031e-01,-1.116960730628404064e-01,-1.116960743344927037e-01,-1.116960729953308390e-01,-1.116960759621146992e-01,-1.116960733385151672e-01,-1.116960748811864634e-01,-1.116960727132483983e-01,-1.116960738773961209e-01,-1.116960732242576193e-01,-1.116960754450715965e-01,-1.116960728228306027e-01
-1.085806249619299668e-01,-1.085806238811040658e-01,-1.085806233978190982e-01,-1.085806239280217717e-01,-1.085806241910271669e-01,-1.085806241860143434e-01,-1.085806242878648853e-01,-1.085806241764527835e-01,-1.085806239648026694e-01,-1.085806239758103919e-01,-1.085806239964972886e-01,-1.085806239268217455e-01,-1.085806252763561325e-01,-1.085806241998581168e-01,-1.085806244146187011e-01,-1.085806237287489512e-01,-1.085806236306675332e-01,-1.085806241059477789e-01,-1.085806248653712891e-01,-1.085806237673111324e-01
-1.055933223734003279e-01,-1.055933201002596522e-01,-1.055933211241266989e-01,-1.055933201361778512e-01,-1.055933217758530940e-01,-1.055933203027445144e-01,-1.055933218421948178e-01,-1.055933203080039323e-01,-1.055933215856997009e-01,-1.055933201616063577e-01,-1.055933216247415818e-01,-1.055933201253336784e-01,-1.055933226311585871e-01,-1.055933203423558564e-01,-1.055933219480023610e-01,-1.055933199889978191e-01,-1.055933213316524039e-01,-1.055933202662898140e-01,-1.055933223083817124e-01,-1.055933199888294538e-01
-1.027263366619928925e-01,-1.027263340057623792e-01,-1.027263356623211166e-01,-1.027263340334588354e-01,-1.027263361955669668e-01,-1.027263341385124817e-01,-1.027263362393788515e-01,-1.027263341525227192e-01,-1.027263360347391852e-01,-1.027263340427595900e-01,-1.027263360774424428e-01,-1.027263340157297811e-01,-1.027263368729238319e-01,-1.027263341890350123e-01,-1.027263363308712207e-01,-1.027263339218893040e-01,-1.027263358390999165e-01,-1.027263341264139790e-01,-1.027263366181770665e-01,-1.027263339044136164e-01
-9.997256219346140060e-02,-9.997256438814643154e-02,-9.997256139247498452e-02,-9.997256440962053181e-02,-9.997256182670785640e-02,-9.997256447485511344e-02,-9.997256185468171574e-02,-9.997256449296719472e-02,-9.997256169079760113e-02,-9.997256440889638884e-02,-9.997256173475484176e-02,-9.997256438841084503e-02,-9.997256236689514020e-02,-9.997256452744093802e-02,-9.997256193522877088e-02,-9.997256432352244482e-02,-9.997256153684241919e-02,-9.997256447486987940e-02,-9.997256216233252335e-02,-9.997256430001365268e-02
-9.732553465343971033e-02,-9.732552839473582185e-02,-9.732553355895226521e-02,-9.732552846095396393e-02,-9.732553256352793891e-02,-9.732552964959136077e-02,-9.732553471274305035e-02,-9.732552986141015938e-02,-9.732553339738925224e-02,-9.732553139989726099e-02,-9.732553376788717625e-02,-9.732552835975158412e-02,-9.732553734924402622e-02,-9.732552812302687484e-02,-9.732553487010592308e-02,-9.732553130181284540e-02,-9.732553385876172025e-02,-9.732553046717647149e-02,-9.732553407418557956e-02,-9.732552818863721145e-02
-9.477932031786900913e-02,-9.477931486744725631e-02,-9.477931940493261598e-02,-9.477931492925294188e-02,-9.477931858599616954e-02,-9.477931584239444873e-02,-9.477932032439502497e-02,-9.477931600567542081e-02,-9.477931924732904689e-02,-9.477931720803431381e-02,-9.477931953990223479e-02,-9.477931480361195815e-02,-9.477932238625601247e-02,-9.477931464327725430e-02,-9.477932039097858308e-02,-9.477931721445352620e-02,-9.477931964838941237e-02,-9.477931649696749727e-02,-9.477931986471672954e-02,-9.477931465638322894e-02
-9.232848400003824951e-02,-9.232847663494594959e-02,-9.232848322277047159e-02,-9.232847668988747314e-02,-9.232848256671187526e-02,-9.232847739015163924e-02,-9.232848395681418630e-02,-9.232847751122523483e-02,-9.232848308121491265e-02,-9.232847842930154425e-02,-9.232848330683446347e-02,-9.232847655327758307e-02,-9.232848556694783770e-02,-9.232847645228721423e-02,-9.232848397255305484e-02,-9.232847849130393358e-02,-9.232848342086637239e-02,-9.232847789328826882e-02,-9.232848365212091568e-02,-9.232847643076760868e-02
-8.996800973941271318e-02,-8.996799964136964478e-02,-8.996800907217612775e-02,-8.996799968796156954e-02,-8.996800855276534947e-02,-8.996800022942683106e-02,-8.996800965803541938e-02,-8.996800031451157587e-02,-8.996800894906249735e-02,-8.996800100523293098e-02,-8.996800912133359751e-02,-8.996799955311236829e-02,-8.996801092114517506e-02,-8.996799949448948397e-02,-8.996800964633289155e-02,-8.996800109183625271e-02,-8.996800922754158436e-02,-8.996800060214664441e-02,-8.996800946957693446e-02,-8.996799944992643627e-02
-8.769325125424969058e-02,-8.769325521421719727e-02,-8.769325068750478958e-02,-8.769325525195684201e-02,-8.769325027314342491e-02,-8.769325567656190146e-02,-8.769325115137721616e-02,-8.769325573369740612e-02,-8.769325057861003525e-02,-8.769325625128358837e-02,-8.769325071128977744e-02,-8.769325512887396479e-02,-8.769325214884043929e-02,-8.769325509735285962e-02,-8.769325112412010292e-02,-8.769325634658479973e-02,-8.769325080063372635e-02,-8.769325594711591121e-02,-8.769325103783251474e-02,-8.769325503876049255e-02
-8.549992849414805862e-02,-8.549992152681548663e-02,-8.549992802514815027e-02,-8.549992155598064303e-02,-8.549992768722433634e-02,-8.549992189315419600e-02,-8.549992838619713265e-02,-8.549992193130528939e-02,-8.549992792475287484e-02,-8.549992232099368206e-02,-8.549992802920754198e-02,-8.549992145073841143e-02,-8.549992917698415185e-02,-8.549992143463384930e-02,-8.549992834911893103e-02,-8.549992241861531506e-02,-8.549992809873860344e-02,-8.549992209087629857e-02,-8.549992831398765813e-02,-8.549992136960694877e-02
-8.338401822370752892e-02,-8.338402288113200278e-02,-8.338401784813766204e-02,-8.338402290246064996e-02,-8.338401756588335878e-02,-8.338402317175871992e-02,-8.338401812276040326e-02,-8.338402319883041203e-02,-8.338401775280386563e-02,-8.338402349454905604e-02,-8.338401783702688308e-02,-8.338402281730368515e-02,-8.338401874909098788e-02,-8.338402280916774878e-02,-8.338401807944371968e-02,-8.338402359217861326e-02,-8.338401788831509287e-02,-8.338402332124419947e-02,-8.338401807044291958e-02,-8.338402274361352007e-02
-8.134181729497563795e-02,-8.134180612571954849e-02,-8.134181700359500999e-02,-8.134180614019155542e-02,-8.134181676444110498e-02,-8.134180635493762357e-02,-8.134181720753293210e-02,-8.134180637636219402e-02,-8.134181691302536099e-02,-8.134180660202874891e-02,-8.134181698184801690e-02,-8.134180607442807742e-02,-8.134181770101843456e-02,-8.134180607031632482e-02,-8.134181716114866068e-02,-8.134180669805583797e-02,-8.134181701869704073e-02,-8.134180647328631553e-02,-8.134181716443653065e-02,-8.134180600814171214e-02
-7.936981298206384483e-02,-7.936981818284463697e-02,-7.936981276102882121e-02,-7.936981819159498464e-02,-7.936981255839549443e-02,-7.936981836182410710e-02,-7.936981290962384639e-02,-7.936981838033373149e-02,-7.936981267702421239e-02,-7.936981855240946016e-02,-7.936981273322199493e-02,-7.936981814269523927e-02,-7.936981329585744704e-02,-7.936981814092512744e-02,-7.936981286333098795e-02,-7.936981864463422964e-02,-7.936981275972652961e-02,-7.936981845875228092e-02,-7.936981287243524696e-02,-7.936981808415644046e-02
-7.746475530110180641e-02,-7.746478841306347896e-02,-7.746475513422027004e-02,-7.746478841737533538e-02,-7.746475496502006064e-02,-7.746478855140365161e-02,-7.746475524180874983e-02,-7.746478856760898035e-02,-7.746475505930026928e-02,-7.746478869763248620e-02,-7.746475510444456036e-02,-7.746478838185559546e-02,-7.746475554243255346e-02,-7.746478838184753246e-02,-7.746475519843479263e-02,-7.746478878320871286e-02,-7.746475512426445609e-02,-7.746478863095303258e-02,-7.746475521117109075e-02,-7.746478833107522943e-02
-7.562360909908570628e-02,-7.562363505804867159e-02,-7.562361360356155415e-02,-7.562363487081266711e-02,-7.562361081226079418e-02,-7.562363485299851418e-02,-7.562360994937893099e-02,-7.562363611785320738e-02,-7.562361182601777532e-02,-7.562363585306282332e-02,-7.562361230739342299e-02,-7.562363554586130909e-02,-7.562360843963632229e-02,-7.562363510972469616e-02,-7.562361113157775594e-02,-7.562363638097867324e-02,-7.562361223269169208e-02,-7.562363663053096874e-02,-7.562360887741789717e-02,-7.562363688356149583e-02
-7.384350821889855421e-02,-7.384348421941505647e-02,-7.384351180726161923e-02,-7.384348403199836319e-02,-7.384350949203974390e-02,-7.384348409831237303e-02,-7.384350887117037410e-02,-7.384348504075118058e-02,-7.384351037154525399e-02,-7.384348482275943093e-02,-7.384351072581051001e-02,-7.384348457393939691e-02,-7.384350775385949139e-02,-7.384348424338632588e-02,-7.384350980232458339e-02,-7.384348527436852827e-02,-7.384351066050830192e-02,-7.384348548110264421e-02,-7.384350796632131730e-02,-7.384348564099631196e-02
-7.212169609094208622e-02,-7.212168594421380918e-02,-7.212169896852131667e-02,-7.212168576085607741e-02,-7.212169704597634623e-02,-7.212168587172067269e-02,-7.212169660297568230e-02,-7.212168658014100897e-02,-7.212169780465420288e-02,-7.212168640299278233e-02,-7.212169806641745284e-02,-7.212168620110727402e-02,-7.212169577282470656e-02,-7.212168594806048216e-02,-7.212169733068415911e-02,-7.212168679801080062e-02,-7.212169800864234870e-02,-7.212168696485327102e-02,-7.212169583026782627e-02,-7.212168705204689834e-02
-7.045566782028934993e-02,-7.045565391458469273e-02,-7.045567014755639568e-02,-7.045565373910175899e-02,-7.045566855350850199e-02,-7.045565386270584429e-02,-7.045566823336120443e-02,-7.045565440336794272e-02,-7.045566920588425264e-02,-7.045565425804022064e-02,-7.045566939852064559e-02,-7.045565410128284967e-02,-7.045566760305924103e-02,-7.045565390699111419e-02,-7.045566880423438649e-02,-7.045565460665464963e-02,-7.045566934918430502e-02,-7.045565474283999041e-02,-7.045566757363731780e-02,-7.045565478478704735e-02
-6.884302139883090310e-02,-6.884298754418809174e-02,-6.884302329365843409e-02,-6.884298737963998049e-02,-6.884302197747656227e-02,-6.884298749634994163e-02,-6.884302173901080124e-02,-6.884298791491294534e-02,-6.884302253708110553e-02,-6.884298779286385228e-02,-6.884302267656761121e-02,-6.884298768054572526e-02,-6.884302124610336415e-02,-6.884298753189291298e-02,-6.884302219302858294e-02,-6.884298809860814328e-02,-6.884302263685040946e-02,-6.884298821404094548e-02,-6.884302118090143696e-02,-6.884298823521244060e-02
-6.728145401798106551e-02,-6.728145394826991199e-02,-6.728145556472407696e-02,-6.728145379687075489e-02,-6.728145448419273200e-02,-6.728145389839995660e-02,-6.728145430036855390e-02,-6.728145422485840021e-02,-6.728145496251400348e-02,-6.728145411983232904e-02,-6.728145506063837322e-02,-6.728145404801810781e-02,-6.728145390550557825e-02,-6.728145393492415693e-02,-6.728145466766111138e-02,-6.728145438356306074e-02,-6.728145503081868484e-02,-6.728145448535313711e-02,-6.728145383442496463e-02,-6.728145450175598841e-02
-6.576885468649519562e-02,-6.576887581179832742e-02,-6.576885594675711821e-02,-6.576887567488942654e-02,-6.576885506486762623e-02,-6.576887576077125597e-02,-6.576885491984867105e-02,-6.576887601498331015e-02,-6.576885547137195642e-02,-6.576887592308250374e-02,-6.576885553757363945e-02,-6.576887588428502462e-02,-6.576885460032999564e-02,-6.576887579834073128e-02,-6.576885522078829149e-02,-6.576887614585653907e-02,-6.576885551698237464e-02,-6.576887623755950374e-02,-6.576885453584385699e-02,-6.576887625627235445e-02
-6.430318973779250435e-02,-6.430322828015173908e-02,-6.430319075907765802e-02,-6.430322815826448879e-02,-6.430319004275672490e-02,-6.430322823200679272e-02,-6.430318992790805266e-02,-6.430322842804046812e-02,-6.430319038534429432e-02,-6.430322834693985579e-02,-6.430319042754716052e-02,-6.430322833185081466e-02,-6.430318967085028870e-02,-6.430322826586620799e-02,-6.430319017535054971e-02,-6.430322853119056770e-02,-6.430319041486982912e-02,-6.430322861371223775e-02,-6.430318961460426697e-02,-6.430322863538251443e-02
-6.288257588812781740e-02,-6.288254996572842370e-02,-6.288257670934452315e-02,-6.288254985869602687e-02,-6.288257612924753881e-02,-6.288254992494625439e-02,-6.288257603976377119e-02,-6.288255007371745808e-02,-6.288257641483578630e-02,-6.288255000183314014e-02,-6.288257643967795629e-02,-6.288255000134132522e-02,-6.288257583699316533e-02,-6.288254994931460895e-02,-6.288257624178748839e-02,-6.288255015135824078e-02,-6.288257643334227431e-02,-6.288255022428647367e-02,-6.288257578573704099e-02,-6.288255024626450418e-02
-6.150513449371199787e-02,-6.150507421547604658e-02,-6.150513514817187305e-02,-6.150507412261031759e-02,-6.150513467883804430e-02,-6.150507418543207233e-02,-6.150513461145901140e-02,-6.150507429608020882e-02,-6.150513491378204606e-02,-6.150507423208183971e-02,-6.150513492669500148e-02,-6.150507423861596712e-02,-6.150513445648245203e-02,-6.150507419581927732e-02,-6.150513477366249815e-02,-6.150507435152266500e-02,-6.150513492508230540e-02,-6.150507441419097304e-02,-6.150513440601620280e-02,-6.150507443302721117e-02
-6.016911174261144885e-02,-6.016909572852952720e-02,-6.016911225966839472e-02,-6.016909564872285898e-02,-6.016911187949473827e-02,-6.016909571080168717e-02,-6.016911183128731411e-02,-6.016909579128765229e-02,-6.016911206997650058e-02,-6.016909573396685140e-02,-6.016911207518388371e-02,-6.016909574213319400e-02,-6.016911171774820544e-02,-6.016909570511263378e-02,-6.016911195834560855e-02,-6.016909582831192482e-02,-6.016911207680930573e-02,-6.016909588042720219e-02,-6.016911166492976831e-02,-6.016909589334091396e-02
-5.887294670765741422e-02,-5.887289044883868561e-02,-5.887294711348243365e-02,-5.887289038069368208e-02,-5.887294680451214679e-02,-5.887289044308935404e-02,-5.887294677236469542e-02,-5.887289050041570604e-02,-5.887294695678001871e-02,-5.887289044871511778e-02,-5.887294695741133316e-02,-5.887289045539385868e-02,-5.887294669346536391e-02,-5.887289042191914956e-02,-5.887294686891871021e-02,-5.887289052291255764e-02,-5.887294696096326274e-02,-5.887289056484674293e-02,-5.887294663699132319e-02,-5.887289057042954799e-02
-5.761498091619244449e-02,-5.761499494976113356e-02,-5.761498123391300269e-02,-5.761499489173711741e-02,-5.761498098159874293e-02,-5.761499495404395071e-02,-5.761498096210984632e-02,-5.761499499427583104e-02,-5.761498110189276767e-02,-5.761499494738984983e-02,-5.761498110013596463e-02,-5.761499495135603832e-02,-5.761498091073090355e-02,-5.761499492026117553e-02,-5.761498103312233388e-02,-5.761499500598257079e-02,-5.761498110446839488e-02,-5.761499503877622747e-02,-5.761498085105534045e-02,-5.761499503710193482e-02
-5.639382464474562012e-02,-5.639382999279406866e-02,-5.639382489417504862e-02,-5.639382994333852483e-02,-5.639382468701963080e-02,-5.639383000421252512e-02,-5.639382467676599259e-02,-5.639383003233153918e-02,-5.639382478139997462e-02,-5.639382998973260785e-02,-5.639382477862401460e-02,-5.639382999115040429e-02,-5.639382464591404659e-02,-5.639382996205764137e-02,-5.639382472741350655e-02,-5.639383003657821164e-02,-5.639382478287330303e-02,-5.639383006175834046e-02,-5.639382458476054072e-02,-5.639383005410116001e-02
-5.520800704767023226e-02,-5.520804067147925404e-02,-5.520800800456014679e-02,-5.520804035628304463e-02,-5.520800893168026358e-02,-5.520804000469430733e-02,-5.520800726325592045e-02,-5.520803970452015097e-02,-5.520800939558563603e-02,-5.520803954147365106e-02,-5.520800902637242047e-02,-5.520804130203761650e-02,-5.520800608856701180e-02,-5.520804164053383367e-02,-5.520800939517102324e-02,-5.520803879262577846e-02,-5.520800921340392187e-02,-5.520804000004372880e-02,-5.520800787694506856e-02,-5.520804238186566293e-02
-5.405622985141401993e-02,-5.405623569665105044e-02,-5.405623064846561826e-02,-5.405623546155352566e-02,-5.405623144672545843e-02,-5.405623508454431014e-02,-5.405623007045660955e-02,-5.405623483633996418e-02,-5.405623185899429556e-02,-5.405623478469333276e-02,-5.405623155718404516e-02,-5.405623621033155135e-02,-5.405622905203140427e-02,-5.405623652339573010e-02,-5.405623187073329422e-02,-5.405623415550504796e-02,-5.405623171110877923e-02,-5.405623514971326371e-02,-5.405623056798360831e-02,-5.405623714387514794e-02
-5.293726497024151684e-02,-5.293707932047751058e-02,-5.293726562460870227e-02,-5.293707914763128020e-02,-5.293726631776562302e-02,-5.293707876842987381e-02,-5.293726517915236379e-02,-5.293707855760370479e-02,-5.293726667996166008e-02,-5.293707858264048993e-02,-5.293726643121366565e-02,-5.293707974036802183e-02,-5.293726429922378934e-02,-5.293708002723539197e-02,-5.293726670365082876e-02,-5.293707804607540590e-02,-5.293726656095806143e-02,-5.293707886798602186e-02,-5.293726558901674928e-02,-5.293708054583716460e-02
