-9.589019812613793770e-01,-9.589019812628051254e-01,-9.589019812517822761e-01,-9.589019812679255850e-01,-9.589019812655726893e-01,-9.589019812675159127e-01,-9.589019812654047126e-01,-9.589019812622293637e-01,-9.589019812621600858e-01,-9.589019812687480382e-01,-9.589019812510681806e-01,-9.589019812690225963e-01,-9.589019812604648862e-01,-9.589019812680346089e-01,-9.589019812583426949e-01,-9.589019812712321622e-01,-9.589019812536899723e-01,-9.589019812763972528e-01,-9.589019812508946528e-01,-9.589019812669931087e-01
-9.453092519192386467e-01,-9.453092519224945978e-01,-9.453092519107063607e-01,-9.453092519235424263e-01,-9.453092519261317994e-01,-9.453092519276687922e-01,-9.453092519267808358e-01,-9.453092519221759638e-01,-9.453092519201029553e-01,-9.453092519295785978e-01,-9.453092519078534206e-01,-9.453092519270066552e-01,-9.453092519199884913e-01,-9.453092519267429772e-01,-9.453092519193901921e-01,-9.453092519263369686e-01,-9.453092519151513606e-01,-9.453092519396035787e-01,-9.453092519096089053e-01,-9.453092519266469429e-01
-9.247533800377220059e-01,-9.247533801102677531e-01,-9.247533799879120719e-01,-9.247533800688665373e-01,-9.247533801186150759e-01,-9.247533801564749023e-01,-9.247533801625915650e-01,-9.247533800713120256e-01,-9.247533800803698911e-01,-9.247533802136416181e-01,-9.247533799304501478e-01,-9.247533801093460459e-01,-9.247533800706635443e-01,-9.247533801089899974e-01,-9.247533801007923326e-01,-9.247533800883491750e-01,-9.247533800519885938e-01,-9.247533802950074211e-01,-9.247533799594493953e-01,-9.247533801425550370e-01
-8.927665119696297502e-01,-8.927665121202538190e-01,-8.927665120406940158e-01,-8.927665120253149844e-01,-8.927665120688416112e-01,-8.927665120401783172e-01,-8.927665121074020993e-01,-8.927665120242322949e-01,-8.927665120002992172e-01,-8.927665121641916723e-01,-8.927665119224409418e-01,-8.927665120764476381e-01,-8.927665120620102979e-01,-8.927665120050183312e-01,-8.927665121157895012e-01,-8.927665120021437417e-01,-8.927665120702562573e-01,-8.927665121624102085e-01,-8.927665119572760766e-01,-8.927665121635343093e-01
-8.424232886386406882e-01,-8.424232892276298790e-01,-8.424232889918890077e-01,-8.424232890460683354e-01,-8.424232891983968186e-01,-8.424232886712657020e-01,-8.424232889563084692e-01,-8.424232890778343696e-01,-8.424232887281590809e-01,-8.424232891122456213e-01,-8.424232887429980998e-01,-8.424232892801803985e-01,-8.424232890961151909e-01,-8.424232888390736917e-01,-8.424232890601626167e-01,-8.424232889095210064e-01,-8.424232890810792185e-01,-8.424232887771178069e-01,-8.424232887473865894e-01,-8.424232894899321700e-01
-7.652409584108794682e-01,-7.652409634850400044e-01,-7.652409589498541109e-01,-7.652409611880991447e-01,-7.652409632011187846e-01,-7.652409603144586514e-01,-7.652409598685168124e-01,-7.652409654537292161e-01,-7.652409597936635777e-01,-7.652409623637981273e-01,-7.652409614042708919e-01,-7.652409635850420111e-01,-7.652409604421288591e-01,-7.652409637947599208e-01,-7.652409598650860012e-01,-7.652409628011663800e-01,-7.652409629230193522e-01,-7.652409607594017338e-01,-7.652409604233005869e-01,-7.652409641828534781e-01
-6.559996956514393407e-01,-6.559996938562198121e-01,-6.559996948932440564e-01,-6.559996955611562264e-01,-6.559996943665720170e-01,-6.559996954398608082e-01,-6.559996943743040543e-01,-6.559996947828815594e-01,-6.559996955794291651e-01,-6.559996949738279293e-01,-6.559996936857548366e-01,-6.559996953851190415e-01,-6.559996957018388031e-01,-6.559996941987474850e-01,-6.559996943953310122e-01,-6.559996959937870464e-01,-6.559996940753531902e-01,-6.559996947859334515e-01,-6.559996942370734940e-01,-6.559996948514527082e-01
-5.174728031844275655e-01,-5.174728021193022443e-01,-5.174728018829579668e-01,-5.174728028418360548e-01,-5.174728022008278083e-01,-5.174728020747502155e-01,-5.174728029523362194e-01,-5.174728024697987649e-01,-5.174728017704161021e-01,-5.174728023160466428e-01,-5.174728025774968376e-01,-5.174728019592891304e-01,-5.174728016516247919e-01,-5.174728021614661833e-01,-5.174728027148683962e-01,-5.174728022348675793e-01,-5.174728024480814703e-01,-5.174728031547908280e-01,-5.174728019067158513e-01,-5.174728019232324172e-01
-3.433109887056045029e-01,-3.433109891894827181e-01,-3.433109900515788349e-01,-3.433109879561534461e-01,-3.433109894712945143e-01,-3.433109891991086848e-01,-3.433109885458243693e-01,-3.433109891078012788e-01,-3.433109885000141803e-01,-3.433109885744188849e-01,-3.433109898924070480e-01,-3.433109891253116608e-01,-3.433109888990112379e-01,-3.433109895645721776e-01,-3.433109893393129775e-01,-3.433109878034401041e-01,-3.433109891642074363e-01,-3.433109884749537266e-01,-3.433109889205148701e-01,-3.433109900611672760e-01
-1.448881588339151483e-01,-1.448881504485089455e-01,-1.448881559916183059e-01,-1.448881508290153775e-01,-1.448881566600948856e-01,-1.448881532612303902e-01,-1.448881577207023763e-01,-1.448881529918199795e-01,-1.448881568445429258e-01,-1.448881528861925561e-01,-1.448881565909331537e-01,-1.448881513728386694e-01,-1.448881608013705136e-01,-1.448881514853118668e-01,-1.448881584242655285e-01,-1.448881511538529510e-01,-1.448881559470079350e-01,-1.448881520247506938e-01,-1.448881582612783769e-01,-1.448881512232995661e-01
-7.847588653829989935e-02,-7.847590043780272584e-02,-7.847588721847392756e-02,-7.847590032848124342e-02,-7.847588674802055686e-02,-7.847590037508270222e-02,-7.847588672473410076e-02,-7.847590050651859217e-02,-7.847588687100079397e-02,-7.847590058893885723e-02,-7.847588697410967651e-02,-7.847590047888539089e-02,-7.847588659967727476e-02,-7.847590040001008183e-02,-7.847588676928253515e-02,-7.847590071101422093e-02,-7.847588702172195174e-02,-7.847590069523179002e-02,-7.847588645523821682e-02,-7.847590058188357032e-02
-4.841897778316888584e-02,-4.841829067740222037e-02,-4.841897768175273259e-02,-4.841829069744677666e-02,-4.841897793591623533e-02,-4.841829052723885946e-02,-4.841897785749552791e-02,-4.841829045430393746e-02,-4.841897802915072491e-02,-4.841829056470321052e-02,-4.841897794511150488e-02,-4.841829073420085561e-02,-4.841897767698336713e-02,-4.841829083855272997e-02,-4.841897803128671768e-02,-4.841829050798794609e-02,-4.841897803669071437e-02,-4.841829054903903223e-02,-4.841897798565213129e-02,-4.841829079926151386e-02
1.800460105869376715e-02,-8.276161715777231864e-02,1.800460067306100531e-02,-8.276161673607239366e-02,1.800460093049523203e-02,-8.276161699777487279e-02,1.800460067876608755e-02,-8.276161700470952010e-02,1.800460066504917800e-02,-8.276161676238434628e-02,1.800460100073654826e-02,-8.276161711995225212e-02,1.800460087780387380e-02,-8.276161684791068229e-02,1.800460097424989164e-02,-8.276161716049106054e-02,1.800460066776705254e-02,-8.276161704341199188e-02,1.800460107098373480e-02,-8.276161696482840779e-02
-9.342803413691050385e-02,4.762403690316005522e-02,-9.342803432127821939e-02,4.762403709209109964e-02,-9.342803421177060808e-02,4.762403699771332322e-02,-9.342803435977742321e-02,4.762403697891703924e-02,-9.342803437409996636e-02,4.762403712051465482e-02,-9.342803419278802868e-02,4.762403690354823776e-02,-9.342803420501226419e-02,4.762403702464390598e-02,-9.342803416673853278e-02,4.762403692608274675e-02,-9.342803439443123081e-02,4.762403698402661867e-02,-9.342803420277176474e-02,4.762403702614523976e-02
-1.407931336121978905e-01,1.070639497551337249e-01,-1.407931334012913760e-01,1.070639490362991497e-01,-1.407931336213326667e-01,1.070639493308654100e-01,-1.407931334329150241e-01,1.070639493380440566e-01,-1.407931333375677940e-01,1.070639490977541575e-01,-1.407931335225683367e-01,1.070639495632245974e-01,-1.407931332056534812e-01,1.070639492824027456e-01,-1.407931333793746853e-01,1.070639498620786223e-01,-1.407931333194253898e-01,1.070639497149348252e-01,-1.407931335361987113e-01,1.070639496909625843e-01
-1.607366993904898178e-01,1.351678165838942347e-01,-1.607366994036721064e-01,1.351678165948514698e-01,-1.607366993980128833e-01,1.351678165911080476e-01,-1.607366994118008541e-01,1.351678165896529893e-01,-1.607366994138936245e-01,1.351678166013884075e-01,-1.607366993968061264e-01,1.351678165807838339e-01,-1.607366993922085541e-01,1.351678165913306751e-01,-1.607366993903693309e-01,1.351678165923417552e-01,-1.607366994140229655e-01,1.351678165961958389e-01,-1.607366994014072514e-01,1.351678165979408874e-01
-1.684915253579803984e-01,1.487085362025704349e-01,-1.684915251484634668e-01,1.487085356616354714e-01,-1.684915253393020618e-01,1.487085358743603369e-01,-1.684915251471944819e-01,1.487085359054392819e-01,-1.684915250562588340e-01,1.487085356716429940e-01,-1.684915252935487440e-01,1.487085361112646109e-01,-1.684915250755482652e-01,1.487085358730373952e-01,-1.684915251856128893e-01,1.487085362396252108e-01,-1.684915250265787423e-01,1.487085361174383669e-01,-1.684915252197962676e-01,1.487085360874512985e-01
-1.708154529156338530e-01,1.553044027642798142e-01,-1.708154528968162111e-01,1.553044027068928024e-01,-1.708154529152156875e-01,1.553044027301196672e-01,-1.708154528987515519e-01,1.553044027330844346e-01,-1.708154528881018208e-01,1.553044027086358803e-01,-1.708154529112284603e-01,1.553044027538392768e-01,-1.708154528858086552e-01,1.553044027289363083e-01,-1.708154528979821396e-01,1.553044027695530960e-01,-1.708154528844662012e-01,1.553044027599075894e-01,-1.708154529023774015e-01,1.553044027543076799e-01
-1.709060606991428810e-01,1.586631957298135498e-01,-1.709060606919798053e-01,1.586631957109757296e-01,-1.709060606977655661e-01,1.586631957190007824e-01,-1.709060606931412651e-01,1.586631957193869458e-01,-1.709060606886415867e-01,1.586631957114029712e-01,-1.709060606971171126e-01,1.586631957267685411e-01,-1.709060606889411804e-01,1.586631957186087905e-01,-1.709060606928274606e-01,1.586631957319132313e-01,-1.709060606883487932e-01,1.586631957278466787e-01,-1.709060606938669347e-01,1.586631957264925952e-01
1.606974380149943649e-01,-1.703576899361540775e-01,1.606974379883225890e-01,-1.703576899437385106e-01,1.606974379921269902e-01,-1.703576899276530165e-01,1.606974379933523156e-01,-1.703576899204022610e-01,1.606974379904084482e-01,-1.703576899329484751e-01,1.606974379914263840e-01,-1.703576899135868516e-01,1.606974379659845131e-01,-1.703576899335684236e-01,1.606974379976804368e-01,-1.703576899200164307e-01,1.606974380136526881e-01,-1.703576899334403039e-01,1.606974380143274261e-01,-1.703576899377377551e-01
1.624461087798061421e-01,-1.700018470058130282e-01,1.624461085308054886e-01,-1.700018471628766958e-01,1.624461086916351715e-01,-1.700018469779653041e-01,1.624461086536800880e-01,-1.700018469233066098e-01,1.624461085582257769e-01,-1.700018471248509189e-01,1.624461085719388631e-01,-1.700018469547195099e-01,1.624461082952567692e-01,-1.700018470126145598e-01,1.624461085840082641e-01,-1.700018469083908745e-01,1.624461087477319932e-01,-1.700018471512286800e-01,1.624461088603709469e-01,-1.700018472099230626e-01
1.645054834277202005e-01,-1.702937939361386377e-01,1.645054834003531752e-01,-1.702937939533951950e-01,1.645054834147948453e-01,-1.702937939312413884e-01,1.645054834100977970e-01,-1.702937939193705508e-01,1.645054833959229135e-01,-1.702937939507262188e-01,1.645054834020014678e-01,-1.702937939319155991e-01,1.645054833679112372e-01,-1.702937939382362376e-01,1.645054834066717042e-01,-1.702937939209973606e-01,1.645054834257256016e-01,-1.702937939463832762e-01,1.645054834326282744e-01,-1.702937939570267067e-01
1.672430956382232048e-01,-1.715011685941676967e-01,1.672430956353616049e-01,-1.715011685978089506e-01,1.672430956338259722e-01,-1.715011685942275377e-01,1.672430956332585372e-01,-1.715011685912052608e-01,1.672430956317193518e-01,-1.715011685949405784e-01,1.672430956328954388e-01,-1.715011685929526131e-01,1.672430956267883517e-01,-1.715011685917433026e-01,1.672430956321009909e-01,-1.715011685930145358e-01,1.672430956354900022e-01,-1.715011685959544341e-01,1.672430956375973998e-01,-1.715011685960506904e-01
1.709099912407807953e-01,-1.738010185173080591e-01,1.709099913019530292e-01,-1.738010184772205424e-01,1.709099913155866235e-01,-1.738010185078132652e-01,1.709099912119907416e-01,-1.738010184664764979e-01,1.709099912214371852e-01,-1.738010184571442407e-01,1.709099912743765604e-01,-1.738010184999888019e-01,1.709099912989700820e-01,-1.738010184160354021e-01,1.709099912069017013e-01,-1.738010184357814125e-01,1.709099912669558574e-01,-1.738010185031036159e-01,1.709099912568183277e-01,-1.738010185380789718e-01
1.757030644432734656e-01,-1.773325189237633104e-01,1.757030644483840998e-01,-1.773325189122955947e-01,1.757030644428427824e-01,-1.773325189158748150e-01,1.757030644469481373e-01,-1.773325189220505138e-01,1.757030644486859139e-01,-1.773325189174271843e-01,1.757030644419397825e-01,-1.773325189212532627e-01,1.757030644427920174e-01,-1.773325189154151549e-01,1.757030644400561226e-01,-1.773325189219751574e-01,1.757030644328366475e-01,-1.773325189191175266e-01,1.757030644369692030e-01,-1.773325189194290830e-01
