-9.580619717069986940e-01,-9.580619717074098096e-01,-9.580619717052630824e-01,-9.580619717079914555e-01,-9.580619717080840481e-01,-9.580619717080740561e-01,-9.580619717079805753e-01,-9.580619717074345676e-01,-9.580619717067312413e-01,-9.580619717081316766e-01,-9.580619717049433381e-01,-9.580619717084379872e-01,-9.580619717070226748e-01,-9.580619717081577669e-01,-9.580619717067455632e-01,-9.580619717084551956e-01,-9.580619717058310725e-01,-9.580619717101951371e-01,-9.580619717052459849e-01,-9.580619717084133402e-01
-9.438656327649141975e-01,-9.438656327695185144e-01,-9.438656327560833725e-01,-9.438656327696209880e-01,-9.438656327723148332e-01,-9.438656327743569774e-01,-9.438656327744686658e-01,-9.438656327677618085e-01,-9.438656327661297807e-01,-9.438656327770356125e-01,-9.438656327527300549e-01,-9.438656327734984419e-01,-9.438656327658725420e-01,-9.438656327729969542e-01,-9.438656327661613110e-01,-9.438656327730858830e-01,-9.438656327601054885e-01,-9.438656327886827402e-01,-9.438656327547781943e-01,-9.438656327743847330e-01
-9.221570803660380511e-01,-9.221570804354954909e-01,-9.221570803427678875e-01,-9.221570803901726343e-01,-9.221570804312690939e-01,-9.221570804563412604e-01,-9.221570804761115570e-01,-9.221570803899536983e-01,-9.221570804025704948e-01,-9.221570805086416467e-01,-9.221570802927691046e-01,-9.221570804226968399e-01,-9.221570803998943022e-01,-9.221570804165299950e-01,-9.221570804334389138e-01,-9.221570804042629188e-01,-9.221570803829393093e-01,-9.221570805705735507e-01,-9.221570803170379138e-01,-9.221570804623711037e-01
-8.879156465033600787e-01,-8.879156465870643444e-01,-8.879156465512356711e-01,-8.879156465350895866e-01,-8.879156465617765726e-01,-8.879156465345686700e-01,-8.879156465784384666e-01,-8.879156465340412030e-01,-8.879156465228718043e-01,-8.879156466004072268e-01,-8.879156464876257759e-01,-8.879156465626134587e-01,-8.879156465590798408e-01,-8.879156465198676518e-01,-8.879156465856798963e-01,-8.879156465222668437e-01,-8.879156465633706308e-01,-8.879156465935995612e-01,-8.879156465078819060e-01,-8.879156466110913470e-01
-8.332455655502795100e-01,-8.332455657016868411e-01,-8.332455656209578621e-01,-8.332455656571502445e-01,-8.332455657359334467e-01,-8.332455655379493731e-01,-8.332455656215738138e-01,-8.332455657115487302e-01,-8.332455655877488709e-01,-8.332455656527714138e-01,-8.332455656132360389e-01,-8.332455657361296231e-01,-8.332455656868027472e-01,-8.332455656237203190e-01,-8.332455656424427870e-01,-8.332455656334424310e-01,-8.332455656841666336e-01,-8.332455655496864289e-01,-8.332455655857313737e-01,-8.332455657727253495e-01
-7.485950499945098757e-01,-7.485950551316400414e-01,-7.485950500913985950e-01,-7.485950526134427241e-01,-7.485950547668687172e-01,-7.485950518026623923e-01,-7.485950513465793321e-01,-7.485950568986935449e-01,-7.485950513074743906e-01,-7.485950536595593618e-01,-7.485950531911634842e-01,-7.485950547145499012e-01,-7.485950518883046634e-01,-7.485950555273287454e-01,-7.485950511845604893e-01,-7.485950541112558199e-01,-7.485950544782116189e-01,-7.485950521185850137e-01,-7.485950519663397973e-01,-7.485950553925966311e-01
-6.291822976715788496e-01,-6.291822957143442530e-01,-6.291822968568818730e-01,-6.291822976347223317e-01,-6.291822964879709712e-01,-6.291822975548895247e-01,-6.291822963246351819e-01,-6.291822966872802070e-01,-6.291822978952139600e-01,-6.291822970352914934e-01,-6.291822950434962092e-01,-6.291822976439320758e-01,-6.291822981597807729e-01,-6.291822959253940972e-01,-6.291822963066112662e-01,-6.291822981382896307e-01,-6.291822960673969511e-01,-6.291822965510118770e-01,-6.291822960078039539e-01,-6.291822970813549798e-01
-4.812681684030154505e-01,-4.812681660277772222e-01,-4.812681651404769889e-01,-4.812681675456979002e-01,-4.812681667432935351e-01,-4.812681668454961148e-01,-4.812681687886276594e-01,-4.812681677110708378e-01,-4.812681667233380534e-01,-4.812681673663193882e-01,-4.812681675988120800e-01,-4.812681677998440488e-01,-4.812681671243796977e-01,-4.812681667276630937e-01,-4.812681676410749398e-01,-4.812681667519345119e-01,-4.812681667722084611e-01,-4.812681678434006516e-01,-4.812681656166294397e-01,-4.812681658781870486e-01
-3.020960182314608167e-01,-3.020960192787908172e-01,-3.020960209853713607e-01,-3.020960169120693872e-01,-3.020960193698468688e-01,-3.020960192001048705e-01,-3.020960177671500602e-01,-3.020960187052088020e-01,-3.020960183643347507e-01,-3.020960182116028125e-01,-3.020960196769060246e-01,-3.020960191830865949e-01,-3.020960195020126471e-01,-3.020960188315697237e-01,-3.020960187011678677e-01,-3.020960176767089056e-01,-3.020960187333635583e-01,-3.020960175629137656e-01,-3.020960185238888984e-01,-3.020960205740464977e-01
-1.255582421529837234e-01,-1.255582357031033158e-01,-1.255582375817697327e-01,-1.255582365585523608e-01,-1.255582403310020467e-01,-1.255582368758473566e-01,-1.255582401188112540e-01,-1.255582370705358441e-01,-1.255582389259303211e-01,-1.255582359022485717e-01,-1.255582387809152101e-01,-1.255582359928683056e-01,-1.255582417170723886e-01,-1.255582367592313620e-01,-1.255582397796382865e-01,-1.255582354628412833e-01,-1.255582379191020337e-01,-1.255582367981563918e-01,-1.255582421984940966e-01,-1.255582358849872404e-01
-6.770595548477927050e-02,-6.770595468412705931e-02,-6.770595914005869687e-02,-6.770595460463091353e-02,-6.770595590053582469e-02,-6.770595504896544103e-02,-6.770595611331864383e-02,-6.770595597283735056e-02,-6.770595751503627469e-02,-6.770595578562890737e-02,-6.770595780364628558e-02,-6.770595497947524966e-02,-6.770595527262739111e-02,-6.770595460875475369e-02,-6.770595688903380260e-02,-6.770595677731339190e-02,-6.770595767233364426e-02,-6.770595649123235804e-02,-6.770595499119402838e-02,-6.770595598508126478e-02
-4.096138111490906647e-02,-4.096143854282721652e-02,-4.096138173637255825e-02,-4.096143844568306963e-02,-4.096138158456158473e-02,-4.096143843802615980e-02,-4.096138124674018888e-02,-4.096143843005294050e-02,-4.096138181976278353e-02,-4.096143843514722660e-02,-4.096138179591900241e-02,-4.096143859630810985e-02,-4.096138102345561749e-02,-4.096143866871748002e-02,-4.096138183301908237e-02,-4.096143825210459694e-02,-4.096138174409244548e-02,-4.096143859590967162e-02,-4.096138111377920638e-02,-4.096143906854139705e-02
-2.618259118472305094e-02,-2.618206464962565677e-02,-2.618259128600420108e-02,-2.618206466614106387e-02,-2.618259134510833933e-02,-2.618206462674053589e-02,-2.618259123910597619e-02,-2.618206459570331102e-02,-2.618259131815783847e-02,-2.618206469249512516e-02,-2.618259135223744219e-02,-2.618206466334451962e-02,-2.618259115472499482e-02,-2.618206469347680518e-02,-2.618259139502998947e-02,-2.618206451789461403e-02,-2.618259134670753926e-02,-2.618206465394417107e-02,-2.618259116756977561e-02,-2.618206484550195112e-02
-2.476769139539542475e-01,2.137074161618454371e-01,-2.476769139581000423e-01,2.137074161788909132e-01,-2.476769139841590861e-01,2.137074161050127596e-01,-2.476769139071678949e-01,2.137074161351974477e-01,-2.476769138923631819e-01,2.137074161375213666e-01,-2.476769138945480730e-01,2.137074161333706313e-01,-2.476769139688505539e-01,2.137074161995160260e-01,-2.476769139395092745e-01,2.137074161173572739e-01,-2.476769138348183796e-01,2.137074161433061281e-01,-2.476769138766855283e-01,2.137074161452333365e-01
-3.010203800576157773e-01,2.797322077837767207e-01,-3.010203800422698306e-01,2.797322077582153899e-01,-3.010203800546004116e-01,2.797322077741838386e-01,-3.010203800470783175e-01,2.797322077741400959e-01,-3.010203800492176618e-01,2.797322077510284721e-01,-3.010203800556955356e-01,2.797322077817673835e-01,-3.010203800469173352e-01,2.797322077597231282e-01,-3.010203800518337913e-01,2.797322077819487940e-01,-3.010203800480635294e-01,2.797322077804004214e-01,-3.010203800566818577e-01,2.797322077707686261e-01
-3.356328302942875874e-01,3.240107433157320416e-01,-3.356328302880425274e-01,3.240107435237765676e-01,-3.356328302421160426e-01,3.240107434481589999e-01,-3.356328305198275075e-01,3.240107434207175618e-01,-3.356328303512768341e-01,3.240107436415218256e-01,-3.356328301703028760e-01,3.240107433978343110e-01,-3.356328302249734219e-01,3.240107434598017977e-01,-3.356328303328192653e-01,3.240107434561568800e-01,-3.356328303775603095e-01,3.240107435297392424e-01,-3.356328303724072093e-01,3.240107435460145568e-01
-3.637735625906199366e-01,3.603456349787917401e-01,-3.637735625618649937e-01,3.603456349850286400e-01,-3.637735625564234576e-01,3.603456349938816694e-01,-3.637735625763564573e-01,3.603456349805474468e-01,-3.637735625554829877e-01,3.603456350159897070e-01,-3.637735625513628945e-01,3.603456349847959372e-01,-3.637735625716138066e-01,3.603456349639267420e-01,-3.637735625654378024e-01,3.603456349798485059e-01,-3.637735625534268546e-01,3.603456349949253901e-01,-3.637735625720308619e-01,3.603456350159373600e-01
-3.911059049955020739e-01,3.954607701247488394e-01,-3.911059049669593501e-01,3.954607700903945422e-01,-3.911059050028747874e-01,3.954607701486304028e-01,-3.911059049739507576e-01,3.954607701147541676e-01,-3.911059050112401514e-01,3.954607701031117029e-01,-3.911059049561118606e-01,3.954607701330435376e-01,-3.911059049505539176e-01,3.954607700999932529e-01,-3.911059049649868724e-01,3.954607701329806435e-01,-3.911059049784907371e-01,3.954607701345847492e-01,-3.911059049884230143e-01,3.954607701439799006e-01
-4.203042726525049733e-01,4.329662993055396480e-01,-4.203042726105771787e-01,4.329662991430920371e-01,-4.203042729387911347e-01,4.329662994036405643e-01,-4.203042728230011460e-01,4.329662993331490628e-01,-4.203042729143318113e-01,4.329662991563223984e-01,-4.203042728110104043e-01,4.329662993210540156e-01,-4.203042728322758381e-01,4.329662990818122226e-01,-4.203042727961988634e-01,4.329662991938056371e-01,-4.203042729403327349e-01,4.329662994699782774e-01,-4.203042729427711732e-01,4.329662994321741842e-01
-4.520802623298516565e-01,4.746694538674472441e-01,-4.520802594818529863e-01,4.746694532105271702e-01,-4.520802611996120879e-01,4.746694549508269079e-01,-4.520802637334889740e-01,4.746694543305889358e-01,-4.520802616470772639e-01,4.746694545629495110e-01,-4.520802630882109208e-01,4.746694539378982780e-01,-4.520802643513495145e-01,4.746694523642022157e-01,-4.520802621322735915e-01,4.746694533806848360e-01,-4.520802635881049358e-01,4.746694553467961097e-01,-4.520802632335617077e-01,4.746694555756992839e-01
-4.846837858861454129e-01,5.204548198247042068e-01,-4.846837859960864692e-01,5.204548198377734192e-01,-4.846837859352023381e-01,5.204548197982239444e-01,-4.846837858402768262e-01,5.204548197818584798e-01,-4.846837859767147427e-01,5.204548197547449462e-01,-4.846837858789611042e-01,5.204548197830296541e-01,-4.846837857679761052e-01,5.204548198180319885e-01,-4.846837858654584053e-01,5.204548198006327953e-01,-4.846837858067693516e-01,5.204548197231723128e-01,-4.846837858447827774e-01,5.204548197773356533e-01
-5.114312315676193821e-01,5.665496952134643216e-01,-5.114312372819138641e-01,5.665496949221124900e-01,-5.114312406130284705e-01,5.665496945500884118e-01,-5.114312355928728460e-01,5.665496943065077007e-01,-5.114312382720628269e-01,5.665496916142265249e-01,-5.114312345180849206e-01,5.665496953947675163e-01,-5.114312319424292319e-01,5.665496941774978978e-01,-5.114312335214618033e-01,5.665496934428164710e-01,-5.114312338224624721e-01,5.665496953079496301e-01,-5.114312363095580016e-01,5.665496948254059584e-01
4.330322638584289258e-02,4.330326187955277351e-02,4.330322633329015958e-02,4.330326210101325540e-02,4.330322617150821757e-02,4.330326241025334727e-02,4.330322665587973963e-02,4.330326157187827651e-02,4.330322709740815068e-02,4.330326182453438089e-02,4.330322617623788561e-02,4.330326221640892759e-02,4.330322594214632698e-02,4.330326185846314346e-02,4.330322632767799607e-02,4.330326160642854888e-02,4.330322604715061696e-02,4.330326226884550350e-02,4.330322616186133011e-02,4.330326212582878698e-02
7.226261660480937099e-02,7.226261609066231273e-02,7.226261614840209790e-02,7.226261347965944049e-02,7.226261638541682519e-02,7.226261400890778008e-02,7.226261646586230880e-02,7.226261434778515069e-02,7.226261908724831984e-02,7.226261516890769565e-02,7.226261831817729075e-02,7.226261368910306959e-02,7.226261663363858778e-02,7.226261259899481593e-02,7.226261698095755304e-02,7.226261371841603831e-02,7.226261640027069333e-02,7.226261301590679309e-02,7.226261732163584417e-02,7.226261326435866328e-02
1.370252739581909185e-01,1.370252398049207343e-01,1.370252799656823672e-01,1.370252292187934540e-01,1.370252940708072686e-01,1.370252323023142260e-01,1.370252859287505731e-01,1.370252504751732769e-01,1.370252618749019935e-01,1.370252332927200389e-01,1.370252831352764544e-01,1.370252150102670430e-01,1.370252766647891973e-01,1.370252254992997132e-01,1.370252609523656406e-01,1.370252256237060040e-01,1.370252850636390907e-01,1.370252146096210821e-01,1.370252895417437833e-01,1.370252372964408660e-01
