-8.638871910487324612e-01,-8.638871912482503079e-01,-8.638871910848551217e-01,-8.638871912134606923e-01,-8.638871910325706116e-01,-8.638871912950927268e-01,-8.638871909945081695e-01,-8.638871912549355159e-01,-8.638871911195589171e-01,-8.638871911447915108e-01,-8.638871911700929385e-01,-8.638871911840864115e-01,-8.638871910790659747e-01,-8.638871912772023709e-01,-8.638871910331604731e-01,-8.638871912575608603e-01,-8.638871911016929861e-01,-8.638871912142348508e-01,-8.638871910988072944e-01,-8.638871912666014063e-01
-8.520633507362461723e-01,-8.520633509341959400e-01,-8.520633507927521944e-01,-8.520633508995349992e-01,-8.520633507765499326e-01,-8.520633509542769879e-01,-8.520633507265923390e-01,-8.520633509468783506e-01,-8.520633508088532038e-01,-8.520633508319644944e-01,-8.520633508820059099e-01,-8.520633508641088927e-01,-8.520633507583903477e-01,-8.520633509738509970e-01,-8.520633507459005607e-01,-8.520633509101436243e-01,-8.520633508044439530e-01,-8.520633508964791103e-01,-8.520633507752930491e-01,-8.520633509527059113e-01
-8.342130451722806761e-01,-8.342130451460367802e-01,-8.342130451763075660e-01,-8.342130451434683902e-01,-8.342130451752400866e-01,-8.342130451466338581e-01,-8.342130451719855788e-01,-8.342130451449100148e-01,-8.342130451779414813e-01,-8.342130451396111424e-01,-8.342130451813671854e-01,-8.342130451429601301e-01,-8.342130451762627130e-01,-8.342130451492220100e-01,-8.342130451737008734e-01,-8.342130451482596687e-01,-8.342130451782483469e-01,-8.342130451452562934e-01,-8.342130451758010823e-01,-8.342130451467011376e-01
-8.064361109475425282e-01,-8.064361109441331443e-01,-8.064361109498590086e-01,-8.064361109343525236e-01,-8.064361109464857069e-01,-8.064361109440100206e-01,-8.064361109456094079e-01,-8.064361109457002241e-01,-8.064361109612561140e-01,-8.064361109376222414e-01,-8.064361109674175188e-01,-8.064361109457736099e-01,-8.064361109553875862e-01,-8.064361109591837717e-01,-8.064361109500406410e-01,-8.064361109529774030e-01,-8.064361109558872975e-01,-8.064361109463078492e-01,-8.064361109537286909e-01,-8.064361109526405613e-01
-7.625446871965009255e-01,-7.625446873190943053e-01,-7.625446872325203351e-01,-7.625446873946595261e-01,-7.625446870592464954e-01,-7.625446875628749677e-01,-7.625446870158723023e-01,-7.625446874364503191e-01,-7.625446872389751718e-01,-7.625446872625026851e-01,-7.625446872495118544e-01,-7.625446874156549537e-01,-7.625446870457507353e-01,-7.625446875347636766e-01,-7.625446870688865619e-01,-7.625446874183656742e-01,-7.625446871789993697e-01,-7.625446873813939153e-01,-7.625446871561707418e-01,-7.625446873974615070e-01
-6.944752179419015903e-01,-6.944752171685091291e-01,-6.944752178498445616e-01,-6.944752177007369465e-01,-6.944752172052932604e-01,-6.944752181114508538e-01,-6.944752171977807143e-01,-6.944752177554051054e-01,-6.944752176938262522e-01,-6.944752174317425641e-01,-6.944752176322090964e-01,-6.944752177970276996e-01,-6.944752173031714104e-01,-6.944752177934611082e-01,-6.944752176015160927e-01,-6.944752175306290187e-01,-6.944752175557044049e-01,-6.944752178085725758e-01,-6.944752174096555652e-01,-6.944752175544433026e-01
-5.960083348612872367e-01,-5.960083328910761313e-01,-5.960083366623158962e-01,-5.960083339856461215e-01,-5.960083354275667045e-01,-5.960083346759823542e-01,-5.960083359123452551e-01,-5.960083317939203207e-01,-5.960083384310199683e-01,-5.960083332809065215e-01,-5.960083336847900037e-01,-5.960083357556206218e-01,-5.960083366798543114e-01,-5.960083314178703517e-01,-5.960083371751677683e-01,-5.960083346785166603e-01,-5.960083332687062807e-01,-5.960083366088307910e-01,-5.960083339037822725e-01,-5.960083356147702904e-01
-4.676095248134954918e-01,-4.676095188056296204e-01,-4.676095233282302477e-01,-4.676095234146490087e-01,-4.676095206674878990e-01,-4.676095230585945450e-01,-4.676095227059368087e-01,-4.676095234438860659e-01,-4.676095180754926695e-01,-4.676095247864064941e-01,-4.676095211162979437e-01,-4.676095223847872573e-01,-4.676095232788077261e-01,-4.676095209075462056e-01,-4.676095231321624190e-01,-4.676095212792050204e-01,-4.676095217048336083e-01,-4.676095216396071175e-01,-4.676095250975196294e-01,-4.676095181765345110e-01
-3.088055520240317042e-01,-3.088055578460122685e-01,-3.088055543815259041e-01,-3.088055544610788794e-01,-3.088055586760472537e-01,-3.088055547169287762e-01,-3.088055565741781860e-01,-3.088055557999235257e-01,-3.088055537000530260e-01,-3.088055546782764171e-01,-3.088055557123951522e-01,-3.088055548887088109e-01,-3.088055572137445859e-01,-3.088055530606456101e-01,-3.088055608074563585e-01,-3.088055527079778262e-01,-3.088055574689468896e-01,-3.088055543573809958e-01,-3.088055533623261240e-01,-3.088055594900365186e-01
-1.542262413592311865e-01,-1.542262406157931809e-01,-1.542262443952009121e-01,-1.542262400358008212e-01,-1.542262427832838123e-01,-1.542262413199892712e-01,-1.542262423039617025e-01,-1.542262415343405579e-01,-1.542262421404295147e-01,-1.542262418528765333e-01,-1.542262420742124274e-01,-1.542262407279646197e-01,-1.542262384462239067e-01,-1.542262424707323554e-01,-1.542262398374088517e-01,-1.542262429679369662e-01,-1.542262421087418067e-01,-1.542262413747831629e-01,-1.542262403968494289e-01,-1.542262398189677697e-01
-8.337830011346032688e-02,-8.337829069484600786e-02,-8.337829842917414414e-02,-8.337829021231646376e-02,-8.337829868331082805e-02,-8.337828963770554935e-02,-8.337829933660506621e-02,-8.337829037318128522e-02,-8.337829886292376369e-02,-8.337829085060409484e-02,-8.337829869787824477e-02,-8.337829049990651276e-02,-8.337830048781444403e-02,-8.337829031277958769e-02,-8.337829969667923113e-02,-8.337829099165169899e-02,-8.337829833504091515e-02,-8.337829059143160582e-02,-8.337830016448595505e-02,-8.337829056462871258e-02
-5.113268000532880664e-02,-5.113138621545026963e-02,-5.113268056694936226e-02,-5.113138604132182879e-02,-5.113267941887309626e-02,-5.113138589060038652e-02,-5.113267918838935999e-02,-5.113138599912213367e-02,-5.113267917592387302e-02,-5.113138556283963049e-02,-5.113267948868700785e-02,-5.113138681701115407e-02,-5.113268011415265241e-02,-5.113138662063147766e-02,-5.113267988755861027e-02,-5.113138602628933965e-02,-5.113267959604934909e-02,-5.113138578442024546e-02,-5.113267905118550061e-02,-5.113138607587842943e-02
-1.264243770911291920e-01,5.824554336722594788e-02,-1.264243771217050949e-01,5.824554305265081111e-02,-1.264243772828461676e-01,5.824554312084609387e-02,-1.264243769001350270e-01,5.824554344608118273e-02,-1.264243767792601891e-01,5.824554345759213464e-02,-1.264243767410844210e-01,5.824554283540380600e-02,-1.264243766322988849e-01,5.824554286466179093e-02,-1.264243769162444742e-01,5.824554307683987159e-02,-1.264243771425178076e-01,5.824554340175468192e-02,-1.264243771822595175e-01,5.824554340341896869e-02
1.514639254298885164e-02,-6.337208590112869411e-02,1.514639256320132570e-02,-6.337208599933481790e-02,1.514639243833718583e-02,-6.337208599662902397e-02,1.514639251536992887e-02,-6.337208587883297328e-02,1.514639257882309693e-02,-6.337208589180244600e-02,1.514639260455415831e-02,-6.337208599605732851e-02,1.514639264170997146e-02,-6.337208597151408607e-02,1.514639260630713455e-02,-6.337208599742910620e-02,1.514639253552294181e-02,-6.337208588956742827e-02,1.514639245149065720e-02,-6.337208586434697755e-02
7.845905938197705876e-02,-1.140847791766749914e-01,7.845905952521169124e-02,-1.140847795125272263e-01,7.845905849998002779e-02,-1.140847794627791040e-01,7.845905858554241830e-02,-1.140847788020566411e-01,7.845905899023125629e-02,-1.140847789420104813e-01,7.845905903726234365e-02,-1.140847790672404188e-01,7.845905915097216299e-02,-1.140847788967490062e-01,7.845905955902793272e-02,-1.140847792159466467e-01,7.845905953243696718e-02,-1.140847786872832698e-01,7.845905875961414755e-02,-1.140847787276531577e-01
1.072133926126153242e-01,-1.344007187845258078e-01,1.072133926501446788e-01,-1.344007188105252326e-01,1.072133924697787899e-01,-1.344007188090066141e-01,1.072133924861505411e-01,-1.344007186994516101e-01,1.072133925367958485e-01,-1.344007187196957498e-01,1.072133925422870532e-01,-1.344007187747182086e-01,1.072133925805735105e-01,-1.344007186995788694e-01,1.072133926575579155e-01,-1.344007187810047910e-01,1.072133926652162617e-01,-1.344007186593745296e-01,1.072133925160077550e-01,-1.344007186925539887e-01
1.199029011145368306e-01,-1.411667423830312573e-01,1.199029011514877868e-01,-1.411667423745386896e-01,1.199029009628485437e-01,-1.411667423700345425e-01,1.199029009590949629e-01,-1.411667422679841744e-01,1.199029010017312047e-01,-1.411667422851609344e-01,1.199029009981561339e-01,-1.411667423418496714e-01,1.199029010362660380e-01,-1.411667422480010203e-01,1.199029011422792085e-01,-1.411667423321655013e-01,1.199029011870780814e-01,-1.411667422110462755e-01,1.199029010336065543e-01,-1.411667422734583233e-01
1.248565463228704375e-01,-1.417982713537885020e-01,1.248565463713703777e-01,-1.417982712966469327e-01,1.248565461072008026e-01,-1.417982712961407266e-01,1.248565460734500643e-01,-1.417982711664310946e-01,1.248565461303132867e-01,-1.417982711783035976e-01,1.248565461198290483e-01,-1.417982712524911981e-01,1.248565461638657531e-01,-1.417982711134074536e-01,1.248565463313518059e-01,-1.417982712177424109e-01,1.248565464425485244e-01,-1.417982710726282403e-01,1.248565462464068382e-01,-1.417982711862424694e-01
1.260791686551715751e-01,-1.397624322279147624e-01,1.260791686000641287e-01,-1.397624321635305422e-01,1.260791682964100824e-01,-1.397624320294799105e-01,1.260791682198334485e-01,-1.397624318436108126e-01,1.260791682433855809e-01,-1.397624319390571856e-01,1.260791681455141755e-01,-1.397624318972038315e-01,1.260791680749864252e-01,-1.397624316963969882e-01,1.260791685596857337e-01,-1.397624317663805626e-01,1.260791688627521945e-01,-1.397624316088685870e-01,1.260791685652821459e-01,-1.397624318870058502e-01
1.255999522394006529e-01,-1.367559242766527017e-01,1.255999521775105765e-01,-1.367559243123954715e-01,1.255999521964473176e-01,-1.367559242411071352e-01,1.255999522030281923e-01,-1.367559242182203871e-01,1.255999521753488612e-01,-1.367559242744993686e-01,1.255999521466557300e-01,-1.367559242328825475e-01,1.255999520878974263e-01,-1.367559242198854719e-01,1.255999522139912561e-01,-1.367559242047795831e-01,1.255999522533057244e-01,-1.367559241793203650e-01,1.255999522233710031e-01,-1.367559242336321701e-01
1.244889754282878652e-01,-1.336344561984050272e-01,1.244889754374047530e-01,-1.336344561874934778e-01,1.244889754171994989e-01,-1.336344561960950972e-01,1.244889754129645670e-01,-1.336344561898520356e-01,1.244889754196269877e-01,-1.336344561842142953e-01,1.244889754215369043e-01,-1.336344561947619414e-01,1.244889754317825420e-01,-1.336344561845748680e-01,1.244889754303265955e-01,-1.336344561936094466e-01,1.244889754366841766e-01,-1.336344561866970315e-01,1.244889754267241300e-01,-1.336344561899107108e-01
1.233283626197377580e-01,-1.308368230336213189e-01,1.233283628904394552e-01,-1.308368229284334605e-01,1.233283627898550810e-01,-1.308368231026701689e-01,1.233283626743965078e-01,-1.308368231968106699e-01,1.233283627565829876e-01,-1.308368229289124662e-01,1.233283627394141935e-01,-1.308368228467675920e-01,1.233283627670129640e-01,-1.308368228473477946e-01,1.233283624773814924e-01,-1.308368228803023781e-01,1.233283625066911027e-01,-1.308368231137574389e-01,1.233283626400409755e-01,-1.308368229985932552e-01
1.224435417701168621e-01,-1.285894639603301914e-01,1.224435417880125193e-01,-1.285894639522327243e-01,1.224435417744176718e-01,-1.285894639630927039e-01,1.224435417678571975e-01,-1.285894639632938763e-01,1.224435417726780773e-01,-1.285894639527217498e-01,1.224435417740867144e-01,-1.285894639602861156e-01,1.224435417870002318e-01,-1.285894639497276726e-01,1.224435417701154050e-01,-1.285894639631545988e-01,1.224435417667053688e-01,-1.285894639566824149e-01,1.224435417643893742e-01,-1.285894639521932836e-01
-1.270097149533740144e-01,1.220222925414801152e-01,-1.270097149847537743e-01,1.220222925859174856e-01,-1.270097149768715239e-01,1.220222925637026584e-01,-1.270097149628871269e-01,1.220222925863171659e-01,-1.270097149823988802e-01,1.220222926153439330e-01,-1.270097149985998375e-01,1.220222925757638577e-01,-1.270097150213827242e-01,1.220222925699626509e-01,-1.270097149736966469e-01,1.220222925176798201e-01,-1.270097149416303250e-01,1.220222925173165968e-01,-1.270097149370027767e-01,1.220222925208120091e-01
-1.261599444185632357e-01,1.221785854742326871e-01,-1.261599444297459016e-01,1.221785854897511625e-01,-1.261599444261841119e-01,1.221785854828026791e-01,-1.261599444207292808e-01,1.221785854912899455e-01,-1.261599444282480997e-01,1.221785855027401613e-01,-1.261599444365890943e-01,1.221785854877539823e-01,-1.261599444435086148e-01,1.221785854847877717e-01,-1.261599444243309276e-01,1.221785854662498644e-01,-1.261599444132957271e-01,1.221785854646892933e-01,-1.261599444114930857e-01,1.221785854666897347e-01
