-8.621269768129713462e-01,-8.621269768805850386e-01,-8.621269768234520736e-01,-8.621269768693484714e-01,-8.621269768157053814e-01,-8.621269768901488328e-01,-8.621269768040191739e-01,-8.621269768820755131e-01,-8.621269768275799938e-01,-8.621269768457699989e-01,-8.621269768500594566e-01,-8.621269768586863336e-01,-8.621269768186421434e-01,-8.621269768932691147e-01,-8.621269768196831995e-01,-8.621269768726649296e-01,-8.621269768325734439e-01,-8.621269768682222612e-01,-8.621269768222301622e-01,-8.621269768853139226e-01
-8.491490936157389813e-01,-8.491490936521903787e-01,-8.491490936331625994e-01,-8.491490936493837349e-01,-8.491490936330371442e-01,-8.491490936617162033e-01,-8.491490936225141173e-01,-8.491490936570544878e-01,-8.491490936334696871e-01,-8.491490936309862292e-01,-8.491490936430369230e-01,-8.491490936339193274e-01,-8.491490936161572023e-01,-8.491490936531482792e-01,-8.491490936125243305e-01,-8.491490936383961907e-01,-8.491490936227406028e-01,-8.491490936366271614e-01,-8.491490936182184424e-01,-8.491490936498716779e-01
-8.291386634498056907e-01,-8.291386634516624277e-01,-8.291386634533495226e-01,-8.291386634522385224e-01,-8.291386634546866752e-01,-8.291386634527893040e-01,-8.291386634527057042e-01,-8.291386634510711229e-01,-8.291386634506423547e-01,-8.291386634466739736e-01,-8.291386634496331620e-01,-8.291386634447771575e-01,-8.291386634458792759e-01,-8.291386634469909422e-01,-8.291386634449724458e-01,-8.291386634457793559e-01,-8.291386634464121830e-01,-8.291386634458361993e-01,-8.291386634478342677e-01,-8.291386634504154252e-01
-7.971913970020656492e-01,-7.971913969929075305e-01,-7.971913970105142244e-01,-7.971913969828591240e-01,-7.971913970165168672e-01,-7.971913969828129387e-01,-7.971913970129352878e-01,-7.971913969904425024e-01,-7.971913970114598014e-01,-7.971913969879702577e-01,-7.971913970180258824e-01,-7.971913969891761820e-01,-7.971913970099497870e-01,-7.971913969988275728e-01,-7.971913970068573718e-01,-7.971913969947181933e-01,-7.971913970095800828e-01,-7.971913969959254498e-01,-7.971913970030075625e-01,-7.971913969997258542e-01
-7.453303662472767765e-01,-7.453303663872331564e-01,-7.453303662799461993e-01,-7.453303663619823549e-01,-7.453303662906562987e-01,-7.453303663642014687e-01,-7.453303662803785201e-01,-7.453303663764518916e-01,-7.453303662762595927e-01,-7.453303663707772087e-01,-7.453303662790342621e-01,-7.453303663907272503e-01,-7.453303662367872784e-01,-7.453303664275088281e-01,-7.453303662301011823e-01,-7.453303664076095236e-01,-7.453303662498953486e-01,-7.453303664077381985e-01,-7.453303662362418258e-01,-7.453303664155521702e-01
-6.634722507487139653e-01,-6.634722489654705235e-01,-6.634722496783558299e-01,-6.634722501202237055e-01,-6.634722488204748414e-01,-6.634722504206185256e-01,-6.634722490948957718e-01,-6.634722498258054380e-01,-6.634722496540331749e-01,-6.634722495874105785e-01,-6.634722494815136207e-01,-6.634722499802780948e-01,-6.634722491838334069e-01,-6.634722499403091778e-01,-6.634722496466608499e-01,-6.634722491384588139e-01,-6.634722505128840542e-01,-6.634722484192929759e-01,-6.634722510021623387e-01,-6.634722482396410159e-01
-5.463723479965347796e-01,-5.463723455058422385e-01,-5.463723472293012806e-01,-5.463723489000255062e-01,-5.463723448610944278e-01,-5.463723488137117723e-01,-5.463723457340439182e-01,-5.463723473863093538e-01,-5.463723474026844773e-01,-5.463723478047329829e-01,-5.463723439425061112e-01,-5.463723504061328562e-01,-5.463723462626290939e-01,-5.463723452737780928e-01,-5.463723487165821346e-01,-5.463723471831409828e-01,-5.463723462338446746e-01,-5.463723471291701550e-01,-5.463723473157834354e-01,-5.463723469454118131e-01
-4.021853813027262414e-01,-4.021853809501522159e-01,-4.021853797072546532e-01,-4.021853821039414467e-01,-4.021853809786817280e-01,-4.021853802755172014e-01,-4.021853824045059089e-01,-4.021853793991641557e-01,-4.021853812476289813e-01,-4.021853812855300525e-01,-4.021853820200872454e-01,-4.021853783720478748e-01,-4.021853832570387310e-01,-4.021853795036912649e-01,-4.021853817628376904e-01,-4.021853809078356212e-01,-4.021853804101126473e-01,-4.021853811064614037e-01,-4.021853810971842691e-01,-4.021853804741765126e-01
-2.447483124731433812e-01,-2.447483141158418862e-01,-2.447483114040792662e-01,-2.447483111855488225e-01,-2.447483143832561714e-01,-2.447483101824845519e-01,-2.447483153452770233e-01,-2.447483073381106489e-01,-2.447483132932143923e-01,-2.447483093146363697e-01,-2.447483100728317651e-01,-2.447483153509930343e-01,-2.447483071445796798e-01,-2.447483164572690217e-01,-2.447483108047044664e-01,-2.447483147572205031e-01,-2.447483127914268641e-01,-2.447483097504787874e-01,-2.447483140372995747e-01,-2.447483107976544947e-01
-1.198263856905023433e-01,-1.198263840239366940e-01,-1.198263881860769375e-01,-1.198263859821358246e-01,-1.198263848065117265e-01,-1.198263859347926674e-01,-1.198263851029817417e-01,-1.198263875557472879e-01,-1.198263861310742556e-01,-1.198263854001956619e-01,-1.198263863140700131e-01,-1.198263848418950478e-01,-1.198263862246161382e-01,-1.198263868124877923e-01,-1.198263864393027955e-01,-1.198263846788609199e-01,-1.198263889352611106e-01,-1.198263865366663156e-01,-1.198263838287677852e-01,-1.198263880990984992e-01
-6.301044449615028631e-02,-6.301044589192976442e-02,-6.301044453523288458e-02,-6.301044582927264881e-02,-6.301044445113652970e-02,-6.301044562887130052e-02,-6.301044469740803289e-02,-6.301044579853055938e-02,-6.301044455172771785e-02,-6.301044569502049775e-02,-6.301044442956106606e-02,-6.301044606516582880e-02,-6.301044464901053854e-02,-6.301044608419513471e-02,-6.301044449601411745e-02,-6.301044561580357306e-02,-6.301044459819293841e-02,-6.301044595089888567e-02,-6.301044434352012780e-02,-6.301044581168836756e-02
-3.555761709053439912e-02,-3.555761382295101469e-02,-3.555761775823648718e-02,-3.555761461034663562e-02,-3.555761721462078612e-02,-3.555761599959642028e-02,-3.555761623750677142e-02,-3.555761482248789157e-02,-3.555761747340733386e-02,-3.555761625181350083e-02,-3.555761710847044066e-02,-3.555761420592213479e-02,-3.555761717814089756e-02,-3.555761320139548542e-02,-3.555761829752395603e-02,-3.555761573134665066e-02,-3.555761776488627207e-02,-3.555761455407124155e-02,-3.555761813454412501e-02,-3.555761518814047617e-02
-1.951968952322019613e-02,-1.951970698803358328e-02,-1.951968890011314406e-02,-1.951970754005616718e-02,-1.951968803440807046e-02,-1.951970649241617159e-02,-1.951968951866201590e-02,-1.951970713473228508e-02,-1.951968977407516834e-02,-1.951970836510533852e-02,-1.951968864514741150e-02,-1.951970648583392642e-02,-1.951969146044052472e-02,-1.951970573542986115e-02,-1.951969226127291818e-02,-1.951970876042117761e-02,-1.951968966950128406e-02,-1.951970717955341106e-02,-1.951968913888036533e-02,-1.951970771002107044e-02
-8.364122436013546324e-03,-8.364120606446121681e-03,-8.364122524457008948e-03,-8.364120600715160836e-03,-8.364122449613823479e-03,-8.364120763309916204e-03,-8.364122364953163052e-03,-8.364120681725161627e-03,-8.364122495827444950e-03,-8.364120584979003667e-03,-8.364122475597349574e-03,-8.364120671381888514e-03,-8.364122396840516921e-03,-8.364120690480512238e-03,-8.364122500198819740e-03,-8.364120549935091450e-03,-8.364122515809126190e-03,-8.364120650368183849e-03,-8.364122420890154203e-03,-8.364120711187512588e-03
9.733862666375964635e-04,9.733309024532103663e-04,9.733862600538836134e-04,9.733308934540870882e-04,9.733862797216977572e-04,9.733308792550178674e-04,9.733862928970778150e-04,9.733308865565622192e-04,9.733862587170314350e-04,9.733309027450267421e-04,9.733862713151895203e-04,9.733308948229811271e-04,9.733862752148417143e-04,9.733308901060957162e-04,9.733862585978354407e-04,9.733309084642379795e-04,9.733862589755690924e-04,9.733308933825748476e-04,9.733862719980357694e-04,9.733308829783724999e-04
1.051430043399084399e-02,1.051427692963397345e-02,1.051430041565286182e-02,1.051427690689276176e-02,1.051430042214825805e-02,1.051427678436447910e-02,1.051430053068553444e-02,1.051427690132051423e-02,1.051430033145676034e-02,1.051427707132608462e-02,1.051430044320616694e-02,1.051427678830716035e-02,1.051430054452546538e-02,1.051427689950207300e-02,1.051430029149085996e-02,1.051427708162957185e-02,1.051430033232282277e-02,1.051427696131456563e-02,1.051430050760702659e-02,1.051427686715092694e-02
2.238997320221272624e-02,2.238998966838023560e-02,2.238997420258887275e-02,2.238998841085490521e-02,2.238997611892946243e-02,2.238998902243529918e-02,2.238997041364212959e-02,2.238998846705578250e-02,2.238996973579201674e-02,2.238998785149432999e-02,2.238997139707186307e-02,2.238998896912078318e-02,2.238997363000388985e-02,2.238998767160862297e-02,2.238997290248307195e-02,2.238999125090455206e-02,2.238997107060322275e-02,2.238999054202625225e-02,2.238997265599128317e-02,2.238998847609882659e-02
4.011566577346944995e-02,4.011567246248698426e-02,4.011566801956736178e-02,4.011567114178643534e-02,4.011566924193452066e-02,4.011567135463801892e-02,4.011566631821928547e-02,4.011567214195533443e-02,4.011566326916315983e-02,4.011567479182635149e-02,4.011566398824125551e-02,4.011567225335394005e-02,4.011566817767519416e-02,4.011566997026768527e-02,4.011566601287717970e-02,4.011567582015726496e-02,4.011566496376654106e-02,4.011567387114076816e-02,4.011566458092548360e-02,4.011567192967427364e-02
7.164146265075427289e-02,7.164146383389892458e-02,7.164147273610126099e-02,7.164145901436586028e-02,7.164147713443759502e-02,7.164146225179796046e-02,7.164146829949842588e-02,7.164146967319313941e-02,7.164146263092725786e-02,7.164147965088532577e-02,7.164146567237560104e-02,7.164146972804398550e-02,7.164147153273936475e-02,7.164145851137411480e-02,7.164146738957036242e-02,7.164147358696369705e-02,7.164146367431470375e-02,7.164147020354991180e-02,7.164145813555287956e-02,7.164146931174511512e-02
1.396197017439791688e-01,1.396197123713838195e-01,1.396197030484524759e-01,1.396197100307002836e-01,1.396197036632985666e-01,1.396197090709503097e-01,1.396197064114282349e-01,1.396197087329708597e-01,1.396197051263703970e-01,1.396197054217756806e-01,1.396197107844580620e-01,1.396197019011481966e-01,1.396197136644192482e-01,1.396197024822745381e-01,1.396197159128441667e-01,1.396197001908376645e-01,1.396197094756142509e-01,1.396197068039172484e-01,1.396197047837496874e-01,1.396197111169427407e-01
2.786537130350775771e-01,2.786536260069190085e-01,2.786537059798562810e-01,2.786536374897587431e-01,2.786537030520044866e-01,2.786536461257332342e-01,2.786536817994959003e-01,2.786536652166187733e-01,2.786536553403058947e-01,2.786537058929270394e-01,2.786536216095581442e-01,2.786537363221876507e-01,2.786536126558611381e-01,2.786537180181944962e-01,2.786536370570851240e-01,2.786536858437428377e-01,2.786536770355456105e-01,2.786536443418710651e-01,2.786536998127269738e-01,2.786536333338592297e-01
4.344792278799415319e-01,4.344792726254662618e-01,4.344792125166776486e-01,4.344792323846090043e-01,4.344792589322256648e-01,4.344792340261532937e-01,4.344792654304333035e-01,4.344791897700001071e-01,4.344792783632729360e-01,4.344792250780230014e-01,4.344792563199255109e-01,4.344792059975737253e-01,4.344792732818866243e-01,4.344792356130471878e-01,4.344792393429515731e-01,4.344792112866807110e-01,4.344792604804886826e-01,4.344792538951255945e-01,4.344792175450582494e-01,4.344792382507450257e-01
5.741306903463762046e-01,5.741306898712523754e-01,5.741306955293998815e-01,5.741306904437845082e-01,5.741306933988533645e-01,5.741306916181176945e-01,5.741306921892045390e-01,5.741306962102376010e-01,5.741306826917449424e-01,5.741307040052036070e-01,5.741306844302632717e-01,5.741306934076930713e-01,5.741306933681071811e-01,5.741306953084768239e-01,5.741306860083342789e-01,5.741306992364176853e-01,5.741306847252723999e-01,5.741307029438479370e-01,5.741306800648224851e-01,5.741307007541518459e-01
6.838976931162259465e-01,6.838977251919909905e-01,6.838977052103312193e-01,6.838977002677631978e-01,6.838977265755434853e-01,6.838976992901927288e-01,6.838977079698612682e-01,6.838977204792228148e-01,6.838976956300401033e-01,6.838977291211741916e-01,6.838976758005468337e-01,6.838977641587250522e-01,6.838976427578318251e-01,6.838977791374116766e-01,6.838976465786145154e-01,6.838977646617943051e-01,6.838976669111965778e-01,6.838977395063063902e-01,6.838976924166725313e-01,6.838977253633111708e-01
7.585796997299745215e-01,7.585796964879019111e-01,7.585797062145273051e-01,7.585796861304339167e-01,7.585797132824642075e-01,7.585796887863656135e-01,7.585797019724882517e-01,7.585797012785440163e-01,7.585796942850212554e-01,7.585797054746320489e-01,7.585796879393775782e-01,7.585797169918190308e-01,7.585796737974582760e-01,7.585797277327422927e-01,7.585796712781303075e-01,7.585797212903131470e-01,7.585796838288584309e-01,7.585797061978909461e-01,7.585796970242635329e-01,7.585796982837349489e-01
