-8.896767138528099972e-01,-8.896767138636827443e-01,-8.896767138459937829e-01,-8.896767138523682394e-01,-8.896767138195120772e-01,-8.896767138369181538e-01,-8.896767137957098948e-01,-8.896767138220857962e-01,-8.896767138095591498e-01,-8.896767138192838154e-01,-8.896767138446552980e-01,-8.896767138485190962e-01,-8.896767138538148600e-01,-8.896767138840230293e-01,-8.896767138718922885e-01,-8.896767138976874323e-01,-8.896767138884273951e-01,-8.896767138957472065e-01,-8.896767138757993854e-01,-8.896767138824493992e-01
-8.868376859438460436e-01,-8.868376859570229476e-01,-8.868376859575700655e-01,-8.868376859660027645e-01,-8.868376859586436511e-01,-8.868376859619937491e-01,-8.868376859476143625e-01,-8.868376859552876690e-01,-8.868376859469485618e-01,-8.868376859510809229e-01,-8.868376859518661837e-01,-8.868376859568767312e-01,-8.868376859539219836e-01,-8.868376859622736363e-01,-8.868376859558753100e-01,-8.868376859594920836e-01,-8.868376859544180313e-01,-8.868376859550869407e-01,-8.868376859474947915e-01,-8.868376859502203891e-01
-8.826855883963619087e-01,-8.826855884190872858e-01,-8.826855883962160254e-01,-8.826855884119158002e-01,-8.826855883911504108e-01,-8.826855884257989171e-01,-8.826855883876637554e-01,-8.826855884264315222e-01,-8.826855884117742468e-01,-8.826855884086353132e-01,-8.826855884174978906e-01,-8.826855884076054704e-01,-8.826855883966268079e-01,-8.826855884183479883e-01,-8.826855883915488699e-01,-8.826855884093830484e-01,-8.826855884004537467e-01,-8.826855884121963536e-01,-8.826855884037354549e-01,-8.826855884247876149e-01
-8.763095020322575479e-01,-8.763095022864529904e-01,-8.763095020697362347e-01,-8.763095022460558603e-01,-8.763095020220883491e-01,-8.763095023547980977e-01,-8.763095019617614945e-01,-8.763095023121321159e-01,-8.763095021198928913e-01,-8.763095021537362639e-01,-8.763095022038195347e-01,-8.763095021902549409e-01,-8.763095020661797463e-01,-8.763095023126677985e-01,-8.763095020225032394e-01,-8.763095022529088229e-01,-8.763095021029984055e-01,-8.763095022277893609e-01,-8.763095020880445896e-01,-8.763095023053688593e-01
-8.659153415609018856e-01,-8.659153415737215198e-01,-8.659153415616698268e-01,-8.659153415663796149e-01,-8.659153415523083153e-01,-8.659153415704048395e-01,-8.659153415436725565e-01,-8.659153415676080767e-01,-8.659153415610124638e-01,-8.659153415606263282e-01,-8.659153415712393942e-01,-8.659153415699828438e-01,-8.659153415662250719e-01,-8.659153415850321389e-01,-8.659153415679105015e-01,-8.659153415844271784e-01,-8.659153415748669369e-01,-8.659153415827874900e-01,-8.659153415724549774e-01,-8.659153415811496890e-01
-8.477186165347569968e-01,-8.477186165323058464e-01,-8.477186165393010286e-01,-8.477186165307130095e-01,-8.477186165384069660e-01,-8.477186165344390290e-01,-8.477186165351556779e-01,-8.477186165327081913e-01,-8.477186165397830875e-01,-8.477186165259320560e-01,-8.477186165428833853e-01,-8.477186165282691865e-01,-8.477186165371450866e-01,-8.477186165342063262e-01,-8.477186165353013392e-01,-8.477186165313342903e-01,-8.477186165385760530e-01,-8.477186165294641196e-01,-8.477186165367516235e-01,-8.477186165322742051e-01
-8.133388281731113167e-01,-8.133388281776744444e-01,-8.133388281773697992e-01,-8.133388281702438327e-01,-8.133388281759912353e-01,-8.133388281777720330e-01,-8.133388281732061298e-01,-8.133388281782721885e-01,-8.133388281809180720e-01,-8.133388281666709130e-01,-8.133388281855098434e-01,-8.133388281693898492e-01,-8.133388281716181778e-01,-8.133388281825258970e-01,-8.133388281690629995e-01,-8.133388281756017690e-01,-8.133388281737559122e-01,-8.133388281724780455e-01,-8.133388281753626270e-01,-8.133388281831510636e-01
-7.450594894317166261e-01,-7.450594892687354420e-01,-7.450594894398171464e-01,-7.450594894259887635e-01,-7.450594891750291771e-01,-7.450594896541014034e-01,-7.450594891266094644e-01,-7.450594894788783451e-01,-7.450594894230926357e-01,-7.450594892574849970e-01,-7.450594894224882303e-01,-7.450594894598754347e-01,-7.450594891829986910e-01,-7.450594895683103625e-01,-7.450594892483253240e-01,-7.450594894202940965e-01,-7.450594893524509210e-01,-7.450594894108181210e-01,-7.450594893224667947e-01,-7.450594893863473622e-01
-6.165961434830835586e-01,-6.165961425484159930e-01,-6.165961429406799921e-01,-6.165961423793032692e-01,-6.165961443916335716e-01,-6.165961407902429414e-01,-6.165961446095712395e-01,-6.165961417006530221e-01,-6.165961439877314376e-01,-6.165961415056431250e-01,-6.165961441445242386e-01,-6.165961422253960489e-01,-6.165961427618180668e-01,-6.165961434527411633e-01,-6.165961423780524919e-01,-6.165961427207430345e-01,-6.165961438541247563e-01,-6.165961414684323350e-01,-6.165961440968472651e-01,-6.165961420312040531e-01
-4.181156547583469441e-01,-4.181156553485214644e-01,-4.181156534474446129e-01,-4.181156547438322768e-01,-4.181156568030440779e-01,-4.181156535980690148e-01,-4.181156559465638578e-01,-4.181156531730845227e-01,-4.181156558539836920e-01,-4.181156547829968373e-01,-4.181156555598116720e-01,-4.181156543027351180e-01,-4.181156556999795493e-01,-4.181156542151472921e-01,-4.181156547555416880e-01,-4.181156530511060954e-01,-4.181156558852754390e-01,-4.181156536411982372e-01,-4.181156552554985417e-01,-4.181156548269727713e-01
-1.716669734960024063e-01,-1.716669715899314941e-01,-1.716669743247452584e-01,-1.716669718099632647e-01,-1.716669732175100660e-01,-1.716669720187632697e-01,-1.716669736277958713e-01,-1.716669719320698673e-01,-1.716669735641035421e-01,-1.716669722612921833e-01,-1.716669726745854441e-01,-1.716669729543610357e-01,-1.716669704451537770e-01,-1.716669746006508346e-01,-1.716669704989546852e-01,-1.716669741436282759e-01,-1.716669722550217547e-01,-1.716669723617454679e-01,-1.716669725671204072e-01,-1.716669712820426408e-01
-6.889556920827191733e-02,-6.889554175729148411e-02,-6.889556842841171314e-02,-6.889554114068735524e-02,-6.889556753418943358e-02,-6.889554039883485914e-02,-6.889556851516873137e-02,-6.889554118959304030e-02,-6.889556809561946105e-02,-6.889554103685781306e-02,-6.889556819657101372e-02,-6.889554158463945255e-02,-6.889557029200808758e-02,-6.889554136411707441e-02,-6.889556921792550082e-02,-6.889554123891919457e-02,-6.889556800225238309e-02,-6.889554090044498758e-02,-6.889556868188299876e-02,-6.889554145523148210e-02
-1.355761084632560454e-01,6.439581791843185243e-02,-1.355761086196761722e-01,6.439581734251278999e-02,-1.355761089921701246e-01,6.439581740147079514e-02,-1.355761080164359089e-01,6.439581802188545923e-02,-1.355761077247754354e-01,6.439581822255457944e-02,-1.355761077232349732e-01,6.439581673911748405e-02,-1.355761073734764732e-01,6.439581668895257016e-02,-1.355761080624111603e-01,6.439581760250374931e-02,-1.355761086306227492e-01,6.439581806362291994e-02,-1.355761085438738633e-01,6.439581798510995991e-02
6.698128432636865637e-02,-1.092731122162880347e-01,6.698128439458822525e-02,-1.092731128989510581e-01,6.698128330965592847e-02,-1.092731129911660715e-01,6.698128366239691767e-02,-1.092731121914036208e-01,6.698128424708600648e-02,-1.092731123171263724e-01,6.698128441335808592e-02,-1.092731124076130461e-01,6.698128461644338449e-02,-1.092731124954344490e-01,6.698128466060172814e-02,-1.092731126370712486e-01,6.698128414757713311e-02,-1.092731122027554291e-01,6.698128352711547884e-02,-1.092731119140523677e-01
1.299437351286105435e-01,-1.572851940318622799e-01,1.299437351587313105e-01,-1.572851942167750872e-01,1.299437346885208844e-01,-1.572851942756137988e-01,1.299437347633671525e-01,-1.572851939887689732e-01,1.299437349623368820e-01,-1.572851940213592647e-01,1.299437350146551984e-01,-1.572851939855741121e-01,1.299437350951166137e-01,-1.572851939668588328e-01,1.299437352345295671e-01,-1.572851940789588565e-01,1.299437351243211414e-01,-1.572851939118780351e-01,1.299437348271272885e-01,-1.572851938632596758e-01
1.508195574138442852e-01,-1.694169411307268613e-01,1.508195574223130386e-01,-1.694169411877223252e-01,1.508195571816008940e-01,-1.694169412213469283e-01,1.508195572084262970e-01,-1.694169410947517218e-01,1.508195572920374428e-01,-1.694169410987562963e-01,1.508195573089285979e-01,-1.694169410784426011e-01,1.508195573642423515e-01,-1.694169410451442093e-01,1.508195574588017673e-01,-1.694169411120791391e-01,1.508195574320023991e-01,-1.694169410286180955e-01,1.508195572775243298e-01,-1.694169410337069692e-01
1.580027638133046919e-01,-1.709883183535389206e-01,1.580027637344864899e-01,-1.709883183935245188e-01,1.580027636480906550e-01,-1.709883183414613039e-01,1.580027635414758547e-01,-1.709883182087029163e-01,1.580027635842982392e-01,-1.709883182629173271e-01,1.580027636137104341e-01,-1.709883180863357721e-01,1.580027633759355787e-01,-1.709883182235199806e-01,1.580027635736559466e-01,-1.709883181458201895e-01,1.580027637810161034e-01,-1.709883182740075391e-01,1.580027637875302260e-01,-1.709883182290489745e-01
-1.702283734116483149e-01,1.611326698418040493e-01,-1.702283735368360085e-01,1.611326700798647593e-01,-1.702283735021709321e-01,1.611326699633890691e-01,-1.702283734474873966e-01,1.611326701136477635e-01,-1.702283735304382928e-01,1.611326703261321269e-01,-1.702283736571360007e-01,1.611326700834616321e-01,-1.702283737588626278e-01,1.611326700651875832e-01,-1.702283734730731801e-01,1.611326698150716275e-01,-1.702283733201699345e-01,1.611326697250213269e-01,-1.702283732935416238e-01,1.611326697427281351e-01
-1.701433531387543108e-01,1.639387897147522311e-01,-1.701433531536752919e-01,1.639387897263329397e-01,-1.701433531609617689e-01,1.639387897146289963e-01,-1.701433531294017920e-01,1.639387897436921093e-01,-1.701433531530457399e-01,1.639387897546301653e-01,-1.701433531790489950e-01,1.639387897386630488e-01,-1.701433531829039392e-01,1.639387897214848178e-01,-1.701433531476194694e-01,1.639387896932638922e-01,-1.701433531193433657e-01,1.639387896914949461e-01,-1.701433531236249685e-01,1.639387896905765973e-01
1.680644303509211401e-01,-1.719679175770415513e-01,1.680644303499188585e-01,-1.719679175793972781e-01,1.680644303481158841e-01,-1.719679175777455160e-01,1.680644303476351575e-01,-1.719679175753857925e-01,1.680644303472715317e-01,-1.719679175771365864e-01,1.680644303477541457e-01,-1.719679175761097967e-01,1.680644303442477838e-01,-1.719679175748138056e-01,1.680644303463752764e-01,-1.719679175766165302e-01,1.680644303485613333e-01,-1.719679175778750790e-01,1.680644303504314208e-01,-1.719679175774605218e-01
-1.763270465406653886e-01,1.743893483313621873e-01,-1.763270465405129273e-01,1.743893483296164448e-01,-1.763270465406674148e-01,1.743893483306257763e-01,-1.763270465395114228e-01,1.743893483308344705e-01,-1.763270465402317633e-01,1.743893483301287850e-01,-1.763270465415409105e-01,1.743893483314204462e-01,-1.763270465404473408e-01,1.743893483300080482e-01,-1.763270465396310771e-01,1.743893483309990056e-01,-1.763270465403751208e-01,1.743893483306221681e-01,-1.763270465401082510e-01,1.743893483309031378e-01
1.835525120151661749e-01,-1.836809055854138062e-01,1.835525120123147613e-01,-1.836809055856056527e-01,1.835525120144259059e-01,-1.836809055850952832e-01,1.835525120147483980e-01,-1.836809055889531417e-01,1.835525120133128796e-01,-1.836809055882196173e-01,1.835525120135489685e-01,-1.836809055871574392e-01,1.835525120116439646e-01,-1.836809055869036700e-01,1.835525120123489284e-01,-1.836809055867133778e-01,1.835525120108642549e-01,-1.836809055850220362e-01,1.835525120139606392e-01,-1.836809055896743426e-01
-1.945243194782905471e-01,1.961950908424664186e-01,-1.945243194778377427e-01,1.961950908430614982e-01,-1.945243194770976403e-01,1.961950908430333540e-01,-1.945243194787005803e-01,1.961950908434698104e-01,-1.945243194780435503e-01,1.961950908440638075e-01,-1.945243194784347929e-01,1.961950908432212315e-01,-1.945243194782910745e-01,1.961950908432591456e-01,-1.945243194776812290e-01,1.961950908434364760e-01,-1.945243194782418361e-01,1.961950908431183971e-01,-1.945243194786532015e-01,1.961950908434259844e-01
-2.095018971812472042e-01,2.131060030623334323e-01,-2.095018971811175301e-01,2.131060030650645254e-01,-2.095018971776189953e-01,2.131060030635376079e-01,-2.095018971837379895e-01,2.131060030662356441e-01,-2.095018971830959753e-01,2.131060030702318642e-01,-2.095018971807085240e-01,2.131060030668164573e-01,-2.095018971770932492e-01,2.131060030687056406e-01,-2.095018971771634431e-01,2.131060030698388730e-01,-2.095018971825603760e-01,2.131060030670417771e-01,-2.095018971837151467e-01,2.131060030668978367e-01
2.353426294531548446e-01,-2.294991086337556663e-01,2.353426294736404856e-01,-2.294991086097646071e-01,2.353426294553693787e-01,-2.294991085892111038e-01,2.353426294820667730e-01,-2.294991086125595936e-01,2.353426294630002469e-01,-2.294991086044572137e-01,2.353426294785170014e-01,-2.294991086232075761e-01,2.353426294800091134e-01,-2.294991086273766856e-01,2.353426294499086635e-01,-2.294991085872314929e-01,2.353426294696662757e-01,-2.294991086329114249e-01,2.353426294477576897e-01,-2.294991086094025357e-01
