-8.926712388463324821e-01,-9.455287978523283510e-01,-9.770897105351302736e-01,-9.752987810188626927e-01,-9.408400834528534151e-01,-8.868756691387283952e-01,-8.340181101400890862e-01,-8.024571974100782601e-01,-8.042481269501766672e-01,-8.387068244970287134e-01,-8.926712388467653581e-01,-9.455287978442772356e-01,-9.770897105298783636e-01,-9.752987810417027559e-01,-9.408400834988510653e-01,-8.868756691941324100e-01,-8.340181101579084988e-01,-8.024571974661461882e-01,-8.042481270035408691e-01,-8.387068245376904096e-01
-9.033181981854971898e-01,-9.529273781483404981e-01,-9.773446353896431127e-01,-9.672434075685789612e-01,-9.264820203719115188e-01,-8.706299383005827730e-01,-8.210207583389936836e-01,-7.966035010973765429e-01,-8.067047289162827539e-01,-8.474661161085959016e-01,-9.033181981899930379e-01,-9.529273781462115345e-01,-9.773446353871110270e-01,-9.672434075584184221e-01,-9.264820203629801076e-01,-8.706299382737489045e-01,-8.210207583146182930e-01,-7.966035010698057084e-01,-8.067047289017045264e-01,-8.474661160931732384e-01
-9.179890623820075035e-01,-9.614800652469277509e-01,-9.749514285482170362e-01,-9.532575494143440409e-01,-9.046847523019712067e-01,-8.477861948088756261e-01,-8.042951919746723632e-01,-7.908238286271134232e-01,-8.125177077635483691e-01,-8.610905048621695368e-01,-9.179890623997923882e-01,-9.614800652370734113e-01,-9.749514285301827954e-01,-9.532575494280044470e-01,-9.046847523294181403e-01,-8.477861948346273602e-01,-8.042951919479479628e-01,-7.908238286515628657e-01,-8.125177077972963735e-01,-8.610905048842205645e-01
-9.375209827717652100e-01,-9.685686641753250559e-01,-9.644982519860079151e-01,-9.268645053623283392e-01,-8.700422363371513867e-01,-8.157356204121984922e-01,-7.846879390283042488e-01,-7.887583511937620306e-01,-8.263920978317373933e-01,-8.832143668357428368e-01,-9.375209827856975098e-01,-9.685686641648182382e-01,-9.644982519894682582e-01,-9.268645053565425229e-01,-8.700422363508184542e-01,-8.157356204152810264e-01,-7.846879390155744316e-01,-7.887583511924540769e-01,-8.263920978395213890e-01,-8.832143668397762770e-01
-9.552124227924435607e-01,-9.603120112198426650e-01,-9.295635809128151017e-01,-8.747119872193883650e-01,-8.167086745104764622e-01,-7.777089368806422431e-01,-7.726093484991172211e-01,-8.033577787554792016e-01,-8.582093724794430667e-01,-9.162126851300786967e-01,-9.552124228405298734e-01,-9.603120111894793975e-01,-9.295635809289587437e-01,-8.747119872266624352e-01,-8.167086745684626337e-01,-7.777089369292662369e-01,-7.726093484980176562e-01,-8.033577787960405336e-01,-8.582093725164006148e-01,-9.162126851800256322e-01
-9.290174033216180849e-01,-8.936721705105403757e-01,-8.411687504223220868e-01,-7.915616650846930558e-01,-7.637991348858090834e-01,-7.684855029317453345e-01,-8.038307357059160108e-01,-8.563341558105486140e-01,-9.059412411743691385e-01,-9.337037712914457721e-01,-9.290174033655453911e-01,-8.936721704654642107e-01,-8.411687504650201541e-01,-7.915616650337276017e-01,-7.637991349393549179e-01,-7.684855028862613846e-01,-8.038307357375373829e-01,-8.563341557863859421e-01,-9.059412411724390157e-01,-9.337037713176179476e-01
-8.180804132570547171e-01,-7.693414582385016409e-01,-7.382494333391602659e-01,-7.366804352453885096e-01,-7.652337679029418416e-01,-8.130030287744809403e-01,-8.617419837377114922e-01,-8.928340086833910227e-01,-8.944030067495646330e-01,-8.658496741007151165e-01,-8.180804132419413621e-01,-7.693414582579267691e-01,-7.382494333429374667e-01,-7.366804352472791084e-01,-7.652337679298287787e-01,-8.130030287579290693e-01,-8.617419837709183739e-01,-8.928340086604802384e-01,-8.944030067759819458e-01,-8.658496740757870569e-01
-7.018233287636387319e-01,-6.713415249794458806e-01,-6.710083749762569827e-01,-7.009511302723485660e-01,-7.497326760592264439e-01,-7.987201204627479845e-01,-8.292019237602257231e-01,-8.295350740728600902e-01,-7.995923187824056644e-01,-7.508107726895040246e-01,-7.018233287361292927e-01,-6.713415250478629304e-01,-6.710083749451157820e-01,-7.009511301966403485e-01,-7.497326762275526857e-01,-7.987201202992350035e-01,-8.292019238256145286e-01,-8.295350741127418548e-01,-7.995923187045664848e-01,-7.508107727316459812e-01
-6.792594660309413390e-01,-7.009091453055921184e-01,-6.951421617266209108e-01,-6.641613064273980127e-01,-6.198002174619559046e-01,-5.790033155030713807e-01,-5.573536403581605958e-01,-5.631206207064191060e-01,-5.941014777442953365e-01,-6.384625666673703348e-01,-6.792594671995165756e-01,-7.009091451945826945e-01,-6.951421608195100799e-01,-6.641613082995598827e-01,-6.198002149063088773e-01,-5.790033184815377432e-01,-5.573536370246297000e-01,-5.631206239519799261e-01,-5.941014750562689795e-01,-6.384625687043424813e-01
-4.245042518221086580e-01,-3.945890354763598173e-01,-3.854942612933037749e-01,-4.006938448700758104e-01,-4.343820396682498419e-01,-4.736911208262883921e-01,-5.036063424169884284e-01,-5.127011105862852025e-01,-4.975015332136059065e-01,-4.638133307085520740e-01,-4.245042578134713418e-01,-3.945890267824913034e-01,-3.854942703324441555e-01,-4.006938361592162767e-01,-4.343820471215703583e-01,-4.736911172697103600e-01,-5.036063431892398023e-01,-5.127011096170011051e-01,-4.975015320542297004e-01,-4.638133342455305619e-01
-2.636792359069871639e-01,-2.636792522311499631e-01,-2.636792369138803993e-01,-2.636792497327809515e-01,-2.636792366904096574e-01,-2.636792449699273400e-01,-2.636792343223696156e-01,-2.636792513405348259e-01,-2.636792396103992964e-01,-2.636792555498275181e-01,-2.636792368805419562e-01,-2.636792482463944376e-01,-2.636792361573483956e-01,-2.636792485289078392e-01,-2.636792354734771582e-01,-2.636792536993526337e-01,-2.636792381097446958e-01,-2.636792510990907945e-01,-2.636792383458164690e-01,-2.636792491912701708e-01
-1.795448772471403831e-01,-1.795448856588565678e-01,-1.795448768639257842e-01,-1.795448877803660359e-01,-1.795448808129418428e-01,-1.795448850761334758e-01,-1.795448781063936350e-01,-1.795448856354187050e-01,-1.795448879741319836e-01,-1.795448846153211986e-01,-1.795448795931254837e-01,-1.795448776542811486e-01,-1.795448931339167220e-01,-1.795448743356035104e-01,-1.795448831394140243e-01,-1.795448800751014151e-01,-1.795448888341391880e-01,-1.795448790901826852e-01,-1.795448870432007349e-01,-1.795448853437726922e-01
-1.418507663760001369e-01,-1.418507808207712939e-01,-1.418507526943563746e-01,-1.418507883749861032e-01,-1.418507494656714440e-01,-1.418508011643110633e-01,-1.418507655470053475e-01,-1.418507886570651022e-01,-1.418507769057050227e-01,-1.418507807187446845e-01,-1.418507812457403539e-01,-1.418507603829915475e-01,-1.418507889585964299e-01,-1.418507414822150481e-01,-1.418508104910687628e-01,-1.418507385048931591e-01,-1.418508023878043423e-01,-1.418507718653682359e-01,-1.418507853643422023e-01,-1.418507845315644389e-01
-1.245938756269600323e-01,-1.245938821882632275e-01,-1.245938365576805262e-01,-1.245938857582720438e-01,-1.245938381298540565e-01,-1.245939174873597205e-01,-1.245938611637213422e-01,-1.245938991281480557e-01,-1.245938725691933952e-01,-1.245938948611110958e-01,-1.245938852980004591e-01,-1.245938488949760309e-01,-1.245939141666094485e-01,-1.245937974078253907e-01,-1.245939521279426088e-01,-1.245937993312729447e-01,-1.245939343914531094e-01,-1.245938598400351122e-01,-1.245939129303265391e-01,-1.245938791354836150e-01
-1.152987589120597484e-01,-1.152987319735256505e-01,-1.152986911880214960e-01,-1.152987282730735252e-01,-1.152986998704802202e-01,-1.152987740702553499e-01,-1.152987297577143244e-01,-1.152987710927875775e-01,-1.152987280791202412e-01,-1.152987622323796979e-01,-1.152987659381289609e-01,-1.152986859767413247e-01,-1.152988042717705691e-01,-1.152986212080640005e-01,-1.152988494792695356e-01,-1.152986126513269594e-01,-1.152988407040718560e-01,-1.152986915081312957e-01,-1.152988064301605498e-01,-1.152987387203504577e-01
-1.095743566582369211e-01,-1.095743321510241064e-01,-1.095742979761394204e-01,-1.095743227156351363e-01,-1.095743023960061985e-01,-1.095743623367541747e-01,-1.095743255006933342e-01,-1.095743575511673867e-01,-1.095743281097103367e-01,-1.095743602988215187e-01,-1.095743542417069311e-01,-1.095742950240210789e-01,-1.095743945365148658e-01,-1.095742247220257704e-01,-1.095744330540502492e-01,-1.095742265048144093e-01,-1.095744205413628214e-01,-1.095742928498422281e-01,-1.095744027233230833e-01,-1.095743252077916452e-01
-1.055850017278472247e-01,-1.055849408261413519e-01,-1.055849271157586755e-01,-1.055849311601019663e-01,-1.055849355078817553e-01,-1.055849640994219046e-01,-1.055849608575672033e-01,-1.055849916177835773e-01,-1.055849465663216830e-01,-1.055849759986752928e-01,-1.055850048177307959e-01,-1.055849003981666062e-01,-1.055850263977603093e-01,-1.055848535366057106e-01,-1.055850584933837599e-01,-1.055848266910523053e-01,-1.055850705453317689e-01,-1.055848963616466546e-01,-1.055850332108137779e-01,-1.055849608713104459e-01
-1.024195763375860685e-01,-1.024195173875716292e-01,-1.024195004550360055e-01,-1.024194921510362954e-01,-1.024194999568151243e-01,-1.024195350051931713e-01,-1.024195277458501835e-01,-1.024195492129738178e-01,-1.024195285869038824e-01,-1.024195568559844033e-01,-1.024195676752876066e-01,-1.024194774172322575e-01,-1.024196077526819959e-01,-1.024193923244025445e-01,-1.024196488546754991e-01,-1.024193828398850536e-01,-1.024196436507469610e-01,-1.024194628913310395e-01,-1.024196253687286867e-01,-1.024195176449049643e-01
-9.951843844649166382e-02,-9.951837444849878644e-02,-9.951836532848426509e-02,-9.951835113949890343e-02,-9.951836004680014724e-02,-9.951838776185695234e-02,-9.951838645479331447e-02,-9.951840165796725646e-02,-9.951838965441801854e-02,-9.951841425425585197e-02,-9.951842367102960163e-02,-9.951834420752325716e-02,-9.951846030530669962e-02,-9.951826337675612200e-02,-9.951849878797763838e-02,-9.951824504086587142e-02,-9.951849400544811319e-02,-9.951832391441278736e-02,-9.951847692103996113e-02,-9.951837770090080082e-02
-9.641431806915533309e-02,-9.641426622061159690e-02,-9.641426255719434679e-02,-9.641424773890264199e-02,-9.641424597312403533e-02,-9.641427858524771743e-02,-9.641427027369683933e-02,-9.641427359193430191e-02,-9.641428436806276370e-02,-9.641430426271963006e-02,-9.641429208985000110e-02,-9.641425454010744966e-02,-9.641433481750125156e-02,-9.641416203143596264e-02,-9.641437518734646828e-02,-9.641415630756521027e-02,-9.641435582612895017e-02,-9.641422745512787107e-02,-9.641435129837644391e-02,-9.641425928068533824e-02
-9.254759198466717962e-02,-9.254746585571564654e-02,-9.254751684345033369e-02,-9.254743339067787733e-02,-9.254748021609437991e-02,-9.254746466493442292e-02,-9.254751575649357298e-02,-9.254748003212721896e-02,-9.254752591381243398e-02,-9.254751921879068866e-02,-9.254755935824586499e-02,-9.254747069730384634e-02,-9.254759413605520568e-02,-9.254734388920474175e-02,-9.254764963669208366e-02,-9.254731358338572078e-02,-9.254762818066465668e-02,-9.254740988421632231e-02,-9.254761748105785890e-02,-9.254748284132932601e-02
-8.702701421742628507e-02,-8.702689786745915201e-02,-8.702697710914641949e-02,-8.702688598707490619e-02,-8.702692246711009327e-02,-8.702690049104838677e-02,-8.702695871002542882e-02,-8.702688187114716867e-02,-8.702697301574624511e-02,-8.702694931267486445e-02,-8.702696079613846114e-02,-8.702693814677865680e-02,-8.702701536022357243e-02,-8.702679060976802050e-02,-8.702708791098690000e-02,-8.702678682109404873e-02,-8.702703301230013677e-02,-8.702686139999518677e-02,-8.702703226639646461e-02,-8.702689606230668007e-02
-7.820043389851463744e-02,-7.820030784642209576e-02,-7.820045030153346954e-02,-7.820032613884636552e-02,-7.820038242566318409e-02,-7.820032456636326346e-02,-7.820041601212557314e-02,-7.820025915204253941e-02,-7.820042058096697557e-02,-7.820036203325800295e-02,-7.820035893862040122e-02,-7.820039091372070483e-02,-7.820044404213517819e-02,-7.820021946781921529e-02,-7.820054961518939363e-02,-7.820024975006978352e-02,-7.820045562171272502e-02,-7.820029700016090102e-02,-7.820044716717958200e-02,-7.820028366955567023e-02
-6.295724980011617455e-02,-6.295716741896872914e-02,-6.295731137089119467e-02,-6.295721185242832141e-02,-6.295723717311806078e-02,-6.295717600401747049e-02,-6.295726475803814504e-02,-6.295709591287362850e-02,-6.295729961043589062e-02,-6.295722857299576591e-02,-6.295718454547333254e-02,-6.295724615274606029e-02,-6.295726601901688313e-02,-6.295710481462075958e-02,-6.295734221158347244e-02,-6.295717106681858466e-02,-6.295727387839374078e-02,-6.295720420152732533e-02,-6.295724785870146500e-02,-6.295713099605357299e-02
-3.676809597399986751e-02,-3.676810858828596235e-02,-3.676816189211552788e-02,-3.676812131332847511e-02,-3.676809482421972142e-02,-3.676808851728954886e-02,-3.676810764589052982e-02,-3.676806747410696352e-02,-3.676813323245887999e-02,-3.676812745679886030e-02,-3.676809843577630299e-02,-3.676812569181511087e-02,-3.676810512866760666e-02,-3.676807914104111841e-02,-3.676812821386797603e-02,-3.676811592228090148e-02,-3.676813848383635869e-02,-3.676811203115778331e-02,-3.676807281599087096e-02,-3.676808690909090516e-02
