-7.654015571620601532e-01,-7.923226337475478553e-01,-8.790147684949063400e-01,-9.469258987569078023e-01,-9.345214992338415350e-01,-8.530412420334596568e-01,-7.763146883514681074e-01,-7.738640511236317687e-01,-8.479098617740965516e-01,-9.313589385027869483e-01,-9.485977654711026386e-01,-8.840061780739767450e-01,-7.961108515820944920e-01,-7.645540651145743549e-01,-8.179295391356813383e-01,-9.078735600226967017e-01,-9.528875191033299163e-01,-9.121841022476736560e-01,-8.226448254045853892e-01
-7.708408414826320998e-01,-7.809590981044479685e-01,-8.500968455881833252e-01,-9.156081162265770068e-01,-9.181329064022991648e-01,-8.553834944068563484e-01,-7.842173536340294460e-01,-7.691183863499222451e-01,-8.237678224833682172e-01,-8.986476066126025675e-01,-9.259088904809749110e-01,-8.808501244006968767e-01,-8.042992222586554663e-01,-7.656192385129121369e-01,-7.998582488775256572e-01,-8.759921600118626417e-01,-9.250357544906893104e-01,-9.025504507400474719e-01,-8.289102653279192268e-01
-7.964619828537052859e-01,-7.868685612326795642e-01,-8.141061537998586228e-01,-8.534946775777866312e-01,-8.693440461051054058e-01,-8.472930881348601506e-01,-8.073222579672818533e-01,-7.856492719898737764e-01,-8.019121027025901682e-01,-8.413749392483592660e-01,-8.682803600613848705e-01,-8.582492642581223130e-01,-8.203708646568241836e-01,-7.889669187162260400e-01,-7.924926574796724577e-01,-8.277533961407330665e-01,-8.627992494350669173e-01,-8.658750406257852417e-01,-8.341937840047657371e-01
-8.388925056993814522e-01,-8.336341125460693391e-01,-7.963616494653278366e-01,-7.608478327707390854e-01,-7.592718626249815861e-01,-7.930617310925345276e-01,-8.316003144093546684e-01,-8.399676595958314174e-01,-8.105820849910332360e-01,-7.700699675720630299e-01,-7.551394862767855098e-01,-7.793192054015571912e-01,-8.206997919552976306e-01,-8.417861445785450591e-01,-8.234718408841700255e-01,-7.823515394521278754e-01,-7.556844965475624232e-01,-7.676338180034520953e-01,-8.073721799420428002e-01
-8.043980791314027101e-01,-8.436190921248795105e-01,-7.995594584047582831e-01,-7.121417741100914967e-01,-6.605755253891407719e-01,-6.915850797235676417e-01,-7.770725661971567000e-01,-8.395774579060525378e-01,-8.224638425651351614e-01,-7.412384300182578434e-01,-6.694998655579855740e-01,-6.722507270944995117e-01,-7.469984484792582258e-01,-8.260138442974283013e-01,-8.377007731270353919e-01,-7.714696658289628139e-01,-6.873327727030583700e-01,-6.615268423562701283e-01,-7.174347237065500371e-01
-6.021233603868465512e-01,-5.981434658376394431e-01,-6.025578877415865842e-01,-6.148882657602352531e-01,-6.337984127117882727e-01,-6.572391289434170725e-01,-6.826702131576634081e-01,-7.073358652644130551e-01,-7.285631340345575246e-01,-7.440517370125560026e-01,-7.521232530438175523e-01,-7.519029728383099798e-01,-7.434148106168352310e-01,-7.275785602969306876e-01,-7.061103272122014607e-01,-6.813365507054631731e-01,-6.559418302310612292e-01,-6.326780839989567529e-01,-6.140662986341562934e-01
-6.333659043720465398e-01,-6.410014281487678156e-01,-6.407952251473008065e-01,-6.327696541895991844e-01,-6.177944002125368428e-01,-5.974922713184953604e-01,-5.740633131311840831e-01,-5.500464223066158231e-01,-5.280441940957084634e-01,-5.104409191646748223e-01,-4.991441818513318029e-01,-4.953781558216181491e-01,-4.995509552796199571e-01,-5.112103890432757591e-01,-5.290929709541661863e-01,-5.512608581762449278e-01,-5.753118078427649218e-01,-5.986395221443938652e-01,-6.187160975322982814e-01
-4.716592825424621438e-01,-4.849080171007466022e-01,-4.925431975053146116e-01,-4.937374330214381324e-01,-4.883613039470754980e-01,-4.769974089106013282e-01,-4.608771859318868125e-01,-4.417475329818734697e-01,-4.216814071514110029e-01,-4.028533482583368519e-01,-3.873035821075967999e-01,-3.767172663262083887e-01,-3.722414905584779943e-01,-3.743613668093910274e-01,-3.828470955016110011e-01,-3.967791907983127531e-01,-4.146478173645823384e-01,-4.345167050441398060e-01,-4.542326841517391189e-01
-3.096916617870254518e-01,-2.990566707464268337e-01,-2.871061513153315148e-01,-2.751351527001627550e-01,-2.644409035583009659e-01,-2.561823045286332756e-01,-2.512542856977276751e-01,-2.501908938387314985e-01,-2.531073472236468613e-01,-2.596876165021086980e-01,-2.692186175281633953e-01,-2.806675252962144151e-01,-2.927936639864219814e-01,-3.042829876135726419e-01,-3.138904503028674409e-01,-3.205749162123415208e-01,-3.236120513777454022e-01,-3.226727040444825612e-01,-3.178586910733425253e-01
-1.623209140828584252e-01,-1.799914586918475445e-01,-1.975208467955441027e-01,-2.130096497947646383e-01,-2.247792305317370953e-01,-2.315543270256116282e-01,-2.326006857195837552e-01,-2.278048712948210208e-01,-2.176867235388742494e-01,-2.033425222870169358e-01,-1.863268408420585831e-01,-1.684835009454275778e-01,-1.517461216491227116e-01,-1.379284992412219690e-01,-1.285279147446956038e-01,-1.245631515922477894e-01,-1.264637639439122330e-01,-1.340238852499774369e-01,-1.464241687776033918e-01
-1.586789570976513408e-01,-1.273509824396023560e-01,-9.244830198108180963e-02,-6.869003879504485821e-02,-6.609550315242358753e-02,-8.575885967254763542e-02,-1.193876987112342525e-01,-1.528000995949335972e-01,-1.719054186704563336e-01,-1.686465809211892264e-01,-1.443978997341842929e-01,-1.093855038849572692e-01,-7.837478551412083161e-02,-6.444355388785649730e-02,-7.346687264951802521e-02,-1.016394381091098031e-01,-1.370803434464057946e-01,-1.648434873175956272e-01,-1.732206241573685246e-01
-1.260836144702286443e-01,-9.341180607958793347e-02,-6.049795188075358932e-02,-4.122244538645626621e-02,-4.371413630151706198e-02,-6.692222915145687456e-02,-1.010594329704515293e-01,-1.317294392412229620e-01,-1.459981242580287164e-01,-1.378481131051278452e-01,-1.107164193672252189e-01,-7.604499546875519156e-02,-4.845543603679206002e-02,-3.958278384330095323e-02,-5.316880411112253485e-02,-8.348401470922195422e-02,-1.177439150411213886e-01,-1.415004562673563004e-01,-1.447350515935561799e-01
-1.040505827091243729e-01,-7.136576233990293838e-02,-4.113383300193255987e-02,-2.610417212983341673e-02,-3.261507367307930894e-02,-5.792076657100408976e-02,-9.134936015793737596e-02,-1.188033815909144142e-01,-1.287049489650112788e-01,-1.168783837205058518e-01,-8.831117224538614918e-02,-5.505065031202839576e-02,-3.112341115476822961e-02,-2.662002579695162130e-02,-4.343965723473824925e-02,-7.448914758714318685e-02,-1.066743374938398242e-01,-1.264221216959767191e-01,-1.254044839721264459e-01
-8.781911811026361925e-02,-5.610101132919255440e-02,-2.877232001905817571e-02,-1.735807194300431622e-02,-2.667187225852002408e-02,-5.278591451625533337e-02,-8.468741146968640499e-02,-1.089228963180387671e-01,-1.152718050269462696e-01,-1.010566823717185120e-01,-7.227231529021506395e-02,-4.105761779585857807e-02,-2.057642032351772454e-02,-1.946603256133974669e-02,-3.819472613499649838e-02,-6.886425546279023591e-02,-9.854069790608840917e-02,-1.147089344038099146e-01,-1.105505125870131361e-01
-7.446084263879848564e-02,-4.455966311124760770e-02,-2.035776211416637227e-02,-1.206154068761013110e-02,-2.316967287558883981e-02,-4.899764849639759445e-02,-7.865331999332468571e-02,-9.963032777420798014e-02,-1.030822694983163923e-01,-8.755339583224540367e-02,-5.959252753611234132e-02,-3.099129350048787646e-02,-1.381137703515991633e-02,-1.529787497851585465e-02,-3.482390293917637936e-02,-6.415496430526336502e-02,-9.092159373620160856e-02,-1.038357955816751332e-01,-9.745140576013035238e-02
-6.195424606960651948e-02,-3.487734801559248810e-02,-1.425231563191353690e-02,-8.777116520158945168e-03,-2.076074610119491015e-02,-4.514948029468855706e-02,-7.165812705265926785e-02,-8.910748682603807092e-02,-9.013883324593456592e-02,-7.431722812960885050e-02,-4.831494266459369913e-02,-2.309763408939090323e-02,-9.299920148429854927e-03,-1.274055866566384254e-02,-3.196856712768203490e-02,-5.887512928932019107e-02,-8.211323733785776124e-02,-9.188293993581070351e-02,-8.406416793878841720e-02
-4.872747029892966764e-02,-2.587981562219184017e-02,-9.591761045294674992e-03,-6.732288446785250624e-03,-1.850729165126029085e-02,-3.995102830517591186e-02,-6.202026768023183312e-02,-7.540799257693653335e-02,-7.446834525457549092e-02,-5.959759297248079513e-02,-3.706701410919052697e-02,-1.637818142255446918e-02,-6.255968435843931030e-03,-1.096910443682176661e-02,-2.852997058920646312e-02,-5.153281617364892375e-02,-7.027690465256006269e-02,-7.685749821636544965e-02,-6.849943551189864588e-02
-3.365041019892217600e-02,-1.693538722180422396e-02,-5.947719627336464643e-03,-5.321127034999775796e-03,-1.531984906235236976e-02,-3.172723196792867628e-02,-4.762398888150831677e-02,-5.630613070747381155e-02,-5.411224065103698022e-02,-4.196753813699866109e-02,-2.499365929317740043e-02,-1.034881384790804770e-02,-4.209018153920163208e-03,-9.163532297481721822e-03,-2.312295597897323640e-02,-4.020031913515099975e-02,-5.319378515195771762e-02,-5.662377169435342528e-02,-4.904376606260385518e-02
-1.670266904221544974e-02,-8.087224468605241912e-03,-3.007029822603472791e-03,-3.604513861566321919e-03,-9.627695759322221769e-03,-1.853648512421900152e-02,-2.657389544548820204e-02,-3.035036513179571738e-02,-2.827329860056758404e-02,-2.121865346687830389e-02,-1.216148318160763936e-02,-4.921372152616579343e-03,-2.551626204472579040e-03,-6.051598249305387145e-03,-1.394530384013571711e-02,-2.290379112480064872e-02,-2.914911711284580431e-02,-3.004751819702205368e-02,-2.522009064638044973e-02
1.362181648080981744e-04,6.638393323844110627e-05,3.100185358682894243e-05,4.499415930864919533e-05,1.024594798143541041e-04,1.791634779189851812e-04,2.427597789165861220e-04,2.664276259131195812e-04,2.401855818729078940e-04,1.750989876730044137e-04,9.861819927536180641e-05,4.299800966835187754e-05,3.169346624842805937e-05,6.947140503798382438e-05,1.404011002177421585e-04,2.145690494006827209e-04,2.606976645739902954e-04,2.593337631794992437e-04,2.110537961974995325e-04
1.413744898038124531e-02,7.530083196106637788e-03,4.806532818411222985e-03,7.115391681583996264e-03,1.348294907953850874e-02,2.122388720677115953e-02,2.707373172723849530e-02,2.856546561111368565e-02,2.507000199611247176e-02,1.806144962619699035e-02,1.049544517695426282e-02,5.562718963871199351e-03,5.343488986045606681e-03,9.930202558149942016e-03,1.738857526394164965e-02,2.457324741075797570e-02,2.845430950969579653e-02,2.739505366499887101e-02,2.184218222147887162e-02
2.505112648506996678e-02,1.563723544629149267e-02,1.258831476961226603e-02,1.719016562107835572e-02,2.750207435127183242e-02,3.917532066295470461e-02,4.728709794840398051e-02,4.841649420104000845e-02,4.208721951529907634e-02,3.096845748701093984e-02,1.974920421949550101e-02,1.316082763622788976e-02,1.398176266143249385e-02,2.186580762141190556e-02,3.348812652984384242e-02,4.394734805067884720e-02,4.883262032567213529e-02,4.608373719762103721e-02,3.685996024371350488e-02
3.504920533435473828e-02,2.568081862093376383e-02,2.302586834358469683e-02,2.820400306722930725e-02,3.903148902926975583e-02,5.094217525555994053e-02,5.891310986428990870e-02,5.958278934877783706e-02,5.266879080912395539e-02,4.108688830958862059e-02,2.972139131629052480e-02,2.336534320669647266e-02,2.469920544252655892e-02,3.316046488150677790e-02,4.518085759865211881e-02,5.569114751217074666e-02,6.025894404635595558e-02,5.695792121489703930e-02,4.718019208698661510e-02
4.625196943441844954e-02,3.800626184779510447e-02,3.495182753765523759e-02,3.837677947476147294e-02,4.683675019894195657e-02,5.676400956375285412e-02,6.397204404334422279e-02,6.542108850400746300e-02,6.050005335405403417e-02,5.128423257206504021e-02,4.166011283544106270e-02,3.568636796920440085e-02,3.588223953649333220e-02,4.216512479547059045e-02,5.188541186825491175e-02,6.094387116717369518e-02,6.552037832688842323e-02,6.368493348218454142e-02,5.621157866954328008e-02
5.995679743106307330e-02,5.260824941221339812e-02,4.762251493405795372e-02,4.710217285442447332e-02,5.126666129181460529e-02,5.835973647924370955e-02,6.539011392185845040e-02,6.939295000160561333e-02,6.868017280759122767e-02,6.355237398539743954e-02,5.617204365501810709e-02,4.965160712535215959e-02,4.674085634439651554e-02,4.866731013388958527e-02,5.461854632327021314e-02,6.208481569526228677e-02,6.791745075406900589e-02,6.965671854650597183e-02,6.656913680286774548e-02
