-1.000000000000000000e+00,-1.000000000000000000e+00,-1.000000000000000000e+00,-1.000000000000000000e+00,-1.000000000000000000e+00,-1.000000000000000000e+00,-1.000000000000000000e+00,-1.000000000000000000e+00,-1.000000000000000000e+00,-1.000000000000000000e+00,-1.000000000000000000e+00,-1.000000000000000000e+00,-1.000000000000000000e+00,-1.000000000000000000e+00,-1.000000000000000000e+00,-1.000000000000000000e+00,-1.000000000000000000e+00,-1.000000000000000000e+00,-1.000000000000000000e+00,-1.000000000000000000e+00
-9.976120194653146367e-01,-9.976120194653146367e-01,-9.976120194653148587e-01,-9.976120194653146367e-01,-9.976120194653147477e-01,-9.976120194653146367e-01,-9.976120194653147477e-01,-9.976120194653147477e-01,-9.976120194653147477e-01,-9.976120194653147477e-01,-9.976120194653147477e-01,-9.976120194653147477e-01,-9.976120194653146367e-01,-9.976120194653146367e-01,-9.976120194653147477e-01,-9.976120194653146367e-01,-9.976120194653147477e-01,-9.976120194653147477e-01,-9.976120194653146367e-01,-9.976120194653147477e-01
-9.910565734545888628e-01,-9.910565734545886407e-01,-9.910565734545886407e-01,-9.910565734545887517e-01,-9.910565734545887517e-01,-9.910565734545886407e-01,-9.910565734545888628e-01,-9.910565734545887517e-01,-9.910565734545888628e-01,-9.910565734545889738e-01,-9.910565734545889738e-01,-9.910565734545890848e-01,-9.910565734545889738e-01,-9.910565734545889738e-01,-9.910565734545890848e-01,-9.910565734545888628e-01,-9.910565734545888628e-01,-9.910565734545888628e-01,-9.910565734545888628e-01,-9.910565734545887517e-01
-9.911755810017700563e-01,-9.911755810017696122e-01,-9.911755810017695012e-01,-9.911755810017696122e-01,-9.911755810017698343e-01,-9.911755810017698343e-01,-9.911755810017697232e-01,-9.911755810017696122e-01,-9.911755810017699453e-01,-9.911755810017700563e-01,-9.911755810017701673e-01,-9.911755810017701673e-01,-9.911755810017702784e-01,-9.911755810017700563e-01,-9.911755810017700563e-01,-9.911755810017700563e-01,-9.911755810017698343e-01,-9.911755810017699453e-01,-9.911755810017700563e-01,-9.911755810017699453e-01
-9.954768457743338184e-01,-9.954768457743338184e-01,-9.954768457743338184e-01,-9.954768457743339294e-01,-9.954768457743338184e-01,-9.954768457743340404e-01,-9.954768457743338184e-01,-9.954768457743338184e-01,-9.954768457743339294e-01,-9.954768457743339294e-01,-9.954768457743339294e-01,-9.954768457743340404e-01,-9.954768457743340404e-01,-9.954768457743339294e-01,-9.954768457743339294e-01,-9.954768457743339294e-01,-9.954768457743340404e-01,-9.954768457743339294e-01,-9.954768457743338184e-01,-9.954768457743340404e-01
-9.890646707986501251e-01,-9.890646707986503472e-01,-9.890646707986505692e-01,-9.890646707986502362e-01,-9.890646707986502362e-01,-9.890646707986503472e-01,-9.890646707986502362e-01,-9.890646707986503472e-01,-9.890646707986501251e-01,-9.890646707986500141e-01,-9.890646707986500141e-01,-9.890646707986501251e-01,-9.890646707986500141e-01,-9.890646707986500141e-01,-9.890646707986501251e-01,-9.890646707986500141e-01,-9.890646707986501251e-01,-9.890646707986499031e-01,-9.890646707986501251e-01,-9.890646707986502362e-01
-9.800486485255704983e-01,-9.800486485255700542e-01,-9.800486485255698321e-01,-9.800486485255699431e-01,-9.800486485255703872e-01,-9.800486485255702762e-01,-9.800486485255702762e-01,-9.800486485255701652e-01,-9.800486485255703872e-01,-9.800486485255704983e-01,-9.800486485255706093e-01,-9.800486485255706093e-01,-9.800486485255707203e-01,-9.800486485255704983e-01,-9.800486485255706093e-01,-9.800486485255703872e-01,-9.800486485255703872e-01,-9.800486485255703872e-01,-9.800486485255702762e-01,-9.800486485255704983e-01
-9.849667780266364581e-01,-9.849667780266354589e-01,-9.849667780266352368e-01,-9.849667780266359030e-01,-9.849667780266362360e-01,-9.849667780266362360e-01,-9.849667780266359030e-01,-9.849667780266354589e-01,-9.849667780266361250e-01,-9.849667780266366801e-01,-9.849667780266365691e-01,-9.849667780266366801e-01,-9.849667780266369022e-01,-9.849667780266366801e-01,-9.849667780266365691e-01,-9.849667780266362360e-01,-9.849667780266363470e-01,-9.849667780266364581e-01,-9.849667780266365691e-01,-9.849667780266366801e-01
-9.892591502245565716e-01,-9.892591502245566826e-01,-9.892591502245566826e-01,-9.892591502245566826e-01,-9.892591502245566826e-01,-9.892591502245564605e-01,-9.892591502245566826e-01,-9.892591502245566826e-01,-9.892591502245566826e-01,-9.892591502245565716e-01,-9.892591502245566826e-01,-9.892591502245566826e-01,-9.892591502245565716e-01,-9.892591502245566826e-01,-9.892591502245566826e-01,-9.892591502245565716e-01,-9.892591502245565716e-01,-9.892591502245567936e-01,-9.892591502245566826e-01,-9.892591502245565716e-01
-9.776321031330804656e-01,-9.776321031330810207e-01,-9.776321031330811318e-01,-9.776321031330807987e-01,-9.776321031330806877e-01,-9.776321031330805766e-01,-9.776321031330805766e-01,-9.776321031330807987e-01,-9.776321031330803546e-01,-9.776321031330800215e-01,-9.776321031330801326e-01,-9.776321031330802436e-01,-9.776321031330801326e-01,-9.776321031330802436e-01,-9.776321031330803546e-01,-9.776321031330803546e-01,-9.776321031330805766e-01,-9.776321031330804656e-01,-9.776321031330805766e-01,-9.776321031330802436e-01
-9.715368090356052422e-01,-9.715368090356042430e-01,-9.715368090356039099e-01,-9.715368090356046871e-01,-9.715368090356051312e-01,-9.715368090356049091e-01,-9.715368090356049091e-01,-9.715368090356045760e-01,-9.715368090356052422e-01,-9.715368090356057973e-01,-9.715368090356057973e-01,-9.715368090356057973e-01,-9.715368090356059083e-01,-9.715368090356057973e-01,-9.715368090356055752e-01,-9.715368090356052422e-01,-9.715368090356052422e-01,-9.715368090356053532e-01,-9.715368090356051312e-01,-9.715368090356052422e-01
-9.816477388258696424e-01,-9.816477388258684211e-01,-9.816477388258677550e-01,-9.816477388258688652e-01,-9.816477388258691983e-01,-9.816477388258691983e-01,-9.816477388258691983e-01,-9.816477388258685322e-01,-9.816477388258694203e-01,-9.816477388258700865e-01,-9.816477388258700865e-01,-9.816477388258703085e-01,-9.816477388258703085e-01,-9.816477388258700865e-01,-9.816477388258699754e-01,-9.816477388258695314e-01,-9.816477388258695314e-01,-9.816477388258696424e-01,-9.816477388258695314e-01,-9.816477388258695314e-01
-9.803358908431075713e-01,-9.803358908431083485e-01,-9.803358908431086816e-01,-9.803358908431080154e-01,-9.803358908431080154e-01,-9.803358908431077934e-01,-9.803358908431080154e-01,-9.803358908431083485e-01,-9.803358908431077934e-01,-9.803358908431074603e-01,-9.803358908431073493e-01,-9.803358908431073493e-01,-9.803358908431074603e-01,-9.803358908431074603e-01,-9.803358908431075713e-01,-9.803358908431076824e-01,-9.803358908431075713e-01,-9.803358908431075713e-01,-9.803358908431074603e-01,-9.803358908431075713e-01
-9.652164757155476948e-01,-9.652164757155480279e-01,-9.652164757155483610e-01,-9.652164757155480279e-01,-9.652164757155478059e-01,-9.652164757155478059e-01,-9.652164757155480279e-01,-9.652164757155482500e-01,-9.652164757155480279e-01,-9.652164757155478059e-01,-9.652164757155479169e-01,-9.652164757155479169e-01,-9.652164757155476948e-01,-9.652164757155478059e-01,-9.652164757155479169e-01,-9.652164757155480279e-01,-9.652164757155478059e-01,-9.652164757155478059e-01,-9.652164757155478059e-01,-9.652164757155478059e-01
-9.676328242827769710e-01,-9.676328242827749726e-01,-9.676328242827739734e-01,-9.676328242827754167e-01,-9.676328242827763049e-01,-9.676328242827764159e-01,-9.676328242827758608e-01,-9.676328242827750836e-01,-9.676328242827764159e-01,-9.676328242827775261e-01,-9.676328242827776371e-01,-9.676328242827778592e-01,-9.676328242827779702e-01,-9.676328242827776371e-01,-9.676328242827774151e-01,-9.676328242827769710e-01,-9.676328242827767490e-01,-9.676328242827769710e-01,-9.676328242827768600e-01,-9.676328242827768600e-01
-9.784311410949844134e-01,-9.784311410949834142e-01,-9.784311410949829702e-01,-9.784311410949836363e-01,-9.784311410949838583e-01,-9.784311410949841914e-01,-9.784311410949838583e-01,-9.784311410949834142e-01,-9.784311410949839694e-01,-9.784311410949844134e-01,-9.784311410949843024e-01,-9.784311410949844134e-01,-9.784311410949844134e-01,-9.784311410949843024e-01,-9.784311410949841914e-01,-9.784311410949840804e-01,-9.784311410949839694e-01,-9.784311410949839694e-01,-9.784311410949840804e-01,-9.784311410949841914e-01
-9.670809899639144502e-01,-9.670809899639160045e-01,-9.670809899639167817e-01,-9.670809899639155605e-01,-9.670809899639148943e-01,-9.670809899639147833e-01,-9.670809899639153384e-01,-9.670809899639160045e-01,-9.670809899639150053e-01,-9.670809899639138951e-01,-9.670809899639140061e-01,-9.670809899639140061e-01,-9.670809899639136731e-01,-9.670809899639141172e-01,-9.670809899639143392e-01,-9.670809899639147833e-01,-9.670809899639145613e-01,-9.670809899639142282e-01,-9.670809899639144502e-01,-9.670809899639142282e-01
-9.559178596729179800e-01,-9.559178596729172028e-01,-9.559178596729169808e-01,-9.559178596729174249e-01,-9.559178596729177579e-01,-9.559178596729178690e-01,-9.559178596729175359e-01,-9.559178596729174249e-01,-9.559178596729178690e-01,-9.559178596729184241e-01,-9.559178596729186461e-01,-9.559178596729186461e-01,-9.559178596729187571e-01,-9.559178596729186461e-01,-9.559178596729186461e-01,-9.559178596729183131e-01,-9.559178596729184241e-01,-9.559178596729183131e-01,-9.559178596729183131e-01,-9.559178596729184241e-01
-9.683824622208762056e-01,-9.683824622208733190e-01,-9.683824622208718758e-01,-9.683824622208742072e-01,-9.683824622208749844e-01,-9.683824622208756505e-01,-9.683824622208747623e-01,-9.683824622208735411e-01,-9.683824622208753174e-01,-9.683824622208769828e-01,-9.683824622208769828e-01,-9.683824622208770938e-01,-9.683824622208772048e-01,-9.683824622208767607e-01,-9.683824622208765387e-01,-9.683824622208756505e-01,-9.683824622208758726e-01,-9.683824622208760946e-01,-9.683824622208758726e-01,-9.683824622208760946e-01
-9.702067375852341247e-01,-9.702067375852349018e-01,-9.702067375852353459e-01,-9.702067375852349018e-01,-9.702067375852343467e-01,-9.702067375852342357e-01,-9.702067375852344577e-01,-9.702067375852345688e-01,-9.702067375852341247e-01,-9.702067375852334585e-01,-9.702067375852333475e-01,-9.702067375852332365e-01,-9.702067375852332365e-01,-9.702067375852334585e-01,-9.702067375852336806e-01,-9.702067375852337916e-01,-9.702067375852342357e-01,-9.702067375852341247e-01,-9.702067375852340136e-01,-9.702067375852340136e-01
-9.519506562146698991e-01,-9.519506562146715645e-01,-9.519506562146722306e-01,-9.519506562146707873e-01,-9.519506562146705653e-01,-9.519506562146704542e-01,-9.519506562146707873e-01,-9.519506562146716755e-01,-9.519506562146706763e-01,-9.519506562146698991e-01,-9.519506562146701212e-01,-9.519506562146700102e-01,-9.519506562146697881e-01,-9.519506562146702322e-01,-9.519506562146703432e-01,-9.519506562146706763e-01,-9.519506562146704542e-01,-9.519506562146703432e-01,-9.519506562146705653e-01,-9.519506562146702322e-01
-9.496944076918363287e-01,-9.496944076918342192e-01,-9.496944076918325539e-01,-9.496944076918339972e-01,-9.496944076918353295e-01,-9.496944076918362176e-01,-9.496944076918352184e-01,-9.496944076918343303e-01,-9.496944076918362176e-01,-9.496944076918378830e-01,-9.496944076918383271e-01,-9.496944076918384381e-01,-9.496944076918383271e-01,-9.496944076918376609e-01,-9.496944076918373279e-01,-9.496944076918368838e-01,-9.496944076918367728e-01,-9.496944076918369948e-01,-9.496944076918367728e-01,-9.496944076918367728e-01
-9.532386496344614768e-01,-9.532386496344598115e-01,-9.532386496344572580e-01,-9.532386496344598115e-01,-9.532386496344597004e-01,-9.532386496344608107e-01,-9.532386496344597004e-01,-9.532386496344578131e-01,-9.532386496344602556e-01,-9.532386496344615878e-01,-9.532386496344613658e-01,-9.532386496344611437e-01,-9.532386496344613658e-01,-9.532386496344608107e-01,-9.532386496344608107e-01,-9.532386496344600335e-01,-9.532386496344600335e-01,-9.532386496344606996e-01,-9.532386496344603666e-01,-9.532386496344605886e-01
-9.350410686383238135e-01,-9.350410686383254788e-01,-9.350410686383255898e-01,-9.350410686383259229e-01,-9.350410686383232584e-01,-9.350410686383231473e-01,-9.350410686383235914e-01,-9.350410686383241465e-01,-9.350410686383230363e-01,-9.350410686383214820e-01,-9.350410686383212600e-01,-9.350410686383207048e-01,-9.350410686383209269e-01,-9.350410686383218151e-01,-9.350410686383219261e-01,-9.350410686383222592e-01,-9.350410686383224812e-01,-9.350410686383222592e-01,-9.350410686383224812e-01,-9.350410686383223702e-01
-9.076712507384677719e-01,-9.076712507384703255e-01,-9.076712507384728790e-01,-9.076712507384701034e-01,-9.076712507384686601e-01,-9.076712507384677719e-01,-9.076712507384689932e-01,-9.076712507384718798e-01,-9.076712507384689932e-01,-9.076712507384672168e-01,-9.076712507384677719e-01,-9.076712507384672168e-01,-9.076712507384675499e-01,-9.076712507384682160e-01,-9.076712507384679940e-01,-9.076712507384688822e-01,-9.076712507384689932e-01,-9.076712507384685491e-01,-9.076712507384687711e-01,-9.076712507384681050e-01
-8.952971802117697386e-01,-8.952971802117700717e-01,-8.952971802117721811e-01,-8.952971802117690725e-01,-8.952971802117704048e-01,-8.952971802117699607e-01,-8.952971802117708489e-01,-8.952971802117721811e-01,-8.952971802117720701e-01,-8.952971802117735134e-01,-8.952971802117741795e-01,-8.952971802117740685e-01,-8.952971802117741795e-01,-8.952971802117729583e-01,-8.952971802117721811e-01,-8.952971802117726252e-01,-8.952971802117724032e-01,-8.952971802117722921e-01,-8.952971802117722921e-01,-8.952971802117722921e-01
-8.972188421701927652e-01,-8.972188421701896566e-01,-8.972188421701883243e-01,-8.972188421701884353e-01,-8.972188421701912109e-01,-8.972188421701916550e-01,-8.972188421701912109e-01,-8.972188421701887684e-01,-8.972188421701924321e-01,-8.972188421701963179e-01,-8.972188421701963179e-01,-8.972188421701965400e-01,-8.972188421701963179e-01,-8.972188421701938754e-01,-8.972188421701933203e-01,-8.972188421701926542e-01,-8.972188421701926542e-01,-8.972188421701932093e-01,-8.972188421701929872e-01,-8.972188421701936534e-01
-8.939267886299244736e-01,-8.939267886299204768e-01,-8.939267886299174792e-01,-8.939267886299203658e-01,-8.939267886299213650e-01,-8.939267886299220311e-01,-8.939267886299213650e-01,-8.939267886299164800e-01,-8.939267886299212540e-01,-8.939267886299240296e-01,-8.939267886299224752e-01,-8.939267886299231414e-01,-8.939267886299231414e-01,-8.939267886299213650e-01,-8.939267886299218091e-01,-8.939267886299206989e-01,-8.939267886299210319e-01,-8.939267886299216981e-01,-8.939267886299208099e-01,-8.939267886299218091e-01
-8.731680452727517139e-01,-8.731680452727508257e-01,-8.731680452727484942e-01,-8.731680452727521580e-01,-8.731680452727492714e-01,-8.731680452727499375e-01,-8.731680452727510477e-01,-8.731680452727474950e-01,-8.731680452727486053e-01,-8.731680452727480501e-01,-8.731680452727456077e-01,-8.731680452727462738e-01,-8.731680452727463848e-01,-8.731680452727466069e-01,-8.731680452727481612e-01,-8.731680452727472730e-01,-8.731680452727476061e-01,-8.731680452727479391e-01,-8.731680452727470509e-01,-8.731680452727473840e-01
-8.416310981902739297e-01,-8.416310981902779265e-01,-8.416310981902765942e-01,-8.416310981902797028e-01,-8.416310981902735966e-01,-8.416310981902745958e-01,-8.416310981902779265e-01,-8.416310981902781485e-01,-8.416310981902741517e-01,-8.416310981902718202e-01,-8.416310981902697108e-01,-8.416310981902705990e-01,-8.416310981902704880e-01,-8.416310981902719313e-01,-8.416310981902731525e-01,-8.416310981902730415e-01,-8.416310981902731525e-01,-8.416310981902730415e-01,-8.416310981902722643e-01,-8.416310981902718202e-01
-8.154734608822307163e-01,-8.154734608822374886e-01,-8.154734608822362674e-01,-8.154734608822384878e-01,-8.154734608822337139e-01,-8.154734608822344910e-01,-8.154734608822378217e-01,-8.154734608822407083e-01,-8.154734608822356012e-01,-8.154734608822341579e-01,-8.154734608822340469e-01,-8.154734608822344910e-01,-8.154734608822340469e-01,-8.154734608822347131e-01,-8.154734608822349351e-01,-8.154734608822353792e-01,-8.154734608822352682e-01,-8.154734608822349351e-01,-8.154734608822349351e-01,-8.154734608822336028e-01
-8.044506284945216468e-01,-8.044506284945269758e-01,-8.044506284945244223e-01,-8.044506284945260877e-01,-8.044506284945259766e-01,-8.044506284945259766e-01,-8.044506284945271979e-01,-8.044506284945306396e-01,-8.044506284945275310e-01,-8.044506284945291963e-01,-8.044506284945314167e-01,-8.044506284945314167e-01,-8.044506284945305286e-01,-8.044506284945291963e-01,-8.044506284945281971e-01,-8.044506284945285302e-01,-8.044506284945285302e-01,-8.044506284945280861e-01,-8.044506284945287522e-01,-8.044506284945283081e-01
-8.047081825402175870e-01,-8.047081825402161437e-01,-8.047081825402128130e-01,-8.047081825402140343e-01,-8.047081825402182531e-01,-8.047081825402178090e-01,-8.047081825402163657e-01,-8.047081825402178090e-01,-8.047081825402173649e-01,-8.047081825402224720e-01,-8.047081825402251365e-01,-8.047081825402249144e-01,-8.047081825402242483e-01,-8.047081825402204736e-01,-8.047081825402196964e-01,-8.047081825402193633e-01,-8.047081825402196964e-01,-8.047081825402193633e-01,-8.047081825402202515e-01,-8.047081825402215838e-01
-8.036770591879036640e-01,-8.036770591878944492e-01,-8.036770591878923398e-01,-8.036770591878925618e-01,-8.036770591878987791e-01,-8.036770591878981129e-01,-8.036770591878948933e-01,-8.036770591878931169e-01,-8.036770591878950043e-01,-8.036770591879005554e-01,-8.036770591879013326e-01,-8.036770591879012215e-01,-8.036770591879018877e-01,-8.036770591878965586e-01,-8.036770591878973358e-01,-8.036770591878965586e-01,-8.036770591878970027e-01,-8.036770591878968917e-01,-8.036770591878972247e-01,-8.036770591879001113e-01
-7.906758078822986313e-01,-7.906758078822864189e-01,-7.906758078822876401e-01,-7.906758078822865299e-01,-7.906758078822916369e-01,-7.906758078822913038e-01,-7.906758078822881952e-01,-7.906758078822845315e-01,-7.906758078822859748e-01,-7.906758078822890834e-01,-7.906758078822867519e-01,-7.906758078822870850e-01,-7.906758078822891944e-01,-7.906758078822849756e-01,-7.906758078822873070e-01,-7.906758078822860858e-01,-7.906758078822868629e-01,-7.906758078822868629e-01,-7.906758078822857527e-01,-7.906758078822888614e-01
-7.645569432956197398e-01,-7.645569432956095257e-01,-7.645569432956145217e-01,-7.645569432956120792e-01,-7.645569432956142997e-01,-7.645569432956146327e-01,-7.645569432956136335e-01,-7.645569432956095257e-01,-7.645569432956096367e-01,-7.645569432956090816e-01,-7.645569432956038636e-01,-7.645569432956047518e-01,-7.645569432956080824e-01,-7.645569432956060840e-01,-7.645569432956094147e-01,-7.645569432956076383e-01,-7.645569432956085265e-01,-7.645569432956087486e-01,-7.645569432956064171e-01,-7.645569432956074163e-01
-7.336440282939841184e-01,-7.336440282939785673e-01,-7.336440282939857838e-01,-7.336440282939826751e-01,-7.336440282939822310e-01,-7.336440282939831192e-01,-7.336440282939853397e-01,-7.336440282939820090e-01,-7.336440282939807878e-01,-7.336440282939775681e-01,-7.336440282939715729e-01,-7.336440282939729052e-01,-7.336440282939757918e-01,-7.336440282939762358e-01,-7.336440282939791224e-01,-7.336440282939771240e-01,-7.336440282939782342e-01,-7.336440282939785673e-01,-7.336440282939756807e-01,-7.336440282939731272e-01
-7.092546054994889326e-01,-7.092546054994877114e-01,-7.092546054994945948e-01,-7.092546054994917082e-01,-7.092546054994899318e-01,-7.092546054994912641e-01,-7.092546054994959270e-01,-7.092546054994940397e-01,-7.092546054994922633e-01,-7.092546054994891547e-01,-7.092546054994842697e-01,-7.092546054994859350e-01,-7.092546054994873783e-01,-7.092546054994892657e-01,-7.092546054994903759e-01,-7.092546054994882665e-01,-7.092546054994897098e-01,-7.092546054994900429e-01,-7.092546054994877114e-01,-7.092546054994823823e-01
-6.980648517695092758e-01,-6.980648517695109412e-01,-6.980648517695144939e-01,-6.980648517695126065e-01,-6.980648517695120514e-01,-6.980648517695124955e-01,-6.980648517695180466e-01,-6.980648517695172695e-01,-6.980648517695158262e-01,-6.980648517695151600e-01,-6.980648517695129396e-01,-6.980648517695151600e-01,-6.980648517695140498e-01,-6.980648517695161592e-01,-6.980648517695148270e-01,-6.980648517695127175e-01,-6.980648517695143829e-01,-6.980648517695149380e-01,-6.980648517695144939e-01,-6.980648517695083877e-01
-6.983088655309801496e-01,-6.983088655309825921e-01,-6.983088655309805937e-01,-6.983088655309813708e-01,-6.983088655309827031e-01,-6.983088655309817039e-01,-6.983088655309861448e-01,-6.983088655309854786e-01,-6.983088655309845905e-01,-6.983088655309879211e-01,-6.983088655309883652e-01,-6.983088655309908077e-01,-6.983088655309869219e-01,-6.983088655309882542e-01,-6.983088655309849235e-01,-6.983088655309838133e-01,-6.983088655309852566e-01,-6.983088655309854786e-01,-6.983088655309876991e-01,-6.983088655309833692e-01
-7.015427236284368373e-01,-7.015427236284388357e-01,-7.015427236284308421e-01,-7.015427236284353940e-01,-7.015427236284383916e-01,-7.015427236284363932e-01,-7.015427236284389467e-01,-7.015427236284365042e-01,-7.015427236284361712e-01,-7.015427236284422774e-01,-7.015427236284440538e-01,-7.015427236284463852e-01,-7.015427236284405010e-01,-7.015427236284417223e-01,-7.015427236284372814e-01,-7.015427236284378365e-01,-7.015427236284382806e-01,-7.015427236284380585e-01,-7.015427236284421664e-01,-7.015427236284417223e-01
-6.982044223066379285e-01,-6.982044223066387056e-01,-6.982044223066266042e-01,-6.982044223066343758e-01,-6.982044223066384836e-01,-6.982044223066361521e-01,-6.982044223066364852e-01,-6.982044223066320443e-01,-6.982044223066316002e-01,-6.982044223066381505e-01,-6.982044223066392608e-01,-6.982044223066412592e-01,-6.982044223066352640e-01,-6.982044223066365962e-01,-6.982044223066325994e-01,-6.982044223066349309e-01,-6.982044223066343758e-01,-6.982044223066331545e-01,-6.982044223066377064e-01,-6.982044223066417032e-01
-6.833342787939578056e-01,-6.833342787939564733e-01,-6.833342787939441498e-01,-6.833342787939541418e-01,-6.833342787939568064e-01,-6.833342787939545859e-01,-6.833342787939535867e-01,-6.833342787939482577e-01,-6.833342787939471474e-01,-6.833342787939524765e-01,-6.833342787939507001e-01,-6.833342787939524765e-01,-6.833342787939480356e-01,-6.833342787939498120e-01,-6.833342787939471474e-01,-6.833342787939510332e-01,-6.833342787939495899e-01,-6.833342787939475915e-01,-6.833342787939503671e-01,-6.833342787939573615e-01
-6.591322857912063071e-01,-6.591322857912035316e-01,-6.591322857911935396e-01,-6.591322857912047528e-01,-6.591322857912045308e-01,-6.591322857912025324e-01,-6.591322857912017552e-01,-6.591322857911974253e-01,-6.591322857911953159e-01,-6.591322857911980915e-01,-6.591322857911926514e-01,-6.591322857911945388e-01,-6.591322857911929844e-01,-6.591322857911949828e-01,-6.591322857911940947e-01,-6.591322857911987576e-01,-6.591322857911964261e-01,-6.591322857911943167e-01,-6.591322857911936506e-01,-6.591322857912012001e-01
-6.331580799038427632e-01,-6.331580799038383223e-01,-6.331580799038325491e-01,-6.331580799038436513e-01,-6.331580799038398766e-01,-6.331580799038386553e-01,-6.331580799038394325e-01,-6.331580799038369900e-01,-6.331580799038341034e-01,-6.331580799038347696e-01,-6.331580799038263319e-01,-6.331580799038292184e-01,-6.331580799038303287e-01,-6.331580799038317720e-01,-6.331580799038323271e-01,-6.331580799038365459e-01,-6.331580799038338814e-01,-6.331580799038328822e-01,-6.331580799038281082e-01,-6.331580799038333263e-01
-6.136668340723477888e-01,-6.136668340723411275e-01,-6.136668340723407944e-01,-6.136668340723501203e-01,-6.136668340723425707e-01,-6.136668340723427928e-01,-6.136668340723454573e-01,-6.136668340723456794e-01,-6.136668340723421267e-01,-6.136668340723420156e-01,-6.136668340723325787e-01,-6.136668340723365755e-01,-6.136668340723395731e-01,-6.136668340723396842e-01,-6.136668340723407944e-01,-6.136668340723435700e-01,-6.136668340723407944e-01,-6.136668340723423487e-01,-6.136668340723342441e-01,-6.136668340723351323e-01
-6.050582439088926234e-01,-6.050582439088847408e-01,-6.050582439088890707e-01,-6.050582439088959541e-01,-6.050582439088861841e-01,-6.050582439088880715e-01,-6.050582439088918463e-01,-6.050582439088941777e-01,-6.050582439088898479e-01,-6.050582439088910691e-01,-6.050582439088822984e-01,-6.050582439088872944e-01,-6.050582439088909581e-01,-6.050582439088889597e-01,-6.050582439088898479e-01,-6.050582439088905140e-01,-6.050582439088881825e-01,-6.050582439088929565e-01,-6.050582439088836306e-01,-6.050582439088798559e-01
-6.058958119752489990e-01,-6.058958119752418936e-01,-6.058958119752482219e-01,-6.058958119752533289e-01,-6.058958119752435589e-01,-6.058958119752470006e-01,-6.058958119752499982e-01,-6.058958119752527738e-01,-6.058958119752479998e-01,-6.058958119752519966e-01,-6.058958119752455573e-01,-6.058958119752509974e-01,-6.058958119752536620e-01,-6.058958119752495541e-01,-6.058958119752501092e-01,-6.058958119752488880e-01,-6.058958119752467786e-01,-6.058958119752548832e-01,-6.058958119752468896e-01,-6.058958119752393401e-01
-6.102002577819575224e-01,-6.102002577819518603e-01,-6.102002577819578555e-01,-6.102002577819616302e-01,-6.102002577819539697e-01,-6.102002577819584106e-01,-6.102002577819591878e-01,-6.102002577819614082e-01,-6.102002577819557461e-01,-6.102002577819627405e-01,-6.102002577819594098e-01,-6.102002577819642948e-01,-6.102002577819646278e-01,-6.102002577819592988e-01,-6.102002577819598539e-01,-6.102002577819575224e-01,-6.102002577819554130e-01,-6.102002577819655160e-01,-6.102002577819608531e-01,-6.102002577819521933e-01
-6.109352138565449231e-01,-6.109352138565414814e-01,-6.109352138565447010e-01,-6.109352138565480317e-01,-6.109352138565440349e-01,-6.109352138565485868e-01,-6.109352138565460333e-01,-6.109352138565478096e-01,-6.109352138565404822e-01,-6.109352138565499191e-01,-6.109352138565489199e-01,-6.109352138565529167e-01,-6.109352138565502521e-01,-6.109352138565449231e-01,-6.109352138565462553e-01,-6.109352138565435908e-01,-6.109352138565411483e-01,-6.109352138565514734e-01,-6.109352138565511403e-01,-6.109352138565440349e-01
-6.036639985317319157e-01,-6.036639985317324708e-01,-6.036639985317313606e-01,-6.036639985317346913e-01,-6.036639985317349133e-01,-6.036639985317386881e-01,-6.036639985317322488e-01,-6.036639985317342472e-01,-6.036639985317252544e-01,-6.036639985317358015e-01,-6.036639985317353574e-01,-6.036639985317381329e-01,-6.036639985317331369e-01,-6.036639985317300283e-01,-6.036639985317318047e-01,-6.036639985317301393e-01,-6.036639985317271417e-01,-6.036639985317350243e-01,-6.036639985317382440e-01,-6.036639985317351353e-01
-5.885023364047536898e-01,-5.885023364047592409e-01,-5.885023364047544669e-01,-5.885023364047574645e-01,-5.885023364047612393e-01,-5.885023364047639038e-01,-5.885023364047544669e-01,-5.885023364047582417e-01,-5.885023364047473615e-01,-5.885023364047572425e-01,-5.885023364047552441e-01,-5.885023364047572425e-01,-5.885023364047519134e-01,-5.885023364047519134e-01,-5.885023364047539118e-01,-5.885023364047539118e-01,-5.885023364047501371e-01,-5.885023364047536898e-01,-5.885023364047589078e-01,-5.885023364047607952e-01
-5.695243927670577966e-01,-5.695243927670687878e-01,-5.695243927670604611e-01,-5.695243927670636808e-01,-5.695243927670693429e-01,-5.695243927670712303e-01,-5.695243927670604611e-01,-5.695243927670667894e-01,-5.695243927670545769e-01,-5.695243927670630146e-01,-5.695243927670579076e-01,-5.695243927670602391e-01,-5.695243927670557982e-01,-5.695243927670587958e-01,-5.695243927670605721e-01,-5.695243927670623485e-01,-5.695243927670587958e-01,-5.695243927670566864e-01,-5.695243927670616824e-01,-5.695243927670684547e-01
-5.522429703673714663e-01,-5.522429703673861212e-01,-5.522429703673751300e-01,-5.522429703673790158e-01,-5.522429703673856771e-01,-5.522429703673865653e-01,-5.522429703673759072e-01,-5.522429703673850110e-01,-5.522429703673724655e-01,-5.522429703673794599e-01,-5.522429703673705781e-01,-5.522429703673744639e-01,-5.522429703673716883e-01,-5.522429703673765733e-01,-5.522429703673770174e-01,-5.522429703673803481e-01,-5.522429703673776835e-01,-5.522429703673710222e-01,-5.522429703673735757e-01,-5.522429703673841228e-01
-5.407565417815926034e-01,-5.407565417816090347e-01,-5.407565417815961561e-01,-5.407565417816014852e-01,-5.407565417816075914e-01,-5.407565417816074804e-01,-5.407565417815981546e-01,-5.407565417816093678e-01,-5.407565417815973774e-01,-5.407565417816038167e-01,-5.407565417815913822e-01,-5.407565417815978215e-01,-5.407565417815967113e-01,-5.407565417816021514e-01,-5.407565417816002640e-01,-5.407565417816042608e-01,-5.407565417816035946e-01,-5.407565417815944908e-01,-5.407565417815933806e-01,-5.407565417816061482e-01
-5.360128452110228814e-01,-5.360128452110397568e-01,-5.360128452110253239e-01,-5.360128452110335395e-01,-5.360128452110370922e-01,-5.360128452110358710e-01,-5.360128452110285435e-01,-5.360128452110405339e-01,-5.360128452110297648e-01,-5.360128452110364261e-01,-5.360128452110218822e-01,-5.360128452110313191e-01,-5.360128452110306529e-01,-5.360128452110354269e-01,-5.360128452110306529e-01,-5.360128452110346498e-01,-5.360128452110364261e-01,-5.360128452110280994e-01,-5.360128452110231034e-01,-5.360128452110364261e-01
-5.358075161980679901e-01,-5.358075161980843104e-01,-5.358075161980693224e-01,-5.358075161980809797e-01,-5.358075161980799805e-01,-5.358075161980782042e-01,-5.358075161980727641e-01,-5.358075161980835333e-01,-5.358075161980744294e-01,-5.358075161980825341e-01,-5.358075161980669909e-01,-5.358075161980793144e-01,-5.358075161980778711e-01,-5.358075161980809797e-01,-5.358075161980742074e-01,-5.358075161980774270e-01,-5.358075161980813128e-01,-5.358075161980765388e-01,-5.358075161980682122e-01,-5.358075161980807577e-01
-5.363046467405541140e-01,-5.363046467405688800e-01,-5.363046467405552242e-01,-5.363046467405694351e-01,-5.363046467405627737e-01,-5.363046467405618856e-01,-5.363046467405585549e-01,-5.363046467405658824e-01,-5.363046467405584439e-01,-5.363046467405682138e-01,-5.363046467405527817e-01,-5.363046467405672146e-01,-5.363046467405636619e-01,-5.363046467405654383e-01,-5.363046467405578888e-01,-5.363046467405601092e-01,-5.363046467405646611e-01,-5.363046467405653273e-01,-5.363046467405547801e-01,-5.363046467405656603e-01
-5.341204954087828138e-01,-5.341204954087954704e-01,-5.341204954087842571e-01,-5.341204954088003554e-01,-5.341204954087881429e-01,-5.341204954087896972e-01,-5.341204954087879209e-01,-5.341204954087914736e-01,-5.341204954087845902e-01,-5.341204954087956924e-01,-5.341204954087810375e-01,-5.341204954087969137e-01,-5.341204954087902523e-01,-5.341204954087914736e-01,-5.341204954087848122e-01,-5.341204954087855894e-01,-5.341204954087891421e-01,-5.341204954087959145e-01,-5.341204954087842571e-01,-5.341204954087932499e-01
-5.278583385330055666e-01,-5.278583385330162248e-01,-5.278583385330066768e-01,-5.278583385330246625e-01,-5.278583385330082312e-01,-5.278583385330128941e-01,-5.278583385330120059e-01,-5.278583385330118949e-01,-5.278583385330047895e-01,-5.278583385330171129e-01,-5.278583385330027911e-01,-5.278583385330193334e-01,-5.278583385330100075e-01,-5.278583385330115618e-01,-5.278583385330073430e-01,-5.278583385330066768e-01,-5.278583385330073430e-01,-5.278583385330193334e-01,-5.278583385330077871e-01,-5.278583385330147815e-01
-5.184648175720538710e-01,-5.184648175720621976e-01,-5.184648175720535379e-01,-5.184648175720729668e-01,-5.184648175720540930e-01,-5.184648175720620866e-01,-5.184648175720624197e-01,-5.184648175720585339e-01,-5.184648175720514285e-01,-5.184648175720643071e-01,-5.184648175720503183e-01,-5.184648175720664165e-01,-5.184648175720547592e-01,-5.184648175720575347e-01,-5.184648175720565355e-01,-5.184648175720553143e-01,-5.184648175720512064e-01,-5.184648175720669716e-01,-5.184648175720560914e-01,-5.184648175720616425e-01
-5.083481709813859606e-01,-5.083481709813923999e-01,-5.083481709813831850e-01,-5.083481709814036131e-01,-5.083481709813840732e-01,-5.083481709813948424e-01,-5.083481709813957305e-01,-5.083481709813890692e-01,-5.083481709813826299e-01,-5.083481709813949534e-01,-5.083481709813817417e-01,-5.083481709813970628e-01,-5.083481709813831850e-01,-5.083481709813879590e-01,-5.083481709813899574e-01,-5.083481709813890692e-01,-5.083481709813797433e-01,-5.083481709813971738e-01,-5.083481709813872929e-01,-5.083481709813921778e-01
-4.998608731379525216e-01,-4.998608731379580727e-01,-4.998608731379460268e-01,-4.998608731379680092e-01,-4.998608731379491354e-01,-4.998608731379615144e-01,-4.998608731379615699e-01,-4.998608731379539649e-01,-4.998608731379490244e-01,-4.998608731379598491e-01,-4.998608731379473036e-01,-4.998608731379614589e-01,-4.998608731379466374e-01,-4.998608731379532988e-01,-4.998608731379570735e-01,-4.998608731379575731e-01,-4.998608731379435288e-01,-4.998608731379608483e-01,-4.998608731379519665e-01,-4.998608731379566295e-01
-4.940657007777142784e-01,-4.940657007777194965e-01,-4.940657007777035092e-01,-4.940657007777264909e-01,-4.940657007777093934e-01,-4.940657007777216059e-01,-4.940657007777207177e-01,-4.940657007777135568e-01,-4.940657007777110588e-01,-4.940657007777193299e-01,-4.940657007777073395e-01,-4.940657007777203291e-01,-4.940657007777061183e-01,-4.940657007777141119e-01,-4.940657007777174980e-01,-4.940657007777204957e-01,-4.940657007777031762e-01,-4.940657007777190524e-01,-4.940657007777108922e-01,-4.940657007777158327e-01
-4.904008601250451904e-01,-4.904008601250499089e-01,-4.904008601250309241e-01,-4.904008601250534616e-01,-4.904008601250385846e-01,-4.904008601250487431e-01,-4.904008601250477994e-01,-4.904008601250419153e-01,-4.904008601250424149e-01,-4.904008601250476884e-01,-4.904008601250359201e-01,-4.904008601250482990e-01,-4.904008601250356980e-01,-4.904008601250443578e-01,-4.904008601250450239e-01,-4.904008601250513522e-01,-4.904008601250332000e-01,-4.904008601250464672e-01,-4.904008601250388066e-01,-4.904008601250440247e-01
-4.873503647330410526e-01,-4.873503647330456046e-01,-4.873503647330252875e-01,-4.873503647330462152e-01,-4.873503647330338917e-01,-4.873503647330401645e-01,-4.873503647330399424e-01,-4.873503647330360566e-01,-4.873503647330390542e-01,-4.873503647330412192e-01,-4.873503647330295063e-01,-4.873503647330414967e-01,-4.873503647330316157e-01,-4.873503647330399979e-01,-4.873503647330365007e-01,-4.873503647330462152e-01,-4.873503647330292843e-01,-4.873503647330398314e-01,-4.873503647330325594e-01,-4.873503647330377220e-01
-4.835308746805146995e-01,-4.835308746805204727e-01,-4.835308746805011548e-01,-4.835308746805194735e-01,-4.835308746805095925e-01,-4.835308746805112579e-01,-4.835308746805118685e-01,-4.835308746805097591e-01,-4.835308746805145885e-01,-4.835308746805138669e-01,-4.835308746805023761e-01,-4.835308746805140334e-01,-4.835308746805071500e-01,-4.835308746805149216e-01,-4.835308746805062619e-01,-4.835308746805192515e-01,-4.835308746805051516e-01,-4.835308746805132007e-01,-4.835308746805061508e-01,-4.835308746805109803e-01
-4.784208536726125560e-01,-4.784208536726214933e-01,-4.784208536726051175e-01,-4.784208536726206606e-01,-4.784208536726127781e-01,-4.784208536726096694e-01,-4.784208536726112238e-01,-4.784208536726106686e-01,-4.784208536726159977e-01,-4.784208536726130001e-01,-4.784208536726021199e-01,-4.784208536726135552e-01,-4.784208536726094474e-01,-4.784208536726166083e-01,-4.784208536726027305e-01,-4.784208536726183292e-01,-4.784208536726077821e-01,-4.784208536726136662e-01,-4.784208536726071159e-01,-4.784208536726111127e-01
-4.724295460294390403e-01,-4.724295460294515858e-01,-4.724295460294392623e-01,-4.724295460294515858e-01,-4.724295460294460347e-01,-4.724295460294387627e-01,-4.724295460294413163e-01,-4.724295460294423155e-01,-4.724295460294466453e-01,-4.724295460294423155e-01,-4.724295460294328786e-01,-4.724295460294431481e-01,-4.724295460294413718e-01,-4.724295460294483107e-01,-4.724295460294301585e-01,-4.724295460294473115e-01,-4.724295460294400950e-01,-4.724295460294444249e-01,-4.724295460294386517e-01,-4.724295460294418159e-01
-4.663594547037145377e-01,-4.663594547037303029e-01,-4.663594547037209770e-01,-4.663594547037307469e-01,-4.663594547037279159e-01,-4.663594547037178684e-01,-4.663594547037214211e-01,-4.663594547037227533e-01,-4.663594547037253069e-01,-4.663594547037209770e-01,-4.663594547037138716e-01,-4.663594547037221982e-01,-4.663594547037215321e-01,-4.663594547037288041e-01,-4.663594547037084315e-01,-4.663594547037256954e-01,-4.663594547037207549e-01,-4.663594547037241966e-01,-4.663594547037193117e-01,-4.663594547037223093e-01
-4.607910070702747607e-01,-4.607910070702930794e-01,-4.607910070702851968e-01,-4.607910070702930794e-01,-4.607910070702933014e-01,-4.607910070702818661e-01,-4.607910070702865291e-01,-4.607910070702871952e-01,-4.607910070702873062e-01,-4.607910070702841421e-01,-4.607910070702797567e-01,-4.607910070702859184e-01,-4.607910070702846972e-01,-4.607910070702930794e-01,-4.607910070702726513e-01,-4.607910070702885830e-01,-4.607910070702847527e-01,-4.607910070702877503e-01,-4.607910070702839755e-01,-4.607910070702875283e-01
-4.558536627558824605e-01,-4.558536627559017784e-01,-4.558536627558945065e-01,-4.558536627559004462e-01,-4.558536627559042209e-01,-4.558536627558924526e-01,-4.558536627558981147e-01,-4.558536627558974486e-01,-4.558536627558948950e-01,-4.558536627558940069e-01,-4.558536627558918974e-01,-4.558536627558957277e-01,-4.558536627558932852e-01,-4.558536627559028886e-01,-4.558536627558845700e-01,-4.558536627558979482e-01,-4.558536627558939514e-01,-4.558536627558970600e-01,-4.558536627558941179e-01,-4.558536627558994470e-01
-4.513479426842851860e-01,-4.513479426843040043e-01,-4.513479426842957332e-01,-4.513479426843004516e-01,-4.513479426843076125e-01,-4.513479426842965103e-01,-4.513479426843027831e-01,-4.513479426842997855e-01,-4.513479426842955111e-01,-4.513479426842971209e-01,-4.513479426842965658e-01,-4.513479426842982312e-01,-4.513479426842942899e-01,-4.513479426843048925e-01,-4.513479426842904041e-01,-4.513479426843003961e-01,-4.513479426842955111e-01,-4.513479426842993414e-01,-4.513479426842965658e-01,-4.513479426843043929e-01
-4.470608750314785662e-01,-4.470608750314964408e-01,-4.470608750314853941e-01,-4.470608750314906676e-01,-4.470608750314992719e-01,-4.470608750314891688e-01,-4.470608750314958302e-01,-4.470608750314903901e-01,-4.470608750314856161e-01,-4.470608750314889468e-01,-4.470608750314896129e-01,-4.470608750314896684e-01,-4.470608750314840063e-01,-4.470608750314949975e-01,-4.470608750314852831e-01,-4.470608750314919444e-01,-4.470608750314857271e-01,-4.470608750314908342e-01,-4.470608750314873370e-01,-4.470608750314979396e-01
-4.429659401167656552e-01,-4.429659401167828081e-01,-4.429659401167687083e-01,-4.429659401167752031e-01,-4.429659401167831412e-01,-4.429659401167738708e-01,-4.429659401167809207e-01,-4.429659401167739263e-01,-4.429659401167694854e-01,-4.429659401167739263e-01,-4.429659401167746480e-01,-4.429659401167743704e-01,-4.429659401167672095e-01,-4.429659401167774790e-01,-4.429659401167727606e-01,-4.429659401167765909e-01,-4.429659401167692634e-01,-4.429659401167761468e-01,-4.429659401167705957e-01,-4.429659401167837518e-01
-4.392830121533323195e-01,-4.392830121533493615e-01,-4.392830121533331522e-01,-4.392830121533408683e-01,-4.392830121533463084e-01,-4.392830121533372600e-01,-4.392830121533448651e-01,-4.392830121533378707e-01,-4.392830121533341514e-01,-4.392830121533389254e-01,-4.392830121533383148e-01,-4.392830121533390919e-01,-4.392830121533314869e-01,-4.392830121533397025e-01,-4.392830121533394250e-01,-4.392830121533410903e-01,-4.392830121533329857e-01,-4.392830121533418675e-01,-4.392830121533333188e-01,-4.392830121533485288e-01
-4.364355960720353034e-01,-4.364355960720522898e-01,-4.364355960720353034e-01,-4.364355960720443517e-01,-4.364355960720463501e-01,-4.364355960720375238e-01,-4.364355960720449068e-01,-4.364355960720392447e-01,-4.364355960720365246e-01,-4.364355960720411876e-01,-4.364355960720380789e-01,-4.364355960720411320e-01,-4.364355960720338601e-01,-4.364355960720389116e-01,-4.364355960720419647e-01,-4.364355960720424088e-01,-4.364355960720340266e-01,-4.364355960720450178e-01,-4.364355960720330274e-01,-4.364355960720494587e-01
-4.347726774158221508e-01,-4.347726774158388041e-01,-4.347726774158222618e-01,-4.347726774158329199e-01,-4.347726774158310326e-01,-4.347726774158237606e-01,-4.347726774158297003e-01,-4.347726774158258145e-01,-4.347726774158240937e-01,-4.347726774158287011e-01,-4.347726774158221508e-01,-4.347726774158284790e-01,-4.347726774158223173e-01,-4.347726774158233165e-01,-4.347726774158284790e-01,-4.347726774158284235e-01,-4.347726774158200969e-01,-4.347726774158331420e-01,-4.347726774158175989e-01,-4.347726774158348073e-01
-4.341539898828695732e-01,-4.341539898828857824e-01,-4.341539898828692401e-01,-4.341539898828826738e-01,-4.341539898828770117e-01,-4.341539898828725152e-01,-4.341539898828757349e-01,-4.341539898828739585e-01,-4.341539898828734034e-01,-4.341539898828775668e-01,-4.341539898828672417e-01,-4.341539898828766231e-01,-4.341539898828725708e-01,-4.341539898828695732e-01,-4.341539898828754573e-01,-4.341539898828755684e-01,-4.341539898828674637e-01,-4.341539898828821187e-01,-4.341539898828634669e-01,-4.341539898828812305e-01
-4.335272182091569060e-01,-4.335272182091725046e-01,-4.335272182091556292e-01,-4.335272182091726156e-01,-4.335272182091630677e-01,-4.335272182091625681e-01,-4.335272182091621795e-01,-4.335272182091625126e-01,-4.335272182091630122e-01,-4.335272182091663984e-01,-4.335272182091531867e-01,-4.335272182091648996e-01,-4.335272182091634008e-01,-4.335272182091572390e-01,-4.335272182091626236e-01,-4.335272182091631787e-01,-4.335272182091551851e-01,-4.335272182091710058e-01,-4.335272182091501891e-01,-4.335272182091681747e-01
-4.310709016190810150e-01,-4.310709016190962251e-01,-4.310709016190792386e-01,-4.310709016190990006e-01,-4.310709016190859000e-01,-4.310709016190904519e-01,-4.310709016190860665e-01,-4.310709016190883980e-01,-4.310709016190891196e-01,-4.310709016190925613e-01,-4.310709016190773513e-01,-4.310709016190905629e-01,-4.310709016190915621e-01,-4.310709016190834020e-01,-4.310709016190874543e-01,-4.310709016190888976e-01,-4.310709016190808485e-01,-4.310709016190970022e-01,-4.310709016190751308e-01,-4.310709016190930054e-01
-4.251711065738212891e-01,-4.251711065738359996e-01,-4.251711065738188466e-01,-4.251711065738403295e-01,-4.251711065738246198e-01,-4.251711065738336126e-01,-4.251711065738257855e-01,-4.251711065738301154e-01,-4.251711065738301154e-01,-4.251711065738345008e-01,-4.251711065738182360e-01,-4.251711065738317252e-01,-4.251711065738345008e-01,-4.251711065738262851e-01,-4.251711065738285056e-01,-4.251711065738310591e-01,-4.251711065738224549e-01,-4.251711065738384421e-01,-4.251711065738166262e-01,-4.251711065738341122e-01
-4.156426035323481649e-01,-4.156426035323623203e-01,-4.156426035323457224e-01,-4.156426035323678159e-01,-4.156426035323501633e-01,-4.156426035323628199e-01,-4.156426035323518287e-01,-4.156426035323582679e-01,-4.156426035323562140e-01,-4.156426035323620427e-01,-4.156426035323462775e-01,-4.156426035323587120e-01,-4.156426035323624868e-01,-4.156426035323557144e-01,-4.156426035323558255e-01,-4.156426035323597667e-01,-4.156426035323503854e-01,-4.156426035323658730e-01,-4.156426035323449453e-01,-4.156426035323618762e-01
-4.043327014817298393e-01,-4.043327014817444942e-01,-4.043327014817282294e-01,-4.043327014817512666e-01,-4.043327014817310605e-01,-4.043327014817462151e-01,-4.043327014817325038e-01,-4.043327014817411635e-01,-4.043327014817360565e-01,-4.043327014817437171e-01,-4.043327014817296727e-01,-4.043327014817396647e-01,-4.043327014817433840e-01,-4.043327014817391651e-01,-4.043327014817373333e-01,-4.043327014817431619e-01,-4.043327014817328369e-01,-4.043327014817477694e-01,-4.043327014817286180e-01,-4.043327014817444387e-01
-3.944279942678867723e-01,-3.944279942679029816e-01,-3.944279942678858286e-01,-3.944279942679103090e-01,-3.944279942678872719e-01,-3.944279942679043693e-01,-3.944279942678882156e-01,-3.944279942678988737e-01,-3.944279942678897144e-01,-3.944279942678994288e-01,-3.944279942678881046e-01,-3.944279942678947659e-01,-3.944279942678974304e-01,-3.944279942678964312e-01,-3.944279942678927675e-01,-3.944279942679009832e-01,-3.944279942678898254e-01,-3.944279942679040918e-01,-3.944279942678872164e-01,-3.944279942679017603e-01
-3.889208784902478122e-01,-3.889208784902656868e-01,-3.889208784902469240e-01,-3.889208784902726812e-01,-3.889208784902476457e-01,-3.889208784902661864e-01,-3.889208784902477012e-01,-3.889208784902608018e-01,-3.889208784902467020e-01,-3.889208784902586924e-01,-3.889208784902501437e-01,-3.889208784902534743e-01,-3.889208784902544180e-01,-3.889208784902567495e-01,-3.889208784902512539e-01,-3.889208784902619120e-01,-3.889208784902501437e-01,-3.889208784902634664e-01,-3.889208784902494775e-01,-3.889208784902625782e-01
-3.891429330499390771e-01,-3.891429330499583950e-01,-3.891429330499379113e-01,-3.891429330499642791e-01,-3.891429330499382999e-01,-3.891429330499582284e-01,-3.891429330499379113e-01,-3.891429330499532324e-01,-3.891429330499343031e-01,-3.891429330499484029e-01,-3.891429330499422412e-01,-3.891429330499427963e-01,-3.891429330499413530e-01,-3.891429330499471817e-01,-3.891429330499397987e-01,-3.891429330499523997e-01,-3.891429330499402428e-01,-3.891429330499525108e-01,-3.891429330499415196e-01,-3.891429330499533434e-01
-3.941611761557800020e-01,-3.941611761558007632e-01,-3.941611761557779481e-01,-3.941611761558051485e-01,-3.941611761557783922e-01,-3.941611761557997085e-01,-3.941611761557776150e-01,-3.941611761557957117e-01,-3.941611761557725080e-01,-3.941611761557883842e-01,-3.941611761557836657e-01,-3.941611761557823335e-01,-3.941611761557784477e-01,-3.941611761557873850e-01,-3.941611761557779481e-01,-3.941611761557919369e-01,-3.941611761557793914e-01,-3.941611761557904936e-01,-3.941611761557826110e-01,-3.941611761557933802e-01
-4.012075110066881667e-01,-4.012075110067090944e-01,-4.012075110066832262e-01,-4.012075110067118699e-01,-4.012075110066847250e-01,-4.012075110067064299e-01,-4.012075110066827266e-01,-4.012075110067043759e-01,-4.012075110066783967e-01,-4.012075110066949390e-01,-4.012075110066908867e-01,-4.012075110066887218e-01,-4.012075110066828376e-01,-4.012075110066943839e-01,-4.012075110066826711e-01,-4.012075110066976036e-01,-4.012075110066843919e-01,-4.012075110066946060e-01,-4.012075110066891659e-01,-4.012075110066993799e-01
-4.066575335473766595e-01,-4.066575335473963104e-01,-4.066575335473681108e-01,-4.066575335473978647e-01,-4.066575335473705533e-01,-4.066575335473922026e-01,-4.066575335473670560e-01,-4.066575335473924802e-01,-4.066575335473654462e-01,-4.066575335473823216e-01,-4.066575335473774366e-01,-4.066575335473761044e-01,-4.066575335473687769e-01,-4.066575335473822106e-01,-4.066575335473682218e-01,-4.066575335473836539e-01,-4.066575335473697761e-01,-4.066575335473792685e-01,-4.066575335473751052e-01,-4.066575335473851527e-01
-4.073873197595266338e-01,-4.073873197595452855e-01,-4.073873197595148099e-01,-4.073873197595461182e-01,-4.073873197595183626e-01,-4.073873197595399565e-01,-4.073873197595133111e-01,-4.073873197595422879e-01,-4.073873197595155315e-01,-4.073873197595324624e-01,-4.073873197595255791e-01,-4.073873197595271889e-01,-4.073873197595184181e-01,-4.073873197595330176e-01,-4.073873197595170303e-01,-4.073873197595327955e-01,-4.073873197595184736e-01,-4.073873197595274109e-01,-4.073873197595232476e-01,-4.073873197595331286e-01
-4.020669021423334821e-01,-4.020669021423518563e-01,-4.020669021423197709e-01,-4.020669021423528000e-01,-4.020669021423238787e-01,-4.020669021423460832e-01,-4.020669021423176615e-01,-4.020669021423495249e-01,-4.020669021423237122e-01,-4.020669021423406986e-01,-4.020669021423308731e-01,-4.020669021423369238e-01,-4.020669021423267653e-01,-4.020669021423418643e-01,-4.020669021423246559e-01,-4.020669021423406986e-01,-4.020669021423263212e-01,-4.020669021423348699e-01,-4.020669021423293188e-01,-4.020669021423387002e-01
-3.919426816253761547e-01,-3.919426816253949175e-01,-3.919426816253632762e-01,-3.919426816253977486e-01,-3.919426816253667178e-01,-3.919426816253905321e-01,-3.919426816253604451e-01,-3.919426816253938628e-01,-3.919426816253690493e-01,-3.919426816253867019e-01,-3.919426816253724910e-01,-3.919426816253844814e-01,-3.919426816253728241e-01,-3.919426816253879786e-01,-3.919426816253699375e-01,-3.919426816253866463e-01,-3.919426816253727131e-01,-3.919426816253811507e-01,-3.919426816253734902e-01,-3.919426816253820389e-01
-3.804312098676478904e-01,-3.804312098676667642e-01,-3.804312098676373988e-01,-3.804312098676727039e-01,-3.804312098676396192e-01,-3.804312098676659315e-01,-3.804312098676341236e-01,-3.804312098676675413e-01,-3.804312098676433385e-01,-3.804312098676619902e-01,-3.804312098676428944e-01,-3.804312098676610465e-01,-3.804312098676478904e-01,-3.804312098676631004e-01,-3.804312098676447262e-01,-3.804312098676621567e-01,-3.804312098676486675e-01,-3.804312098676578824e-01,-3.804312098676478904e-01,-3.804312098676556064e-01
-3.714139811990967988e-01,-3.714139811991152840e-01,-3.714139811990895823e-01,-3.714139811991243878e-01,-3.714139811990899154e-01,-3.714139811991186146e-01,-3.714139811990856410e-01,-3.714139811991176154e-01,-3.714139811990934126e-01,-3.714139811991136186e-01,-3.714139811990891382e-01,-3.714139811991131190e-01,-3.714139811990986861e-01,-3.714139811991138407e-01,-3.714139811990956330e-01,-3.714139811991137297e-01,-3.714139811991006290e-01,-3.714139811991112872e-01,-3.714139811990991857e-01,-3.714139811991064022e-01
-3.672029055267748143e-01,-3.672029055267936881e-01,-3.672029055267712616e-01,-3.672029055268050124e-01,-3.672029055267693742e-01,-3.672029055268003495e-01,-3.672029055267667652e-01,-3.672029055267960751e-01,-3.672029055267711506e-01,-3.672029055267941322e-01,-3.672029055267640452e-01,-3.672029055267930220e-01,-3.672029055267767017e-01,-3.672029055267919118e-01,-3.672029055267745368e-01,-3.672029055267927999e-01,-3.672029055267799769e-01,-3.672029055267923559e-01,-3.672029055267788111e-01,-3.672029055267862496e-01
-3.674556229545392072e-01,-3.674556229545589137e-01,-3.674556229545384856e-01,-3.674556229545707375e-01,-3.674556229545344888e-01,-3.674556229545672958e-01,-3.674556229545341557e-01,-3.674556229545601349e-01,-3.674556229545344332e-01,-3.674556229545605235e-01,-3.674556229545263286e-01,-3.674556229545582475e-01,-3.674556229545397623e-01,-3.674556229545549169e-01,-3.674556229545389852e-01,-3.674556229545568042e-01,-3.674556229545436481e-01,-3.674556229545579700e-01,-3.674556229545434261e-01,-3.674556229545521413e-01
-3.698209125818410214e-01,-3.698209125818613940e-01,-3.698209125818416876e-01,-3.698209125818723297e-01,-3.698209125818359144e-01,-3.698209125818696097e-01,-3.698209125818379128e-01,-3.698209125818610055e-01,-3.698209125818344711e-01,-3.698209125818645582e-01,-3.698209125818273657e-01,-3.698209125818609500e-01,-3.698209125818398002e-01,-3.698209125818550103e-01,-3.698209125818405774e-01,-3.698209125818573417e-01,-3.698209125818433529e-01,-3.698209125818594512e-01,-3.698209125818441301e-01,-3.698209125818550658e-01
-3.714388554173041479e-01,-3.714388554173242429e-01,-3.714388554173034818e-01,-3.714388554173334023e-01,-3.714388554172977086e-01,-3.714388554173310708e-01,-3.714388554173007617e-01,-3.714388554173228552e-01,-3.714388554172953771e-01,-3.714388554173294610e-01,-3.714388554172903811e-01,-3.714388554173247980e-01,-3.714388554173011503e-01,-3.714388554173169155e-01,-3.714388554173031487e-01,-3.714388554173186918e-01,-3.714388554173031487e-01,-3.714388554173210233e-01,-3.714388554173048140e-01,-3.714388554173188028e-01
-3.702988292377136226e-01,-3.702988292377326629e-01,-3.702988292377105140e-01,-3.702988292377396018e-01,-3.702988292377051294e-01,-3.702988292377367707e-01,-3.702988292377084045e-01,-3.702988292377312751e-01,-3.702988292377019652e-01,-3.702988292377401569e-01,-3.702988292376999113e-01,-3.702988292377344948e-01,-3.702988292377087376e-01,-3.702988292377259461e-01,-3.702988292377122903e-01,-3.702988292377263901e-01,-3.702988292377089596e-01,-3.702988292377283885e-01,-3.702988292377110136e-01,-3.702988292377285551e-01
-3.658630213893150351e-01,-3.658630213893337979e-01,-3.658630213893101502e-01,-3.658630213893386274e-01,-3.658630213893053762e-01,-3.658630213893346861e-01,-3.658630213893079852e-01,-3.658630213893329652e-01,-3.658630213893014904e-01,-3.658630213893429017e-01,-3.658630213893021565e-01,-3.658630213893363514e-01,-3.658630213893090399e-01,-3.658630213893283578e-01,-3.658630213893143690e-01,-3.658630213893274696e-01,-3.658630213893083738e-01,-3.658630213893286909e-01,-3.658630213893098171e-01,-3.658630213893308558e-01
-3.590933003906146004e-01,-3.590933003906333076e-01,-3.590933003906084942e-01,-3.590933003906368604e-01,-3.590933003906048304e-01,-3.590933003906312537e-01,-3.590933003906065513e-01,-3.590933003906338628e-01,-3.590933003905995013e-01,-3.590933003906430221e-01,-3.590933003906018883e-01,-3.590933003906362497e-01,-3.590933003906074394e-01,-3.590933003906294774e-01,-3.590933003906147114e-01,-3.590933003906275900e-01,-3.590933003906076060e-01,-3.590933003906279786e-01,-3.590933003906073839e-01,-3.590933003906314758e-01
-3.520520047072491776e-01,-3.520520047072679404e-01,-3.520520047072425163e-01,-3.520520047072707159e-01,-3.520520047072408509e-01,-3.520520047072637770e-01,-3.520520047072406289e-01,-3.520520047072703829e-01,-3.520520047072328573e-01,-3.520520047072767666e-01,-3.520520047072356329e-01,-3.520520047072703829e-01,-3.520520047072404068e-01,-3.520520047072650538e-01,-3.520520047072493441e-01,-3.520520047072633329e-01,-3.520520047072427383e-01,-3.520520047072631664e-01,-3.520520047072406844e-01,-3.520520047072667746e-01
-3.469339617383871976e-01,-3.469339617384070706e-01,-3.469339617383817576e-01,-3.469339617384095686e-01,-3.469339617383823127e-01,-3.469339617384016305e-01,-3.469339617383790375e-01,-3.469339617384113450e-01,-3.469339617383708774e-01,-3.469339617384136765e-01,-3.469339617383731533e-01,-3.469339617384082364e-01,-3.469339617383776497e-01,-3.469339617384042396e-01,-3.469339617383868646e-01,-3.469339617384035179e-01,-3.469339617383824237e-01,-3.469339617384030738e-01,-3.469339617383788710e-01,-3.469339617384059604e-01
-3.449029030462903989e-01,-3.449029030463113821e-01,-3.449029030462866796e-01,-3.449029030463134360e-01,-3.449029030462892331e-01,-3.449029030463055534e-01,-3.449029030462829049e-01,-3.449029030463169887e-01,-3.449029030462749112e-01,-3.449029030463156564e-01,-3.449029030462762990e-01,-3.449029030463113821e-01,-3.449029030462801293e-01,-3.449029030463082179e-01,-3.449029030462886225e-01,-3.449029030463087730e-01,-3.449029030462872347e-01,-3.449029030463085510e-01,-3.449029030462827938e-01,-3.449029030463099388e-01
-3.454060648815759915e-01,-3.454060648815977519e-01,-3.454060648815733270e-01,-3.454060648815984180e-01,-3.454060648815775458e-01,-3.454060648815916457e-01,-3.454060648815687196e-01,-3.454060648816036916e-01,-3.454060648815612256e-01,-3.454060648816004164e-01,-3.454060648815620582e-01,-3.454060648815971968e-01,-3.454060648815653334e-01,-3.454060648815940882e-01,-3.454060648815716061e-01,-3.454060648815956980e-01,-3.454060648815734380e-01,-3.454060648815958645e-01,-3.454060648815688861e-01,-3.454060648815954759e-01
-3.467834848933152303e-01,-3.467834848933377678e-01,-3.467834848933137870e-01,-3.467834848933368241e-01,-3.467834848933188385e-01,-3.467834848933312175e-01,-3.467834848933079583e-01,-3.467834848933432634e-01,-3.467834848933018521e-01,-3.467834848933402658e-01,-3.467834848933024627e-01,-3.467834848933375458e-01,-3.467834848933052938e-01,-3.467834848933342151e-01,-3.467834848933083469e-01,-3.467834848933360470e-01,-3.467834848933127323e-01,-3.467834848933364911e-01,-3.467834848933090686e-01,-3.467834848933344372e-01
-3.475107707352074193e-01,-3.475107707352311226e-01,-3.475107707352074193e-01,-3.475107707352290687e-01,-3.475107707352127484e-01,-3.475107707352242392e-01,-3.475107707351998143e-01,-3.475107707352352304e-01,-3.475107707351963171e-01,-3.475107707352342867e-01,-3.475107707351968722e-01,-3.475107707352318442e-01,-3.475107707351996478e-01,-3.475107707352284581e-01,-3.475107707351988706e-01,-3.475107707352298458e-01,-3.475107707352048658e-01,-3.475107707352301789e-01,-3.475107707352028119e-01,-3.475107707352269037e-01
-3.470258635211728171e-01,-3.470258635211973530e-01,-3.470258635211732612e-01,-3.470258635211951881e-01,-3.470258635211789788e-01,-3.470258635211904696e-01,-3.470258635211649345e-01,-3.470258635211990184e-01,-3.470258635211639353e-01,-3.470258635212014053e-01,-3.470258635211642684e-01,-3.470258635211992404e-01,-3.470258635211672105e-01,-3.470258635211960763e-01,-3.470258635211627141e-01,-3.470258635211967979e-01,-3.470258635211694309e-01,-3.470258635211965759e-01,-3.470258635211699305e-01,-3.470258635211925791e-01
-3.455208153924833603e-01,-3.455208153925080627e-01,-3.455208153924835823e-01,-3.455208153925061199e-01,-3.455208153924895775e-01,-3.455208153925017900e-01,-3.455208153924755332e-01,-3.455208153925070635e-01,-3.455208153924758663e-01,-3.455208153925125591e-01,-3.455208153924756442e-01,-3.455208153925107828e-01,-3.455208153924789194e-01,-3.455208153925086179e-01,-3.455208153924720360e-01,-3.455208153925083958e-01,-3.455208153924784198e-01,-3.455208153925075076e-01,-3.455208153924819725e-01,-3.455208153925032888e-01
-3.432713520718725375e-01,-3.432713520718959632e-01,-3.432713520718719824e-01,-3.432713520718942979e-01,-3.432713520718776445e-01,-3.432713520718909672e-01,-3.432713520718649880e-01,-3.432713520718930766e-01,-3.432713520718645439e-01,-3.432713520719004041e-01,-3.432713520718632116e-01,-3.432713520718990718e-01,-3.432713520718672640e-01,-3.432713520718987388e-01,-3.432713520718597699e-01,-3.432713520718975175e-01,-3.432713520718652100e-01,-3.432713520718959632e-01,-3.432713520718714273e-01,-3.432713520718921885e-01
-3.403362895375828256e-01,-3.403362895376049746e-01,-3.403362895375824371e-01,-3.403362895376037534e-01,-3.403362895375864339e-01,-3.403362895376012554e-01,-3.403362895375767749e-01,-3.403362895376004227e-01,-3.403362895375733888e-01,-3.403362895376081387e-01,-3.403362895375706687e-01,-3.403362895376072506e-01,-3.403362895375754427e-01,-3.403362895376090824e-01,-3.403362895375687258e-01,-3.403362895376076946e-01,-3.403362895375728336e-01,-3.403362895376053077e-01,-3.403362895375814934e-01,-3.403362895376023101e-01
-3.366128877499647842e-01,-3.366128877499860450e-01,-3.366128877499648953e-01,-3.366128877499861005e-01,-3.366128877499664496e-01,-3.366128877499829919e-01,-3.366128877499608429e-01,-3.366128877499801608e-01,-3.366128877499539040e-01,-3.366128877499863226e-01,-3.366128877499492411e-01,-3.366128877499862115e-01,-3.366128877499540706e-01,-3.366128877499899863e-01,-3.366128877499494076e-01,-3.366128877499894867e-01,-3.366128877499520722e-01,-3.366128877499864336e-01,-3.366128877499624528e-01,-3.366128877499840466e-01
-3.319559833160983242e-01,-3.319559833161191964e-01,-3.319559833160991014e-01,-3.319559833161207507e-01,-3.319559833160978246e-01,-3.319559833161163098e-01,-3.319559833160969364e-01,-3.319559833161128126e-01,-3.319559833160867779e-01,-3.319559833161164208e-01,-3.319559833160805606e-01,-3.319559833161169760e-01,-3.319559833160842799e-01,-3.319559833161220830e-01,-3.319559833160821150e-01,-3.319559833161234152e-01,-3.319559833160835582e-01,-3.319559833161195295e-01,-3.319559833160944384e-01,-3.319559833161173645e-01
-3.261774683504305994e-01,-3.261774683504519157e-01,-3.261774683504322647e-01,-3.261774683504546357e-01,-3.261774683504282679e-01,-3.261774683504485295e-01,-3.261774683504317651e-01,-3.261774683504453098e-01,-3.261774683504200523e-01,-3.261774683504472527e-01,-3.261774683504127248e-01,-3.261774683504481964e-01,-3.261774683504146122e-01,-3.261774683504537475e-01,-3.261774683504149452e-01,-3.261774683504572447e-01,-3.261774683504153338e-01,-3.261774683504524153e-01,-3.261774683504251593e-01,-3.261774683504495287e-01
-3.194717922296249069e-01,-3.194717922296470558e-01,-3.194717922296272383e-01,-3.194717922296504975e-01,-3.194717922296215762e-01,-3.194717922296427259e-01,-3.194717922296282375e-01,-3.194717922296407830e-01,-3.194717922296170243e-01,-3.194717922296422818e-01,-3.194717922296093082e-01,-3.194717922296435031e-01,-3.194717922296086976e-01,-3.194717922296488322e-01,-3.194717922296113066e-01,-3.194717922296539947e-01,-3.194717922296108070e-01,-3.194717922296482215e-01,-3.194717922296180790e-01,-3.194717922296439472e-01
-3.129183613544717080e-01,-3.129183613544942455e-01,-3.129183613544730957e-01,-3.129183613544983533e-01,-3.129183613544684883e-01,-3.129183613544889164e-01,-3.129183613544756493e-01,-3.129183613544885278e-01,-3.129183613544669895e-01,-3.129183613544907483e-01,-3.129183613544597176e-01,-3.129183613544923581e-01,-3.129183613544564979e-01,-3.129183613544969100e-01,-3.129183613544604392e-01,-3.129183613545028497e-01,-3.129183613544591069e-01,-3.129183613544964104e-01,-3.129183613544630482e-01,-3.129183613544905818e-01
-3.084440887440204615e-01,-3.084440887440428880e-01,-3.084440887440195178e-01,-3.084440887440474954e-01,-3.084440887440180745e-01,-3.084440887440362267e-01,-3.084440887440228485e-01,-3.084440887440376144e-01,-3.084440887440182966e-01,-3.084440887440406120e-01,-3.084440887440116907e-01,-3.084440887440427215e-01,-3.084440887440068613e-01,-3.084440887440468848e-01,-3.084440887440107470e-01,-3.084440887440525469e-01,-3.084440887440089152e-01,-3.084440887440459411e-01,-3.084440887440098034e-01,-3.084440887440389467e-01
-3.077447512818980435e-01,-3.077447512819204700e-01,-3.077447512818950459e-01,-3.077447512819246889e-01,-3.077447512818972664e-01,-3.077447512819125874e-01,-3.077447512818980435e-01,-3.077447512819150299e-01,-3.077447512818979325e-01,-3.077447512819189712e-01,-3.077447512818920483e-01,-3.077447512819215247e-01,-3.077447512818865527e-01,-3.077447512819255770e-01,-3.077447512818896058e-01,-3.077447512819302955e-01,-3.077447512818877184e-01,-3.077447512819242448e-01,-3.077447512818861086e-01,-3.077447512819169728e-01
-3.109956580385662139e-01,-3.109956580385898062e-01,-3.109956580385619951e-01,-3.109956580385922487e-01,-3.109956580385677127e-01,-3.109956580385806468e-01,-3.109956580385646596e-01,-3.109956580385827563e-01,-3.109956580385673242e-01,-3.109956580385880298e-01,-3.109956580385627722e-01,-3.109956580385908609e-01,-3.109956580385573321e-01,-3.109956580385946356e-01,-3.109956580385591640e-01,-3.109956580385984104e-01,-3.109956580385575542e-01,-3.109956580385936364e-01,-3.109956580385543345e-01,-3.109956580385871971e-01
-3.165053325515002625e-01,-3.165053325515254645e-01,-3.165053325514955440e-01,-3.165053325515250759e-01,-3.165053325515039262e-01,-3.165053325515151950e-01,-3.165053325514979310e-01,-3.165053325515164717e-01,-3.165053325515015947e-01,-3.165053325515229110e-01,-3.165053325514984861e-01,-3.165053325515256311e-01,-3.165053325514938232e-01,-3.165053325515289062e-01,-3.165053325514941562e-01,-3.165053325515316818e-01,-3.165053325514930460e-01,-3.165053325515287952e-01,-3.165053325514892713e-01,-3.165053325515243543e-01
-3.215694673675870696e-01,-3.215694673676142701e-01,-3.215694673675825177e-01,-3.215694673676108284e-01,-3.215694673675920656e-01,-3.215694673676026683e-01,-3.215694673675847937e-01,-3.215694673676034454e-01,-3.215694673675881798e-01,-3.215694673676096071e-01,-3.215694673675860704e-01,-3.215694673676124382e-01,-3.215694673675829063e-01,-3.215694673676149362e-01,-3.215694673675809079e-01,-3.215694673676170456e-01,-3.215694673675807413e-01,-3.215694673676164905e-01,-3.215694673675776327e-01,-3.215694673676146031e-01
-3.237466189382695037e-01,-3.237466189382999238e-01,-3.237466189382666171e-01,-3.237466189382931514e-01,-3.237466189382759429e-01,-3.237466189382864901e-01,-3.237466189382688375e-01,-3.237466189382869342e-01,-3.237466189382707249e-01,-3.237466189382918746e-01,-3.237466189382695037e-01,-3.237466189382944837e-01,-3.237466189382678383e-01,-3.237466189382964821e-01,-3.237466189382632864e-01,-3.237466189382978698e-01,-3.237466189382639525e-01,-3.237466189383003123e-01,-3.237466189382625092e-01,-3.237466189383006454e-01
-3.216613144166500238e-01,-3.216613144166847738e-01,-3.216613144166499128e-01,-3.216613144166744487e-01,-3.216613144166581284e-01,-3.216613144166687865e-01,-3.216613144166520222e-01,-3.216613144166695637e-01,-3.216613144166520777e-01,-3.216613144166727833e-01,-3.216613144166514671e-01,-3.216613144166750038e-01,-3.216613144166511895e-01,-3.216613144166761695e-01,-3.216613144166440286e-01,-3.216613144166774463e-01,-3.216613144166454719e-01,-3.216613144166826088e-01,-3.216613144166460270e-01,-3.216613144166842742e-01
-3.154749264520174679e-01,-3.154749264520570473e-01,-3.154749264520215757e-01,-3.154749264520442797e-01,-3.154749264520279040e-01,-3.154749264520388952e-01,-3.154749264520232410e-01,-3.154749264520405605e-01,-3.154749264520211871e-01,-3.154749264520422813e-01,-3.154749264520212981e-01,-3.154749264520435581e-01,-3.154749264520223528e-01,-3.154749264520441132e-01,-3.154749264520135821e-01,-3.154749264520456120e-01,-3.154749264520151364e-01,-3.154749264520527174e-01,-3.154749264520172458e-01,-3.154749264520545493e-01
-3.069740224952619556e-01,-3.069740224953049768e-01,-3.069740224952700602e-01,-3.069740224952914875e-01,-3.069740224952753893e-01,-3.069740224952861585e-01,-3.069740224952717811e-01,-3.069740224952888785e-01,-3.069740224952678953e-01,-3.069740224952896557e-01,-3.069740224952681729e-01,-3.069740224952894891e-01,-3.069740224952707264e-01,-3.069740224952897667e-01,-3.069740224952616781e-01,-3.069740224952919316e-01,-3.069740224952625662e-01,-3.069740224953000918e-01,-3.069740224952650642e-01,-3.069740224953013685e-01
-2.991420970763115084e-01,-2.991420970763546405e-01,-2.991420970763214449e-01,-2.991420970763427611e-01,-2.991420970763268850e-01,-2.991420970763373766e-01,-2.991420970763233322e-01,-2.991420970763408738e-01,-2.991420970763187248e-01,-2.991420970763410958e-01,-2.991420970763188358e-01,-2.991420970763392639e-01,-2.991420970763229437e-01,-2.991420970763400411e-01,-2.991420970763145615e-01,-2.991420970763431497e-01,-2.991420970763140064e-01,-2.991420970763508658e-01,-2.991420970763160603e-01,-2.991420970763515874e-01
-2.947460088658283017e-01,-2.947460088658693800e-01,-2.947460088658380162e-01,-2.947460088658604982e-01,-2.947460088658439004e-01,-2.947460088658545030e-01,-2.947460088658402921e-01,-2.947460088658579447e-01,-2.947460088658354072e-01,-2.947460088658581112e-01,-2.947460088658353516e-01,-2.947460088658550581e-01,-2.947460088658407362e-01,-2.947460088658567789e-01,-2.947460088658341859e-01,-2.947460088658609423e-01,-2.947460088658315214e-01,-2.947460088658669375e-01,-2.947460088658320210e-01,-2.947460088658676591e-01
-2.947751113864489070e-01,-2.947751113864871542e-01,-2.947751113864562345e-01,-2.947751113864808259e-01,-2.947751113864628403e-01,-2.947751113864741090e-01,-2.947751113864594541e-01,-2.947751113864772177e-01,-2.947751113864546801e-01,-2.947751113864777728e-01,-2.947751113864545691e-01,-2.947751113864734984e-01,-2.947751113864606198e-01,-2.947751113864759409e-01,-2.947751113864567896e-01,-2.947751113864814365e-01,-2.947751113864517936e-01,-2.947751113864851558e-01,-2.947751113864499617e-01,-2.947751113864865435e-01
-2.978533237370546982e-01,-2.978533237370896702e-01,-2.978533237370573072e-01,-2.978533237370845632e-01,-2.978533237370656894e-01,-2.978533237370781239e-01,-2.978533237370628584e-01,-2.978533237370803999e-01,-2.978533237370578624e-01,-2.978533237370814546e-01,-2.978533237370579734e-01,-2.978533237370766251e-01,-2.978533237370641351e-01,-2.978533237370790676e-01,-2.978533237370637465e-01,-2.978533237370858955e-01,-2.978533237370564746e-01,-2.978533237370869502e-01,-2.978533237370519782e-01,-2.978533237370896702e-01
-3.012102715190969615e-01,-3.012102715191284363e-01,-3.012102715190946300e-01,-3.012102715191238289e-01,-3.012102715191037339e-01,-3.012102715191177782e-01,-3.012102715191022906e-01,-3.012102715191194990e-01,-3.012102715190974611e-01,-3.012102715191208868e-01,-3.012102715190975721e-01,-3.012102715191158353e-01,-3.012102715191033453e-01,-3.012102715191177227e-01,-3.012102715191054547e-01,-3.012102715191258273e-01,-3.012102715190969060e-01,-3.012102715191248281e-01,-3.012102715190903002e-01,-3.012102715191289914e-01
-3.022217060892238294e-01,-3.022217060892519180e-01,-3.022217060892173901e-01,-3.022217060892481433e-01,-3.022217060892258278e-01,-3.022217060892414819e-01,-3.022217060892259943e-01,-3.022217060892434248e-01,-3.022217060892217200e-01,-3.022217060892447016e-01,-3.022217060892218310e-01,-3.022217060892397056e-01,-3.022217060892267160e-01,-3.022217060892403717e-01,-3.022217060892303797e-01,-3.022217060892494755e-01,-3.022217060892216089e-01,-3.022217060892473661e-01,-3.022217060892140594e-01,-3.022217060892526397e-01
-2.994838682509805006e-01,-2.994838682510057026e-01,-2.994838682509709527e-01,-2.994838682510024830e-01,-2.994838682509777250e-01,-2.994838682509946559e-01,-2.994838682509785022e-01,-2.994838682509967098e-01,-2.994838682509757266e-01,-2.994838682509980976e-01,-2.994838682509757821e-01,-2.994838682509933792e-01,-2.994838682509793348e-01,-2.994838682509924355e-01,-2.994838682509836092e-01,-2.994838682510018169e-01,-2.994838682509755601e-01,-2.994838682510001515e-01,-2.994838682509682881e-01,-2.994838682510052585e-01
-2.932091582012359976e-01,-2.932091582012602560e-01,-2.932091582012249509e-01,-2.932091582012568143e-01,-2.932091582012301134e-01,-2.932091582012477105e-01,-2.932091582012305575e-01,-2.932091582012493203e-01,-2.932091582012296693e-01,-2.932091582012509301e-01,-2.932091582012298914e-01,-2.932091582012470443e-01,-2.932091582012315012e-01,-2.932091582012442688e-01,-2.932091582012357756e-01,-2.932091582012530395e-01,-2.932091582012292252e-01,-2.932091582012530395e-01,-2.932091582012230080e-01,-2.932091582012565922e-01
-2.851336184663916251e-01,-2.851336184664164386e-01,-2.851336184663814111e-01,-2.851336184664131079e-01,-2.851336184663851858e-01,-2.851336184664027273e-01,-2.851336184663841311e-01,-2.851336184664037821e-01,-2.851336184663852968e-01,-2.851336184664051698e-01,-2.851336184663854079e-01,-2.851336184664022833e-01,-2.851336184663855744e-01,-2.851336184663984530e-01,-2.851336184663894047e-01,-2.851336184664053919e-01,-2.851336184663846862e-01,-2.851336184664080564e-01,-2.851336184663796902e-01,-2.851336184664087781e-01
-2.780080899379197001e-01,-2.780080899379462345e-01,-2.780080899379122616e-01,-2.780080899379440140e-01,-2.780080899379150372e-01,-2.780080899379327453e-01,-2.780080899379123727e-01,-2.780080899379325787e-01,-2.780080899379149817e-01,-2.780080899379332449e-01,-2.780080899379144821e-01,-2.780080899379313575e-01,-2.780080899379140935e-01,-2.780080899379276382e-01,-2.780080899379172021e-01,-2.780080899379318571e-01,-2.780080899379145376e-01,-2.780080899379374637e-01,-2.780080899379109294e-01,-2.780080899379350767e-01
-2.743649785808943697e-01,-2.743649785809224584e-01,-2.743649785808896513e-01,-2.743649785809222919e-01,-2.743649785808923158e-01,-2.743649785809110231e-01,-2.743649785808884856e-01,-2.743649785809088026e-01,-2.743649785808919828e-01,-2.743649785809084696e-01,-2.743649785808909836e-01,-2.743649785809075259e-01,-2.743649785808907060e-01,-2.743649785809051389e-01,-2.743649785808924269e-01,-2.743649785809067487e-01,-2.743649785808919828e-01,-2.743649785809144093e-01,-2.743649785808899288e-01,-2.743649785809092467e-01
-2.751873521076126927e-01,-2.751873521076421136e-01,-2.751873521076109164e-01,-2.751873521076441120e-01,-2.751873521076135809e-01,-2.751873521076343421e-01,-2.751873521076093065e-01,-2.751873521076294016e-01,-2.751873521076128593e-01,-2.751873521076282358e-01,-2.751873521076116380e-01,-2.751873521076281248e-01,-2.751873521076122486e-01,-2.751873521076275697e-01,-2.751873521076126372e-01,-2.751873521076267926e-01,-2.751873521076141360e-01,-2.751873521076352302e-01,-2.751873521076134699e-01,-2.751873521076287910e-01
-2.793274007652059021e-01,-2.793274007652359336e-01,-2.793274007652055690e-01,-2.793274007652385982e-01,-2.793274007652084556e-01,-2.793274007652313262e-01,-2.793274007652047364e-01,-2.793274007652239432e-01,-2.793274007652074009e-01,-2.793274007652226110e-01,-2.793274007652062352e-01,-2.793274007652229995e-01,-2.793274007652080115e-01,-2.793274007652238877e-01,-2.793274007652071234e-01,-2.793274007652218893e-01,-2.793274007652103430e-01,-2.793274007652290503e-01,-2.793274007652111202e-01,-2.793274007652236102e-01
-2.843690537599493640e-01,-2.843690537599791734e-01,-2.843690537599478096e-01,-2.843690537599804502e-01,-2.843690537599516399e-01,-2.843690537599755652e-01,-2.843690537599487533e-01,-2.843690537599672941e-01,-2.843690537599504742e-01,-2.843690537599656287e-01,-2.843690537599495305e-01,-2.843690537599661838e-01,-2.843690537599519175e-01,-2.843690537599681822e-01,-2.843690537599496970e-01,-2.843690537599659063e-01,-2.843690537599543600e-01,-2.843690537599701806e-01,-2.843690537599565804e-01,-2.843690537599681267e-01
-2.879539462748071932e-01,-2.879539462748354484e-01,-2.879539462748023637e-01,-2.879539462748340051e-01,-2.879539462748068601e-01,-2.879539462748303413e-01,-2.879539462748048617e-01,-2.879539462748229584e-01,-2.879539462748058609e-01,-2.879539462748209044e-01,-2.879539462748053613e-01,-2.879539462748214040e-01,-2.879539462748078593e-01,-2.879539462748241796e-01,-2.879539462748041401e-01,-2.879539462748220702e-01,-2.879539462748098022e-01,-2.879539462748225143e-01,-2.879539462748137990e-01,-2.879539462748254008e-01
-2.887071735568532693e-01,-2.887071735568794706e-01,-2.887071735568451647e-01,-2.887071735568749187e-01,-2.887071735568493835e-01,-2.887071735568712549e-01,-2.887071735568479958e-01,-2.887071735568662034e-01,-2.887071735568488284e-01,-2.887071735568639275e-01,-2.887071735568492725e-01,-2.887071735568639830e-01,-2.887071735568511599e-01,-2.887071735568669251e-01,-2.887071735568460529e-01,-2.887071735568655928e-01,-2.887071735568523811e-01,-2.887071735568621511e-01,-2.887071735568578212e-01,-2.887071735568698116e-01
-2.863273951850590082e-01,-2.863273951850840437e-01,-2.863273951850500154e-01,-2.863273951850772714e-01,-2.863273951850527910e-01,-2.863273951850724974e-01,-2.863273951850515697e-01,-2.863273951850704435e-01,-2.863273951850526799e-01,-2.863273951850682231e-01,-2.863273951850544563e-01,-2.863273951850679455e-01,-2.863273951850549004e-01,-2.863273951850704435e-01,-2.863273951850495158e-01,-2.863273951850697219e-01,-2.863273951850558996e-01,-2.863273951850628940e-01,-2.863273951850617838e-01,-2.863273951850741628e-01
-2.814692937409980500e-01,-2.814692937410227525e-01,-2.814692937409896678e-01,-2.814692937410157025e-01,-2.814692937409916107e-01,-2.814692937410093743e-01,-2.814692937409904450e-01,-2.814692937410099849e-01,-2.814692937409916107e-01,-2.814692937410081530e-01,-2.814692937409948303e-01,-2.814692937410070983e-01,-2.814692937409932760e-01,-2.814692937410089302e-01,-2.814692937409891127e-01,-2.814692937410089302e-01,-2.814692937409948303e-01,-2.814692937409997708e-01,-2.814692937409997153e-01,-2.814692937410124829e-01
-2.754817766117699795e-01,-2.754817766117935718e-01,-2.754817766117624300e-01,-2.754817766117885758e-01,-2.754817766117647615e-01,-2.754817766117808042e-01,-2.754817766117631517e-01,-2.754817766117836908e-01,-2.754817766117647060e-01,-2.754817766117819700e-01,-2.754817766117683142e-01,-2.754817766117803601e-01,-2.754817766117658162e-01,-2.754817766117815814e-01,-2.754817766117636513e-01,-2.754817766117823585e-01,-2.754817766117679811e-01,-2.754817766117722555e-01,-2.754817766117707012e-01,-2.754817766117839128e-01
-2.698460673524272213e-01,-2.698460673524486486e-01,-2.698460673524205045e-01,-2.698460673524467057e-01,-2.698460673524237796e-01,-2.698460673524383235e-01,-2.698460673524215592e-01,-2.698460673524427644e-01,-2.698460673524235021e-01,-2.698460673524412101e-01,-2.698460673524266107e-01,-2.698460673524387121e-01,-2.698460673524243902e-01,-2.698460673524403219e-01,-2.698460673524245013e-01,-2.698460673524414877e-01,-2.698460673524272213e-01,-2.698460673524321618e-01,-2.698460673524269993e-01,-2.698460673524401554e-01
-2.653638597746028616e-01,-2.653638597746221239e-01,-2.653638597745967553e-01,-2.653638597746224015e-01,-2.653638597746011962e-01,-2.653638597746147409e-01,-2.653638597745988092e-01,-2.653638597746195704e-01,-2.653638597746006411e-01,-2.653638597746185157e-01,-2.653638597746026395e-01,-2.653638597746155181e-01,-2.653638597746015293e-01,-2.653638597746174055e-01,-2.653638597746042493e-01,-2.653638597746190153e-01,-2.653638597746050820e-01,-2.653638597746118544e-01,-2.653638597746015293e-01,-2.653638597746149075e-01
-2.618790664710286542e-01,-2.618790664710461957e-01,-2.618790664710226590e-01,-2.618790664710468619e-01,-2.618790664710287097e-01,-2.618790664710408111e-01,-2.618790664710257676e-01,-2.618790664710449745e-01,-2.618790664710270999e-01,-2.618790664710455296e-01,-2.618790664710280436e-01,-2.618790664710420879e-01,-2.618790664710280436e-01,-2.618790664710434757e-01,-2.618790664710333727e-01,-2.618790664710457516e-01,-2.618790664710327620e-01,-2.618790664710415328e-01,-2.618790664710261562e-01,-2.618790664710401450e-01
-2.587486407678119549e-01,-2.587486407678281086e-01,-2.587486407678070144e-01,-2.587486407678285527e-01,-2.587486407678135647e-01,-2.587486407678242228e-01,-2.587486407678097344e-01,-2.587486407678266098e-01,-2.587486407678099010e-01,-2.587486407678286637e-01,-2.587486407678102340e-01,-2.587486407678252220e-01,-2.587486407678115108e-01,-2.587486407678255551e-01,-2.587486407678182831e-01,-2.587486407678281086e-01,-2.587486407678167843e-01,-2.587486407678279976e-01,-2.587486407678084577e-01,-2.587486407678231126e-01
-2.555750868416816202e-01,-2.555750868416959976e-01,-2.555750868416779564e-01,-2.555750868416957755e-01,-2.555750868416836186e-01,-2.555750868416930000e-01,-2.555750868416786781e-01,-2.555750868416933330e-01,-2.555750868416772903e-01,-2.555750868416963861e-01,-2.555750868416767352e-01,-2.555750868416930555e-01,-2.555750868416800103e-01,-2.555750868416920007e-01,-2.555750868416866162e-01,-2.555750868416947208e-01,-2.555750868416846178e-01,-2.555750868416985511e-01,-2.555750868416765131e-01,-2.555750868416922783e-01
-2.526680305500471624e-01,-2.526680305500598189e-01,-2.526680305500444979e-01,-2.526680305500583756e-01,-2.526680305500490498e-01,-2.526680305500569879e-01,-2.526680305500424439e-01,-2.526680305500558776e-01,-2.526680305500398904e-01,-2.526680305500586532e-01,-2.526680305500383916e-01,-2.526680305500558221e-01,-2.526680305500438872e-01,-2.526680305500531576e-01,-2.526680305500489387e-01,-2.526680305500559331e-01,-2.526680305500463852e-01,-2.526680305500629831e-01,-2.526680305500403345e-01,-2.526680305500570989e-01
-2.505330097109155219e-01,-2.505330097109275123e-01,-2.505330097109144671e-01,-2.505330097109247922e-01,-2.505330097109171872e-01,-2.505330097109237930e-01,-2.505330097109098042e-01,-2.505330097109220167e-01,-2.505330097109059184e-01,-2.505330097109241816e-01,-2.505330097109037535e-01,-2.505330097109220722e-01,-2.505330097109112475e-01,-2.505330097109180199e-01,-2.505330097109141341e-01,-2.505330097109202958e-01,-2.505330097109108589e-01,-2.505330097109295662e-01,-2.505330097109077503e-01,-2.505330097109251253e-01
-2.492334743860120660e-01,-2.492334743860245283e-01,-2.492334743860130652e-01,-2.492334743860206148e-01,-2.492334743860140645e-01,-2.492334743860195878e-01,-2.492334743860062929e-01,-2.492334743860185053e-01,-2.492334743860022128e-01,-2.492334743860200319e-01,-2.492334743859996871e-01,-2.492334743860182833e-01,-2.492334743860084856e-01,-2.492334743860132318e-01,-2.492334743860090684e-01,-2.492334743860152024e-01,-2.492334743860049329e-01,-2.492334743860253332e-01,-2.492334743860046276e-01,-2.492334743860221968e-01
-2.481862810315463019e-01,-2.481862810315593193e-01,-2.481862810315485501e-01,-2.481862810315546564e-01,-2.481862810315487444e-01,-2.481862810315528245e-01,-2.481862810315415557e-01,-2.481862810315538792e-01,-2.481862810315381140e-01,-2.481862810315548229e-01,-2.481862810315356715e-01,-2.481862810315535461e-01,-2.481862810315444978e-01,-2.481862810315486056e-01,-2.481862810315428602e-01,-2.481862810315499102e-01,-2.481862810315380308e-01,-2.481862810315594303e-01,-2.481862810315399737e-01,-2.481862810315574319e-01
-2.463767582636075537e-01,-2.463767582636206543e-01,-2.463767582636104958e-01,-2.463767582636156306e-01,-2.463767582636106346e-01,-2.463767582636130493e-01,-2.463767582636044451e-01,-2.463767582636168796e-01,-2.463767582636023357e-01,-2.463767582636175457e-01,-2.463767582636004760e-01,-2.463767582636164633e-01,-2.463767582636083864e-01,-2.463767582636126330e-01,-2.463767582636047504e-01,-2.463767582636134101e-01,-2.463767582635996711e-01,-2.463767582636212095e-01,-2.463767582636028353e-01,-2.463767582636197662e-01
-2.424988184588252327e-01,-2.424988184588381113e-01,-2.424988184588280915e-01,-2.424988184588328100e-01,-2.424988184588281748e-01,-2.424988184588296458e-01,-2.424988184588240114e-01,-2.424988184588356688e-01,-2.424988184588226514e-01,-2.424988184588365847e-01,-2.424988184588223739e-01,-2.424988184588354190e-01,-2.424988184588280915e-01,-2.424988184588331430e-01,-2.424988184588231788e-01,-2.424988184588344198e-01,-2.424988184588186824e-01,-2.424988184588395268e-01,-2.424988184588217077e-01,-2.424988184588383056e-01
-2.355918298007472766e-01,-2.355918298007597389e-01,-2.355918298007486089e-01,-2.355918298007533829e-01,-2.355918298007498857e-01,-2.355918298007505240e-01,-2.355918298007473322e-01,-2.355918298007575462e-01,-2.355918298007461109e-01,-2.355918298007593781e-01,-2.355918298007473044e-01,-2.355918298007578238e-01,-2.355918298007502465e-01,-2.355918298007567413e-01,-2.355918298007454448e-01,-2.355918298007591838e-01,-2.355918298007421141e-01,-2.355918298007611822e-01,-2.355918298007441125e-01,-2.355918298007606548e-01
-2.259374723686202180e-01,-2.259374723686323194e-01,-2.259374723686184694e-01,-2.259374723686244368e-01,-2.259374723686221054e-01,-2.259374723686220776e-01,-2.259374723686202735e-01,-2.259374723686286002e-01,-2.259374723686191355e-01,-2.259374723686311814e-01,-2.259374723686214670e-01,-2.259374723686291553e-01,-2.259374723686210507e-01,-2.259374723686295439e-01,-2.259374723686172481e-01,-2.259374723686335962e-01,-2.259374723686156661e-01,-2.259374723686320974e-01,-2.259374723686163322e-01,-2.259374723686330411e-01
-2.154740311132765651e-01,-2.154740311132877228e-01,-2.154740311132721242e-01,-2.154740311132794794e-01,-2.154740311132770925e-01,-2.154740311132769537e-01,-2.154740311132748443e-01,-2.154740311132819497e-01,-2.154740311132738451e-01,-2.154740311132848640e-01,-2.154740311132765651e-01,-2.154740311132826158e-01,-2.154740311132736230e-01,-2.154740311132842256e-01,-2.154740311132709585e-01,-2.154740311132897768e-01,-2.154740311132712083e-01,-2.154740311132853914e-01,-2.154740311132709862e-01,-2.154740311132881114e-01
-2.066799825830858695e-01,-2.066799825830955006e-01,-2.066799825830804571e-01,-2.066799825830879789e-01,-2.066799825830845649e-01,-2.066799825830850368e-01,-2.066799825830818726e-01,-2.066799825830875348e-01,-2.066799825830810677e-01,-2.066799825830907544e-01,-2.066799825830836490e-01,-2.066799825830884507e-01,-2.066799825830788473e-01,-2.066799825830916704e-01,-2.066799825830773762e-01,-2.066799825830979986e-01,-2.066799825830792359e-01,-2.066799825830913651e-01,-2.066799825830787918e-01,-2.066799825830956117e-01
-2.008731267145510424e-01,-2.008731267145599797e-01,-2.008731267145462129e-01,-2.008731267145541233e-01,-2.008731267145487942e-01,-2.008731267145504318e-01,-2.008731267145459909e-01,-2.008731267145502097e-01,-2.008731267145453525e-01,-2.008731267145532073e-01,-2.008731267145467125e-01,-2.008731267145517085e-01,-2.008731267145411614e-01,-2.008731267145560384e-01,-2.008731267145403843e-01,-2.008731267145617005e-01,-2.008731267145437149e-01,-2.008731267145544008e-01,-2.008731267145432708e-01,-2.008731267145589805e-01
-1.972883168809150267e-01,-1.972883168809239085e-01,-1.972883168809110022e-01,-1.972883168809210219e-01,-1.972883168809132226e-01,-1.972883168809161925e-01,-1.972883168809105858e-01,-1.972883168809140275e-01,-1.972883168809100862e-01,-1.972883168809160814e-01,-1.972883168809096699e-01,-1.972883168809161925e-01,-1.972883168809045906e-01,-1.972883168809206889e-01,-1.972883168809038135e-01,-1.972883168809246024e-01,-1.972883168809076715e-01,-1.972883168809183851e-01,-1.972883168809075605e-01,-1.972883168809219656e-01
-1.936544091170376292e-01,-1.936544091170467052e-01,-1.936544091170346316e-01,-1.936544091170470938e-01,-1.936544091170369908e-01,-1.936544091170411819e-01,-1.936544091170349924e-01,-1.936544091170379900e-01,-1.936544091170351312e-01,-1.936544091170383508e-01,-1.936544091170324111e-01,-1.936544091170406268e-01,-1.936544091170286919e-01,-1.936544091170452342e-01,-1.936544091170271376e-01,-1.936544091170469273e-01,-1.936544091170309678e-01,-1.936544091170429860e-01,-1.936544091170318560e-01,-1.936544091170440407e-01
-1.872791072569452431e-01,-1.872791072569555126e-01,-1.872791072569431892e-01,-1.872791072569577886e-01,-1.872791072569459647e-01,-1.872791072569515991e-01,-1.872791072569452708e-01,-1.872791072569481574e-01,-1.872791072569461868e-01,-1.872791072569469084e-01,-1.872791072569415793e-01,-1.872791072569513771e-01,-1.872791072569393034e-01,-1.872791072569554016e-01,-1.872791072569371384e-01,-1.872791072569549298e-01,-1.872791072569403581e-01,-1.872791072569543469e-01,-1.872791072569423010e-01,-1.872791072569524040e-01
-1.763082162602796765e-01,-1.763082162602915837e-01,-1.763082162602771508e-01,-1.763082162602929159e-01,-1.763082162602802594e-01,-1.763082162602876424e-01,-1.763082162602811753e-01,-1.763082162602841729e-01,-1.763082162602825353e-01,-1.763082162602823133e-01,-1.763082162602774006e-01,-1.763082162602881420e-01,-1.763082162602759018e-01,-1.763082162602910841e-01,-1.763082162602738756e-01,-1.763082162602893632e-01,-1.763082162602757907e-01,-1.763082162602920555e-01,-1.763082162602786218e-01,-1.763082162602874481e-01
-1.609021090508613028e-01,-1.609021090508750973e-01,-1.609021090508581664e-01,-1.609021090508737650e-01,-1.609021090508609697e-01,-1.609021090508705176e-01,-1.609021090508633844e-01,-1.609021090508664931e-01,-1.609021090508649943e-01,-1.609021090508651053e-01,-1.609021090508607754e-01,-1.609021090508709340e-01,-1.609021090508590823e-01,-1.609021090508730711e-01,-1.609021090508573892e-01,-1.609021090508708784e-01,-1.609021090508584995e-01,-1.609021090508756524e-01,-1.609021090508614416e-01,-1.609021090508700180e-01
-1.438028819522831903e-01,-1.438028819522977342e-01,-1.438028819522798596e-01,-1.438028819522940149e-01,-1.438028819522811919e-01,-1.438028819522924051e-01,-1.438028819522842450e-01,-1.438028819522882418e-01,-1.438028819522857160e-01,-1.438028819522883528e-01,-1.438028819522831347e-01,-1.438028819522929880e-01,-1.438028819522811919e-01,-1.438028819522943202e-01,-1.438028819522800261e-01,-1.438028819522927382e-01,-1.438028819522807755e-01,-1.438028819522973178e-01,-1.438028819522832735e-01,-1.438028819522924051e-01
-1.290595854197657544e-01,-1.290595854197801318e-01,-1.290595854197629233e-01,-1.290595854197757186e-01,-1.290595854197624515e-01,-1.290595854197752468e-01,-1.290595854197656156e-01,-1.290595854197712777e-01,-1.290595854197669479e-01,-1.290595854197722769e-01,-1.290595854197660319e-01,-1.290595854197756354e-01,-1.290595854197637560e-01,-1.290595854197766901e-01,-1.290595854197633396e-01,-1.290595854197761627e-01,-1.290595854197634507e-01,-1.290595854197789660e-01,-1.290595854197650050e-01,-1.290595854197761072e-01
-1.195787321149228283e-01,-1.195787321149367477e-01,-1.195787321149213295e-01,-1.195787321149333893e-01,-1.195787321149196919e-01,-1.195787321149336530e-01,-1.195787321149228144e-01,-1.195787321149298088e-01,-1.195787321149231752e-01,-1.195787321149318627e-01,-1.195787321149231752e-01,-1.195787321149337501e-01,-1.195787321149213434e-01,-1.195787321149353460e-01,-1.195787321149217319e-01,-1.195787321149355820e-01,-1.195787321149210242e-01,-1.195787321149358873e-01,-1.195787321149210936e-01,-1.195787321149352211e-01
-1.152673161720541573e-01,-1.152673161720666473e-01,-1.152673161720544209e-01,-1.152673161720659256e-01,-1.152673161720530609e-01,-1.152673161720659256e-01,-1.152673161720554063e-01,-1.152673161720633999e-01,-1.152673161720552397e-01,-1.152673161720651762e-01,-1.152673161720548511e-01,-1.152673161720663697e-01,-1.152673161720542544e-01,-1.152673161720690620e-01,-1.152673161720552675e-01,-1.152673161720695894e-01,-1.152673161720535189e-01,-1.152673161720668277e-01,-1.152673161720521311e-01,-1.152673161720681738e-01
-1.132251296992523165e-01,-1.132251296992640294e-01,-1.132251296992539680e-01,-1.132251296992659861e-01,-1.132251296992525941e-01,-1.132251296992647510e-01,-1.132251296992544537e-01,-1.132251296992643347e-01,-1.132251296992543149e-01,-1.132251296992647094e-01,-1.132251296992528578e-01,-1.132251296992660972e-01,-1.132251296992543427e-01,-1.132251296992692613e-01,-1.132251296992549533e-01,-1.132251296992694972e-01,-1.132251296992525941e-01,-1.132251296992658474e-01,-1.132251296992502071e-01,-1.132251296992674572e-01
-1.092847662502439976e-01,-1.092847662502554745e-01,-1.092847662502459682e-01,-1.092847662502583611e-01,-1.092847662502448719e-01,-1.092847662502557521e-01,-1.092847662502464817e-01,-1.092847662502573619e-01,-1.092847662502469258e-01,-1.092847662502561545e-01,-1.092847662502442890e-01,-1.092847662502582501e-01,-1.092847662502472728e-01,-1.092847662502612893e-01,-1.092847662502471340e-01,-1.092847662502611228e-01,-1.092847662502441641e-01,-1.092847662502581252e-01,-1.092847662502421796e-01,-1.092847662502589440e-01
-1.004402879459602577e-01,-1.004402879459726505e-01,-1.004402879459622977e-01,-1.004402879459738857e-01,-1.004402879459610903e-01,-1.004402879459704440e-01,-1.004402879459621034e-01,-1.004402879459736497e-01,-1.004402879459635745e-01,-1.004402879459714015e-01,-1.004402879459604103e-01,-1.004402879459735665e-01,-1.004402879459630749e-01,-1.004402879459758285e-01,-1.004402879459620201e-01,-1.004402879459752873e-01,-1.004402879459595360e-01,-1.004402879459747322e-01,-1.004402879459592446e-01,-1.004402879459738579e-01
-8.690702721136658870e-02,-8.690702721138036935e-02,-8.690702721136747688e-02,-8.690702721137912035e-02,-8.690702721136636666e-02,-8.690702721137603948e-02,-8.690702721136710218e-02,-8.690702721137875952e-02,-8.690702721136937814e-02,-8.690702721137721909e-02,-8.690702721136644993e-02,-8.690702721137898157e-02,-8.690702721136750464e-02,-8.690702721137977260e-02,-8.690702721136599196e-02,-8.690702721137985587e-02,-8.690702721136522868e-02,-8.690702721138092446e-02,-8.690702721136586706e-02,-8.690702721137860687e-02
