-9.884424486357408224e-01,-9.884424486377696439e-01,-9.884424486346140570e-01,-9.884424486394702836e-01,-9.884424486346397032e-01,-9.884424486384001396e-01,-9.884424486366772955e-01,-9.884424486364997708e-01,-9.884424486409761901e-01,-9.884424486428629031e-01,-9.884424486363936335e-01,-9.884424486389692399e-01,-9.884424486355981587e-01,-9.884424486384557618e-01,-9.884424486360214868e-01,-9.884424486427342282e-01,-9.884424486323959425e-01,-9.884424486366953921e-01,-9.884424486332169524e-01,-9.884424486381545583e-01
-9.852588756249175406e-01,-9.852588756318723107e-01,-9.852588756212298238e-01,-9.852588756407333337e-01,-9.852588756229342382e-01,-9.852588756366871259e-01,-9.852588756316953411e-01,-9.852588756296677408e-01,-9.852588756469427000e-01,-9.852588756537826731e-01,-9.852588756302127493e-01,-9.852588756399075498e-01,-9.852588756269160530e-01,-9.852588756369311529e-01,-9.852588756263084280e-01,-9.852588756525236802e-01,-9.852588756135446380e-01,-9.852588756299311967e-01,-9.852588756151828830e-01,-9.852588756329965225e-01
-9.806039614984531916e-01,-9.806039614986514774e-01,-9.806039614981013619e-01,-9.806039614991118869e-01,-9.806039614984713992e-01,-9.806039614988076858e-01,-9.806039614986248321e-01,-9.806039614985179176e-01,-9.806039614988861786e-01,-9.806039614992151376e-01,-9.806039614982554609e-01,-9.806039614990020858e-01,-9.806039614984392028e-01,-9.806039614988231179e-01,-9.806039614983241837e-01,-9.806039614994502829e-01,-9.806039614979416008e-01,-9.806039614989191522e-01,-9.806039614979349395e-01,-9.806039614988565356e-01
-9.734614419889053849e-01,-9.734614419920517570e-01,-9.734614419841769450e-01,-9.734614419990305079e-01,-9.734614419854821232e-01,-9.734614419939201513e-01,-9.734614419908054206e-01,-9.734614419874592084e-01,-9.734614419991571843e-01,-9.734614420035743176e-01,-9.734614419874870750e-01,-9.734614419969489507e-01,-9.734614419862839263e-01,-9.734614419950674558e-01,-9.734614419842192445e-01,-9.734614420059035655e-01,-9.734614419783614858e-01,-9.734614419944211949e-01,-9.734614419801752572e-01,-9.734614419929449314e-01
-9.618403164849569364e-01,-9.618403164853068787e-01,-9.618403164784191661e-01,-9.618403164888972290e-01,-9.618403164884864465e-01,-9.618403164887938672e-01,-9.618403164874466116e-01,-9.618403164859089527e-01,-9.618403164845317210e-01,-9.618403164883657652e-01,-9.618403164778740466e-01,-9.618403164896032198e-01,-9.618403164848949860e-01,-9.618403164889625101e-01,-9.618403164832695085e-01,-9.618403164905440228e-01,-9.618403164807466377e-01,-9.618403164942619377e-01,-9.618403164785386261e-01,-9.618403164885128698e-01
-9.415822103225732764e-01,-9.415822103284557931e-01,-9.415822103037446711e-01,-9.415822103309069435e-01,-9.415822103366662255e-01,-9.415822103425631751e-01,-9.415822103390780740e-01,-9.415822103277404764e-01,-9.415822103267079690e-01,-9.415822103464243087e-01,-9.415822102980112573e-01,-9.415822103375088847e-01,-9.415822103238562502e-01,-9.415822103386232156e-01,-9.415822103229243289e-01,-9.415822103369709817e-01,-9.415822103149207312e-01,-9.415822103660530518e-01,-9.415822103019094724e-01,-9.415822103360808049e-01
-9.036576205358430869e-01,-9.036576206315890536e-01,-9.036576205587167898e-01,-9.036576205665527439e-01,-9.036576205987133514e-01,-9.036576206019656388e-01,-9.036576206346847995e-01,-9.036576205660133976e-01,-9.036576205590487465e-01,-9.036576206835351677e-01,-9.036576204790858213e-01,-9.036576206023876345e-01,-9.036576205881567958e-01,-9.036576205677354645e-01,-9.036576206270338085e-01,-9.036576205562341091e-01,-9.036576205906474701e-01,-9.036576207061395305e-01,-9.036576205047284205e-01,-9.036576206570249292e-01
-8.297539137080707228e-01,-8.297539143015648655e-01,-8.297539140273908487e-01,-8.297539141757988013e-01,-8.297539143660395133e-01,-8.297539137433442846e-01,-8.297539140053402651e-01,-8.297539143108727533e-01,-8.297539138335910947e-01,-8.297539141784375794e-01,-8.297539139236786987e-01,-8.297539144658288013e-01,-8.297539142123321332e-01,-8.297539140083709519e-01,-8.297539141043268618e-01,-8.297539140772601796e-01,-8.297539141899497039e-01,-8.297539137830423073e-01,-8.297539138455463092e-01,-8.297539146078011241e-01
-6.953311785172788806e-01,-6.953311769220986704e-01,-6.953311781832800520e-01,-6.953311786530196326e-01,-6.953311756368658614e-01,-6.953311797189145604e-01,-6.953311767913954444e-01,-6.953311775914703396e-01,-6.953311768844623320e-01,-6.953311785163467373e-01,-6.953311769652159580e-01,-6.953311778193971282e-01,-6.953311768429443207e-01,-6.953311783511174626e-01,-6.953311767052662296e-01,-6.953311788756456613e-01,-6.953311747533867937e-01,-6.953311793487384485e-01,-6.953311771194957691e-01,-6.953311766698804242e-01
-4.966028439703035757e-01,-4.966028417548144502e-01,-4.966028413107783646e-01,-4.966028436724334028e-01,-4.966028423369059919e-01,-4.966028423082215482e-01,-4.966028443026525574e-01,-4.966028429040597603e-01,-4.966028420677416344e-01,-4.966028434031318772e-01,-4.966028434122224944e-01,-4.966028427650018839e-01,-4.966028422734620196e-01,-4.966028424606999669e-01,-4.966028434194244001e-01,-4.966028421546130334e-01,-4.966028421960289041e-01,-4.966028438178091142e-01,-4.966028415096698789e-01,-4.966028414174096794e-01
-1.993916555614493602e-01,-1.993916608416944070e-01,-1.993916545058744272e-01,-1.993916614911983021e-01,-1.993916557088765973e-01,-1.993916643472825045e-01,-1.993916562046541274e-01,-1.993916647179226620e-01,-1.993916539401456856e-01,-1.993916642698971009e-01,-1.993916537745155093e-01,-1.993916622611372758e-01,-1.993916580933542682e-01,-1.993916616378844375e-01,-1.993916563854035429e-01,-1.993916619801449075e-01,-1.993916526574227577e-01,-1.993916631955439389e-01,-1.993916550100977569e-01,-1.993916625304399948e-01
-7.543270971902872601e-02,-7.543280475179447997e-02,-7.543271059317449567e-02,-7.543280444770469884e-02,-7.543271032559481504e-02,-7.543280441439569051e-02,-7.543271006509950916e-02,-7.543280442909656991e-02,-7.543271052787278719e-02,-7.543280437218062573e-02,-7.543271048651355171e-02,-7.543280484319639378e-02,-7.543270957984199443e-02,-7.543280475523847506e-02,-7.543271019239070063e-02,-7.543280449464566384e-02,-7.543271070273578627e-02,-7.543280465377180666e-02,-7.543270983030990473e-02,-7.543280494590315355e-02
1.309748599231697896e-01,-2.079801852328305722e-01,1.309748596906260276e-01,-2.079801850021097964e-01,1.309748598722302593e-01,-2.079801851814696012e-01,1.309748597647598933e-01,-2.079801851623152842e-01,1.309748597592002295e-01,-2.079801850441553857e-01,1.309748599182755657e-01,-2.079801852090820691e-01,1.309748597893710953e-01,-2.079801850385165907e-01,1.309748598711121814e-01,-2.079801852445654076e-01,1.309748598338476844e-01,-2.079801851829558013e-01,1.309748600467821322e-01,-2.079801851535569845e-01
-6.809548410507881844e-02,2.243264784120834604e-02,-6.809548423061491385e-02,2.243264792779623915e-02,-6.809548415561116064e-02,2.243264786111831902e-02,-6.809548424687129897e-02,2.243264785693686869e-02,-6.809548425320710585e-02,2.243264795480701818e-02,-6.809548415366020735e-02,2.243264781309435574e-02,-6.809548414198882127e-02,2.243264789799844644e-02,-6.809548409905143151e-02,2.243264786816904013e-02,-6.809548426066587556e-02,2.243264791003154665e-02,-6.809548414362148749e-02,2.243264792746078873e-02
-1.206948211240988361e-01,9.093564971341012992e-02,-1.206948211025930806e-01,9.093564964455631838e-02,-1.206948211282568295e-01,9.093564967212339201e-02,-1.206948211193192289e-01,9.093564967480044503e-02,-1.206948211076561694e-01,9.093564965638312181e-02,-1.206948211133941629e-01,9.093564969224504635e-02,-1.206948210724261700e-01,9.093564967285441836e-02,-1.206948210942737215e-01,9.093564973843848431e-02,-1.206948211098159002e-01,9.093564972636085375e-02,-1.206948211278623256e-01,9.093564971864540047e-02
1.106490464753059344e-01,-1.312955904569196031e-01,1.106490464981196853e-01,-1.312955904370453897e-01,1.106490464145730157e-01,-1.312955904262035345e-01,1.106490464080560759e-01,-1.312955903774838118e-01,1.106490464185633793e-01,-1.312955903916392386e-01,1.106490464110448796e-01,-1.312955904375417426e-01,1.106490464249973854e-01,-1.312955903733240837e-01,1.106490464818154357e-01,-1.312955904210083846e-01,1.106490465187497246e-01,-1.312955903504062216e-01,1.106490464451893863e-01,-1.312955903971424199e-01
-1.291927877244880285e-01,1.142498486027612309e-01,-1.291927876963925303e-01,1.142498484761134969e-01,-1.291927878199567725e-01,1.142498485077674819e-01,-1.291927876430526423e-01,1.142498485980222439e-01,-1.291927876118166285e-01,1.142498485463828983e-01,-1.291927878349524994e-01,1.142498487120723050e-01,-1.291927877968738758e-01,1.142498485641236239e-01,-1.291927877107234002e-01,1.142498485259196839e-01,-1.291927874406651744e-01,1.142498484512754764e-01,-1.291927875519958135e-01,1.142498484424590566e-01
1.125356290985684432e-01,-1.236579412315297749e-01,1.125356291624308169e-01,-1.236579409071357771e-01,1.125356287988533432e-01,-1.236579409273046576e-01,1.125356287405698541e-01,-1.236579408308379480e-01,1.125356287946105704e-01,-1.236579407722984414e-01,1.125356286705349318e-01,-1.236579409842360061e-01,1.125356287280366435e-01,-1.236579406170118522e-01,1.125356290668136361e-01,-1.236579408046577233e-01,1.125356293979106470e-01,-1.236579405659498504e-01,1.125356290979315499e-01,-1.236579409376078603e-01
-1.179011389277449945e-01,1.094830015804994783e-01,-1.179011389219531136e-01,1.094830015701279552e-01,-1.179011389274407934e-01,1.094830015749974905e-01,-1.179011389234152773e-01,1.094830015757097541e-01,-1.179011389204081967e-01,1.094830015699646275e-01,-1.179011389257196563e-01,1.094830015799985595e-01,-1.179011389199255133e-01,1.094830015748824298e-01,-1.179011389238528301e-01,1.094830015817253449e-01,-1.179011389209388971e-01,1.094830015791248556e-01,-1.179011389250974734e-01,1.094830015781286386e-01
-1.130680398430564670e-01,1.066563365155369369e-01,-1.130680400532234203e-01,1.066563368118305377e-01,-1.130680399649184320e-01,1.066563366701129556e-01,-1.130680399413232090e-01,1.066563367576309623e-01,-1.130680400181963280e-01,1.066563369604681122e-01,-1.130680401046897376e-01,1.066563367236744581e-01,-1.130680403032228304e-01,1.066563367122750766e-01,-1.130680400044233314e-01,1.066563363642237250e-01,-1.130680397757463929e-01,1.066563363469820447e-01,-1.130680397156149652e-01,1.066563363947466009e-01
-1.095522023485182156e-01,1.046941789928396149e-01,-1.095522023936796735e-01,1.046941790533075789e-01,-1.095522023797837613e-01,1.046941790235935699e-01,-1.095522023646604559e-01,1.046941790471964673e-01,-1.095522023866500883e-01,1.046941790854015591e-01,-1.095522024086623275e-01,1.046941790365350788e-01,-1.095522024457081384e-01,1.046941790295911473e-01,-1.095522023807769807e-01,1.046941789556464497e-01,-1.095522023314422638e-01,1.046941789540134088e-01,-1.095522023227179231e-01,1.046941789640632031e-01
-1.074716241357270147e-01,1.038666832275268043e-01,-1.074716241464664379e-01,1.038666832422235758e-01,-1.074716241424455848e-01,1.038666832357804520e-01,-1.074716241388671417e-01,1.038666832418782965e-01,-1.074716241445128340e-01,1.038666832520752648e-01,-1.074716241512548714e-01,1.038666832390811451e-01,-1.074716241587843485e-01,1.038666832370265802e-01,-1.074716241416931312e-01,1.038666832195158513e-01,-1.074716241309859738e-01,1.038666832184061278e-01,-1.074716241289946084e-01,1.038666832209411972e-01
1.043024707728722744e-01,-1.068549533953906533e-01,1.043024708798306333e-01,-1.068549539277647009e-01,1.043024707544392415e-01,-1.068549538361831253e-01,1.043024702483944660e-01,-1.068549538211679278e-01,1.043024701237388885e-01,-1.068549537283172007e-01,1.043024707276727220e-01,-1.068549534180735089e-01,1.043024710336471206e-01,-1.068549537237725167e-01,1.043024707182645394e-01,-1.068549538519076164e-01,1.043024700958471163e-01,-1.068549539626250794e-01,1.043024702293948863e-01,-1.068549537358339796e-01
-1.077189457934502742e-01,1.060879598581509209e-01,-1.077189457937117734e-01,1.060879598582787076e-01,-1.077189457935905925e-01,1.060879598582797345e-01,-1.077189457932663380e-01,1.060879598585173916e-01,-1.077189457935462530e-01,1.060879598587884109e-01,-1.077189457941496731e-01,1.060879598585612316e-01,-1.077189457940940370e-01,1.060879598582226691e-01,-1.077189457934132066e-01,1.060879598578599453e-01,-1.077189457931672645e-01,1.060879598577814387e-01,-1.077189457931157918e-01,1.060879598578963467e-01
-1.101035678874267842e-01,1.093150681396959090e-01,-1.101035679338461665e-01,1.093150683153403385e-01,-1.101035680503025527e-01,1.093150681383656952e-01,-1.101035680478320566e-01,1.093150681692406367e-01,-1.101035681240240816e-01,1.093150682541708940e-01,-1.101035678533347356e-01,1.093150680264790703e-01,-1.101035678469299284e-01,1.093150683696353376e-01,-1.101035679737165235e-01,1.093150681661937546e-01,-1.101035680664341210e-01,1.093150682192203377e-01,-1.101035680829825641e-01,1.093150681740281266e-01
