-9.817857888529529786e-01,-9.817857888544390121e-01,-9.817857888520771237e-01,-9.817857888567321778e-01,-9.817857888526372312e-01,-9.817857888555282520e-01,-9.817857888546371870e-01,-9.817857888539360811e-01,-9.817857888577598002e-01,-9.817857888591934312e-01,-9.817857888542212974e-01,-9.817857888564057722e-01,-9.817857888533039201e-01,-9.817857888555451273e-01,-9.817857888530652222e-01,-9.817857888590855175e-01,-9.817857888503845887e-01,-9.817857888543841671e-01,-9.817857888505019393e-01,-9.817857888545140632e-01
-9.806989556479470682e-01,-9.806989556498709737e-01,-9.806989556467774483e-01,-9.806989556529137619e-01,-9.806989556474158265e-01,-9.806989556512369921e-01,-9.806989556500974592e-01,-9.806989556490622872e-01,-9.806989556541959585e-01,-9.806989556560444798e-01,-9.806989556495436799e-01,-9.806989556524157159e-01,-9.806989556482648140e-01,-9.806989556512921702e-01,-9.806989556478858949e-01,-9.806989556559837506e-01,-9.806989556444750677e-01,-9.806989556498670879e-01,-9.806989556446734646e-01,-9.806989556499113858e-01
-9.795142781227522688e-01,-9.795142781252257347e-01,-9.795142781211871874e-01,-9.795142781292363043e-01,-9.795142781218704187e-01,-9.795142781269048360e-01,-9.795142781254452258e-01,-9.795142781239346563e-01,-9.795142781308094904e-01,-9.795142781331821480e-01,-9.795142781247130337e-01,-9.795142781284778000e-01,-9.795142781229393414e-01,-9.795142781270268495e-01,-9.795142781223682427e-01,-9.795142781332242254e-01,-9.795142781180538050e-01,-9.795142781253101116e-01,-9.795142781183896474e-01,-9.795142781251985342e-01
-9.782199958807877849e-01,-9.782199958839282727e-01,-9.782199958786924610e-01,-9.782199958891657499e-01,-9.782199958793592609e-01,-9.782199958859465472e-01,-9.782199958840737120e-01,-9.782199958819082219e-01,-9.782199958910573478e-01,-9.782199958940688278e-01,-9.782199958831262476e-01,-9.782199958880241075e-01,-9.782199958806789830e-01,-9.782199958861825806e-01,-9.782199958798534212e-01,-9.782199958943054163e-01,-9.782199958744483004e-01,-9.782199958841552023e-01,-9.782199958750035229e-01,-9.782199958837839437e-01
-9.768025898544354657e-01,-9.768025898586479849e-01,-9.768025898514630656e-01,-9.768025898658777573e-01,-9.768025898520187322e-01,-9.768025898611789604e-01,-9.768025898586114586e-01,-9.768025898553295283e-01,-9.768025898682463071e-01,-9.768025898722747513e-01,-9.768025898573196031e-01,-9.768025898640700921e-01,-9.768025898537443519e-01,-9.768025898616267133e-01,-9.768025898525005690e-01,-9.768025898728920353e-01,-9.768025898453426281e-01,-9.768025898591251588e-01,-9.768025898463190693e-01,-9.768025898582821664e-01
-9.752464709088696226e-01,-9.752464709145303168e-01,-9.752464709045808311e-01,-9.752464709246047025e-01,-9.752464709048284108e-01,-9.752464709176966728e-01,-9.752464709141029919e-01,-9.752464709091294148e-01,-9.752464709275512345e-01,-9.752464709329449200e-01,-9.752464709123672693e-01,-9.752464709217453231e-01,-9.752464709070772786e-01,-9.752464709185234559e-01,-9.752464709052208747e-01,-9.752464709342558713e-01,-9.752464708956656292e-01,-9.752464709154305966e-01,-9.752464708973513918e-01,-9.752464709137750321e-01
-9.735336058423708083e-01,-9.735336058498160750e-01,-9.735336058362089595e-01,-9.735336058637273915e-01,-9.735336058358461386e-01,-9.735336058537231718e-01,-9.735336058487044086e-01,-9.735336058413085469e-01,-9.735336058673004223e-01,-9.735336058743976340e-01,-9.735336058464413300e-01,-9.735336058593250241e-01,-9.735336058387109581e-01,-9.735336058551683491e-01,-9.735336058360121170e-01,-9.735336058768332412e-01,-9.735336058233644563e-01,-9.735336058514102442e-01,-9.735336058261572223e-01,-9.735336058484251875e-01
-9.716430671229941973e-01,-9.716430671326856672e-01,-9.716430671140605657e-01,-9.716430671519811213e-01,-9.716430671126299323e-01,-9.716430671375310135e-01,-9.716430671304304711e-01,-9.716430671194868918e-01,-9.716430671562522603e-01,-9.716430671655141849e-01,-9.716430671275632092e-01,-9.716430671452779277e-01,-9.716430671162392674e-01,-9.716430671399920449e-01,-9.716430671123547080e-01,-9.716430671697673382e-01,-9.716430670955195081e-01,-9.716430671354159276e-01,-9.716430671000615416e-01,-9.716430671302516142e-01
-9.695504896735294142e-01,-9.695504896860844823e-01,-9.695504896603514000e-01,-9.695504897132145583e-01,-9.695504896571376374e-01,-9.695504896922326754e-01,-9.695504896819601148e-01,-9.695504896656899074e-01,-9.695504897182797288e-01,-9.695504897303219849e-01,-9.695504896784522542e-01,-9.695504897030136071e-01,-9.695504896616741197e-01,-9.695504896963723640e-01,-9.695504896560809271e-01,-9.695504897375208930e-01,-9.695504896333064782e-01,-9.695504896906937953e-01,-9.695504896406583750e-01,-9.695504896819139296e-01
-9.672274144127394058e-01,-9.672274144288158793e-01,-9.672274143930067458e-01,-9.672274144674364305e-01,-9.672274143869381557e-01,-9.672274144368976367e-01,-9.672274144217425373e-01,-9.672274143974515237e-01,-9.672274144733812307e-01,-9.672274144889055902e-01,-9.672274144176911115e-01,-9.672274144519471539e-01,-9.672274143926264944e-01,-9.672274144437530419e-01,-9.672274143845833727e-01,-9.672274145007707657e-01,-9.672274143532190172e-01,-9.672274144365402559e-01,-9.672274143650609890e-01,-9.672274144217650749e-01
-9.646404940522181892e-01,-9.646404940724496724e-01,-9.646404940221970925e-01,-9.646404941282016310e-01,-9.646404940116832805e-01,-9.646404940836279529e-01,-9.646404940608236389e-01,-9.646404940243074044e-01,-9.646404941351148787e-01,-9.646404941548873957e-01,-9.646404940566113417e-01,-9.646404941046802239e-01,-9.646404940188421095e-01,-9.646404940948135609e-01,-9.646404940072895728e-01,-9.646404941740382988e-01,-9.646404939630895958e-01,-9.646404940853758880e-01,-9.646404939821282554e-01,-9.646404940605943779e-01
-9.617505318933166070e-01,-9.617505319181149925e-01,-9.617505318467950426e-01,-9.617505319998918001e-01,-9.617505318295065386e-01,-9.617505319345660553e-01,-9.617505318994927777e-01,-9.617505318440602302e-01,-9.617505320078915121e-01,-9.617505320325850926e-01,-9.617505318961783178e-01,-9.617505319640148320e-01,-9.617505318386190272e-01,-9.617505319525980756e-01,-9.617505318220557209e-01,-9.617505320630305166e-01,-9.617505317579774227e-01,-9.617505319397979813e-01,-9.617505317886297922e-01,-9.617505318981399709e-01
-9.585113192330660947e-01,-9.585113192331849996e-01,-9.585113192325420695e-01,-9.585113192333504228e-01,-9.585113192333434284e-01,-9.585113192333607479e-01,-9.585113192333536425e-01,-9.585113192331576881e-01,-9.585113192329737242e-01,-9.585113192333668541e-01,-9.585113192324632436e-01,-9.585113192334662191e-01,-9.585113192330471099e-01,-9.585113192333807319e-01,-9.585113192329831611e-01,-9.585113192334983045e-01,-9.585113192326820686e-01,-9.585113192339986821e-01,-9.585113192325679377e-01,-9.585113192335034116e-01
-9.548682322901743680e-01,-9.548682322904010755e-01,-9.548682322893345953e-01,-9.548682322906101305e-01,-9.548682322906443254e-01,-9.548682322907177111e-01,-9.548682322907219300e-01,-9.548682322903264685e-01,-9.548682322900842179e-01,-9.548682322907671161e-01,-9.548682322891898222e-01,-9.548682322908303988e-01,-9.548682322901528297e-01,-9.548682322907215969e-01,-9.548682322900814423e-01,-9.548682322908755848e-01,-9.548682322895679642e-01,-9.548682322917914078e-01,-9.548682322893614627e-01,-9.548682322908982334e-01
-9.507565450633660431e-01,-9.507565450638135740e-01,-9.507565450620272252e-01,-9.507565450640335092e-01,-9.507565450641821680e-01,-9.507565450643846727e-01,-9.507565450644345217e-01,-9.507565450636247251e-01,-9.507565450633297388e-01,-9.507565450645518723e-01,-9.507565450617376790e-01,-9.507565450644538396e-01,-9.507565450633672643e-01,-9.507565450643150617e-01,-9.507565450633254089e-01,-9.507565450645055760e-01,-9.507565450624275716e-01,-9.507565450662295303e-01,-9.507565450620358849e-01,-9.507565450645996119e-01
-9.460994146742944810e-01,-9.460994146752090828e-01,-9.460994146721707354e-01,-9.460994146753004541e-01,-9.460994146757161216e-01,-9.460994146762088386e-01,-9.460994146763543888e-01,-9.460994146747065958e-01,-9.460994146744351463e-01,-9.460994146766337209e-01,-9.460994146715896447e-01,-9.460994146760661749e-01,-9.460994146743525457e-01,-9.460994146759457157e-01,-9.460994146744490241e-01,-9.460994146761377843e-01,-9.460994146728882725e-01,-9.460994146794234894e-01,-9.460994146721249942e-01,-9.460994146764392099e-01
-9.408054999834731813e-01,-9.408054999853885381e-01,-9.408054999802886176e-01,-9.408054999849720934e-01,-9.408054999860276935e-01,-9.408054999870943957e-01,-9.408054999875661295e-01,-9.408054999841823918e-01,-9.408054999841066746e-01,-9.408054999881757530e-01,-9.408054999790242956e-01,-9.408054999863895151e-01,-9.408054999838335597e-01,-9.408054999862526246e-01,-9.408054999843893373e-01,-9.408054999863827428e-01,-9.408054999815952391e-01,-9.408054999927253359e-01,-9.408054999800354867e-01,-9.408054999873244340e-01
-9.347661913303421111e-01,-9.347661913343897622e-01,-9.347661913258882294e-01,-9.347661913324951666e-01,-9.347661913349442075e-01,-9.347661913370748366e-01,-9.347661913383307208e-01,-9.347661913315424842e-01,-9.347661913321329008e-01,-9.347661913396012601e-01,-9.347661913231701813e-01,-9.347661913350193696e-01,-9.347661913315357118e-01,-9.347661913348972451e-01,-9.347661913332708794e-01,-9.347661913347297125e-01,-9.347661913283389357e-01,-9.347661913469006434e-01,-9.347661913251436028e-01,-9.347661913373914722e-01
-9.278524653910412701e-01,-9.278524653999576932e-01,-9.278524653855121374e-01,-9.278524653942485934e-01,-9.278524653997719529e-01,-9.278524654038607933e-01,-9.278524654071836908e-01,-9.278524653932445077e-01,-9.278524653955806389e-01,-9.278524654098128099e-01,-9.278524653794036903e-01,-9.278524653988209359e-01,-9.278524653946319534e-01,-9.278524653984654424e-01,-9.278524653993611704e-01,-9.278524653975599445e-01,-9.278524653903212904e-01,-9.278524654214848066e-01,-9.278524653834906433e-01,-9.278524654047604070e-01
-9.199114480809785777e-01,-9.199114481018795253e-01,-9.199114480762307089e-01,-9.199114480863999077e-01,-9.199114480987716780e-01,-9.199114481066525961e-01,-9.199114481154920808e-01,-9.199114480853769482e-01,-9.199114480922307990e-01,-9.199114481210788341e-01,-9.199114480616834566e-01,-9.199114480949801553e-01,-9.199114480912713443e-01,-9.199114480932861770e-01,-9.199114481037664603e-01,-9.199114480908786584e-01,-9.199114480862080612e-01,-9.199114481397945298e-01,-9.199114480707282215e-01,-9.199114481099327501e-01
-9.107628882578153728e-01,-9.107628883106517748e-01,-9.107628882615360633e-01,-9.107628882691702898e-01,-9.107628882974589946e-01,-9.107628883132468101e-01,-9.107628883374470075e-01,-9.107628882673015625e-01,-9.107628882866052322e-01,-9.107628883500091810e-01,-9.107628882243725688e-01,-9.107628882862858211e-01,-9.107628882871172671e-01,-9.107628882792665470e-01,-9.107628883206603243e-01,-9.107628882738280085e-01,-9.107628882837859319e-01,-9.107628883800829023e-01,-9.107628882463006947e-01,-9.107628883251495111e-01
-9.001959392859651965e-01,-9.001959394201216602e-01,-9.001959393248347707e-01,-9.001959393141280019e-01,-9.001959393763594441e-01,-9.001959394062233333e-01,-9.001959394712998330e-01,-9.001959393068907911e-01,-9.001959393577801949e-01,-9.001959394989473839e-01,-9.001959392289140549e-01,-9.001959393488894179e-01,-9.001959393652944064e-01,-9.001959393232749074e-01,-9.001959394519521984e-01,-9.001959393128611264e-01,-9.001959393742747784e-01,-9.001959395417091780e-01,-9.001959392841526464e-01,-9.001959394468681541e-01
-8.879669392486877477e-01,-8.879669395864805415e-01,-8.879669393990979875e-01,-8.879669393270547273e-01,-8.879669394565042895e-01,-8.879669395084699435e-01,-8.879669396789672264e-01,-8.879669392940291450e-01,-8.879669394238991487e-01,-8.879669397375967721e-01,-8.879669391519463550e-01,-8.879669393986460157e-01,-8.879669394528784121e-01,-8.879669393150402268e-01,-8.879669396678920856e-01,-8.879669392990114929e-01,-8.879669395066075444e-01,-8.879669397817131493e-01,-8.879669392949541828e-01,-8.879669396370243328e-01
-8.737992882764513691e-01,-8.737992891158490316e-01,-8.737992887397332264e-01,-8.737992885051477643e-01,-8.737992887543271081e-01,-8.737992888325598617e-01,-8.737992892666652800e-01,-8.737992883692904389e-01,-8.737992886964067729e-01,-8.737992893843353759e-01,-8.737992881080540730e-01,-8.737992886526504410e-01,-8.737992887790300145e-01,-8.737992884013253692e-01,-8.737992892909951514e-01,-8.737992883874660111e-01,-8.737992889660567419e-01,-8.737992893756136858e-01,-8.737992884842317176e-01,-8.737992892129602396e-01
-8.573870221359793931e-01,-8.573870221646993084e-01,-8.573870221561812333e-01,-8.573870221534917180e-01,-8.573870221636840094e-01,-8.573870221318871110e-01,-8.573870221522388313e-01,-8.573870221521669999e-01,-8.573870221415421655e-01,-8.573870221566119998e-01,-8.573870221389843227e-01,-8.573870221669247504e-01,-8.573870221633874689e-01,-8.573870221411585835e-01,-8.573870221580991435e-01,-8.573870221438528727e-01,-8.573870221584145579e-01,-8.573870221407093872e-01,-8.573870221394082058e-01,-8.573870221762255328e-01
-8.384041584451287221e-01,-8.384041585198209745e-01,-8.384041584907007127e-01,-8.384041584925108204e-01,-8.384041585238000138e-01,-8.384041584349900544e-01,-8.384041584873854758e-01,-8.384041584925888690e-01,-8.384041584664994051e-01,-8.384041584961157145e-01,-8.384041584562631488e-01,-8.384041585271679864e-01,-8.384041585184662804e-01,-8.384041584633663557e-01,-8.384041584980370665e-01,-8.384041584686560133e-01,-8.384041585104664573e-01,-8.384041584485937282e-01,-8.384041584591122032e-01,-8.384041585498582805e-01
-8.165221344031066142e-01,-8.165221345976321210e-01,-8.165221344950903681e-01,-8.165221345272491993e-01,-8.165221346256335000e-01,-8.165221343785019625e-01,-8.165221345068018888e-01,-8.165221345468841596e-01,-8.165221344753138544e-01,-8.165221345251777452e-01,-8.165221344452920915e-01,-8.165221346159690086e-01,-8.165221345942291764e-01,-8.165221344708055717e-01,-8.165221345196870262e-01,-8.165221344756681265e-01,-8.165221345906595873e-01,-8.165221343902403506e-01,-8.165221344527937575e-01,-8.165221346710012096e-01
-7.914371468751946193e-01,-7.914371473839636462e-01,-7.914371470255706642e-01,-7.914371471834305005e-01,-7.914371474960506525e-01,-7.914371468256619080e-01,-7.914371471147805259e-01,-7.914371473216740283e-01,-7.914371470970456013e-01,-7.914371471624211951e-01,-7.914371470390417773e-01,-7.914371474070940327e-01,-7.914371473530837919e-01,-7.914371471295978955e-01,-7.914371471066445896e-01,-7.914371471030592353e-01,-7.914371474068108148e-01,-7.914371468028464918e-01,-7.914371470396897035e-01,-7.914371475431627445e-01
-7.629075114049802542e-01,-7.629075127578803794e-01,-7.629075115527518269e-01,-7.629075121265627146e-01,-7.629075130862685850e-01,-7.629075113663849050e-01,-7.629075119352397572e-01,-7.629075127981727045e-01,-7.629075120202271076e-01,-7.629075120988464409e-01,-7.629075120310355729e-01,-7.629075126767514980e-01,-7.629075125220594611e-01,-7.629075123406127146e-01,-7.629075118190213889e-01,-7.629075121231798651e-01,-7.629075128858849864e-01,-7.629075112204386500e-01,-7.629075119274479899e-01,-7.629075130312343855e-01
-7.307978264727292839e-01,-7.307978301114852471e-01,-7.307978263359187210e-01,-7.307978281045718338e-01,-7.307978307312197330e-01,-7.307978267735858457e-01,-7.307978275969054804e-01,-7.307978306854849837e-01,-7.307978279086392304e-01,-7.307978282522392677e-01,-7.307978286771519283e-01,-7.307978293867981590e-01,-7.307978287450143107e-01,-7.307978297093952191e-01,-7.307978271502090228e-01,-7.307978286755308917e-01,-7.307978303799460562e-01,-7.307978263908625483e-01,-7.307978280225124745e-01,-7.307978303360858074e-01
-6.951222664684206798e-01,-6.951222668758840761e-01,-6.951222665373052445e-01,-6.951222666833762887e-01,-6.951222666094203362e-01,-6.951222667421117496e-01,-6.951222665764464903e-01,-6.951222668836808394e-01,-6.951222664075236146e-01,-6.951222667873161454e-01,-6.951222667274195022e-01,-6.951222666678820161e-01,-6.951222663639919919e-01,-6.951222669110600494e-01,-6.951222665667320388e-01,-6.951222667259451260e-01,-6.951222665748159057e-01,-6.951222668245584657e-01,-6.951222666192274913e-01,-6.951222667091494500e-01
-6.560754205669802053e-01,-6.560754211529484792e-01,-6.560754207908151558e-01,-6.560754213281818625e-01,-6.560754200555360960e-01,-6.560754215978663595e-01,-6.560754204640253384e-01,-6.560754212668480356e-01,-6.560754201025515986e-01,-6.560754215745348006e-01,-6.560754204603721496e-01,-6.560754212555526266e-01,-6.560754200345584319e-01,-6.560754214381288030e-01,-6.560754205397394401e-01,-6.560754213646032840e-01,-6.560754198795513137e-01,-6.560754218469682097e-01,-6.560754204465861772e-01,-6.560754209828474348e-01
-6.140386572670577525e-01,-6.140386562053766761e-01,-6.140386576745505698e-01,-6.140386587538885221e-01,-6.140386542720761565e-01,-6.140386595208117138e-01,-6.140386558882856560e-01,-6.140386568348833451e-01,-6.140386563629705030e-01,-6.140386592537359078e-01,-6.140386538395550264e-01,-6.140386589080402135e-01,-6.140386567456166400e-01,-6.140386569591527177e-01,-6.140386562253837832e-01,-6.140386590532522781e-01,-6.140386535709345672e-01,-6.140386595299545114e-01,-6.140386554232246663e-01,-6.140386573500815626e-01
-5.695548442214624085e-01,-5.695548392157419038e-01,-5.695548437294298827e-01,-5.695548451784188115e-01,-5.695548396550276227e-01,-5.695548464347895967e-01,-5.695548406092445504e-01,-5.695548411344506512e-01,-5.695548453353239671e-01,-5.695548456294319273e-01,-5.695548341743776888e-01,-5.695548467970360518e-01,-5.695548473589993055e-01,-5.695548401055632315e-01,-5.695548410542984330e-01,-5.695548477210040650e-01,-5.695548387794193701e-01,-5.695548441979774168e-01,-5.695548400426009295e-01,-5.695548442289619651e-01
-5.232738125989798705e-01,-5.232738123105264982e-01,-5.232738122937983238e-01,-5.232738124885327746e-01,-5.232738125754560210e-01,-5.232738125074609670e-01,-5.232738123827253007e-01,-5.232738125397347062e-01,-5.232738127026468344e-01,-5.232738123641802463e-01,-5.232738120964106621e-01,-5.232738125401419360e-01,-5.232738126412944668e-01,-5.232738121713855772e-01,-5.232738122365201416e-01,-5.232738127007057205e-01,-5.232738125769333948e-01,-5.232738121874569437e-01,-5.232738121916935548e-01,-5.232738125603975110e-01
-4.758802740676656429e-01,-4.758802738014256684e-01,-4.758802737654198589e-01,-4.758802738183663950e-01,-4.758802739865634068e-01,-4.758802740990575875e-01,-4.758802739380421643e-01,-4.758802740032954670e-01,-4.758802742076230219e-01,-4.758802737570595465e-01,-4.758802733518670003e-01,-4.758802739037925611e-01,-4.758802740857233093e-01,-4.758802735128207506e-01,-4.758802737439944419e-01,-4.758802744945491714e-01,-4.758802742559460341e-01,-4.758802736333989092e-01,-4.758802737464448152e-01,-4.758802741563318284e-01
-4.280186399051144619e-01,-4.280186394328596711e-01,-4.280186392164293530e-01,-4.280186399224216176e-01,-4.280186392726040290e-01,-4.280186392279928809e-01,-4.280186400902751820e-01,-4.280186394747417800e-01,-4.280186390706532951e-01,-4.280186396587253306e-01,-4.280186396821116235e-01,-4.280186391363275389e-01,-4.280186385592477105e-01,-4.280186391662861300e-01,-4.280186400736053498e-01,-4.280186392105342907e-01,-4.280186392138107809e-01,-4.280186403043087506e-01,-4.280186391540263813e-01,-4.280186386813298327e-01
-3.802172309115783855e-01,-3.802172360033723164e-01,-3.802172371144064700e-01,-3.802172311181114539e-01,-3.802172355156113737e-01,-3.802172343187591452e-01,-3.802172309191734767e-01,-3.802172362299547359e-01,-3.802172332893338780e-01,-3.802172315178616313e-01,-3.802172366348628429e-01,-3.802172305011304321e-01,-3.802172294367077710e-01,-3.802172366135855852e-01,-3.802172326302444838e-01,-3.802172329026101694e-01,-3.802172371972567522e-01,-3.802172332053289638e-01,-3.802172354917585650e-01,-3.802172366099136891e-01
-3.327697152832075345e-01,-3.327697144029668763e-01,-3.327697143290366810e-01,-3.327697153954092824e-01,-3.327697151221945537e-01,-3.327697144692020048e-01,-3.327697148661986071e-01,-3.327697152853372198e-01,-3.327697151691857980e-01,-3.327697147338438688e-01,-3.327697145112878396e-01,-3.327697149834749624e-01,-3.327697152166151917e-01,-3.327697148206192890e-01,-3.327697149454068581e-01,-3.327697148989623988e-01,-3.327697147924406629e-01,-3.327697149180947056e-01,-3.327697146149436458e-01,-3.327697147501885166e-01
-2.854506428697820009e-01,-2.854506410502150593e-01,-2.854506387938496870e-01,-2.854506424729177372e-01,-2.854506412369435808e-01,-2.854506399492638957e-01,-2.854506426692677290e-01,-2.854506423321995778e-01,-2.854506397616464741e-01,-2.854506420209109718e-01,-2.854506425645573220e-01,-2.854506416050002215e-01,-2.854506407332169093e-01,-2.854506424868011316e-01,-2.854506430886671886e-01,-2.854506401376868951e-01,-2.854506401905159696e-01,-2.854506441765682356e-01,-2.854506410582741127e-01,-2.854506394322184892e-01
-2.371578974867676881e-01,-2.371578999437301549e-01,-2.371579058480071944e-01,-2.371578918660089963e-01,-2.371579003796286944e-01,-2.371579020060010090e-01,-2.371578942860166905e-01,-2.371578997371561193e-01,-2.371578988693845425e-01,-2.371578940535776225e-01,-2.371579059796247724e-01,-2.371579010301216872e-01,-2.371578984599857498e-01,-2.371579036811887198e-01,-2.371578975964146463e-01,-2.371578952465612788e-01,-2.371579038325621891e-01,-2.371578955743897099e-01,-2.371579005366610815e-01,-2.371579059183706595e-01
-1.875893798064201812e-01,-1.875893844071065408e-01,-1.875893885506250691e-01,-1.875893770511815606e-01,-1.875893891491668963e-01,-1.875893841216581814e-01,-1.875893846793671438e-01,-1.875893840822639991e-01,-1.875893824490086903e-01,-1.875893823742098565e-01,-1.875893809628841336e-01,-1.875893851194951611e-01,-1.875893835923800324e-01,-1.875893800164564196e-01,-1.875893845697543527e-01,-1.875893793862138947e-01,-1.875893886177356085e-01,-1.875893785981056494e-01,-1.875893849738415331e-01,-1.875893913442673311e-01
-1.425499456498479645e-01,-1.425499497941649096e-01,-1.425499443913714470e-01,-1.425499520192392289e-01,-1.425499452744594386e-01,-1.425499529123844256e-01,-1.425499469748285342e-01,-1.425499514045909799e-01,-1.425499449171073185e-01,-1.425499507099316776e-01,-1.425499431457788180e-01,-1.425499505607150386e-01,-1.425499456885980509e-01,-1.425499481231581322e-01,-1.425499439666075285e-01,-1.425499531696452771e-01,-1.425499435047078989e-01,-1.425499503136308521e-01,-1.425499469147633314e-01,-1.425499504504778858e-01
-1.085601668316323459e-01,-1.085601679115987261e-01,-1.085601669882767656e-01,-1.085601680598115432e-01,-1.085601671830553755e-01,-1.085601687322113595e-01,-1.085601674039187725e-01,-1.085601685412118100e-01,-1.085601669152368581e-01,-1.085601680580364492e-01,-1.085601665678205818e-01,-1.085601684384665810e-01,-1.085601670263687257e-01,-1.085601674140325573e-01,-1.085601668803116981e-01,-1.085601683450122396e-01,-1.085601667700656914e-01,-1.085601677334263881e-01,-1.085601670299497640e-01,-1.085601683025419206e-01
-8.429255046231180770e-02,-8.429255044770128658e-02,-8.429255044320285717e-02,-8.429255040007532784e-02,-8.429255044191875934e-02,-8.429255051298144286e-02,-8.429255049933875865e-02,-8.429255049207379225e-02,-8.429255043260677760e-02,-8.429255037673272222e-02,-8.429255044254493900e-02,-8.429255055156838206e-02,-8.429255048118731997e-02,-8.429255045595572537e-02,-8.429255043018252236e-02,-8.429255044007817610e-02,-8.429255040119824904e-02,-8.429255039378183434e-02,-8.429255043050760954e-02,-8.429255050872602739e-02
-6.621594720411400070e-02,-6.621594503565020329e-02,-6.621594553969321895e-02,-6.621594758341740883e-02,-6.621594694733579090e-02,-6.621594424249789557e-02,-6.621594695627036620e-02,-6.621594560845572852e-02,-6.621594741254582805e-02,-6.621594576071679339e-02,-6.621594787169368668e-02,-6.621594500300112540e-02,-6.621594581305371985e-02,-6.621594622160094368e-02,-6.621594606506456260e-02,-6.621594561528902634e-02,-6.621594602601479918e-02,-6.621594677768900816e-02,-6.621594604529676409e-02,-6.621594639755652711e-02
-5.201081378580767189e-02,-5.201081348085606626e-02,-5.201081390569733953e-02,-5.201081373619727277e-02,-5.201081359817831540e-02,-5.201081340516525847e-02,-5.201081371770839568e-02,-5.201081356735244576e-02,-5.201081396269889578e-02,-5.201081337564746054e-02,-5.201081418236142700e-02,-5.201081370057098613e-02,-5.201081332177460992e-02,-5.201081395780494943e-02,-5.201081360880075583e-02,-5.201081352082834175e-02,-5.201081384149879028e-02,-5.201081382177750317e-02,-5.201081335137214962e-02,-5.201081395698102516e-02
-4.034983029956117767e-02,-4.034983033770780242e-02,-4.034983045470590113e-02,-4.034983021494729233e-02,-4.034983031272780518e-02,-4.034983038250766069e-02,-4.034983029361466356e-02,-4.034983031796052222e-02,-4.034983041102466889e-02,-4.034983021800088443e-02,-4.034983035764582587e-02,-4.034983045311384131e-02,-4.034983029722316594e-02,-4.034983033588485091e-02,-4.034983032705241612e-02,-4.034983035219469327e-02,-4.034983037798485495e-02,-4.034983031969282402e-02,-4.034983033836463812e-02,-4.034983037350853979e-02
-3.042176596709944211e-02,-3.042176103099313716e-02,-3.042176379773313746e-02,-3.042176353402951949e-02,-3.042176428167694263e-02,-3.042176031059055583e-02,-3.042176597049085773e-02,-3.042176058583002940e-02,-3.042176517385456955e-02,-3.042176193581210691e-02,-3.042176637073464723e-02,-3.042176072562813305e-02,-3.042176357545745696e-02,-3.042176421737011888e-02,-3.042176364099321781e-02,-3.042176169519063625e-02,-3.042176483789672120e-02,-3.042176308606604415e-02,-3.042176323339278524e-02,-3.042176256293747244e-02
-2.168274665073547519e-02,-2.168274551319507998e-02,-2.168274647863909638e-02,-2.168274586514205848e-02,-2.168274628409581559e-02,-2.168274545976009091e-02,-2.168274649165211065e-02,-2.168274554413926469e-02,-2.168274672613363513e-02,-2.168274542937598595e-02,-2.168274683780173698e-02,-2.168274574316855427e-02,-2.168274597568355111e-02,-2.168274638223803563e-02,-2.168274623471442772e-02,-2.168274578322952270e-02,-2.168274658434645244e-02,-2.168274599103221789e-02,-2.168274604748765544e-02,-2.168274604407503803e-02
-1.373624701560662020e-02,-1.373624696191012677e-02,-1.373624714093775283e-02,-1.373624688309889666e-02,-1.373624712334657952e-02,-1.373624699194408300e-02,-1.373624693994679458e-02,-1.373624693927955054e-02,-1.373624724294006741e-02,-1.373624680134385122e-02,-1.373624712827944093e-02,-1.373624704647024262e-02,-1.373624694441616043e-02,-1.373624708909873537e-02,-1.373624705187617874e-02,-1.373624709031282497e-02,-1.373624702094153674e-02,-1.373624699555270334e-02,-1.373624705805100328e-02,-1.373624709231363941e-02
-6.269817995884852460e-03,-6.269818051450346506e-03,-6.269818115363711558e-03,-6.269817929228010955e-03,-6.269818103108622254e-03,-6.269818063930546539e-03,-6.269817997821711120e-03,-6.269818009850311458e-03,-6.269818138998735184e-03,-6.269817960574372226e-03,-6.269818058538966996e-03,-6.269818052071407001e-03,-6.269818049514413322e-03,-6.269818034038400489e-03,-6.269818044126827111e-03,-6.269818113105859667e-03,-6.269818017633038178e-03,-6.269818003758280064e-03,-6.269818102319972726e-03,-6.269818049511197144e-03
9.829176046910444511e-04,9.829235612551091416e-04,9.829235688367044324e-04,9.829198152360432358e-04,9.829233376597464305e-04,9.829250509091214810e-04,9.829169813641916442e-04,9.829249900923722749e-04,9.829205041638902976e-04,9.829236620133457482e-04,9.829219600240375783e-04,9.829222485880067389e-04,9.829209876728748838e-04,9.829215610970467448e-04,9.829218497534974834e-04,9.829217157725687014e-04,9.829197198320742228e-04,9.829216262869503503e-04,9.829221340595408179e-04,9.829251076331438786e-04
8.268941165264323198e-03,8.268940993565454534e-03,8.268941034634446491e-03,8.268941103600024531e-03,8.268941061517931512e-03,8.268941001794635759e-03,8.268941119183019495e-03,8.268941031958014498e-03,8.268941064093603827e-03,8.268941032262945925e-03,8.268941095957613521e-03,8.268941030167309761e-03,8.268941099403213230e-03,8.268940965498865550e-03,8.268941155968758880e-03,8.268940907295692366e-03,8.268941145328823766e-03,8.268941028603201543e-03,8.268941053068790820e-03,8.268941008156798292e-03
1.583818778267892871e-02,1.583818773516026610e-02,1.583818763238147020e-02,1.583818775819495484e-02,1.583818764497446629e-02,1.583818774047638517e-02,1.583818762938653257e-02,1.583818770329824266e-02,1.583818772989706650e-02,1.583818765633739772e-02,1.583818766642489106e-02,1.583818773959536422e-02,1.583818775038148621e-02,1.583818741933846336e-02,1.583818788403976857e-02,1.583818747968299828e-02,1.583818773169182181e-02,1.583818762903680538e-02,1.583818769280850511e-02,1.583818765060561462e-02
2.396661888814388686e-02,2.396661886436218802e-02,2.396661895668443509e-02,2.396661861785468611e-02,2.396661879002233778e-02,2.396661909636647186e-02,2.396661854447169893e-02,2.396661875632534466e-02,2.396661902700436206e-02,2.396661866195065604e-02,2.396661896771940664e-02,2.396661868707845866e-02,2.396661935715532418e-02,2.396661801422507107e-02,2.396661948362323671e-02,2.396661820407688936e-02,2.396661901158215341e-02,2.396661842362513700e-02,2.396661924547687991e-02,2.396661867791888278e-02
3.298507001396681904e-02,3.298506894325673594e-02,3.298507054518658860e-02,3.298506848500978861e-02,3.298507029182792122e-02,3.298506982205076654e-02,3.298506897120009190e-02,3.298506937827846291e-02,3.298507030295697029e-02,3.298506884650398430e-02,3.298507141556188821e-02,3.298506740566937295e-02,3.298507225739991805e-02,3.298506723513263544e-02,3.298507187360386755e-02,3.298506698077332405e-02,3.298507093988317651e-02,3.298506742309728623e-02,3.298507171332425852e-02,3.298506922778412370e-02
4.332230122700383296e-02,4.332229225140338258e-02,4.332230271534377730e-02,4.332229136193049834e-02,4.332230549551885357e-02,4.332229351150167912e-02,4.332230020404945203e-02,4.332229621702163302e-02,4.332230012658129514e-02,4.332229259892751705e-02,4.332230700884955044e-02,4.332228505989808853e-02,4.332230748440699802e-02,4.332228931200101524e-02,4.332230450975136510e-02,4.332228786398719528e-02,4.332230492592588356e-02,4.332228837565483409e-02,4.332230646212862496e-02,4.332229447648662524e-02
5.557937969918153032e-02,5.557937982864548376e-02,5.557937963520492852e-02,5.557937950932134025e-02,5.557937945557905185e-02,5.557937966870397928e-02,5.557937908525334425e-02,5.557937949015961943e-02,5.557937991326977051e-02,5.557937957874364843e-02,5.557937982979455765e-02,5.557937951749883365e-02,5.557937984642439405e-02,5.557937916408136475e-02,5.557938008713441541e-02,5.557937922947725484e-02,5.557937964411242826e-02,5.557937934872856506e-02,5.557937982273116612e-02,5.557937937864317057e-02
7.067525457543599732e-02,7.067525482343209320e-02,7.067525459189383241e-02,7.067525335805741049e-02,7.067525497158186343e-02,7.067525347473553599e-02,7.067525286191572720e-02,7.067525378150868454e-02,7.067525549541667229e-02,7.067525416534517491e-02,7.067525588866263586e-02,7.067525222499482229e-02,7.067525548249430078e-02,7.067525259089983691e-02,7.067525556705647749e-02,7.067525284600086055e-02,7.067525458785613168e-02,7.067525232604805752e-02,7.067525559443937899e-02,7.067525320323465865e-02
9.014999923968609885e-02,9.014998708124390137e-02,9.014999934500057821e-02,9.014998659725188823e-02,9.015000155444845287e-02,9.014998653175222698e-02,9.014999948790598794e-02,9.014998822925930633e-02,9.014999908162199538e-02,9.014998740166974001e-02,9.015000176037198110e-02,9.014998273110064186e-02,9.015000103067848103e-02,9.014998566059873042e-02,9.014999912238111368e-02,9.014998572664090215e-02,9.015000076005015572e-02,9.014998441471061552e-02,9.015000159845533434e-02,9.014998782206903871e-02
1.166862823361088236e-01,1.166863311862593455e-01,1.166862825746260018e-01,1.166863281004806158e-01,1.166862973153227623e-01,1.166863277058190901e-01,1.166862879525524394e-01,1.166863400756097541e-01,1.166862772089748562e-01,1.166863347675541618e-01,1.166862971957183387e-01,1.166863222714537573e-01,1.166862985257825641e-01,1.166863356711552030e-01,1.166862895219999419e-01,1.166863373050316399e-01,1.166862940232651913e-01,1.166863274403591166e-01,1.166862962160871570e-01,1.166863353483687804e-01
1.538358442737139953e-01,1.538358437071188911e-01,1.538358436471947699e-01,1.538358444210899401e-01,1.538358429951090789e-01,1.538358443223816485e-01,1.538358436969615439e-01,1.538358436553615982e-01,1.538358445553121845e-01,1.538358455235608879e-01,1.538358438284230800e-01,1.538358458700527509e-01,1.538358445841504218e-01,1.538358450155000445e-01,1.538358453566918971e-01,1.538358450212101158e-01,1.538358438508620474e-01,1.538358455453451012e-01,1.538358430685835276e-01,1.538358447621326619e-01
2.010061991296195616e-01,2.010061993317322493e-01,2.010061999774306329e-01,2.010061993961202165e-01,2.010061998723079169e-01,2.010061992717215029e-01,2.010062004011202164e-01,2.010061985840917165e-01,2.010061991170957740e-01,2.010062004046841155e-01,2.010061991044172491e-01,2.010061991742577714e-01,2.010061999284218082e-01,2.010061996113588212e-01,2.010062000971107599e-01,2.010061998594985799e-01,2.010062005092707327e-01,2.010061990334753856e-01,2.010061982030075522e-01,2.010061998356845736e-01
2.504719889484670059e-01,2.504719824389096128e-01,2.504719862906836791e-01,2.504719865479164698e-01,2.504719813698927933e-01,2.504719871629069727e-01,2.504719859506538970e-01,2.504719795083852341e-01,2.504719870484349298e-01,2.504719847238082719e-01,2.504719819478585796e-01,2.504719871575518120e-01,2.504719826151960982e-01,2.504719814894656449e-01,2.504719875211717239e-01,2.504719823530489053e-01,2.504719839773679735e-01,2.504719864390256845e-01,2.504719806072945310e-01,2.504719848696050355e-01
2.983558539324892567e-01,2.983559189852431071e-01,2.983558776512961197e-01,2.983558670831509829e-01,2.983559179458409871e-01,2.983558687472316895e-01,2.983558756207804197e-01,2.983559270366439864e-01,2.983558755074115498e-01,2.983558669302644462e-01,2.983558961442979718e-01,2.983558729115607377e-01,2.983558883547388629e-01,2.983558956375547133e-01,2.983558697193911535e-01,2.983559004803215675e-01,2.983558849840514671e-01,2.983558745685233604e-01,2.983559196766920052e-01,2.983558710969257399e-01
3.456396861393545850e-01,3.456396994559479685e-01,3.456396934220221651e-01,3.456396894378467866e-01,3.456397032714125239e-01,3.456396929115200800e-01,3.456396924963346939e-01,3.456397008986006880e-01,3.456396845518070471e-01,3.456396910649198184e-01,3.456396984083296431e-01,3.456396835820990110e-01,3.456396942705252107e-01,3.456396970191755735e-01,3.456396855283840330e-01,3.456396981898939291e-01,3.456396971480087399e-01,3.456396881451581637e-01,3.456396996869385285e-01,3.456396944715222075e-01
3.931906961834839564e-01,3.931906899948627299e-01,3.931906935894736721e-01,3.931906952831053514e-01,3.931906916651352613e-01,3.931906970054741546e-01,3.931906962698137331e-01,3.931906911802526272e-01,3.931906970009031443e-01,3.931906953066599542e-01,3.931906930044327675e-01,3.931906984928276727e-01,3.931906938197322066e-01,3.931906918315810628e-01,3.931906985200581128e-01,3.931906935283111526e-01,3.931906937446882910e-01,3.931906993064410161e-01,3.931906931852213738e-01,3.931906933511728486e-01
4.410505858579654714e-01,4.410505932027902753e-01,4.410505905949859695e-01,4.410505744138577544e-01,4.410505862784839803e-01,4.410505659717518512e-01,4.410505793013630438e-01,4.410506022791563785e-01,4.410505853071268190e-01,4.410505810087979595e-01,4.410505839997858057e-01,4.410505674286439026e-01,4.410505934245604331e-01,4.410505932812107122e-01,4.410505712536400003e-01,4.410505876912597101e-01,4.410505857456661349e-01,4.410505692776126030e-01,4.410505863078617583e-01,4.410505943636043313e-01
4.888435715755019562e-01,4.888435632036652323e-01,4.888435714732753956e-01,4.888435592092446602e-01,4.888435672581509794e-01,4.888435645871004320e-01,4.888435753217089674e-01,4.888435795509048498e-01,4.888435715190294073e-01,4.888435717904310307e-01,4.888435630499305962e-01,4.888435511474555351e-01,4.888435806348585544e-01,4.888435744122933690e-01,4.888435536059074771e-01,4.888435798446913449e-01,4.888435794089244224e-01,4.888435592307971977e-01,4.888435618079493006e-01,4.888435829016578582e-01
5.360013282849056537e-01,5.360013191899981599e-01,5.360013164590651247e-01,5.360013054830488066e-01,5.360013275526784859e-01,5.360013219248250804e-01,5.360013198346700314e-01,5.360013248711776868e-01,5.360013189544412526e-01,5.360013185787939616e-01,5.360013200839167657e-01,5.360013092941204871e-01,5.360013278141048110e-01,5.360013169999751081e-01,5.360013037873438968e-01,5.360013338548201833e-01,5.360013282012622282e-01,5.360013157624667901e-01,5.360013077730686470e-01,5.360013286081637407e-01
5.818612096101228870e-01,5.818612074797998579e-01,5.818612129074660633e-01,5.818611946344370844e-01,5.818612168890903158e-01,5.818612100280456945e-01,5.818612057503071977e-01,5.818612117686976504e-01,5.818612024305472863e-01,5.818612071930261420e-01,5.818612190437475462e-01,5.818611959361122965e-01,5.818612153889389793e-01,5.818612079238332235e-01,5.818611917919412901e-01,5.818612260224522714e-01,5.818612076578424386e-01,5.818612102952023246e-01,5.818611998161321575e-01,5.818612151589204196e-01
6.257404762625480288e-01,6.257404783139975946e-01,6.257404849564830451e-01,6.257404743270715830e-01,6.257404828166672761e-01,6.257404790332535827e-01,6.257404773691958022e-01,6.257404819553430420e-01,6.257404754529120039e-01,6.257404775708377276e-01,6.257404886419581924e-01,6.257404722596124902e-01,6.257404813560593082e-01,6.257404813062690252e-01,6.257404704208452406e-01,6.257404904122646494e-01,6.257404728355718815e-01,6.257404837814134480e-01,6.257404769476065942e-01,6.257404818314833417e-01
6.670117233002564872e-01,6.670117022285030339e-01,6.670117101395250936e-01,6.670117294153928844e-01,6.670117132238553292e-01,6.670117082960086430e-01,6.670117314128756192e-01,6.670117023618540308e-01,6.670117659321207482e-01,6.670116939157262337e-01,6.670116861017646448e-01,6.670117500093877272e-01,6.670116909081339474e-01,6.670117532179776765e-01,6.670117178493730759e-01,6.670117405601251326e-01,6.670116217287849203e-01,6.670118076770624738e-01,6.670116550994715787e-01,6.670117411221794246e-01
7.051716625386552639e-01,7.051716560879068840e-01,7.051716399261708235e-01,7.051716595847069557e-01,7.051716491294302003e-01,7.051716564261153453e-01,7.051716620827133131e-01,7.051716453591929668e-01,7.051716745415121945e-01,7.051716535471101999e-01,7.051716293296647065e-01,7.051716797640305012e-01,7.051716433426667985e-01,7.051716682455128060e-01,7.051716532390271963e-01,7.051716610158175191e-01,7.051716294949121888e-01,7.051716860378297591e-01,7.051716247206406551e-01,7.051716706509985055e-01
7.398886117825582698e-01,7.398886127278138103e-01,7.398886015986554376e-01,7.398886104843406253e-01,7.398886065830398984e-01,7.398886108753937041e-01,7.398886133432929224e-01,7.398886064261973594e-01,7.398886136349487330e-01,7.398886115473375380e-01,7.398885992622259433e-01,7.398886198677093740e-01,7.398886065383101229e-01,7.398886130412233308e-01,7.398886066165042408e-01,7.398886117449486877e-01,7.398886074771399146e-01,7.398886162156214086e-01,7.398885999168332006e-01,7.398886156159677485e-01
7.710189107975566891e-01,7.710189122639892201e-01,7.710189076443298983e-01,7.710189108743401576e-01,7.710189092865405991e-01,7.710189109826803833e-01,7.710189125434231405e-01,7.710189098478675840e-01,7.710189107884577453e-01,7.710189115379533220e-01,7.710189076348364923e-01,7.710189139833537597e-01,7.710189099590173401e-01,7.710189113949205142e-01,7.710189088237057176e-01,7.710189117567048944e-01,7.710189120881567604e-01,7.710189115907450930e-01,7.710189081765987940e-01,7.710189123526892674e-01
7.985928811565754515e-01,7.985928818553135189e-01,7.985928802802816362e-01,7.985928813914904278e-01,7.985928806828362925e-01,7.985928813093472467e-01,7.985928820915508819e-01,7.985928810649094434e-01,7.985928810198269501e-01,7.985928814901313011e-01,7.985928804898428934e-01,7.985928822833395779e-01,7.985928810738013306e-01,7.985928814572829104e-01,7.985928805024987698e-01,7.985928817928402701e-01,7.985928822380767844e-01,7.985928813644069812e-01,7.985928806608459940e-01,7.985928817129468449e-01
8.227793299657631954e-01,8.227793585628172535e-01,8.227793391242790300e-01,8.227793561614912266e-01,8.227793315818192621e-01,8.227793501174213153e-01,8.227793607438971257e-01,8.227793418729867359e-01,8.227793392792732696e-01,8.227793537129266532e-01,8.227793347031644444e-01,8.227793515175716443e-01,8.227793233617347601e-01,8.227793489752438516e-01,8.227793234320280868e-01,8.227793388029771560e-01,8.227793540691836771e-01,8.227793313454012658e-01,8.227793287793577770e-01,8.227793487841489339e-01
8.438410515095388087e-01,8.438410611391216065e-01,8.438410550274195732e-01,8.438410610387014898e-01,8.438410517179202319e-01,8.438410597704806282e-01,8.438410633260198246e-01,8.438410564657858881e-01,8.438410563070402048e-01,8.438410600101199366e-01,8.438410535823636094e-01,8.438410585031730360e-01,8.438410481465029589e-01,8.438410592292582280e-01,8.438410491883304720e-01,8.438410532201233716e-01,8.438410592833709423e-01,8.438410510803008302e-01,8.438410501579575174e-01,8.438410575287599302e-01
8.620918662661636311e-01,8.620918696880266463e-01,8.620918677684125120e-01,8.620918698379794742e-01,8.620918663060423981e-01,8.620918699053164991e-01,8.620918710981267941e-01,8.620918685074979715e-01,8.620918687909883138e-01,8.620918696732152720e-01,8.620918673485825634e-01,8.620918687207740350e-01,8.620918648040701848e-01,8.620918696490039723e-01,8.620918655680182008e-01,8.620918664656361807e-01,8.620918689651654310e-01,8.620918658464955531e-01,8.620918654237039735e-01,8.620918682978765402e-01
8.778619077228907441e-01,8.778619090254546897e-01,8.778619084247477611e-01,8.778619091087916937e-01,8.778619077486664590e-01,8.778619094024516789e-01,8.778619097962377937e-01,8.778619087908029472e-01,8.778619090525012769e-01,8.778619092432192739e-01,8.778619083445575733e-01,8.778619086810408589e-01,8.778619071617494996e-01,8.778619093316291089e-01,8.778619075995816035e-01,8.778619076919074171e-01,8.778619087438938040e-01,8.778619075098861302e-01,8.778619072894605635e-01,8.778619084688410457e-01
8.914730591720899655e-01,8.914730597003880375e-01,8.914730595168323113e-01,8.914730597202980000e-01,8.914730591877587651e-01,8.914730599570473979e-01,8.914730600772293734e-01,8.914730596823161601e-01,8.914730598572213616e-01,8.914730598966009723e-01,8.914730595319118045e-01,8.914730595833454396e-01,8.914730589867678745e-01,8.914730599767994867e-01,8.914730592152371180e-01,8.914730591408835947e-01,8.914730595848971983e-01,8.914730590896452478e-01,8.914730589715830211e-01,8.914730594725206458e-01
9.032239389098758453e-01,9.032239541642427261e-01,9.032239467586473669e-01,9.032239546381115591e-01,9.032239454629462649e-01,9.032239410857891837e-01,9.032238902968139360e-01,9.032239153034877788e-01,9.032239407188688007e-01,9.032239422605325974e-01,9.032239363805354415e-01,9.032239547532705526e-01,9.032239292060167957e-01,9.032239731660204329e-01,9.032239598324988128e-01,9.032239277545409672e-01,9.032239304733432617e-01,9.032239601903785386e-01,9.032239748750601205e-01,9.032239699152756485e-01
9.133823566808131345e-01,9.133823656212163300e-01,9.133823617207970091e-01,9.133823652925557868e-01,9.133823613296899735e-01,9.133823585157129221e-01,9.133823271243158848e-01,9.133823421476282567e-01,9.133823561754674802e-01,9.133823563236808107e-01,9.133823542120613759e-01,9.133823643981605622e-01,9.133823489955864572e-01,9.133823737605537563e-01,9.133823671028583613e-01,9.133823481575429337e-01,9.133823507728490165e-01,9.133823690419828889e-01,9.133823775327257755e-01,9.133823740020665660e-01
9.221829179815363986e-01,9.221829233650233881e-01,9.221829210920080566e-01,9.221829229109326231e-01,9.221829213444276974e-01,9.221829195401571866e-01,9.221829002019842347e-01,9.221829093292396307e-01,9.221829168958830536e-01,9.221829165869390721e-01,9.221829160224753741e-01,9.221829217383118449e-01,9.221829122660955003e-01,9.221829265201126891e-01,9.221829232013674105e-01,9.221829119731417279e-01,9.221829139817192544e-01,9.221829252764197626e-01,9.221829301480436447e-01,9.221829278237214655e-01
9.298278708664238223e-01,9.298278742402448227e-01,9.298278727488218376e-01,9.298278738466791982e-01,9.298278733200309176e-01,9.298278721117212431e-01,9.298278599110380016e-01,9.298278656661503883e-01,9.298278697615436350e-01,9.298278693606158996e-01,9.298278693842907394e-01,9.298278727107209818e-01,9.298278666481291088e-01,9.298278752308349882e-01,9.298278735477302215e-01,9.298278666791749414e-01,9.298278681090821340e-01,9.298278753180438949e-01,9.298278781671266424e-01,9.298278766733583112e-01
9.364896789677947808e-01,9.364896811730817339e-01,9.364896800893189877e-01,9.364896808661716809e-01,9.364896807713143367e-01,9.364896799143899164e-01,9.364896719510694689e-01,9.364896757483881506e-01,9.364896779873685961e-01,9.364896776163604830e-01,9.364896778397748811e-01,9.364896798626091146e-01,9.364896758021038492e-01,9.364896812496552592e-01,9.364896803780340395e-01,9.364896759940214421e-01,9.364896769908486185e-01,9.364896817838870291e-01,9.364896834999467679e-01,9.364896825439696926e-01
9.423143782474089347e-01,9.423143796958245444e-01,9.423143788784852370e-01,9.423143794659295525e-01,9.423143795383043253e-01,9.423143789289052386e-01,9.423143737395173192e-01,9.423143762594442530e-01,9.423143774449010968e-01,9.423143771460362750e-01,9.423143774048647892e-01,9.423143786453783699e-01,9.423143759088675742e-01,9.423143794183780342e-01,9.423143789754685473e-01,9.423143761589263256e-01,9.423143768265742626e-01,9.423143800239455192e-01,9.423143810491385608e-01,9.423143804583352656e-01
9.474251089192625708e-01,9.474251098604349330e-01,9.474251092464980317e-01,9.474251096897751134e-01,9.474251098094955692e-01,9.474251093889036746e-01,9.474251060644268696e-01,9.474251077084022699e-01,9.474251083036657750e-01,9.474251080848333784e-01,9.474251083090504677e-01,9.474251090656576890e-01,9.474251072477992697e-01,9.474251095007288903e-01,9.474251092834282684e-01,9.474251074919965987e-01,9.474251079164965894e-01,9.474251100204876819e-01,9.474251106177662418e-01,9.474251102678187264e-01
9.519254870805975433e-01,9.519254876924073683e-01,9.519254872336195827e-01,9.519254875667141347e-01,9.519254876824474465e-01,9.519254873944565931e-01,9.519254852712265569e-01,9.519254863397047517e-01,9.519254866230764112e-01,9.519254864707914487e-01,9.519254866433241036e-01,9.519254871076184843e-01,9.519254859025509941e-01,9.519254873608731238e-01,9.519254872570438453e-01,9.519254861132492307e-01,9.519254863756166918e-01,9.519254877601661669e-01,9.519254881043451855e-01,9.519254879027067018e-01
9.559026524313292139e-01,9.559026528364221731e-01,9.559026524900373634e-01,9.559026527439736798e-01,9.559026528401380896e-01,9.559026526390965728e-01,9.559026512588345570e-01,9.559026519671337541e-01,9.559026520921587444e-01,9.559026519867743765e-01,9.559026521139484256e-01,9.559026524064297980e-01,9.559026515919556433e-01,9.559026525613031344e-01,9.559026525133621499e-01,9.559026517656240562e-01,9.559026519277609157e-01,9.559026528573099091e-01,9.559026530570994273e-01,9.559026529420546758e-01
9.594299321653894097e-01,9.594299324389879979e-01,9.594299321747656872e-01,9.594299323709902794e-01,9.594299324462001177e-01,9.594299323031829640e-01,9.594299313877445723e-01,9.594299318681571709e-01,9.594299319136219140e-01,9.594299318398838983e-01,9.594299319319643526e-01,9.594299321217464316e-01,9.594299315591466870e-01,9.594299322207949787e-01,9.594299322006004660e-01,9.594299316996106608e-01,9.594299318002745824e-01,9.594299324377454363e-01,9.594299325541952861e-01,9.594299324892535674e-01
9.625691194571984743e-01,9.625691196439235542e-01,9.625691194423964259e-01,9.625691195942898126e-01,9.625691196511526604e-01,9.625691195487674490e-01,9.625691189350106258e-01,9.625691192652351402e-01,9.625691192716808731e-01,9.625691192195957591e-01,9.625691192852482425e-01,9.625691194109652349e-01,9.625691190176112189e-01,9.625691194763289493e-01,9.625691194698601238e-01,9.625691191293320736e-01,9.625691191916270206e-01,9.625691196337029520e-01,9.625691197006882582e-01,9.625691196649374115e-01
9.653723948465419147e-01,9.653723949745189881e-01,9.653723948217001194e-01,9.653723949387694736e-01,9.653723949808588056e-01,9.653723949076288280e-01,9.653723944940765245e-01,9.653723947228111113e-01,9.653723947115553372e-01,9.653723946744035000e-01,9.653723947206052092e-01,9.653723948051576853e-01,9.653723945284587993e-01,9.653723948491268469e-01,9.653723948491969020e-01,9.653723946159553648e-01,9.653723946541868939e-01,9.653723949622057265e-01,9.653723949995053344e-01,9.653723949805986804e-01
9.678839316236282908e-01,9.678839317108964835e-01,9.678839315966629719e-01,9.678839316857223984e-01,9.678839317162677425e-01,9.678839316644483048e-01,9.678839313869215255e-01,9.678839315451298608e-01,9.678839315274531119e-01,9.678839315008676003e-01,9.678839315328383597e-01,9.678839315900249485e-01,9.678839313960203583e-01,9.678839316197676013e-01,9.678839316226105494e-01,9.678839314631745294e-01,9.678839314862505150e-01,9.678839316998513187e-01,9.678839317193022040e-01,9.678839317099454664e-01
9.701412294307709683e-01,9.701412294898493771e-01,9.701412294057247809e-01,9.701412294725576535e-01,9.701412294944063985e-01,9.701412294581850393e-01,9.701412292730176024e-01,9.701412293821574107e-01,9.701412293637581286e-01,9.701412293446514123e-01,9.701412293664799513e-01,9.701412294053174401e-01,9.701412292699672646e-01,9.701412294253667357e-01,9.701412294290694405e-01,9.701412293205619042e-01,9.701412293342339677e-01,9.701412294813529513e-01,9.701412294903321021e-01,9.701412294861621044e-01
9.721762183541818869e-01,9.721762183959430370e-01,9.721762183314822670e-01,9.721762183838035254e-01,9.721762184001001561e-01,9.721762183737167051e-01,9.721762182443595135e-01,9.721762183237513399e-01,9.721762183061219975e-01,9.721762182914462924e-01,9.721762183070900010e-01,9.721762183351467801e-01,9.721762182360458304e-01,9.721762183489790488e-01,9.721762183529474299e-01,9.721762182756457094e-01,9.721762182839716049e-01,9.721762183898873255e-01,9.721762183930403589e-01,9.721762183914470778e-01
9.740161715158093259e-01,9.740161715462172243e-01,9.740161714955192229e-01,9.740161715376186580e-01,9.740161715501433060e-01,9.740161715303771173e-01,9.740161714370533241e-01,9.740161714970440032e-01,9.740161714807835658e-01,9.740161714689755668e-01,9.740161714806124804e-01,9.740161715018120780e-01,9.740161714267501214e-01,9.740161715114525887e-01,9.740161715153768940e-01,9.740161714585053865e-01,9.740161714636352830e-01,9.740161715422650524e-01,9.740161715420478927e-01,9.740161715417581245e-01
9.756844591230836583e-01,9.756844591449986837e-01,9.756844591057174387e-01,9.756844591390861909e-01,9.756844591486204532e-01,9.756844591339914885e-01,9.756844590672186790e-01,9.756844591123001731e-01,9.756844590981337273e-01,9.756844590886776247e-01,9.756844590972921782e-01,9.756844591132785016e-01,9.756844590568732878e-01,9.756844591198700067e-01,9.756844591234347108e-01,9.756844590819075957e-01,9.756844590849811372e-01,9.756844591428113223e-01,9.756844591407350942e-01,9.756844591410763767e-01
