-7.551407882739105126e-01,-7.363114816847511346e-01,-7.213376014242042222e-01,-7.401669080017501123e-01,-7.551407882492882084e-01,-7.363114816867646351e-01,-7.213376014146288817e-01,-7.401669080100707898e-01
-7.509593693657097280e-01,-7.349927752915275114e-01,-7.241811232592979541e-01,-7.401477173198137693e-01,-7.509593693328202590e-01,-7.349927752939646730e-01,-7.241811232480658278e-01,-7.401477173312188684e-01
-7.270929113222261986e-01,-7.401704228832057808e-01,-7.465949056873120160e-01,-7.335173941704622447e-01,-7.270929113787278908e-01,-7.401704228215271186e-01,-7.465949055995547701e-01,-7.335173941111204909e-01
-7.420388644851311222e-01,-7.318693794693911236e-01,-7.300684015748155620e-01,-7.402378865774132954e-01,-7.420388644302842174e-01,-7.318693794750176229e-01,-7.300684015588869702e-01,-7.402378865922412121e-01
-7.372824659289161087e-01,-7.300311734305052758e-01,-7.331014275796792212e-01,-7.403527200703018396e-01,-7.372824658623152727e-01,-7.300311734373707839e-01,-7.331014275630709509e-01,-7.403527200856392376e-01
-7.323166926319546466e-01,-7.279834733870804708e-01,-7.361839035527155684e-01,-7.405171228051785626e-01,-7.323166925662496496e-01,-7.279834733780894407e-01,-7.361839035474220250e-01,-7.405171228282344531e-01
-7.393054551253948059e-01,-7.407326722060055824e-01,-7.271322942550300095e-01,-7.257050771707475034e-01,-7.393054551399318441e-01,-7.407326722212514980e-01,-7.271322942474327533e-01,-7.257050771675497280e-01
-7.424529902239334067e-01,-7.410000532540723661e-01,-7.217197826462057320e-01,-7.231727196151797044e-01,-7.424529902227972045e-01,-7.410000532543763452e-01,-7.217197826469403665e-01,-7.231727196163776350e-01
-7.456102042498884419e-01,-7.413187141713110107e-01,-7.160694102980278419e-01,-7.203609003779091191e-01,-7.456102042482739556e-01,-7.413187141627650689e-01,-7.160694102931802751e-01,-7.203609003773810970e-01
-7.487570111353075708e-01,-7.416864310563375806e-01,-7.101711233703302817e-01,-7.172417034363365307e-01,-7.487570111220502866e-01,-7.416864310575542740e-01,-7.101711233836600634e-01,-7.172417034492321042e-01
-7.040144761820703589e-01,-7.137846081268612863e-01,-7.518688945034923687e-01,-7.420987625578526758e-01,-7.040144761756472747e-01,-7.137846081308157897e-01,-7.518688945046765326e-01,-7.420987625520155673e-01
-6.975884901485003287e-01,-7.099562909369392383e-01,-7.549161731039784051e-01,-7.425483723129719937e-01,-6.975884901377581437e-01,-7.099562909433718705e-01,-7.549161731057985047e-01,-7.425483723035596340e-01
-6.908814356280195135e-01,-7.057204171628990164e-01,-7.578631764865402243e-01,-7.430241949465934415e-01,-6.908814356093304632e-01,-7.057204171737428977e-01,-7.578631764898263734e-01,-7.430241949311759964e-01
-7.606673302094428823e-01,-7.435104193289795438e-01,-6.838805087757133805e-01,-7.010374196553026405e-01,-7.606673302085729116e-01,-7.435104193292284558e-01,-6.838805087761399282e-01,-7.010374196564270743e-01
-6.765713702092062132e-01,-6.958642611957275292e-01,-7.632781538905962782e-01,-7.439852628885297303e-01,-6.765713701511790745e-01,-6.958642612285527163e-01,-7.632781539012898353e-01,-7.439852628412646496e-01
-6.689375061307520909e-01,-6.901541757571918456e-01,-7.656361822637760550e-01,-7.444195126131800677e-01,-6.689375060240657644e-01,-6.901541758147398120e-01,-7.656361822851985854e-01,-7.444195125293018300e-01
-6.609593699683666834e-01,-6.838563830380289810e-01,-7.676718286654448109e-01,-7.447748155558326921e-01,-6.609593697675779644e-01,-6.838563831404078641e-01,-7.676718287084899339e-01,-7.447748154067339588e-01
-6.526132620473287238e-01,-6.769157728726543644e-01,-7.693042242733000302e-01,-7.450017134516783157e-01,-6.526132620298430442e-01,-6.769157728687830167e-01,-7.693042242770341543e-01,-7.450017134696134136e-01
-7.704400854929565057e-01,-7.450374402081525460e-01,-6.438699156531351164e-01,-6.692725609254477348e-01,-7.704400855146830152e-01,-7.450374402841681842e-01,-6.438699156230912601e-01,-6.692725608667374759e-01
-7.709726906950001846e-01,-7.448035350971229374e-01,-6.346927769520898099e-01,-6.608619325479681006e-01,-7.709726906949219138e-01,-7.448035350999340221e-01,-6.346927769495410709e-01,-6.608619325463074290e-01
-6.250360152257070645e-01,-6.516137176868703751e-01,-7.707810866186847187e-01,-7.442033841888586743e-01,-6.250360151601397352e-01,-6.516137176428593580e-01,-7.707810866362052593e-01,-7.442033842603277272e-01
-6.148423709807502302e-01,-6.414521894636343591e-01,-7.697297028690607279e-01,-7.431198843886290817e-01,-6.148423709556489758e-01,-6.414521894362014143e-01,-7.697297028700710309e-01,-7.431198844155337824e-01
-7.676686298377233264e-01,-7.414135411465695435e-01,-6.040410718538916646e-01,-6.302961604534838003e-01,-7.676686297911297086e-01,-7.414135413262480379e-01,-6.040410720544230339e-01,-6.302961606110220050e-01
-5.925462171625892616e-01,-6.180596698066739281e-01,-7.644349241222502256e-01,-7.389214714811275231e-01,-5.925462171614723772e-01,-6.180596698047093884e-01,-7.644349241223186153e-01,-7.389214714741101364e-01
-7.598554326157439531e-01,-7.354579733449307932e-01,-5.802562564287854219e-01,-6.046537156434840243e-01,-7.598554325859145919e-01,-7.354579734450419348e-01,-5.802562565424561614e-01,-6.046537157394241691e-01
-7.537517667757208661e-01,-7.308175411502801921e-01,-5.670554536918988031e-01,-5.899896793099774772e-01,-7.537517667759708884e-01,-7.308175411745632122e-01,-5.670554537160992226e-01,-5.899896793248746718e-01
-7.459481684625270947e-01,-7.247813806417524596e-01,-5.528184570053459312e-01,-5.739852447878308617e-01,-7.459481684328368445e-01,-7.247813807130019104e-01,-5.528184570927667796e-01,-5.739852448492592796e-01
-5.374191938190400197e-01,-5.565736559767304747e-01,-7.362830013993540978e-01,-7.171285392416797411e-01,-5.374191938190249207e-01,-5.565736559766982783e-01,-7.362830013993768574e-01,-7.171285392416848481e-01
-5.207450685344084951e-01,-5.377168849565477915e-01,-7.246243645581925685e-01,-7.076525481481525937e-01,-5.207450685484616981e-01,-5.377168849614120116e-01,-7.246243645507092213e-01,-7.076525481285055319e-01
-7.108897056576207740e-01,-6.961838282240704334e-01,-5.027166620790669560e-01,-5.174225395262679328e-01,-7.108897056599072783e-01,-6.961838282167626124e-01,-5.027166620899363725e-01,-5.174225395223029933e-01
-4.833116667394982136e-01,-4.957629974580584631e-01,-6.950682365297896625e-01,-6.826169058375759491e-01,-4.833116667703654112e-01,-4.957629974633919745e-01,-6.950682365170605115e-01,-6.826169058015163493e-01
-4.625897738531931092e-01,-4.728934916165181135e-01,-6.772434820325974325e-01,-6.669397642994794317e-01,-4.625897738795854419e-01,-4.728934916068153194e-01,-6.772434820188195648e-01,-6.669397642713226215e-01
-6.576117348597867451e-01,-6.492606854248603732e-01,-4.407131900596485408e-01,-4.490642393190572568e-01,-6.576117346295700106e-01,-6.492606854507164682e-01,-4.407131902015191671e-01,-4.490642395520158536e-01
-4.179562933815044179e-01,-4.246211030122065688e-01,-6.364910306046382971e-01,-6.298262209832589109e-01,-4.179562933448048856e-01,-4.246211029982371876e-01,-6.364910306193742873e-01,-6.298262209887283136e-01
-3.946985767747632767e-01,-3.999904905348370954e-01,-6.143151038748165815e-01,-6.090231901772089618e-01,-3.946985767206684925e-01,-3.999904905213936823e-01,-6.143151039610161845e-01,-6.090231901543939896e-01
-5.916083072828078881e-01,-5.873587809024689577e-01,-3.713979862602687088e-01,-3.756474976023641554e-01,-5.916083073836994055e-01,-5.873587808420581702e-01,-3.713979864198350689e-01,-3.756474974530534250e-01
-5.689412895909360390e-01,-5.654169854589921052e-01,-3.485467370834115508e-01,-3.520710383881899830e-01,-5.689412895206698018e-01,-5.654169855159248970e-01,-3.485467371235497769e-01,-3.520710382767424651e-01
-3.266175779910151511e-01,-3.296943081719895252e-01,-5.468733548368245323e-01,-5.437966247362515659e-01,-3.266175781579366277e-01,-3.296943083424366816e-01,-5.468733549504902758e-01,-5.437966247149217391e-01
-3.060124755745760039e-01,-3.088617390925268436e-01,-5.258933629029463042e-01,-5.230440994481392325e-01,-3.060124748476956702e-01,-3.088617388302177247e-01,-5.258933626154878027e-01,-5.230440986399456094e-01
-2.870259222945980015e-01,-2.898021575118666648e-01,-5.063736581831874695e-01,-5.035974223708581388e-01,-2.870259266391378405e-01,-2.898021540817515840e-01,-5.063736561529804669e-01,-5.035974277368648888e-01
-4.885474923975304806e-01,-4.857546371715834588e-01,-2.698300280536286011e-01,-2.726228567733894881e-01,-4.885474942557431199e-01,-4.857546414656901401e-01,-2.698300279261414691e-01,-2.726228547670263569e-01
-2.820706558272245701e-01,-2.820706557365238454e-01,-2.820706556982225388e-01,-2.820706556476855198e-01,-2.820706557671855963e-01,-2.820706558574876954e-01,-2.820706559271918268e-01,-2.820706558738338421e-01
-2.959672343773313008e-01,-2.959672352645535964e-01,-2.959672351630884823e-01,-2.959672344685640999e-01,-2.959672344625937646e-01,-2.959672349726657492e-01,-2.959672345688242334e-01,-2.959672340631396281e-01
-3.059328741533000606e-01,-3.059328746434394342e-01,-3.059328745700824470e-01,-3.059328742291588243e-01,-3.059328742526840061e-01,-3.059328743972216103e-01,-3.059328740381178080e-01,-3.059328738230204237e-01
-3.103105543324692350e-01,-3.103105546196985864e-01,-3.103105544469689225e-01,-3.103105541573288884e-01,-3.103105543426387669e-01,-3.103105546090860756e-01,-3.103105543059711535e-01,-3.103105540968275622e-01
-3.102962532722320366e-01,-3.102962533511219312e-01,-3.102962532782415628e-01,-3.102962531912046851e-01,-3.102962532680155205e-01,-3.102962533600061024e-01,-3.102962532982038724e-01,-3.102962532075432822e-01
-3.076383614032743297e-01,-3.076383614259227128e-01,-3.076383614005411826e-01,-3.076383613784618998e-01,-3.076383614037342396e-01,-3.076383614288340507e-01,-3.076383614211384843e-01,-3.076383613910367854e-01
-3.036580869585580045e-01,-3.036580869695674201e-01,-3.036580869645233993e-01,-3.036580869572271801e-01,-3.036580869612330869e-01,-3.036580869642426794e-01,-3.036580869607093391e-01,-3.036580869530408067e-01
-2.991650153611349339e-01,-2.991650153682566815e-01,-2.991650153659398681e-01,-2.991650153614290319e-01,-2.991650153623670594e-01,-2.991650153634385356e-01,-2.991650153602904982e-01,-2.991650153566760562e-01
-2.946073328142079228e-01,-2.946073330918239641e-01,-2.946073327790856289e-01,-2.946073325331191040e-01,-2.946073328190712548e-01,-2.946073331247529570e-01,-2.946073327735906910e-01,-2.946073325275441745e-01
-2.902145860801050858e-01,-2.902145861865211285e-01,-2.902145860978740943e-01,-2.902145860186420290e-01,-2.902145860795877774e-01,-2.902145861439587859e-01,-2.902145860438407610e-01,-2.902145859763192171e-01
-2.860922085783558777e-01,-2.860922086403873688e-01,-2.860922086007763321e-01,-2.860922085558114669e-01,-2.860922085750005617e-01,-2.860922085899546552e-01,-2.860922085365842360e-01,-2.860922085127900472e-01
-2.822776115004896891e-01,-2.822776115268218478e-01,-2.822776115174648326e-01,-2.822776114992178176e-01,-2.822776114991499830e-01,-2.822776114973750139e-01,-2.822776114786140766e-01,-2.822776114733518416e-01
-2.787721257031057775e-01,-2.787721257105864048e-01,-2.787721257090609028e-01,-2.787721257043002665e-01,-2.787721257034249112e-01,-2.787721257016591014e-01,-2.787721256975361217e-01,-2.787721256963303085e-01
-2.755588665058142928e-01,-2.755588677075243020e-01,-2.755588677642645812e-01,-2.755588674541039063e-01,-2.755588662674097189e-01,-2.755588659478093172e-01,-2.755588650507284076e-01,-2.755588656400734249e-01
-2.726126047664687579e-01,-2.726126052432019109e-01,-2.726126053273662531e-01,-2.726126051932338812e-01,-2.726126045722684355e-01,-2.726126043592866921e-01,-2.726126039056193107e-01,-2.726126042647183945e-01
-2.699051333628829097e-01,-2.699051333860054691e-01,-2.699051332663939817e-01,-2.699051332661288605e-01,-2.699051334256073464e-01,-2.699051335958867481e-01,-2.699051335492608783e-01,-2.699051334338563035e-01
-2.674081008664292436e-01,-2.674081008703029227e-01,-2.674081008737879683e-01,-2.674081008976272877e-01,-2.674081008099324364e-01,-2.674081007922664011e-01,-2.674081006670954164e-01,-2.674081007783518649e-01
-2.650944202791006288e-01,-2.650944203692760515e-01,-2.650944203049327985e-01,-2.650944203801645083e-01,-2.650944202457469201e-01,-2.650944202459922239e-01,-2.650944201321331906e-01,-2.650944202704251240e-01
-2.629388862772440993e-01,-2.629388863175577962e-01,-2.629388863057880443e-01,-2.629388862465371068e-01,-2.629388862783827441e-01,-2.629388862797819026e-01,-2.629388862478332922e-01,-2.629388862083476552e-01
-2.609183520497269093e-01,-2.609183520485779950e-01,-2.609183520455174432e-01,-2.609183520450162885e-01,-2.609183520465416795e-01,-2.609183520436254566e-01,-2.609183520397780343e-01,-2.609183520428267067e-01
-2.590116727570579425e-01,-2.590116727588333001e-01,-2.590116727572024935e-01,-2.590116727560650700e-01,-2.590116727558826049e-01,-2.590116727538824826e-01,-2.590116727512035699e-01,-2.590116727523500972e-01
-2.571995273770572576e-01,-2.571995273773671764e-01,-2.571995273769933088e-01,-2.571995273768317158e-01,-2.571995273764846601e-01,-2.571995273756262357e-01,-2.571995273747829103e-01,-2.571995273755448563e-01
-2.554641850278269732e-01,-2.554641852297465654e-01,-2.554641857084308798e-01,-2.554641850518488133e-01,-2.554641847717644687e-01,-2.554641836433861890e-01,-2.554641836516990394e-01,-2.554641837422432782e-01
-2.537892471905783820e-01,-2.537892477396282986e-01,-2.537892480458434075e-01,-2.537892474475351157e-01,-2.537892473257101766e-01,-2.537892470384787158e-01,-2.537892469841563914e-01,-2.537892466536877389e-01
-2.521593927268423463e-01,-2.521593928299915577e-01,-2.521593928615192826e-01,-2.521593927975457894e-01,-2.521593927387255629e-01,-2.521593927105983957e-01,-2.521593926736417912e-01,-2.521593926566621513e-01
-2.505601190045355087e-01,-2.505601190050986138e-01,-2.505601189946246588e-01,-2.505601189922158634e-01,-2.505601190043555970e-01,-2.505601190017731073e-01,-2.505601189908911453e-01,-2.505601189893328362e-01
-2.489774967101126557e-01,-2.489774967100931713e-01,-2.489774967098003222e-01,-2.489774967092411861e-01,-2.489774967098306591e-01,-2.489774967095112479e-01,-2.489774967093975055e-01,-2.489774967091231694e-01
-2.473979279170792078e-01,-2.473979279167415335e-01,-2.473979279165992862e-01,-2.473979279165788303e-01,-2.473979279170938628e-01,-2.473979279167710099e-01,-2.473979279165956502e-01,-2.473979279166267364e-01
-2.458079079037867876e-01,-2.458079079039243164e-01,-2.458079079035770109e-01,-2.458079079030605074e-01,-2.458079079031113556e-01,-2.458079079032074177e-01,-2.458079079038186787e-01,-2.458079079038243409e-01
-2.441937859938979050e-01,-2.441937859950915057e-01,-2.441937859935105481e-01,-2.441937859882985784e-01,-2.441937859864778959e-01,-2.441937859902172381e-01,-2.441937859917689968e-01,-2.441937859921998744e-01
-2.425415171165581085e-01,-2.425415183926626084e-01,-2.425415229203735645e-01,-2.425415244019069883e-01,-2.425415255712393137e-01,-2.425415213429449879e-01,-2.425415189920188119e-01,-2.425415157949132317e-01
-2.408364229620043595e-01,-2.408364214484219612e-01,-2.408364201258156034e-01,-2.408364194214830944e-01,-2.408364204808527975e-01,-2.408364211673288124e-01,-2.408364225647309231e-01,-2.408364229980739513e-01
-2.390628840243181341e-01,-2.390628763315121308e-01,-2.390628733439462417e-01,-2.390628666354351894e-01,-2.390628705750809102e-01,-2.390628718523830354e-01,-2.390628806196886114e-01,-2.390628813921520379e-01
-2.372040483562123381e-01,-2.372040483568719216e-01,-2.372040483543334521e-01,-2.372040483515772957e-01,-2.372040483512200815e-01,-2.372040483549005263e-01,-2.372040483539908928e-01,-2.372040483551121071e-01
-2.352415487933468830e-01,-2.352415487933952609e-01,-2.352415487898771584e-01,-2.352415487858668941e-01,-2.352415487845970488e-01,-2.352415487904033764e-01,-2.352415487901128033e-01,-2.352415487931958926e-01
-2.331550579985940397e-01,-2.331550579983448501e-01,-2.331550579941940871e-01,-2.331550579899396847e-01,-2.331550579891064068e-01,-2.331550579971324311e-01,-2.331550579961201297e-01,-2.331550579992714978e-01
-2.309219053622766360e-01,-2.309219053630821583e-01,-2.309219053633741470e-01,-2.309219053584232739e-01,-2.309219053542759525e-01,-2.309219053538350552e-01,-2.309219053566386459e-01,-2.309219053591285431e-01
-2.285165857862253014e-01,-2.285165857872448747e-01,-2.285165857859509375e-01,-2.285165857836642389e-01,-2.285165857834997039e-01,-2.285165857839096815e-01,-2.285165857842023085e-01,-2.285165857851080284e-01
-2.259102077606818249e-01,-2.259102077602974656e-01,-2.259102077602273828e-01,-2.259102077594616342e-01,-2.259102077585040114e-01,-2.259102077591119695e-01,-2.259102077591729207e-01,-2.259102077597432423e-01
-2.230698630228440948e-01,-2.230698630212990530e-01,-2.230698630215325884e-01,-2.230698630197581744e-01,-2.230698630178213349e-01,-2.230698630192313736e-01,-2.230698630197789911e-01,-2.230698630211218059e-01
-2.199579108861833554e-01,-2.199579108793801585e-01,-2.199579108858557008e-01,-2.199579108774284975e-01,-2.199579108700940866e-01,-2.199579108697713170e-01,-2.199579108773803415e-01,-2.199579108779371184e-01
-2.165311741598233142e-01,-2.165311741496728781e-01,-2.165311741573989202e-01,-2.165311741503892495e-01,-2.165311741419755076e-01,-2.165311741456182881e-01,-2.165311741525258737e-01,-2.165311741542165214e-01
-2.127400519625218533e-01,-2.127400519722341399e-01,-2.127400519510718735e-01,-2.127400519471241147e-01,-2.127400519522498756e-01,-2.127400519626902464e-01,-2.127400519602054840e-01,-2.127400519684290170e-01
-2.085275678062855631e-01,-2.085275678250048115e-01,-2.085275677927925508e-01,-2.085275677886640755e-01,-2.085275677919553594e-01,-2.085275678008052247e-01,-2.085275677958980389e-01,-2.085275678111677133e-01
-2.038283938280735230e-01,-2.038283938535087603e-01,-2.038283937965998660e-01,-2.038283937932637291e-01,-2.038283937963427661e-01,-2.038283938271473472e-01,-2.038283938083674529e-01,-2.038283938355376079e-01
-1.985679265594503806e-01,-1.985679265902290103e-01,-1.985679265153418860e-01,-1.985679265143493466e-01,-1.985679265169683627e-01,-1.985679265664703486e-01,-1.985679265322143339e-01,-1.985679265669045845e-01
-1.926615410744781931e-01,-1.926615410986354804e-01,-1.926615410178404431e-01,-1.926615410291793729e-01,-1.926615410181551358e-01,-1.926615410813474483e-01,-1.926615410294751918e-01,-1.926615410838321552e-01
-1.860142241342002956e-01,-1.860142241537449115e-01,-1.860142240733580754e-01,-1.860142240864677832e-01,-1.860142240781125500e-01,-1.860142241724864753e-01,-1.860142240940409752e-01,-1.860142241335314972e-01
-1.785208840580840839e-01,-1.785208840539759811e-01,-1.785208839858537511e-01,-1.785208840136408848e-01,-1.785208839896317567e-01,-1.785208841245964628e-01,-1.785208840026905608e-01,-1.785208840455469459e-01
-1.700677591111651454e-01,-1.700677590491029012e-01,-1.700677589633419196e-01,-1.700677590348187995e-01,-1.700677589722203731e-01,-1.700677592517393366e-01,-1.700677589959098956e-01,-1.700677590820612040e-01
-1.605354742046438687e-01,-1.605354740679474368e-01,-1.605354739659667629e-01,-1.605354740764645682e-01,-1.605354739514757711e-01,-1.605354743701520592e-01,-1.605354739656293384e-01,-1.605354741271581287e-01
-1.498044014017758108e-01,-1.498044010351989586e-01,-1.498044008773952718e-01,-1.498044011157992628e-01,-1.498044008239376446e-01,-1.498044015189628486e-01,-1.498044008016760631e-01,-1.498044012155494431e-01
-1.377629891250834460e-01,-1.377629886791403857e-01,-1.377629885108892782e-01,-1.377629888496382793e-01,-1.377629885244419095e-01,-1.377629889156179455e-01,-1.377629883627130569e-01,-1.377629889341185354e-01
-1.243195290323591273e-01,-1.243195282767993459e-01,-1.243195286158167850e-01,-1.243195285134919836e-01,-1.243195288402062643e-01,-1.243195281588792833e-01,-1.243195285267342520e-01,-1.243195284966198966e-01
-1.094173094186003115e-01,-1.094173093208146430e-01,-1.094173093631503890e-01,-1.094173095084214620e-01,-1.094173095594651035e-01,-1.094173093071666991e-01,-1.094173093715123113e-01,-1.094173094144258729e-01
-9.305215092204788263e-02,-9.305216224366150146e-02,-9.305214757154947613e-02,-9.305211605910740369e-02,-9.305211806026088273e-02,-9.305213664714856447e-02,-9.305214638598369170e-02,-9.305213978633675165e-02
-7.528990672369081927e-02,-7.528990446463859620e-02,-7.528990005465502344e-02,-7.528990081969705317e-02,-7.528990089559126075e-02,-7.528989680915468274e-02,-7.528990303165550291e-02,-7.528990726446849191e-02
-5.628030851653140210e-02,-5.628030884441792558e-02,-5.628030818401120322e-02,-5.628030922343876807e-02,-5.628030962972470352e-02,-5.628030776117004530e-02,-5.628030909589926134e-02,-5.628030924163390791e-02
-3.626238769920064886e-02,-3.626238787257825280e-02,-3.626238805567641443e-02,-3.626238849692869914e-02,-3.626238873813612817e-02,-3.626238829365943661e-02,-3.626238824596597632e-02,-3.626238795587891084e-02
