-7.551407882739105126e-01,-7.363114816847511346e-01,-7.213376014242042222e-01,-7.401669080017501123e-01,-7.551407882492882084e-01,-7.363114816867646351e-01,-7.213376014146288817e-01,-7.401669080100707898e-01
-7.040144761820703589e-01,-7.137846081268612863e-01,-7.518688945034923687e-01,-7.420987625578526758e-01,-7.040144761756472747e-01,-7.137846081308157897e-01,-7.518688945046765326e-01,-7.420987625520155673e-01
-6.250360152257070645e-01,-6.516137176868703751e-01,-7.707810866186847187e-01,-7.442033841888586743e-01,-6.250360151601397352e-01,-6.516137176428593580e-01,-7.707810866362052593e-01,-7.442033842603277272e-01
-4.833116667394982136e-01,-4.957629974580584631e-01,-6.950682365297896625e-01,-6.826169058375759491e-01,-4.833116667703654112e-01,-4.957629974633919745e-01,-6.950682365170605115e-01,-6.826169058015163493e-01
-4.885474923975304806e-01,-4.857546371715834588e-01,-2.698300280536286011e-01,-2.726228567733894881e-01,-4.885474942557431199e-01,-4.857546414656901401e-01,-2.698300279261414691e-01,-2.726228547670263569e-01
-2.902145860801050858e-01,-2.902145861865211285e-01,-2.902145860978740943e-01,-2.902145860186420290e-01,-2.902145860795877774e-01,-2.902145861439587859e-01,-2.902145860438407610e-01,-2.902145859763192171e-01
-2.609183520497269093e-01,-2.609183520485779950e-01,-2.609183520455174432e-01,-2.609183520450162885e-01,-2.609183520465416795e-01,-2.609183520436254566e-01,-2.609183520397780343e-01,-2.609183520428267067e-01
-2.441937859938979050e-01,-2.441937859950915057e-01,-2.441937859935105481e-01,-2.441937859882985784e-01,-2.441937859864778959e-01,-2.441937859902172381e-01,-2.441937859917689968e-01,-2.441937859921998744e-01
-2.230698630228440948e-01,-2.230698630212990530e-01,-2.230698630215325884e-01,-2.230698630197581744e-01,-2.230698630178213349e-01,-2.230698630192313736e-01,-2.230698630197789911e-01,-2.230698630211218059e-01
-1.700677591111651454e-01,-1.700677590491029012e-01,-1.700677589633419196e-01,-1.700677590348187995e-01,-1.700677589722203731e-01,-1.700677592517393366e-01,-1.700677589959098956e-01,-1.700677590820612040e-01
