-1.000000000000000000e+00,-1.000000000000000000e+00,-1.000000000000000000e+00,-1.000000000000000000e+00,-1.000000000000000000e+00
-8.860364912641633950e-01,-8.862660537250161008e-01,-8.862661564826922467e-01,-8.862660537250159898e-01,-8.860364912641633950e-01
-5.807509029024440217e-01,-5.929071351512039678e-01,-5.927936999389167294e-01,-5.929071351512039678e-01,-5.807509029024439107e-01
-2.121208587253258226e-01,-2.996544719662068701e-01,-2.958297392518403068e-01,-2.996544719662068701e-01,-2.121208587253257671e-01
5.602020897520687548e-02,-1.897891807532414987e-01,-1.641815642109024087e-01,-1.897891807532415820e-01,5.602020897520683385e-02
1.593591069441754327e-01,-2.608439306554006798e-01,-1.803014658024925110e-01,-2.608439306554007908e-01,1.593591069441755437e-01
1.357728896095526938e-01,-4.138208540793976153e-01,-2.396410296203903001e-01,-4.138208540793978374e-01,1.357728896095527771e-01
2.302876857536806376e-02,-6.032978584232411290e-01,-2.967468787824755205e-01,-6.032978584232413510e-01,2.302876857536817479e-02
-1.507343126474671724e-01,-7.868095890017257066e-01,-3.471733331124611244e-01,-7.868095890017258176e-01,-1.507343126474671724e-01
-3.217004592683782582e-01,-8.426670773073166032e-01,-3.449337377762574652e-01,-8.426670773073169363e-01,-3.217004592683784248e-01
-4.199691681306537694e-01,-7.601768249683840128e-01,-2.524137476860602858e-01,-7.601768249683842349e-01,-4.199691681306539914e-01
-4.089788887492084024e-01,-6.272236427554255256e-01,-7.132556702555867267e-02,-6.272236427554255256e-01,-4.089788887492086245e-01
-2.920472025993707810e-01,-4.691703003040783027e-01,1.212739271131933749e-01,-4.691703003040782471e-01,-2.920472025993708920e-01
-1.326418782658586593e-01,-3.169379352774636116e-01,1.901018315500616895e-01,-3.169379352774635006e-01,-1.326418782658586593e-01
-3.003593758512002054e-02,-2.447268277979012807e-01,6.763957194774783410e-02,-2.447268277979011142e-01,-3.003593758512013157e-02
-2.109729327645720742e-02,-2.501634599004106674e-01,-1.601335843693458549e-01,-2.501634599004105564e-01,-2.109729327645715191e-02
-6.255106695921647253e-02,-2.923302756656661061e-01,-4.145530475639607193e-01,-2.923302756656661061e-01,-6.255106695921619497e-02
-1.226033288440540048e-01,-3.617574202197934019e-01,-6.559739515123689246e-01,-3.617574202197934019e-01,-1.226033288440539909e-01
-2.034199870738045424e-01,-4.577782632996124645e-01,-7.760807812500715164e-01,-4.577782632996123535e-01,-2.034199870738046256e-01
-2.802839851670013704e-01,-5.320405525876081843e-01,-7.269975460817101887e-01,-5.320405525876082953e-01,-2.802839851670014815e-01
-3.129610142374160686e-01,-5.345062081401676934e-01,-5.812287361177022049e-01,-5.345062081401679155e-01,-3.129610142374162907e-01
-2.989175225643705414e-01,-4.730268981833423703e-01,-4.230093914971198577e-01,-4.730268981833427588e-01,-2.989175225643706524e-01
-2.603203323055080509e-01,-3.978587308119903576e-01,-2.756436852077518429e-01,-3.978587308119908572e-01,-2.603203323055081064e-01
-2.150812268462722887e-01,-3.545089610844494032e-01,-1.808534112061969124e-01,-3.545089610844497363e-01,-2.150812268462720112e-01
-1.842528785170530758e-01,-3.575105255374413926e-01,-1.874811342774504452e-01,-3.575105255374416702e-01,-1.842528785170526040e-01
-1.890530930054022951e-01,-3.981514324334399779e-01,-2.367183303957927365e-01,-3.981514324334399779e-01,-1.890530930054016567e-01
-2.239579257663171230e-01,-4.611419371919500132e-01,-2.838219370079230752e-01,-4.611419371919497356e-01,-2.239579257663165124e-01
-2.591964726585491152e-01,-5.501246316740584508e-01,-3.408394069663746584e-01,-5.501246316740580067e-01,-2.591964726585482826e-01
-2.694256738184662159e-01,-6.320766366940295811e-01,-4.132384628895844902e-01,-6.320766366940295811e-01,-2.694256738184658273e-01
-2.504786148073231411e-01,-6.417534000746899503e-01,-4.708954938121137634e-01,-6.417534000746902834e-01,-2.504786148073232521e-01
-2.233636485883753187e-01,-5.476957801444229945e-01,-4.754716299603136132e-01,-5.476957801444234386e-01,-2.233636485883761513e-01
-2.216891880485170052e-01,-3.934128920850045730e-01,-4.177528807629276586e-01,-3.934128920850051281e-01,-2.216891880485180599e-01
-2.480259039349499983e-01,-2.520354988404986951e-01,-3.407471552677355797e-01,-2.520354988404991392e-01,-2.480259039349508032e-01
-2.753454096551553043e-01,-1.966420723713190877e-01,-3.104133911817885672e-01,-1.966420723713188656e-01,-2.753454096551560260e-01
-3.111543218285115486e-01,-2.491596653627698998e-01,-3.209936739935478345e-01,-2.491596653627694002e-01,-3.111543218285117152e-01
-3.892723646601132792e-01,-3.917999906453821235e-01,-3.374366669785200390e-01,-3.917999906453815129e-01,-3.892723646601132237e-01
-4.756288070994640904e-01,-5.641337118140111739e-01,-3.462437510092987170e-01,-5.641337118140106188e-01,-4.756288070994638129e-01
-4.814068715202846627e-01,-6.943976614390360291e-01,-3.592645707545893963e-01,-6.943976614390355850e-01,-4.814068715202842186e-01
-3.808883930489048719e-01,-7.382083416175194701e-01,-3.360962054055702808e-01,-7.382083416175194701e-01,-3.808883930489045389e-01
-2.222785265064641247e-01,-7.240732512889930250e-01,-2.597902176218940817e-01,-7.240732512889933581e-01,-2.222785265064636251e-01
-4.736239692579485849e-02,-6.891993758305164919e-01,-1.826253683993878107e-01,-6.891993758305168249e-01,-4.736239692579436583e-02
1.067234351372002843e-01,-6.419871719434663282e-01,-1.129127263735524717e-01,-6.419871719434667723e-01,1.067234351372005063e-01
1.846356643671663855e-01,-6.242643944995028837e-01,-5.882840935452099407e-02,-6.242643944995032168e-01,1.846356643671664965e-01
1.679116810994632503e-01,-6.355463149683482360e-01,-7.129078276248612678e-02,-6.355463149683485691e-01,1.679116810994632225e-01
8.996587254010884882e-02,-6.347591588805605589e-01,-1.642525268072163591e-01,-6.347591588805603369e-01,8.996587254010877943e-02
-3.170233840160613381e-02,-6.358750744558822054e-01,-2.811267836176585821e-01,-6.358750744558815393e-01,-3.170233840160625871e-02
-1.982455676179144533e-01,-6.742650925868941547e-01,-3.787171219060647132e-01,-6.742650925868932665e-01,-1.982455676179148418e-01
-3.727713041764486590e-01,-7.097744646242032385e-01,-4.352881358041900128e-01,-7.097744646242024613e-01,-3.727713041764491031e-01
-4.985321768500003969e-01,-6.574952181261630724e-01,-4.507522898466465588e-01,-6.574952181261626283e-01,-4.985321768500010631e-01
-5.452363186584292531e-01,-5.190482282765120914e-01,-4.882556556782505774e-01,-5.190482282765118693e-01,-5.452363186584299193e-01
-5.091874712996237173e-01,-3.388121741977307977e-01,-5.839307759900480566e-01,-3.388121741977309087e-01,-5.091874712996243835e-01
-4.311472891362745363e-01,-1.488001613174529392e-01,-6.854554127193275281e-01,-1.488001613174532722e-01,-4.311472891362749804e-01
-3.929192863562230853e-01,-2.553631971438327652e-02,-7.525900279655277636e-01,-2.553631971438380388e-02,-3.929192863562234739e-01
-4.275515719292616312e-01,-2.604638563999214784e-02,-8.044284929880518575e-01,-2.604638563999261969e-02,-4.275515719292615202e-01
-4.861226417308313619e-01,-1.182106642957640452e-01,-7.922715389567882571e-01,-1.182106642957639897e-01,-4.861226417308308623e-01
-5.272290258856191514e-01,-2.470987509391691372e-01,-7.024041663286985093e-01,-2.470987509391689985e-01,-5.272290258856182632e-01
-5.498368823801863536e-01,-3.758348123569321686e-01,-5.922713741588975234e-01,-3.758348123569320021e-01,-5.498368823801856875e-01
-5.313563621454877595e-01,-4.594990990736345648e-01,-4.639332334566375615e-01,-4.594990990736347869e-01,-5.313563621454875374e-01
-4.356428638116747187e-01,-4.939766701929203530e-01,-2.893978713371675449e-01,-4.939766701929210191e-01,-4.356428638116746632e-01
-2.727594030486815146e-01,-5.592164691039491764e-01,-9.173887006852307624e-02,-5.592164691039498425e-01,-2.727594030486815146e-01
-7.690052282763409908e-02,-6.612945909758149998e-01,6.982255970921147359e-02,-6.612945909758156660e-01,-7.690052282763393254e-02
1.307397974787706252e-01,-7.247718031269607675e-01,1.806095239446446621e-01,-7.247718031269613226e-01,1.307397974787710970e-01
3.168094346290255547e-01,-7.460241470769399807e-01,2.492841346947325398e-01,-7.460241470769400918e-01,3.168094346290260543e-01
4.273533066811079917e-01,-7.648444390505121371e-01,2.641831475277521823e-01,-7.648444390505116930e-01,4.273533066811084913e-01
4.248754603057751100e-01,-7.527485896821226596e-01,1.977302204254761664e-01,-7.527485896821222155e-01,4.248754603057752766e-01
3.074662685257540384e-01,-6.966285592249626957e-01,3.525538766155004999e-02,-6.966285592249626957e-01,3.074662685257537609e-01
1.051599097578787001e-01,-6.536709906536936066e-01,-1.618378090368174371e-01,-6.536709906536939396e-01,1.051599097578779785e-01
-1.224787533684276730e-01,-6.167600537674156058e-01,-3.088627441943341823e-01,-6.167600537674158279e-01,-1.224787533684284085e-01
-3.211675421790178842e-01,-5.212292668588844879e-01,-3.920000849159212541e-01,-5.212292668588849320e-01,-3.211675421790185503e-01
-4.744053559235782980e-01,-3.738749912789516294e-01,-4.551768298858288597e-01,-3.738749912789521845e-01,-4.744053559235789086e-01
-5.704944422168337637e-01,-2.380301186568580529e-01,-4.915804919941764717e-01,-2.380301186568588023e-01,-5.704944422168339857e-01
-5.858810557221849624e-01,-1.485453523436386924e-01,-5.264383441281125231e-01,-1.485453523436393863e-01,-5.858810557221848514e-01
-5.387283984852326846e-01,-1.130813270943429594e-01,-6.218327786616297814e-01,-1.130813270943434312e-01,-5.387283984852320184e-01
-4.891959415644004938e-01,-1.249194739676391386e-01,-7.593097242472375275e-01,-1.249194739676388888e-01,-4.891959415643998277e-01
-4.570309761023141903e-01,-1.687067903632185339e-01,-8.527864293433287113e-01,-1.687067903632179788e-01,-4.570309761023135797e-01
-4.128338495907351025e-01,-2.227536078050916801e-01,-8.538554584846151929e-01,-2.227536078050913748e-01,-4.128338495907344363e-01
-3.549372761693512235e-01,-2.906562032662061146e-01,-7.839153256480548837e-01,-2.906562032662062256e-01,-3.549372761693510570e-01
-3.149752837767173519e-01,-3.648387214373237097e-01,-6.254338503146564809e-01,-3.648387214373242093e-01,-3.149752837767179070e-01
-3.006765695584744935e-01,-4.316141501669793490e-01,-4.048274254209127121e-01,-4.316141501669800706e-01,-3.006765695584752152e-01
-2.937467925512072808e-01,-5.094925938987391323e-01,-2.444886227728544914e-01,-5.094925938987401315e-01,-2.937467925512080580e-01
-2.797507732529668223e-01,-6.056724355434973672e-01,-1.830122263167353602e-01,-6.056724355434981444e-01,-2.797507732529673219e-01
-2.465403802887031204e-01,-6.943197924531154808e-01,-1.675706272770185745e-01,-6.943197924531158138e-01,-2.465403802887030926e-01
-1.852972794783271926e-01,-7.379194789556255962e-01,-1.614361014221557533e-01,-7.379194789556253742e-01,-1.852972794783265820e-01
-1.080449330094352400e-01,-7.475990837712114256e-01,-1.719260771377774111e-01,-7.475990837712112036e-01,-1.080449330094343796e-01
-3.037185402833192382e-02,-7.358838852514777429e-01,-2.033407636076368652e-01,-7.358838852514785200e-01,-3.037185402833100789e-02
4.461423271328635032e-02,-6.811212711166839684e-01,-2.296378876586759321e-01,-6.811212711166854117e-01,4.461423271328684992e-02
9.299228549875770966e-02,-5.861564396687769518e-01,-1.955488006282350699e-01,-5.861564396687788392e-01,9.299228549875779293e-02
7.241305139681342151e-02,-4.806655066057421433e-01,-1.055729319276300926e-01,-4.806655066057443082e-01,7.241305139681331049e-02
-2.185952583272932070e-02,-4.192446528735308542e-01,-7.212698680490725600e-02,-4.192446528735324085e-01,-2.185952583272874825e-02
-1.670360187530649521e-01,-4.374642901767672454e-01,-1.904457895819144930e-01,-4.374642901767678560e-01,-1.670360187530642304e-01
-3.546232262302261851e-01,-5.133876321578112467e-01,-3.914728338139453756e-01,-5.133876321578116908e-01,-3.546232262302254634e-01
-5.478205019840767243e-01,-6.043198398933582460e-01,-5.417551351475368149e-01,-6.043198398933582460e-01,-5.478205019840761691e-01
-6.581576232490446987e-01,-6.336354142470792539e-01,-6.010260942107349402e-01,-6.336354142470795869e-01,-6.581576232490443656e-01
-6.363339096837317133e-01,-5.602552425532745239e-01,-5.488973162858955535e-01,-5.602552425532747460e-01,-6.363339096837314912e-01
-5.222496870720374496e-01,-4.501596530662607121e-01,-4.059332608845079848e-01,-4.501596530662606011e-01,-5.222496870720378936e-01
-3.706716671806741803e-01,-3.810697996239980068e-01,-2.538374606587851523e-01,-3.810697996239974517e-01,-3.706716671806750685e-01
-2.100715545968598330e-01,-3.681190729317627697e-01,-1.542642674512280099e-01,-3.681190729317623811e-01,-2.100715545968608045e-01
-8.097136082884015540e-02,-4.012387546936696525e-01,-1.142402418157018873e-01,-4.012387546936700411e-01,-8.097136082884118236e-02
-3.374706851969894172e-02,-5.032862411793032065e-01,-1.395104667780040497e-01,-5.032862411793042057e-01,-3.374706851969971888e-02
-7.316011031951658028e-02,-6.375755379968909287e-01,-2.472037563155742856e-01,-6.375755379968920389e-01,-7.316011031951696886e-02
-1.554637937951646176e-01,-7.245193913046845680e-01,-3.972274592729817533e-01,-7.245193913046859002e-01,-1.554637937951641735e-01
-2.308614145204430645e-01,-7.203855128953529086e-01,-5.280270448686649187e-01,-7.203855128953544629e-01,-2.308614145204416213e-01
-2.700327102020856906e-01,-6.352599732769839136e-01,-5.938408642548267391e-01,-6.352599732769848018e-01,-2.700327102020835257e-01
-2.786952591400536638e-01,-4.905330474238062122e-01,-5.696861941116176942e-01,-4.905330474238069893e-01,-2.786952591400511103e-01
-2.867149580144616738e-01,-3.356470029618026651e-01,-4.885226263623716481e-01,-3.356470029618037199e-01,-2.867149580144594534e-01
-3.015050669772114667e-01,-2.226206743904349250e-01,-4.130827653031305946e-01,-2.226206743904362573e-01,-3.015050669772099123e-01
-3.090140942261112023e-01,-1.611750599664218964e-01,-3.534678852516680014e-01,-1.611750599664234507e-01,-3.090140942261104806e-01
-3.160678770379133362e-01,-1.487845131548409250e-01,-3.311374559804777240e-01,-1.487845131548425348e-01,-3.160678770379136138e-01
-3.309521686817299413e-01,-2.075375080420178708e-01,-4.291698133784925262e-01,-2.075375080420186757e-01,-3.309521686817308295e-01
-3.234365601830512804e-01,-3.089909529082187079e-01,-5.905182013948868658e-01,-3.089909529082182638e-01,-3.234365601830526127e-01
-2.623668393128964493e-01,-3.901989185833869000e-01,-6.681487597854299798e-01,-3.901989185833856233e-01,-2.623668393128975596e-01
-1.598310575733477013e-01,-4.475888162532884462e-01,-6.026554506801009570e-01,-4.475888162532867809e-01,-1.598310575733490613e-01
-4.465810351423543656e-02,-4.836806823254519716e-01,-4.496481735918710920e-01,-4.836806823254504728e-01,-4.465810351423663005e-02
6.143896500168843922e-02,-4.742253201536277274e-01,-2.453422615161959253e-01,-4.742253201536271723e-01,6.143896500168768982e-02
1.241351662510833398e-01,-4.585029413060147108e-01,-2.307559974103096101e-02,-4.585029413060144887e-01,1.241351662510825626e-01
1.084021893205835418e-01,-4.891975729707747078e-01,1.324737387545713296e-01,-4.891975729707750409e-01,1.084021893205832088e-01
2.095928519555062541e-02,-5.326593526215810392e-01,1.925390914605845938e-01,-5.326593526215821495e-01,2.095928519555066705e-02
-1.010674041746170149e-01,-5.807900437417872208e-01,1.535633534496331498e-01,-5.807900437417877759e-01,-1.010674041746166957e-01
-2.245182252170601633e-01,-6.713243080365571824e-01,1.089981383707728027e-02,-6.713243080365572935e-01,-2.245182252170594694e-01
-3.157317179729362544e-01,-7.682195311459294462e-01,-1.901343606285596788e-01,-7.682195311459297793e-01,-3.157317179729355328e-01
-3.472973628126554968e-01,-7.743960812374217628e-01,-3.688391161628162829e-01,-7.743960812374229841e-01,-3.472973628126546641e-01
-3.255705400806168104e-01,-6.571089699161114517e-01,-4.681224475849166677e-01,-6.571089699161125619e-01,-3.255705400806159777e-01
-2.718933502535579860e-01,-4.673869843536889168e-01,-4.690178120863167655e-01,-4.673869843536897495e-01,-2.718933502535570979e-01
-2.073222818933260769e-01,-2.547008712795424956e-01,-4.187570443024982714e-01,-2.547008712795426066e-01,-2.073222818933253275e-01
-1.902073518327282997e-01,-8.661188446593048873e-02,-4.260144604391541412e-01,-8.661188446593023893e-02,-1.902073518327278001e-01
-2.903332263609850195e-01,-7.330519172503363601e-02,-5.155443541164602683e-01,-7.330519172503334457e-02,-2.903332263609847974e-01
-4.915523247581416455e-01,-2.287374916601738750e-01,-6.320249172870349152e-01,-2.287374916601739860e-01,-4.915523247581419786e-01
-6.940135993786118451e-01,-4.776589514965832173e-01,-7.332763330401627089e-01,-4.776589514965836614e-01,-6.940135993786121782e-01
-8.089115298319811131e-01,-7.228607171131484765e-01,-8.156333972489938633e-01,-7.228607171131489206e-01,-8.089115298319814462e-01
-7.914932292203616937e-01,-8.500721875003559580e-01,-8.151639451573250428e-01,-8.500721875003561800e-01,-7.914932292203618047e-01
-6.227549527827151987e-01,-7.976931695691615865e-01,-6.603721412610575880e-01,-7.976931695691615865e-01,-6.227549527827149767e-01
-3.399598598430208507e-01,-6.420428179015940096e-01,-4.004028143323609124e-01,-6.420428179015938985e-01,-3.399598598430202401e-01
-4.621596508457959107e-02,-5.133172958277567588e-01,-1.442708080450389174e-01,-5.133172958277566478e-01,-4.621596508457870983e-02
1.644196450996658898e-01,-4.549241075020700187e-01,3.391410322610582950e-02,-4.549241075020710179e-01,1.644196450996668613e-01
2.560734417220587034e-01,-4.822302237011001358e-01,1.023909411715807627e-01,-4.822302237011008019e-01,2.560734417220594805e-01
2.249853041751335159e-01,-6.167910846961306426e-01,5.732254899093836009e-02,-6.167910846961313087e-01,2.249853041751344040e-01
9.341230006512124540e-02,-7.724977047821193210e-01,-4.755122673343109563e-02,-7.724977047821204312e-01,9.341230006512185602e-02
-8.375530784614959590e-02,-8.589900859472350270e-01,-1.424748780484776378e-01,-8.589900859472358041e-01,-8.375530784614941548e-02
-2.426483379212131530e-01,-8.544887847893727351e-01,-1.857607157309080215e-01,-8.544887847893731792e-01,-2.426483379212131808e-01
-3.330014234035698073e-01,-7.905570692732433180e-01,-1.653218735467352762e-01,-7.905570692732430960e-01,-3.330014234035698628e-01
-3.296174682520841004e-01,-6.711696071611725767e-01,-1.281067454960107266e-01,-6.711696071611723546e-01,-3.296174682520843779e-01
-2.605542489693807306e-01,-4.834316598002047494e-01,-1.526907038015224427e-01,-4.834316598002047494e-01,-2.605542489693813413e-01
-1.916734903487626873e-01,-2.631311637930914826e-01,-2.428395988078336232e-01,-2.631311637930918712e-01,-1.916734903487634367e-01
-1.591953338644995219e-01,-8.030158223759170655e-02,-3.617760320478136116e-01,-8.030158223759226166e-02,-1.591953338644999660e-01
-1.611144599552509771e-01,5.024618504598454827e-03,-5.416535735285828990e-01,5.024618504597788693e-03,-1.611144599552504220e-01
-2.077422800777206646e-01,-3.270341417400679518e-02,-7.317451515476820489e-01,-3.270341417400740580e-02,-2.077422800777194156e-01
-3.143279881713442192e-01,-1.576598378749441975e-01,-8.128385034299089318e-01,-1.576598378749446971e-01,-3.143279881713431645e-01
-4.467189118408145254e-01,-3.133292667304641288e-01,-8.011983992340035998e-01,-3.133292667304647949e-01,-4.467189118408138038e-01
-5.317645185530021079e-01,-4.494032757367063535e-01,-7.617249412863903446e-01,-4.494032757367077413e-01,-5.317645185530011087e-01
-5.237530336874618442e-01,-5.317256532373869637e-01,-6.747965897500534105e-01,-5.317256532373886291e-01,-5.237530336874607340e-01
-4.252260960601063067e-01,-5.608381639068479307e-01,-5.112411363620614768e-01,-5.608381639068490410e-01,-4.252260960601050854e-01
-2.646382571992526023e-01,-5.545465448182543833e-01,-3.365267492271445393e-01,-5.545465448182546053e-01,-2.646382571992515476e-01
-8.776906582793669864e-02,-5.295982851119840351e-01,-1.939078609940803610e-01,-5.295982851119842572e-01,-8.776906582793597700e-02
5.439754757990034051e-02,-5.144384500386175452e-01,-7.374626549772145268e-02,-5.144384500386174341e-01,5.439754757990081235e-02
1.266239936752312500e-01,-5.444451865134185553e-01,1.434645606922135830e-02,-5.444451865134177782e-01,1.266239936752313056e-01
1.178592847714354797e-01,-5.984699827788804161e-01,4.114548951620794481e-02,-5.984699827788798610e-01,1.178592847714348413e-01
3.840826984350664830e-02,-6.439696574903058801e-01,-1.999213101944563586e-02,-6.439696574903059911e-01,3.840826984350537154e-02
-8.807511183982230651e-02,-6.752251491183109966e-01,-1.429314455533713946e-01,-6.752251491183111076e-01,-8.807511183982405512e-02
-2.393915869436441524e-01,-6.689220097686447986e-01,-2.627038532599428322e-01,-6.689220097686445765e-01,-2.393915869436461230e-01
-3.884035189696150026e-01,-5.878454626643265790e-01,-3.459709338216025443e-01,-5.878454626643272452e-01,-3.884035189696168899e-01
-4.830551588532572271e-01,-4.495184768054658608e-01,-4.064255842932546492e-01,-4.495184768054673041e-01,-4.830551588532583374e-01
-4.790200867387316430e-01,-2.934390460856768357e-01,-4.023317089892836096e-01,-2.934390460856783900e-01,-4.790200867387315875e-01
-4.088762571905114052e-01,-1.631792437642918536e-01,-2.940899366401728554e-01,-1.631792437642936300e-01,-4.088762571905103504e-01
-3.574751963371157748e-01,-1.261734459746122194e-01,-1.706444471520620620e-01,-1.261734459746133852e-01,-3.574751963371142760e-01
-3.526529834234345406e-01,-2.181863138987135686e-01,-1.509469842679484475e-01,-2.181863138987143735e-01,-3.526529834234324312e-01
-3.454366461211110240e-01,-3.753610969705238332e-01,-2.424170798649191994e-01,-3.753610969705247769e-01,-3.454366461211081929e-01
-3.041747038441628970e-01,-5.422498708726266603e-01,-3.496448671996135182e-01,-5.422498708726276595e-01,-3.041747038441603435e-01
-2.465928106557668809e-01,-6.907379027272808614e-01,-4.263307938467460478e-01,-6.907379027272817495e-01,-2.465928106557658261e-01
-1.820111568303154348e-01,-7.735708457515950709e-01,-4.461057919512050329e-01,-7.735708457515961811e-01,-1.820111568303161287e-01
-1.037022977910782018e-01,-7.747540189663965071e-01,-3.992627219812664441e-01,-7.747540189663975063e-01,-1.037022977910798394e-01
-2.277899743710970482e-02,-7.346663831640269926e-01,-3.264845096927152523e-01,-7.346663831640281028e-01,-2.277899743711145342e-02
4.420091614326709939e-02,-6.807707867576693328e-01,-2.470637202140904265e-01,-6.807707867576691108e-01,4.420091614326578100e-02
8.034551097301589895e-02,-6.018294403550441540e-01,-1.608285856116462575e-01,-6.018294403550434879e-01,8.034551097301549649e-02
4.868018112863231606e-02,-5.423769766073847087e-01,-1.153612596620329778e-01,-5.423769766073838206e-01,4.868018112863291280e-02
-7.838650758507281768e-02,-5.739471908823945423e-01,-1.797853066392576249e-01,-5.739471908823938762e-01,-7.838650758507162419e-02
-2.686988031906208385e-01,-6.685730502420343946e-01,-3.490651412498191331e-01,-6.685730502420342836e-01,-2.686988031906195618e-01
-4.459315319727876759e-01,-7.529443589945934434e-01,-5.504371313351588135e-01,-7.529443589945933324e-01,-4.459315319727862326e-01
-5.366015682938308773e-01,-7.456902203306254862e-01,-6.851619174944605373e-01,-7.456902203306263743e-01,-5.366015682938295450e-01
-5.084097797071225333e-01,-5.984200272460927783e-01,-6.839121747935990037e-01,-5.984200272460942216e-01,-5.084097797071218672e-01
-4.047604424649580701e-01,-3.566763309574702001e-01,-6.105515990711460894e-01,-3.566763309574721985e-01,-4.047604424649580701e-01
-3.197557075509279700e-01,-1.452588578954736864e-01,-5.998519290199406662e-01,-1.452588578954756016e-01,-3.197557075509285252e-01
-3.021945152354913455e-01,-4.346613308076002768e-02,-6.607549129309484570e-01,-4.346613308076142934e-02,-3.021945152354920117e-01
-3.283374997029880893e-01,-3.261435894228259524e-02,-6.916504749903815696e-01,-3.261435894228401078e-02,-3.283374997029878117e-01
-3.776097014151455489e-01,-1.061859814337805519e-01,-6.832841436502458121e-01,-1.061859814337813845e-01,-3.776097014151448272e-01
-4.568969769871289444e-01,-2.517351302529703405e-01,-6.553946600268805156e-01,-2.517351302529706181e-01,-4.568969769871281117e-01
-5.427673365423778540e-01,-4.034396910199818942e-01,-5.861108701047491598e-01,-4.034396910199820052e-01,-5.427673365423776319e-01
-5.682521380926998100e-01,-5.265065973490243856e-01,-4.336561277696301953e-01,-5.265065973490236084e-01,-5.682521380926995880e-01
-4.788185526354988286e-01,-6.186165450959031364e-01,-2.024331902848578724e-01,-6.186165450959031364e-01,-4.788185526354989396e-01
-2.751023170948475594e-01,-6.586854411439656554e-01,5.861825268733804328e-02,-6.586854411439673207e-01,-2.751023170948477814e-01
-1.391158905498635079e-02,-6.697807214306671364e-01,2.886314608096306467e-01,-6.697807214306692458e-01,-1.391158905498671161e-02
2.253127882405202564e-01,-7.168935182321508615e-01,4.186524657838447960e-01,-7.168935182321523047e-01,2.253127882405200899e-01
3.902517298866094997e-01,-7.817601354437677674e-01,4.302997277871508652e-01,-7.817601354437685446e-01,3.902517298866097217e-01
4.610916982389847152e-01,-7.965523127344443788e-01,3.211894183356698851e-01,-7.965523127344444898e-01,4.610916982389854923e-01
4.200596447223202690e-01,-7.713155334485559678e-01,1.097983598704207475e-01,-7.713155334485555237e-01,4.200596447223217123e-01
2.634891491500457872e-01,-7.499303134547941063e-01,-1.418544871755062220e-01,-7.499303134547932181e-01,2.634891491500473970e-01
2.476138888369711077e-02,-7.267941229442940188e-01,-3.661160662792201093e-01,-7.267941229442936857e-01,2.476138888369855406e-02
-2.424938819206784446e-01,-6.560024583637120710e-01,-5.332917093711853074e-01,-6.560024583637128481e-01,-2.424938819206778340e-01
-4.811824748959653841e-01,-5.152584564104425446e-01,-5.981042021732604352e-01,-5.152584564104439879e-01,-4.811824748959657727e-01
-6.317001884228555797e-01,-3.292534374741623582e-01,-5.275169691689439722e-01,-3.292534374741636349e-01,-6.317001884228562458e-01
-6.656133050826800179e-01,-1.570850297491411252e-01,-4.556346572019891461e-01,-1.570850297491420688e-01,-6.656133050826803510e-01
-6.212953356345148892e-01,-3.966550180598403530e-02,-5.163301674818867593e-01,-3.966550180598433367e-02,-6.212953356345148892e-01
-5.668673845871067263e-01,3.380566748735525096e-02,-6.540387401667647760e-01,3.380566748735487625e-02,-5.668673845871071704e-01
-5.308830692725499123e-01,5.666662610488759633e-02,-7.522023062978266950e-01,5.666662610488712448e-02,-5.308830692725504674e-01
-4.929226593971872683e-01,-1.419263123032088458e-02,-8.148212439618188752e-01,-1.419263123032121765e-02,-4.929226593971868797e-01
-4.338851251977756673e-01,-1.618677256945945941e-01,-8.490488663089570398e-01,-1.618677256945948717e-01,-4.338851251977745571e-01
-3.646948226160672268e-01,-3.211220502122446030e-01,-7.986493471752276196e-01,-3.211220502122450471e-01,-3.646948226160658946e-01
-3.028048530459245269e-01,-4.474719701354389900e-01,-6.644207629245315605e-01,-4.474719701354399337e-01,-3.028048530459238608e-01
-2.472139192816388276e-01,-5.311743289945863866e-01,-4.660296828298873817e-01,-5.311743289945877189e-01,-2.472139192816388276e-01
-1.844585833279306364e-01,-5.886932681335724782e-01,-2.474796357238294997e-01,-5.886932681335743656e-01,-1.844585833279308584e-01
-1.068858606685088031e-01,-6.437743354152356545e-01,-8.008701697450038015e-02,-6.437743354152369868e-01,-1.068858606685089002e-01
-2.590537340073584271e-02,-7.025081719596977248e-01,6.876347912979721005e-03,-7.025081719596985019e-01,-2.590537340073553046e-02
3.562160126395519377e-02,-7.421915747622838122e-01,3.682506808608763949e-02,-7.421915747622850335e-01,3.562160126395574888e-02
6.785833931719925660e-02,-7.825632744905464122e-01,2.079527913697601371e-02,-7.825632744905464122e-01,6.785833931719958967e-02
8.065272997072375771e-02,-8.175082374002096142e-01,-1.307092938241294355e-02,-8.175082374002085039e-01,8.065272997072403527e-02
8.121726847800159188e-02,-7.779707437779042056e-01,-1.311689693910123022e-02,-7.779707437779030954e-01,8.121726847800192495e-02
5.846374947580196269e-02,-6.831099999243318566e-01,-2.051286366582952270e-02,-6.831099999243301912e-01,5.846374947580207371e-02
-2.792572819985017496e-03,-5.923170511966268093e-01,-1.089508017051026290e-01,-5.923170511966262541e-01,-2.792572819985100763e-03
-1.115779622814015437e-01,-5.328220863426935683e-01,-2.528172025166155468e-01,-5.328220863426940124e-01,-1.115779622814022098e-01
-2.709654360663893424e-01,-5.134087567859177970e-01,-4.007232739955217116e-01,-5.134087567859189072e-01,-2.709654360663901196e-01
-4.537632821524448801e-01,-5.208660122107386936e-01,-5.629253308311125137e-01,-5.208660122107398038e-01,-4.537632821524452686e-01
-5.895037400580429576e-01,-5.138420802579979352e-01,-7.178324921904601918e-01,-5.138420802579984903e-01,-5.895037400580424025e-01
-6.258800599036411505e-01,-4.515103254696437030e-01,-7.784259721782692543e-01,-4.515103254696436474e-01,-6.258800599036395962e-01
-5.860790364216510451e-01,-3.612090525929481100e-01,-7.139064885316097619e-01,-3.612090525929475548e-01,-5.860790364216491577e-01
-5.261439520254401758e-01,-2.820698118910929808e-01,-5.614734424652289002e-01,-2.820698118910927032e-01,-5.261439520254388436e-01
-4.698520623847885491e-01,-2.223901901957923422e-01,-3.950684153059221826e-01,-2.223901901957932581e-01,-4.698520623847877720e-01
-4.146867203620985265e-01,-2.311380965110696184e-01,-2.666500373812510372e-01,-2.311380965110714780e-01,-4.146867203620975828e-01
-3.629442791195325313e-01,-3.449354579942442989e-01,-2.068599287715869317e-01,-3.449354579942456311e-01,-3.629442791195318652e-01
-3.276987368677207191e-01,-5.103849742045072357e-01,-2.255270863186101815e-01,-5.103849742045084570e-01,-3.276987368677208856e-01
-3.095096882708700536e-01,-6.442500811491489454e-01,-3.170511611046815670e-01,-6.442500811491510548e-01,-3.095096882708709973e-01
-2.788000363510887980e-01,-7.266585169550955348e-01,-4.309712066553290644e-01,-7.266585169550965340e-01,-2.788000363510894641e-01
-2.062595520212196498e-01,-7.490659555133134528e-01,-4.704403780213536335e-01,-7.490659555133132308e-01,-2.062595520212194278e-01
-1.060670603778678944e-01,-7.047796343315786416e-01,-4.070451331708186959e-01,-7.047796343315770873e-01,-1.060670603778668397e-01
-1.989911130970678510e-02,-6.246855793228097697e-01,-3.074005921274490793e-01,-6.246855793228081044e-01,-1.989911130970602182e-02
2.837333412364706486e-02,-5.302019899041772177e-01,-2.172998240291341698e-01,-5.302019899041765516e-01,2.837333412364714813e-02
3.066230204337538900e-02,-4.299224243832880932e-01,-1.256110753455023099e-01,-4.299224243832885373e-01,3.066230204337494492e-02
-2.286463314757081200e-02,-3.668941825298681070e-01,-9.862722940850693343e-02,-3.668941825298688841e-01,-2.286463314757170018e-02
-1.204290408308837379e-01,-3.461493289967333964e-01,-1.932809404799650244e-01,-3.461493289967341180e-01,-1.204290408308845428e-01
-2.168833008246081606e-01,-3.306023503516207218e-01,-3.198227446684404618e-01,-3.306023503516221096e-01,-2.168833008246080496e-01
-2.736035211599444628e-01,-3.246524255914721713e-01,-4.014163512511447207e-01,-3.246524255914733370e-01,-2.736035211599438521e-01
-2.873705429076072182e-01,-3.359071837574356678e-01,-4.485266524667270716e-01,-3.359071837574364450e-01,-2.873705429076057749e-01
-2.701362518998143836e-01,-3.246333607014301736e-01,-4.656986824768204469e-01,-3.246333607014311173e-01,-2.701362518998124407e-01
-2.295901753923645927e-01,-2.911169122749778237e-01,-4.229769117342118134e-01,-2.911169122749786564e-01,-2.295901753923628164e-01
-1.735159293666830305e-01,-2.802429852134846744e-01,-3.703152408861855593e-01,-2.802429852134856736e-01,-1.735159293666814206e-01
-1.221578085366084587e-01,-3.089795692975089714e-01,-3.430376504517917424e-01,-3.089795692975097485e-01,-1.221578085366074595e-01
-1.084232176104324430e-01,-3.536183779896352464e-01,-3.200968586890723944e-01,-3.536183779896353574e-01,-1.084232176104330814e-01
-1.466581203693769209e-01,-4.068917715217108544e-01,-3.124038332819745190e-01,-4.068917715217107434e-01,-1.466581203693783642e-01
-2.023055139916488665e-01,-4.796332855229124004e-01,-3.162287763918201766e-01,-4.796332855229122338e-01,-2.023055139916504486e-01
-2.306850460916718415e-01,-5.581712465032211412e-01,-3.199130586172836410e-01,-5.581712465032219184e-01,-2.306850460916729240e-01
-2.345483096171009363e-01,-6.283705415402744965e-01,-3.260910664954801419e-01,-6.283705415402757177e-01,-2.345483096171014914e-01
-2.426848482182860645e-01,-6.706935594777000409e-01,-3.255859068616281382e-01,-6.706935594777001519e-01,-2.426848482182865641e-01
-2.574246431309025751e-01,-6.294444256886049249e-01,-3.015736633950236723e-01,-6.294444256886047029e-01,-2.574246431309022975e-01
-2.626387939227509127e-01,-5.142284666376973901e-01,-3.043283193298865763e-01,-5.142284666376970570e-01,-2.626387939227496360e-01
-2.652976059666364295e-01,-4.065878402154061155e-01,-3.775477548233965308e-01,-4.065878402154053384e-01,-2.652976059666342090e-01
-2.943203111231548763e-01,-3.378269420122242961e-01,-4.587961732857706032e-01,-3.378269420122239630e-01,-2.943203111231533775e-01
-3.612431136699076895e-01,-3.347785908830285262e-01,-4.989982375532148184e-01,-3.347785908830289148e-01,-3.612431136699073009e-01
-4.457253773019143051e-01,-4.253726501531075455e-01,-5.360233648392216388e-01,-4.253726501531087667e-01,-4.457253773019149712e-01
-5.175762793800328110e-01,-5.820159878943113041e-01,-5.954275774616379913e-01,-5.820159878943126364e-01,-5.175762793800335881e-01
-5.466576277921956217e-01,-7.065647221683982737e-01,-6.078948621749007408e-01,-7.065647221683998280e-01,-5.466576277921962879e-01
-4.999361045842581897e-01,-7.389900092981566138e-01,-5.407992903028068232e-01,-7.389900092981569468e-01,-4.999361045842580231e-01
-3.619394682316947609e-01,-6.715433146931280017e-01,-4.209405680064303712e-01,-6.715433146931268915e-01,-3.619394682316937617e-01
-1.756847966231007141e-01,-5.374706519260212811e-01,-2.871318347856133268e-01,-5.374706519260208371e-01,-1.756847966230991043e-01
-2.673751545360852910e-02,-4.309064772160137724e-01,-1.759406326204261406e-01,-4.309064772160134393e-01,-2.673751545360746051e-02
3.237677641622627167e-02,-4.119472517285662772e-01,-8.928518628256215672e-02,-4.119472517285660551e-01,3.237677641622665331e-02
1.479436565215130894e-02,-4.561305309574667510e-01,-2.266550417004117857e-02,-4.561305309574672506e-01,1.479436565215164201e-02
-4.833088929676854217e-02,-5.318260427686912761e-01,-5.894196463371192962e-03,-5.318260427686927194e-01,-4.833088929676843115e-02
-1.426966826232144436e-01,-6.181990556683395477e-01,-7.672177253648083950e-02,-6.181990556683413240e-01,-1.426966826232146102e-01
-2.486212917274133183e-01,-7.149220627569041753e-01,-1.743452698192917427e-01,-7.149220627569043973e-01,-2.486212917274137624e-01
-3.215379040980695935e-01,-7.905499831717901493e-01,-2.305118471330327712e-01,-7.905499831717890391e-01,-3.215379040980698711e-01
-3.237735763852799264e-01,-7.971994200084148163e-01,-2.510616115590567077e-01,-7.971994200084135951e-01,-3.237735763852795934e-01
-2.588173714122271596e-01,-7.049004412378123696e-01,-2.362493259488873398e-01,-7.049004412378119255e-01,-2.588173714122269931e-01
-1.658979159130750114e-01,-5.379425055372661912e-01,-1.942903351760210118e-01,-5.379425055372664133e-01,-1.658979159130751224e-01
-8.824376748214501909e-02,-3.701338264001864387e-01,-2.146155016289514605e-01,-3.701338264001862166e-01,-8.824376748214513011e-02
-5.497793836373748855e-02,-2.422167373688810521e-01,-3.423025093798765517e-01,-2.422167373688808023e-01,-5.497793836373787713e-02
-8.661844697092130341e-02,-1.534635743486542914e-01,-4.902925828622511917e-01,-1.534635743486542914e-01,-8.661844697092188627e-02
