-1.000000000000000000e+00,-1.000000000000000000e+00
-8.754067682507749026e-01,-8.754067682507750137e-01
-5.454549943126849598e-01,-5.454549943126849598e-01
-1.654470631836585937e-01,-1.654470631836586492e-01
5.321945348857370917e-02,5.321945348857376468e-02
1.393263045719161930e-02,1.393263045719156379e-02
-2.195033159898396868e-01,-2.195033159898396868e-01
-5.378959403032133046e-01,-5.378959403032133046e-01
-8.298308702521690616e-01,-8.298308702521690616e-01
-9.606117090533922154e-01,-9.606117090533922154e-01
-8.556144103684881763e-01,-8.556144103684881763e-01
-5.772078869928706224e-01,-5.772078869928705114e-01
-2.501518660676506078e-01,-2.501518660676506634e-01
8.398073357252122673e-03,8.398073357252067161e-03
7.039905472914498308e-02,7.039905472914492757e-02
-1.381307369344023650e-01,-1.381307369344024205e-01
-5.179336497968533015e-01,-5.179336497968531905e-01
-8.564696133025584412e-01,-8.564696133025584412e-01
-9.983388398267071251e-01,-9.983388398267070141e-01
-8.919567059659869734e-01,-8.919567059659870845e-01
-5.730679784211532013e-01,-5.730679784211533123e-01
-1.952890156780558439e-01,-1.952890156780558439e-01
3.320542479606508612e-02,3.320542479606503061e-02
1.828284240801386629e-02,1.828284240801386629e-02
-1.885734731427786692e-01,-1.885734731427786415e-01
-4.978946665380776238e-01,-4.978946665380776793e-01
-8.031925880073425006e-01,-8.031925880073425006e-01
-9.595131687348862348e-01,-9.595131687348863458e-01
-8.802365787588086743e-01,-8.802365787588086743e-01
-6.154369516935050966e-01,-6.154369516935052076e-01
-2.803770004359832924e-01,-2.803770004359832924e-01
1.457906183218171670e-03,1.457906183218171670e-03
8.444235980364744876e-02,8.444235980364744876e-02
-1.134142641408023566e-01,-1.134142641408023289e-01
-4.903811596109168280e-01,-4.903811596109168836e-01
-8.350420560474945963e-01,-8.350420560474945963e-01
-9.933876258539273696e-01,-9.933876258539273696e-01
-9.062599666442079371e-01,-9.062599666442079371e-01
-6.008702817036200017e-01,-6.008702817036200017e-01
-2.275154628531625423e-01,-2.275154628531625978e-01
1.069851763342288820e-02,1.069851763342288820e-02
2.164208392463762287e-02,2.164208392463767838e-02
-1.575615531231911448e-01,-1.575615531231911448e-01
-4.576200764010153188e-01,-4.576200764010153743e-01
-7.759779140133085118e-01,-7.759779140133086228e-01
-9.572704962870431933e-01,-9.572704962870433043e-01
-9.033732580625305486e-01,-9.033732580625304376e-01
-6.522237366775546219e-01,-6.522237366775547329e-01
-3.100943571053136893e-01,-3.100943571053136893e-01
-7.125478138349738977e-03,-7.125478138349683466e-03
9.509841806839819389e-02,9.509841806839819389e-02
-9.130596796621748279e-02,-9.130596796621745503e-02
-4.626607338393186608e-01,-4.626607338393187163e-01
-8.110675384243749564e-01,-8.110675384243750674e-01
-9.852418401269515957e-01,-9.852418401269515957e-01
-9.184838035336417850e-01,-9.184838035336417850e-01
-6.289246783203875646e-01,-6.289246783203876756e-01
-2.619201375903676965e-01,-2.619201375903676965e-01
-1.393262667044037340e-02,-1.393262667044037340e-02
2.416581998411587717e-02,2.416581998411593268e-02
-1.267204780757759663e-01,-1.267204780757759108e-01
-4.174978755967506672e-01,-4.174978755967507227e-01
-7.484276733133404802e-01,-7.484276733133404802e-01
-9.537950498164642354e-01,-9.537950498164642354e-01
-9.246946939626394801e-01,-9.246946939626394801e-01
-6.872531465600941747e-01,-6.872531465600941747e-01
-3.392752906989855433e-01,-3.392752906989855433e-01
-1.759347021283774737e-02,-1.759347021283769186e-02
1.021765965038387569e-01,1.021765965038387014e-01
-7.175198515661840304e-02,-7.175198515661843079e-02
-4.346334606207807871e-01,-4.346334606207807871e-01
-7.845435811662602177e-01,-7.845435811662602177e-01
-9.740562871179320181e-01,-9.740562871179321291e-01
-9.288106806461258191e-01,-9.288106806461259302e-01
-6.572509970639462962e-01,-6.572509970639462962e-01
-2.982361042478671731e-01,-2.982361042478671731e-01
-4.030566682437997095e-02,-4.030566682437997095e-02
2.596356435388735839e-02,2.596356435388741390e-02
-9.635088970777366812e-02,-9.635088970777364037e-02
-3.779501912390679230e-01,-3.779501912390679230e-01
-7.207378802988195776e-01,-7.207378802988195776e-01
-9.489601023810819713e-01,-9.489601023810819713e-01
-9.438778709986703763e-01,-9.438778709986703763e-01
-7.202625522565636595e-01,-7.202625522565636595e-01
-3.679422421615110017e-01,-3.679422421615110017e-01
-3.017823831581567529e-02,-3.017823831581567529e-02
1.055537321408890339e-01,1.055537321408889784e-01
-5.464252865945318227e-02,-5.464252865945323778e-02
-4.061704132159164593e-01,-4.061704132159164038e-01
-7.555270462529912745e-01,-7.555270462529912745e-01
-9.600388016180254613e-01,-9.600388016180254613e-01
-9.374264568768987393e-01,-9.374264568768987393e-01
-6.858202180053692976e-01,-6.858202180053692976e-01
-3.361427337733262632e-01,-3.361427337733262632e-01
-6.803817952471297170e-02,-6.803817952471302721e-02
2.709317716375131413e-02,2.709317716375131413e-02
-6.679279562877127319e-02,-6.679279562877127319e-02
-3.393823573558473194e-01,-3.393823573558473194e-01
-6.930547401525855022e-01,-6.930547401525855022e-01
-9.426079988751104866e-01,-9.426079988751104866e-01
-9.606188550119614256e-01,-9.606188550119615366e-01
-7.510476395304251929e-01,-7.510476395304251929e-01
-3.961617646199091514e-01,-3.961617646199091514e-01
-4.508985878925514390e-02,-4.508985878925508839e-02
1.051787259469311731e-01,1.051787259469311731e-01
-3.982040985976131875e-02,-3.982040985976126324e-02
-3.771644115574971923e-01,-3.771644115574972478e-01
-7.241369385731484254e-01,-7.241369385731484254e-01
-9.434418427422298636e-01,-9.434418427422297526e-01
-9.445088148309744858e-01,-9.445088148309743747e-01
-7.145509839583228384e-01,-7.145509839583229494e-01
-3.752748861931303748e-01,-3.752748861931303748e-01
-9.676091655810620251e-02,-9.676091655810623027e-02
2.755775784441533149e-02,2.755775784441527598e-02
-3.841519036042051471e-02,-3.841519036042057023e-02
-3.021703310799533915e-01,-3.021703310799533915e-01
-6.654721585518198479e-01,-6.654721585518197369e-01
-9.345591708159044497e-01,-9.345591708159044497e-01
-9.746445452186475178e-01,-9.746445452186476288e-01
-7.794657134020472888e-01,-7.794657134020472888e-01
-4.240355517022238452e-01,-4.240355517022238452e-01
-6.250416036996370162e-02,-6.250416036996375713e-02
1.010743781005437603e-01,1.010743781005437603e-01
-2.709143460900176326e-02,-2.709143460900176326e-02
-3.475408816110586163e-01,-3.475408816110585608e-01
-6.905545857398165399e-01,-6.905545857398165399e-01
-9.245523549573061439e-01,-9.245523549573061439e-01
-9.502164788354264813e-01,-9.502164788354264813e-01
-7.433086940191204750e-01,-7.433086940191204750e-01
-4.152339028733268433e-01,-4.152339028733268989e-01
-1.261301331732815889e-01,-1.261301331732815612e-01
2.730527363138579577e-02,2.730527363138579577e-02
-1.160408456170086700e-02,-1.160408456170081148e-02
-2.666492851427698096e-01,-2.666492851427698096e-01
-6.380318664418453967e-01,-6.380318664418451746e-01
-9.246225877965634776e-01,-9.246225877965634776e-01
-9.857233055905076924e-01,-9.857233055905078034e-01
-8.054363451210073688e-01,-8.054363451210074798e-01
-4.516899029303663715e-01,-4.516899029303664270e-01
-8.255182855305853717e-02,-8.255182855305850942e-02
9.333638484618966835e-02,9.333638484618966835e-02
-1.623620386792334891e-02,-1.623620386792334891e-02
-3.172672943014139268e-01,-3.172672943014139268e-01
-6.550211530768003110e-01,-6.550211530768002000e-01
-9.036803555028707358e-01,-9.036803555028706247e-01
-9.546797279658337798e-01,-9.546797279658337798e-01
-7.719072281196193153e-01,-7.719072281196193153e-01
-4.555999320208456993e-01,-4.555999320208456993e-01
-1.558384635437835564e-01,-1.558384635437835564e-01
2.623094143447179949e-02,2.623094143447179949e-02
1.325055087976256818e-02,1.325055087976256818e-02
-2.331038717729569387e-01,-2.331038717729569387e-01
-6.107261469564158052e-01,-6.107261469564156942e-01
-9.126071562703829132e-01,-9.126071562703830242e-01
-9.936739959946947476e-01,-9.936739959946946366e-01
-8.289393685553693158e-01,-8.289393685553694269e-01
-4.792641292999537672e-01,-4.792641292999538227e-01
-1.053092602118514964e-01,-1.053092602118514964e-01
8.212954094494817614e-02,8.212954094494817614e-02
-7.022787279885589484e-03,-7.022787279885589484e-03
-2.863607277305111332e-01,-2.863607277305111332e-01
-6.178325711976521140e-01,-6.178325711976521140e-01
-8.811467651648479116e-01,-8.811467651648479116e-01
-9.579926482148918288e-01,-9.579926482148919398e-01
-8.001132312130760926e-01,-8.001132312130760926e-01
-4.959450534456302795e-01,-4.959450534456302240e-01
-1.856238860438287896e-01,-1.856238860438288174e-01
2.418225766659515275e-02,2.418225766659520826e-02
3.576836853359743884e-02,3.576836853359743884e-02
-2.017605802708102858e-01,-2.017605802708103413e-01
-5.835030321965398725e-01,-5.835030321965397615e-01
-8.983335305384845260e-01,-8.983335305384845260e-01
-9.983729960819567317e-01,-9.983729960819567317e-01
-8.500103522898516673e-01,-8.500103522898516673e-01
-5.068984478008358163e-01,-5.068984478008358163e-01
-1.307915810239392851e-01,-1.307915810239393128e-01
6.768131360814061415e-02,6.768131360814061415e-02
7.803008454547732953e-04,7.803008454547177841e-04
-2.548931791808277669e-01,-2.548931791808278224e-01
-5.793320708936638974e-01,-5.793320708936638974e-01
-8.572710334537422261e-01,-8.572710334537422261e-01
-9.602074860072264961e-01,-9.602074860072266071e-01
-8.276527688453604314e-01,-8.276527688453605425e-01
-5.358466351704580521e-01,-5.358466351704581632e-01
-2.152764081293220277e-01,-2.152764081293220555e-01
2.096645211373615592e-02,2.096645211373610040e-02
5.559217252733200665e-02,5.559217252733206216e-02
-1.727825186099593013e-01,-1.727825186099592458e-01
-5.562737239970996228e-01,-5.562737239970996228e-01
-8.816457794240151191e-01,-8.816457794240151191e-01
-9.997589059159068814e-01,-9.997589059159068814e-01
-8.687337870556085528e-01,-8.687337870556085528e-01
-5.347219344129561236e-01,-5.347219344129562346e-01
-1.589481422852532799e-01,-1.589481422852533354e-01
5.027306828774580350e-02,5.027306828774580350e-02
7.391407065705790647e-03,7.391407065705790647e-03
-2.229943532829156139e-01,-2.229943532829156694e-01
-5.399006289171530693e-01,-5.399006289171530693e-01
-8.323591182762783980e-01,-8.323591182762783980e-01
-9.613313668577179172e-01,-9.613313668577179172e-01
-8.542200577274992046e-01,-8.542200577274992046e-01
-5.749003465090398723e-01,-5.749003465090398723e-01
-2.446422039334989473e-01,-2.446422039334990028e-01
1.636003340326341871e-02,1.636003340326341871e-02
7.240080759122113907e-02,7.240080759122113907e-02
-1.462668425073470058e-01,-1.462668425073469780e-01
-5.289218901620078572e-01,-5.289218901620077462e-01
-8.624223561341394229e-01,-8.624223561341394229e-01
-9.978347126649621535e-01,-9.978347126649622645e-01
-8.852343302260273772e-01,-8.852343302260274882e-01
-5.628411001484939780e-01,-5.628411001484938669e-01
-1.896607037395678930e-01,-1.896607037395678375e-01
3.022932870194255939e-02,3.022932870194261490e-02
1.300389714041716438e-02,1.300389714041716438e-02
-1.908517652669998177e-01,-1.908517652669998732e-01
-4.999457237545617549e-01,-4.999457237545618105e-01
-8.066923637403036196e-01,-8.066923637403037306e-01
-9.613255325669904927e-01,-9.613255325669904927e-01
-8.794878804021852847e-01,-8.794878804021852847e-01
-6.127322700407068501e-01,-6.127322700407068501e-01
-2.736250526044838316e-01,-2.736250526044838316e-01
1.011999993572104684e-02,1.011999993572110235e-02
8.592085140419891687e-02,8.592085140419897238e-02
-1.222449382732372913e-01,-1.222449382732372913e-01
-5.013144006004180975e-01,-5.013144006004180975e-01
-8.405858480829382362e-01,-8.405858480829382362e-01
-9.926673275479848124e-01,-9.926673275479848124e-01
-8.996665354066544218e-01,-8.996665354066543108e-01
-5.913296242777690281e-01,-5.913296242777690281e-01
-2.227443900432760637e-01,-2.227443900432760637e-01
7.905538456308092155e-03,7.905538456308092155e-03
1.777570030020236835e-02,1.777570030020231284e-02
-1.587081183825862496e-01,-1.587081183825862496e-01
-4.598888782884650861e-01,-4.598888782884650306e-01
-7.805177785264276746e-01,-7.805177785264275636e-01
-9.601071329758911199e-01,-9.601071329758911199e-01
-9.031192164485115637e-01,-9.031192164485115637e-01
-6.490095976389180787e-01,-6.490095976389180787e-01
-3.021850467690183062e-01,-3.021850467690183617e-01
1.996215465863371286e-03,1.996215465863371286e-03
9.593660323769148679e-02,9.593660323769148679e-02
-1.006853436442656791e-01,-1.006853436442657346e-01
-4.733130003156260646e-01,-4.733130003156259535e-01
-8.161110366779621428e-01,-8.161110366779622538e-01
-9.843845164174204188e-01,-9.843845164174203077e-01
-9.122035617447558087e-01,-9.122035617447559197e-01
-6.202197243942259020e-01,-6.202197243942259020e-01
-2.579513857577038216e-01,-2.579513857577038216e-01
-1.632514419600206157e-02,-1.632514419600200606e-02
2.182071061369245113e-02,2.182071061369250664e-02
-1.268560369731025483e-01,-1.268560369731025483e-01
-4.201525228000164702e-01,-4.201525228000165257e-01
-7.540401531442787464e-01,-7.540401531442787464e-01
-9.575534893039741036e-01,-9.575534893039741036e-01
-9.247795673452432474e-01,-9.247795673452432474e-01
-6.834494613878978608e-01,-6.834494613878978608e-01
-3.303346628586716349e-01,-3.303346628586715794e-01
-8.255603819052104164e-03,-8.255603819052104164e-03
1.022979351110261947e-01,1.022979351110261947e-01
-8.149926918339678306e-02,-8.149926918339678306e-02
-4.447863713737240099e-01,-4.447863713737240654e-01
-7.890308718780906228e-01,-7.890308718780907338e-01
-9.731693654679719474e-01,-9.731693654679720584e-01
-9.230254015013070745e-01,-9.230254015013070745e-01
-6.494955669448763125e-01,-6.494955669448763125e-01
-2.949772128085839107e-01,-2.949772128085837997e-01
-4.208544637379774134e-02,-4.208544637379774134e-02
2.520243358144363954e-02,2.520243358144369505e-02
-9.563035584306822656e-02,-9.563035584306822656e-02
-3.811467444688314554e-01,-3.811467444688313999e-01
-7.274163702539485632e-01,-7.274163702539485632e-01
-9.535086308917930520e-01,-9.535086308917930520e-01
-9.441494205957794428e-01,-9.441494205957793318e-01
-7.158255358442304761e-01,-7.158255358442305871e-01
