-1.000000000000000000e+00,-1.000000000000000000e+00,-1.000000000000000000e+00,-1.000000000000000000e+00
-8.860364889536083144e-01,-8.862660281431322673e-01,-8.862660281431323783e-01,-8.860364889536083144e-01
-5.807506039313308221e-01,-5.929036451360181204e-01,-5.929036451360181204e-01,-5.807506039313309332e-01
-2.121202659039287397e-01,-2.995683718172608145e-01,-2.995683718172609811e-01,-2.121202659039287119e-01
5.596956924517282328e-02,-1.887093943004937990e-01,-1.887093943004939378e-01,5.596956924517309390e-02
1.587317389341504348e-01,-2.558638083303897415e-01,-2.558638083303897415e-01,1.587317389341504625e-01
1.319911277098960722e-01,-4.022219582451415087e-01,-4.022219582451413977e-01,1.319911277098961278e-01
8.894504573506045730e-03,-5.862848119009036463e-01,-5.862848119009037573e-01,8.894504573506378797e-03
-1.858410536547641656e-01,-7.851614399120288024e-01,-7.851614399120285803e-01,-1.858410536547638325e-01
-3.811064708000401202e-01,-8.965587129461782823e-01,-8.965587129461781712e-01,-3.811064708000396206e-01
-4.968125488584787530e-01,-8.539082571431010349e-01,-8.539082571431007018e-01,-4.968125488584788085e-01
-5.064762884477401750e-01,-6.732792752924138258e-01,-6.732792752924134927e-01,-5.064762884477405080e-01
-4.272837570121193473e-01,-4.281136869310584459e-01,-4.281136869310580018e-01,-4.272837570121199580e-01
-3.019288210510592263e-01,-2.433556462206480919e-01,-2.433556462206473980e-01,-3.019288210510601145e-01
-1.924811297162995483e-01,-1.873742967252736702e-01,-1.873742967252725045e-01,-1.924811297163006585e-01
-1.433710827860207315e-01,-2.179564663851002171e-01,-2.179564663850990791e-01,-1.433710827860217585e-01
-1.522197926309432625e-01,-2.631037934040822979e-01,-2.631037934040812432e-01,-1.522197926309442617e-01
-1.969749460048806355e-01,-3.451491268327368522e-01,-3.451491268327360196e-01,-1.969749460048813294e-01
-2.594123409079212572e-01,-4.777043255287570789e-01,-4.777043255287564127e-01,-2.594123409079216458e-01
-3.216324195993808255e-01,-5.925195630181845363e-01,-5.925195630181842033e-01,-3.216324195993811030e-01
-3.697356557965537083e-01,-6.370302910959215748e-01,-6.370302910959213527e-01,-3.697356557965536528e-01
-3.949851533774150214e-01,-6.152418350532739000e-01,-6.152418350532737890e-01,-3.949851533774149104e-01
-3.809855844851451900e-01,-5.894357363578481834e-01,-5.894357363578481834e-01,-3.809855844851451900e-01
-3.193698553000479112e-01,-5.934903855400146533e-01,-5.934903855400149864e-01,-3.193698553000479112e-01
-2.406839722741550003e-01,-5.909260730968963760e-01,-5.909260730968968200e-01,-2.406839722741550835e-01
-1.836826571647804940e-01,-5.743953119784098726e-01,-5.743953119784104278e-01,-1.836826571647803830e-01
-1.542552351484621220e-01,-5.628650485505206635e-01,-5.628650485505211076e-01,-1.542552351484617890e-01
-1.587129158211692537e-01,-5.713135144529402076e-01,-5.713135144529402076e-01,-1.587129158211689484e-01
-2.175078383021519790e-01,-5.954846998988223561e-01,-5.954846998988224671e-01,-2.175078383021518125e-01
-3.067079852660882233e-01,-6.218029319830947754e-01,-6.218029319830946644e-01,-3.067079852660880568e-01
-3.675765516277092471e-01,-5.969392415330898594e-01,-5.969392415330897483e-01,-3.675765516277090250e-01
-3.954700156815225132e-01,-5.064958449971854737e-01,-5.064958449971854737e-01,-3.954700156815223466e-01
-4.310217346018153650e-01,-4.537513548666906038e-01,-4.537513548666906038e-01,-4.310217346018155871e-01
-4.725396603050259769e-01,-4.950863466383487732e-01,-4.950863466383486067e-01,-4.725396603050262545e-01
-4.834106040002335569e-01,-5.821046607943169970e-01,-5.821046607943169970e-01,-4.834106040002339455e-01
-4.500220293677988370e-01,-6.508740147316052216e-01,-6.508740147316053326e-01,-4.500220293677988370e-01
-3.745930973886115734e-01,-6.696071811689221498e-01,-6.696071811689222608e-01,-3.745930973886114623e-01
-2.630817905417845437e-01,-6.048722455187343083e-01,-6.048722455187343083e-01,-2.630817905417842661e-01
-1.514460977699206290e-01,-4.871537954752891975e-01,-4.871537954752893640e-01,-1.514460977699204902e-01
-8.343591230855873508e-02,-3.916945488533778996e-01,-3.916945488533781217e-01,-8.343591230855840202e-02
-5.974864868591606148e-02,-3.114354517658380894e-01,-3.114354517658387556e-01,-5.974864868591556188e-02
-7.533849861508357115e-02,-2.638466574375121221e-01,-2.638466574375126772e-01,-7.533849861508298829e-02
-1.619480713085655887e-01,-3.255286054840998977e-01,-3.255286054841005083e-01,-1.619480713085654222e-01
-3.215167709272870322e-01,-4.808947595526551488e-01,-4.808947595526555929e-01,-3.215167709272871432e-01
-4.746154698050426557e-01,-6.549500800753438323e-01,-6.549500800753441654e-01,-4.746154698050428777e-01
-5.290574170677763144e-01,-7.895713026827798631e-01,-7.895713026827799741e-01,-5.290574170677765364e-01
-4.611034502427991955e-01,-8.270013771291998550e-01,-8.270013771291996330e-01,-4.611034502427994175e-01
-3.062032893090234631e-01,-7.061551662742198143e-01,-7.061551662742192592e-01,-3.062032893090239627e-01
-1.200040808040361839e-01,-4.831300805829381040e-01,-4.831300805829369382e-01,-1.200040808040371554e-01
3.552622885719236567e-02,-2.829940001966884111e-01,-2.829940001966870233e-01,3.552622885719142198e-02
9.877224371486753585e-02,-1.624700755234071425e-01,-1.624700755234055882e-01,9.877224371486631460e-02
2.293338454950721861e-02,-1.523810312510665010e-01,-1.523810312510645582e-01,2.293338454950552552e-02
-1.972306587660347388e-01,-2.703619156129855039e-01,-2.703619156129841161e-01,-1.972306587660364041e-01
-4.952729629825308733e-01,-5.083356809539876231e-01,-5.083356809539864019e-01,-4.952729629825321500e-01
-7.510376562404365020e-01,-7.783891621493685964e-01,-7.783891621493679303e-01,-7.510376562404373901e-01
-8.603784153598024176e-01,-9.389340138850210682e-01,-9.389340138850209572e-01,-8.603784153598025286e-01
-7.766617239980071474e-01,-8.941089042933701991e-01,-8.941089042933704212e-01,-7.766617239980065923e-01
-5.195443202918914594e-01,-6.864134381487976277e-01,-6.864134381487982939e-01,-5.195443202918902381e-01
-1.824328239675070407e-01,-4.664948370129682331e-01,-4.664948370129693989e-01,-1.824328239675051533e-01
9.858259876847680347e-02,-3.275934262150252962e-01,-3.275934262150269616e-01,9.858259876847888514e-02
2.253316385937220168e-01,-2.969843520279700777e-01,-2.969843520279713545e-01,2.253316385937239597e-01
1.848205077970267451e-01,-3.786440716575657506e-01,-3.786440716575670273e-01,1.848205077970290489e-01
1.790136962533822595e-02,-5.326731338651113923e-01,-5.326731338651120584e-01,1.790136962534033538e-02
-2.218674851473494969e-01,-7.176409770650352682e-01,-7.176409770650356013e-01,-2.218674851473478593e-01
-4.618555874584860388e-01,-8.563444349117953491e-01,-8.563444349117956822e-01,-4.618555874584848731e-01
-6.241689471387878996e-01,-8.498943753463530371e-01,-8.498943753463528150e-01,-6.241689471387873445e-01
-6.713405950970653402e-01,-6.831345901943313148e-01,-6.831345901943308707e-01,-6.713405950970656733e-01
-6.091799471469152572e-01,-4.690727333784825426e-01,-4.690727333784813768e-01,-6.091799471469160343e-01
-4.627734345345774214e-01,-3.094176528522560865e-01,-3.094176528522547542e-01,-4.627734345345781986e-01
-2.913294116116216803e-01,-2.191309601817660324e-01,-2.191309601817643393e-01,-2.913294116116225130e-01
-1.800009174354745833e-01,-2.180126303812611743e-01,-2.180126303812599531e-01,-1.800009174354754438e-01
-1.540990928998501874e-01,-2.931127876729850423e-01,-2.931127876729842097e-01,-1.540990928998514087e-01
-1.627604760177083776e-01,-3.968143059886018453e-01,-3.968143059886012347e-01,-1.627604760177093768e-01
-1.751372725654379847e-01,-5.040857867340621246e-01,-5.040857867340619025e-01,-1.751372725654384843e-01
-2.105995616749158361e-01,-6.222920928563604459e-01,-6.222920928563604459e-01,-2.105995616749157806e-01
-2.625521638411286718e-01,-7.162791878547437596e-01,-7.162791878547438706e-01,-2.625521638411283387e-01
-2.902786264311368880e-01,-7.395234438238404984e-01,-7.395234438238408314e-01,-2.902786264311363329e-01
-2.817935397683409282e-01,-7.210463598544588626e-01,-7.210463598544597508e-01,-2.817935397683402621e-01
-2.498421042362256594e-01,-6.650695478732351340e-01,-6.650695478732362442e-01,-2.498421042362248823e-01
-1.985386753079070865e-01,-5.566128714456720639e-01,-5.566128714456729520e-01,-1.985386753079062538e-01
-1.460934891684418369e-01,-4.490507581804373816e-01,-4.490507581804379367e-01,-1.460934891684413095e-01
-1.376964820437281967e-01,-3.867904175964272939e-01,-3.867904175964276825e-01,-1.376964820437279746e-01
-2.024397640699963641e-01,-3.794867131432936302e-01,-3.794867131432937413e-01,-2.024397640699970025e-01
-3.202847600054663513e-01,-4.197664821862647777e-01,-4.197664821862646112e-01,-3.202847600054674615e-01
-4.371793218688607152e-01,-4.908690340184012624e-01,-4.908690340184003187e-01,-4.371793218688618810e-01
-5.015539190565746486e-01,-5.306847255781986794e-01,-5.306847255781976802e-01,-5.015539190565755368e-01
-4.969820261272691608e-01,-5.008013419666306199e-01,-5.008013419666296207e-01,-4.969820261272696049e-01
-4.518498165095364283e-01,-4.509371731964373353e-01,-4.509371731964360586e-01,-4.518498165095365948e-01
-4.045136926805169009e-01,-4.360681188936830210e-01,-4.360681188936816888e-01,-4.045136926805171784e-01
-3.607135464695244154e-01,-4.936844433126165166e-01,-4.936844433126155174e-01,-3.607135464695246929e-01
-3.008898723639709116e-01,-6.105382614637162586e-01,-6.105382614637157035e-01,-3.008898723639708561e-01
-2.183977882761684586e-01,-7.290183200348134829e-01,-7.290183200348132608e-01,-2.183977882761681810e-01
-1.264540750582412443e-01,-7.732201134796572450e-01,-7.732201134796571340e-01,-1.264540750582407447e-01
-5.163078749107352650e-02,-7.119389759889704905e-01,-7.119389759889700464e-01,-5.163078749107280485e-02
-2.620071505793591937e-02,-5.811545419362237341e-01,-5.811545419362236231e-01,-2.620071505793519773e-02
-5.795201990450937757e-02,-4.402394619157104505e-01,-4.402394619157106170e-01,-5.795201990450860041e-02
-1.306224890016005613e-01,-3.400718773702591236e-01,-3.400718773702590125e-01,-1.306224890015999229e-01
-2.505286875173162175e-01,-2.945322673529329749e-01,-2.945322673529325863e-01,-2.505286875173154959e-01
-4.383336925533291017e-01,-3.463179345859536129e-01,-3.463179345859528913e-01,-4.383336925533287132e-01
-6.466274953149087068e-01,-5.375929964362798907e-01,-5.375929964362791136e-01,-6.466274953149087068e-01
-7.615997575405367703e-01,-7.519002319075613894e-01,-7.519002319075606122e-01,-7.615997575405371034e-01
-7.134051910607919211e-01,-8.279055132545345419e-01,-8.279055132545338758e-01,-7.134051910607925873e-01
-5.135621624392104900e-01,-7.281097153107908282e-01,-7.281097153107901621e-01,-5.135621624392117113e-01
-2.198544272538554556e-01,-5.227047768641978065e-01,-5.227047768641969183e-01,-2.198544272538565381e-01
5.832122892286750737e-02,-3.095827551863872262e-01,-3.095827551863865601e-01,5.832122892286675797e-02
1.913654654699918911e-01,-2.000390458514089698e-01,-2.000390458514083036e-01,1.913654654699913360e-01
1.381049668004588060e-01,-2.404286208974402150e-01,-2.404286208974394656e-01,1.381049668004583897e-01
-3.954178547931908039e-02,-3.657580511369316612e-01,-3.657580511369313836e-01,-3.954178547931930243e-02
-2.748749682835311958e-01,-5.544495473851962508e-01,-5.544495473851963618e-01,-2.748749682835312513e-01
-5.150373721013747907e-01,-7.718972500094272160e-01,-7.718972500094276601e-01,-5.150373721013745687e-01
-6.710903142289084133e-01,-8.978272173494163955e-01,-8.978272173494172836e-01,-6.710903142289081913e-01
-6.647011564321793076e-01,-8.527091120894463305e-01,-8.527091120894471077e-01,-6.647011564321791965e-01
-5.083821045988140552e-01,-6.831728738704579973e-01,-6.831728738704584414e-01,-5.083821045988141663e-01
-2.749780000146244130e-01,-4.645493479578833851e-01,-4.645493479578837182e-01,-2.749780000146246350e-01
-4.256897810542453753e-02,-2.595294630200865038e-01,-2.595294630200865593e-01,-4.256897810542484284e-02
1.045886478977457457e-01,-1.741953965038967045e-01,-1.741953965038960939e-01,1.045886478977453293e-01
1.056059371680470038e-01,-2.242859220171669610e-01,-2.242859220171664059e-01,1.056059371680467818e-01
-2.707580014878951946e-02,-3.274173426977552426e-01,-3.274173426977542434e-01,-2.707580014878968599e-02
-2.324451859059671333e-01,-4.837805740335105464e-01,-4.837805740335092697e-01,-2.324451859059672998e-01
-4.442087331025251218e-01,-6.916955824494028793e-01,-6.916955824494021021e-01,-4.442087331025250663e-01
-5.959923348220623751e-01,-8.454575826099204328e-01,-8.454575826099197666e-01,-5.959923348220623751e-01
-6.397540944236650429e-01,-8.274168041601339674e-01,-8.274168041601338563e-01,-6.397540944236651539e-01
-5.765037430984940592e-01,-6.513192363745625713e-01,-6.513192363745623492e-01,-5.765037430984942812e-01
-4.383694522092657642e-01,-4.416594755893602509e-01,-4.416594755893601398e-01,-4.383694522092658752e-01
-2.689548918321914006e-01,-3.131613138453473999e-01,-3.131613138453472889e-01,-2.689548918321911231e-01
-1.319285133021937950e-01,-2.999824349244074595e-01,-2.999824349244076815e-01,-1.319285133021929901e-01
-7.704636527009739444e-02,-3.462062075327176358e-01,-3.462062075327178023e-01,-7.704636527009681157e-02
-1.005795932252403491e-01,-4.269009686115399216e-01,-4.269009686115401436e-01,-1.005795932252398772e-01
-1.760340234361887912e-01,-5.543280837811284112e-01,-5.543280837811289663e-01,-1.760340234361883749e-01
-2.859837378117567885e-01,-7.208038430560181897e-01,-7.208038430560184118e-01,-2.859837378117562334e-01
-3.872899468942276879e-01,-8.539773428727295279e-01,-8.539773428727294169e-01,-3.872899468942271328e-01
-4.215580043707982671e-01,-8.592358087246694254e-01,-8.592358087246692033e-01,-4.215580043707980451e-01
-3.858750640160248380e-01,-7.335527910221427694e-01,-7.335527910221425474e-01,-3.858750640160250600e-01
-3.227783046511774057e-01,-5.682400515316043954e-01,-5.682400515316042844e-01,-3.227783046511781828e-01
-2.536940225938117965e-01,-4.549077063389114217e-01,-4.549077063389107556e-01,-2.536940225938130178e-01
-1.918933489033999296e-01,-3.910329425363947009e-01,-3.910329425363936462e-01,-1.918933489034010675e-01
-1.772408152608725973e-01,-3.515737098533214811e-01,-3.515737098533200933e-01,-1.772408152608734855e-01
-2.285449379764178945e-01,-3.659838837421334201e-01,-3.659838837421322544e-01,-2.285449379764187827e-01
-3.104232363195493782e-01,-4.182026871792980383e-01,-4.182026871792972611e-01,-3.104232363195504885e-01
-3.917056414982215684e-01,-4.758412998117592663e-01,-4.758412998117586556e-01,-3.917056414982228452e-01
-4.598071912135924810e-01,-5.174834392899217983e-01,-5.174834392899214652e-01,-4.598071912135931472e-01
-4.698793375006440898e-01,-5.020053775614752301e-01,-5.020053775614752301e-01,-4.698793375006444228e-01
-3.911333967084132390e-01,-4.293486373231054087e-01,-4.293486373231054087e-01,-3.911333967084130170e-01
-2.795899600455268863e-01,-3.927016772460556471e-01,-3.927016772460559801e-01,-2.795899600455261647e-01
-2.046197972440224611e-01,-4.678288579930747759e-01,-4.678288579930753865e-01,-2.046197972440215729e-01
-1.542476455956418024e-01,-5.805939836321294401e-01,-5.805939836321304393e-01,-1.542476455956407755e-01
-9.187244332663835333e-02,-6.658719777144395113e-01,-6.658719777144403995e-01,-9.187244332663754842e-02
-3.185482069913897485e-02,-7.182510903875551911e-01,-7.182510903875561903e-01,-3.185482069913805891e-02
-1.171152432853794778e-02,-7.092387514344651311e-01,-7.092387514344656863e-01,-1.171152432853689307e-02
-4.659908906513043902e-02,-6.123692309899992914e-01,-6.123692309899997355e-01,-4.659908906512905125e-02
-1.273094263751030630e-01,-4.541897151648612851e-01,-4.541897151648613407e-01,-1.273094263751021193e-01
-2.337229420282102565e-01,-2.887782085434141832e-01,-2.887782085434139057e-01,-2.337229420282102843e-01
-3.629542591814205466e-01,-1.778707179085780576e-01,-1.778707179085777523e-01,-3.629542591814207686e-01
-5.372606732858410394e-01,-2.319183750419575307e-01,-2.319183750419570034e-01,-5.372606732858413725e-01
-7.358877785162903917e-01,-4.744802305119895647e-01,-4.744802305119889541e-01,-7.358877785162907248e-01
-8.596238980349046876e-01,-7.411091976086643385e-01,-7.411091976086636723e-01,-8.596238980349052428e-01
-8.123772649675163882e-01,-8.776173221229266463e-01,-8.776173221229258692e-01,-8.123772649675172763e-01
-5.824072306613747863e-01,-8.365071634091086894e-01,-8.365071634091076902e-01,-5.824072306613755634e-01
-2.436055161704827610e-01,-6.552475359155367496e-01,-6.552475359155358614e-01,-2.436055161704836491e-01
7.982987714234801579e-02,-4.463094481869850361e-01,-4.463094481869845365e-01,7.982987714234757171e-02
2.675388330057127950e-01,-3.413929438613585443e-01,-3.413929438613583223e-01,2.675388330057125730e-01
2.682390539035609534e-01,-3.771700201841067246e-01,-3.771700201841067246e-01,2.682390539035609534e-01
1.095038921213523642e-01,-4.929814381828440117e-01,-4.929814381828445113e-01,1.095038921213523087e-01
-1.508663892074914026e-01,-6.537869376916012332e-01,-6.537869376916018993e-01,-1.508663892074915691e-01
-4.384322613186526496e-01,-8.164626822243793436e-01,-8.164626822243803428e-01,-4.384322613186525386e-01
-6.519062739810147500e-01,-9.079404264136874403e-01,-9.079404264136883285e-01,-6.519062739810146390e-01
-7.165047855403930965e-01,-8.403886341844634122e-01,-8.403886341844637453e-01,-7.165047855403929855e-01
-6.420905540079104856e-01,-6.016329084604128408e-01,-6.016329084604127297e-01,-6.420905540079099305e-01
-4.811873550724445892e-01,-3.118909506189131431e-01,-3.118909506189126990e-01,-4.811873550724440340e-01
-2.738479317541874791e-01,-1.182896710188681144e-01,-1.182896710188676148e-01,-2.738479317541872571e-01
-8.157411839743172743e-02,-7.013253702325644712e-02,-7.013253702325517036e-02,-8.157411839743242132e-02
5.059756182344221642e-03,-1.134545914245078668e-01,-1.134545914245072562e-01,5.059756182343888575e-03
-4.438371253719713971e-02,-2.276988023445502551e-01,-2.276988023445499776e-01,-4.438371253719730625e-02
-1.674245628865714264e-01,-4.204504019496946299e-01,-4.204504019496947409e-01,-1.674245628865714264e-01
-2.905558110199142896e-01,-6.358464530045733198e-01,-6.358464530045736529e-01,-2.905558110199146782e-01
-3.797029220062358990e-01,-8.063500699112883252e-01,-8.063500699112885473e-01,-3.797029220062361210e-01
-4.096955796210403067e-01,-8.525924631845374080e-01,-8.525924631845379631e-01,-4.096955796210400846e-01
-3.657437446854071572e-01,-7.583419314942393408e-01,-7.583419314942396738e-01,-3.657437446854062690e-01
-2.695210603157892071e-01,-6.175362790253211553e-01,-6.175362790253214884e-01,-2.695210603157879303e-01
-1.565380769922981585e-01,-4.922903973670416100e-01,-4.922903973670416100e-01,-1.565380769922971871e-01
-5.608832431985982803e-02,-3.643491827534380834e-01,-3.643491827534385274e-01,-5.608832431985880107e-02
-1.533778808098529289e-02,-2.583312768634677958e-01,-2.583312768634689616e-01,-1.533778808098446023e-02
-8.870089126861468998e-02,-2.771573891811575097e-01,-2.771573891811583978e-01,-8.870089126861403772e-02
-2.747521584817938511e-01,-4.237010868666511998e-01,-4.237010868666524210e-01,-2.747521584817933515e-01
-5.009081738455229971e-01,-6.257111110534314680e-01,-6.257111110534321341e-01,-5.009081738455225530e-01
-6.695190977443470359e-01,-8.006917848033974217e-01,-8.006917848033974217e-01,-6.695190977443467029e-01
-7.099558477495651054e-01,-8.433784343452584986e-01,-8.433784343452583876e-01,-7.099558477495654385e-01
-6.104627550885638465e-01,-7.277806664171969642e-01,-7.277806664171966311e-01,-6.104627550885642906e-01
-4.260390773402318865e-01,-5.672393952259833227e-01,-5.672393952259825456e-01,-4.260390773402323861e-01
-2.403941348930587196e-01,-4.785897368914870387e-01,-4.785897368914858729e-01,-2.403941348930594968e-01
-1.091357150968981782e-01,-4.530148720366690696e-01,-4.530148720366677373e-01,-1.091357150968993300e-01
-4.951193084325594684e-02,-4.621051256612361824e-01,-4.621051256612342950e-01,-4.951193084325720972e-02
-6.157673616064385236e-02,-5.147188719622655118e-01,-5.147188719622635134e-01,-6.157673616064512911e-02
-1.339932666029760577e-01,-5.817650048183115041e-01,-5.817650048183100608e-01,-1.339932666029775843e-01
-2.480030741040957776e-01,-6.330109197603672744e-01,-6.330109197603662752e-01,-2.480030741040971654e-01
-3.707268191977243221e-01,-6.305231168785374596e-01,-6.305231168785370155e-01,-3.707268191977256544e-01
-4.462747848242655246e-01,-5.509714958642943916e-01,-5.509714958642943916e-01,-4.462747848242666349e-01
-4.375239229149243125e-01,-4.408536236765921434e-01,-4.408536236765922545e-01,-4.375239229149248121e-01
-3.749857257755251916e-01,-3.722851577970726078e-01,-3.722851577970733850e-01,-3.749857257755248030e-01
-3.196482160120561189e-01,-3.812593875637789731e-01,-3.812593875637799723e-01,-3.196482160120549532e-01
-2.814517487306127941e-01,-4.461996238389153158e-01,-4.461996238389166480e-01,-2.814517487306112953e-01
-2.301389152566055696e-01,-5.343720126168189921e-01,-5.343720126168204354e-01,-2.301389152566039042e-01
-1.618717777992983997e-01,-5.850786441727211518e-01,-5.850786441727227061e-01,-1.618717777992969287e-01
-9.849017631504591863e-02,-5.725873024690948387e-01,-5.725873024690957269e-01,-9.849017631504453085e-02
-5.088151261809614745e-02,-5.064260864552759811e-01,-5.064260864552770913e-01,-5.088151261809464865e-02
-3.891983691289341296e-02,-3.975401575043382985e-01,-3.975401575043394642e-01,-3.891983691289230274e-02
-1.021566552607440781e-01,-3.035849140989586026e-01,-3.035849140989592132e-01,-1.021566552607435785e-01
-2.443862291142831489e-01,-2.831114830902256574e-01,-2.831114830902261570e-01,-2.443862291142835375e-01
-4.179645057316325740e-01,-3.509821444950659286e-01,-3.509821444950662062e-01,-4.179645057316333512e-01
-5.790661321317435162e-01,-4.908595297027961157e-01,-4.908595297027960602e-01,-5.790661321317440713e-01
-6.955131611472484821e-01,-6.695653366367093628e-01,-6.695653366367088077e-01,-6.955131611472488151e-01
-7.042130070560821409e-01,-8.038946993661448825e-01,-8.038946993661443274e-01,-7.042130070560829180e-01
-5.565354093514810474e-01,-7.935430697664100919e-01,-7.935430697664095367e-01,-5.565354093514820466e-01
-3.000278415543273791e-01,-6.759942952952198159e-01,-6.759942952952193718e-01,-3.000278415543286559e-01
-3.857691849156297259e-02,-5.433742107410985955e-01,-5.433742107410985955e-01,-3.857691849156404118e-02
1.476672842480106773e-01,-4.320789279122950188e-01,-4.320789279122947413e-01,1.476672842480097614e-01
1.998163244288784224e-01,-3.913750402470924650e-01,-3.913750402470921874e-01,1.998163244288780893e-01
8.492101049740341523e-02,-4.605012503012209102e-01,-4.605012503012209102e-01,8.492101049740344298e-02
-1.574540016920645269e-01,-6.033894053320156825e-01,-6.033894053320157935e-01,-1.574540016920645269e-01
-4.324007296965433067e-01,-7.439204348364044650e-01,-7.439204348364049091e-01,-4.324007296965433622e-01
-6.529019181727258037e-01,-8.452512408820217482e-01,-8.452512408820221923e-01,-6.529019181727254706e-01
-7.563539074288599950e-01,-8.354607515735037460e-01,-8.354607515735040790e-01,-7.563539074288598840e-01
-7.147480853990690886e-01,-6.707962166898977507e-01,-6.707962166898975287e-01,-7.147480853990687555e-01
-5.584965942038619957e-01,-4.331622176684882808e-01,-4.331622176684878367e-01,-5.584965942038616626e-01
-3.537152275799095857e-01,-2.321344291426564177e-01,-2.321344291426554740e-01,-3.537152275799095857e-01
-1.650076124682781087e-01,-1.225067555181631462e-01,-1.225067555181615642e-01,-1.650076124682788303e-01
-4.947531064769733478e-02,-1.284308268793148966e-01,-1.284308268793136754e-01,-4.947531064769788989e-02
-3.973625269270453231e-02,-2.571979586050870403e-01,-2.571979586050854305e-01,-3.973625269270497640e-02
-1.133755536433384004e-01,-4.402490896776611318e-01,-4.402490896776594664e-01,-1.133755536433388444e-01
-2.156422499778292701e-01,-6.116131380037168608e-01,-6.116131380037155285e-01,-2.156422499778297697e-01
-3.026468704282294642e-01,-7.793648413123195340e-01,-7.793648413123183127e-01,-3.026468704282302413e-01
-3.358456782459133261e-01,-8.938216248859605084e-01,-8.938216248859599533e-01,-3.358456782459138812e-01
-2.915777554915403580e-01,-8.750124141288977420e-01,-8.750124141288974089e-01,-2.915777554915406355e-01
-1.971660205907245222e-01,-7.195510010590475680e-01,-7.195510010590472350e-01,-1.971660205907243002e-01
-1.040388787282157113e-01,-5.020080896115745039e-01,-5.020080896115739488e-01,-1.040388787282151561e-01
-3.526985831516227243e-02,-3.082185755964282348e-01,-3.082185755964280682e-01,-3.526985831516116221e-02
-1.652916598526155134e-02,-1.722114624369942004e-01,-1.722114624369945890e-01,-1.652916598526035785e-02
-1.096899402289203684e-01,-1.237875502111912551e-01,-1.237875502111919213e-01,-1.096899402289192027e-01
-3.319305413919244052e-01,-1.968069423246590621e-01,-1.968069423246603389e-01,-3.319305413919233505e-01
-5.931781513881578816e-01,-4.089558061059989091e-01,-4.089558061060002414e-01,-5.931781513881571044e-01
-7.778760029841599311e-01,-6.670876527350566576e-01,-6.670876527350578789e-01,-7.778760029841592649e-01
-8.259759376182576052e-01,-8.223847720505311765e-01,-8.223847720505317316e-01,-8.259759376182570501e-01
-7.100196618095697687e-01,-8.062895140510686343e-01,-8.062895140510686343e-01,-7.100196618095697687e-01
-4.484383123961310225e-01,-6.555531803924850021e-01,-6.555531803924844469e-01,-4.484383123961314110e-01
-1.478457951903354162e-01,-5.013277737998527162e-01,-5.013277737998516059e-01,-1.478457951903362488e-01
7.199149977841678982e-02,-4.505681561942782021e-01,-4.505681561942769253e-01,7.199149977841548531e-02
1.739360239904438332e-01,-4.931391576694025281e-01,-4.931391576694007517e-01,1.739360239904420291e-01
1.679450477038960665e-01,-5.691350405187947104e-01,-5.691350405187923789e-01,1.679450477038939016e-01
5.554547819569172207e-02,-6.641653962443617720e-01,-6.641653962443594406e-01,5.554547819568977918e-02
-1.394585755898732349e-01,-7.598604380660496371e-01,-7.598604380660476387e-01,-1.394585755898750390e-01
-3.536933896200766259e-01,-7.644325627911638943e-01,-7.644325627911627841e-01,-3.536933896200784022e-01
-5.277152743928199552e-01,-6.530528461553177788e-01,-6.530528461553168906e-01,-5.277152743928213985e-01
-6.216807144446526712e-01,-4.784527324568738638e-01,-4.784527324568733087e-01,-6.216807144446532263e-01
-6.209930531762357653e-01,-2.892496479228356399e-01,-2.892496479228354733e-01,-6.209930531762357653e-01
-5.671294283404102465e-01,-1.988293813463911652e-01,-1.988293813463912207e-01,-5.671294283404093584e-01
-5.177279510947062624e-01,-2.923283505483946776e-01,-2.923283505483950107e-01,-5.177279510947050412e-01
-4.660228134392874200e-01,-4.758137014591664604e-01,-4.758137014591673486e-01,-4.660228134392857546e-01
-3.581851969993771201e-01,-5.855868856388408705e-01,-5.855868856388423138e-01,-3.581851969993755658e-01
-1.830662094128580608e-01,-6.112565637506183203e-01,-6.112565637506199856e-01,-1.830662094128564510e-01
5.563509477179651164e-03,-5.845946498764640342e-01,-5.845946498764662547e-01,5.563509477181483032e-03
1.275834948546382686e-01,-5.072030322811366121e-01,-5.072030322811386105e-01,1.275834948546402392e-01
1.226734319226093772e-01,-4.419133988060124918e-01,-4.419133988060136575e-01,1.226734319226110703e-01
-2.924687784086499320e-03,-4.410297080330991548e-01,-4.410297080330998765e-01,-2.924687784085569509e-03
-1.854455007189671489e-01,-4.959678022870631087e-01,-4.959678022870631642e-01,-1.854455007189668714e-01
-3.738603415498434890e-01,-5.814901264806037195e-01,-5.814901264806033865e-01,-3.738603415498439886e-01
-5.390764434698568364e-01,-6.762228006417303483e-01,-6.762228006417294601e-01,-5.390764434698578356e-01
-6.213415970524455156e-01,-7.193389540165768814e-01,-7.193389540165755491e-01,-6.213415970524469589e-01
-5.707513228520586512e-01,-6.590638866728838474e-01,-6.590638866728820711e-01,-5.707513228520600945e-01
-4.263178228421500848e-01,-5.381189315143775076e-01,-5.381189315143755092e-01,-4.263178228421520277e-01
-2.647025291401673974e-01,-4.034306009746334021e-01,-4.034306009746319033e-01,-2.647025291401692848e-01
-1.204592269733019139e-01,-2.966888802898754451e-01,-2.966888802898736133e-01,-1.204592269733037319e-01
-2.632292093661137145e-02,-2.667648048778937797e-01,-2.667648048778920034e-01,-2.632292093661295351e-02
-4.034431909470959088e-02,-3.135375063449360455e-01,-3.135375063449353794e-01,-4.034431909471025701e-02
-1.710647656935778138e-01,-4.269877797707549161e-01,-4.269877797707545275e-01,-1.710647656935779248e-01
