-1.000000000000000000e+00,-1.000000000000000000e+00,-1.000000000000000000e+00,-1.000000000000000000e+00,-1.000000000000000000e+00,-1.000000000000000000e+00,-1.000000000000000000e+00,-1.000000000000000000e+00,-1.000000000000000000e+00,-1.000000000000000000e+00,-1.000000000000000000e+00,-1.000000000000000000e+00,-1.000000000000000000e+00,-1.000000000000000000e+00,-1.000000000000000000e+00,-1.000000000000000000e+00,-1.000000000000000000e+00,-1.000000000000000000e+00,-1.000000000000000000e+00,-1.000000000000000000e+00
-9.998268869761064437e-01,-9.998268869761065547e-01,-9.998268869761063327e-01,-9.998268869761065547e-01,-9.998268869761064437e-01,-9.998268869761066657e-01,-9.998268869761064437e-01,-9.998268869761064437e-01,-9.998268869761064437e-01,-9.998268869761063327e-01,-9.998268869761063327e-01,-9.998268869761064437e-01,-9.998268869761064437e-01,-9.998268869761064437e-01,-9.998268869761065547e-01,-9.998268869761063327e-01,-9.998268869761066657e-01,-9.998268869761066657e-01,-9.998268869761065547e-01,-9.998268869761066657e-01
-9.983103090847859074e-01,-9.983103090847860184e-01,-9.983103090847857963e-01,-9.983103090847859074e-01,-9.983103090847857963e-01,-9.983103090847859074e-01,-9.983103090847860184e-01,-9.983103090847860184e-01,-9.983103090847860184e-01,-9.983103090847859074e-01,-9.983103090847859074e-01,-9.983103090847859074e-01,-9.983103090847859074e-01,-9.983103090847860184e-01,-9.983103090847860184e-01,-9.983103090847859074e-01,-9.983103090847857963e-01,-9.983103090847861294e-01,-9.983103090847859074e-01,-9.983103090847857963e-01
-9.959333262725976743e-01,-9.959333262725976743e-01,-9.959333262725975633e-01,-9.959333262725975633e-01,-9.959333262725975633e-01,-9.959333262725976743e-01,-9.959333262725977853e-01,-9.959333262725976743e-01,-9.959333262725977853e-01,-9.959333262725977853e-01,-9.959333262725976743e-01,-9.959333262725976743e-01,-9.959333262725975633e-01,-9.959333262725977853e-01,-9.959333262725976743e-01,-9.959333262725976743e-01,-9.959333262725976743e-01,-9.959333262725976743e-01,-9.959333262725975633e-01,-9.959333262725976743e-01
-9.949641539455807981e-01,-9.949641539455811312e-01,-9.949641539455807981e-01,-9.949641539455807981e-01,-9.949641539455809092e-01,-9.949641539455810202e-01,-9.949641539455809092e-01,-9.949641539455807981e-01,-9.949641539455809092e-01,-9.949641539455809092e-01,-9.949641539455807981e-01,-9.949641539455807981e-01,-9.949641539455810202e-01,-9.949641539455809092e-01,-9.949641539455807981e-01,-9.949641539455809092e-01,-9.949641539455810202e-01,-9.949641539455811312e-01,-9.949641539455810202e-01,-9.949641539455809092e-01
-9.932174816791584648e-01,-9.932174816791583538e-01,-9.932174816791583538e-01,-9.932174816791583538e-01,-9.932174816791583538e-01,-9.932174816791585759e-01,-9.932174816791584648e-01,-9.932174816791584648e-01,-9.932174816791584648e-01,-9.932174816791583538e-01,-9.932174816791583538e-01,-9.932174816791583538e-01,-9.932174816791583538e-01,-9.932174816791583538e-01,-9.932174816791584648e-01,-9.932174816791584648e-01,-9.932174816791582428e-01,-9.932174816791583538e-01,-9.932174816791583538e-01,-9.932174816791583538e-01
-9.875568824661100642e-01,-9.875568824661100642e-01,-9.875568824661100642e-01,-9.875568824661100642e-01,-9.875568824661099532e-01,-9.875568824661099532e-01,-9.875568824661100642e-01,-9.875568824661100642e-01,-9.875568824661100642e-01,-9.875568824661100642e-01,-9.875568824661100642e-01,-9.875568824661100642e-01,-9.875568824661100642e-01,-9.875568824661099532e-01,-9.875568824661101752e-01,-9.875568824661100642e-01,-9.875568824661100642e-01,-9.875568824661098422e-01,-9.875568824661098422e-01,-9.875568824661099532e-01
-9.823777453665398784e-01,-9.823777453665398784e-01,-9.823777453665399895e-01,-9.823777453665397674e-01,-9.823777453665399895e-01,-9.823777453665398784e-01,-9.823777453665401005e-01,-9.823777453665399895e-01,-9.823777453665401005e-01,-9.823777453665398784e-01,-9.823777453665398784e-01,-9.823777453665397674e-01,-9.823777453665399895e-01,-9.823777453665398784e-01,-9.823777453665398784e-01,-9.823777453665399895e-01,-9.823777453665397674e-01,-9.823777453665398784e-01,-9.823777453665398784e-01,-9.823777453665397674e-01
-9.812040375111308332e-01,-9.812040375111310553e-01,-9.812040375111312773e-01,-9.812040375111307222e-01,-9.812040375111312773e-01,-9.812040375111310553e-01,-9.812040375111311663e-01,-9.812040375111310553e-01,-9.812040375111311663e-01,-9.812040375111309443e-01,-9.812040375111308332e-01,-9.812040375111308332e-01,-9.812040375111308332e-01,-9.812040375111308332e-01,-9.812040375111309443e-01,-9.812040375111309443e-01,-9.812040375111307222e-01,-9.812040375111309443e-01,-9.812040375111309443e-01,-9.812040375111307222e-01
-9.770974671270165057e-01,-9.770974671270166168e-01,-9.770974671270165057e-01,-9.770974671270166168e-01,-9.770974671270166168e-01,-9.770974671270166168e-01,-9.770974671270165057e-01,-9.770974671270165057e-01,-9.770974671270166168e-01,-9.770974671270165057e-01,-9.770974671270165057e-01,-9.770974671270165057e-01,-9.770974671270163947e-01,-9.770974671270163947e-01,-9.770974671270163947e-01,-9.770974671270166168e-01,-9.770974671270165057e-01,-9.770974671270165057e-01,-9.770974671270167278e-01,-9.770974671270166168e-01
-9.675009695874090543e-01,-9.675009695874091653e-01,-9.675009695874092763e-01,-9.675009695874088322e-01,-9.675009695874093874e-01,-9.675009695874092763e-01,-9.675009695874092763e-01,-9.675009695874091653e-01,-9.675009695874093874e-01,-9.675009695874091653e-01,-9.675009695874090543e-01,-9.675009695874091653e-01,-9.675009695874091653e-01,-9.675009695874092763e-01,-9.675009695874090543e-01,-9.675009695874092763e-01,-9.675009695874089433e-01,-9.675009695874091653e-01,-9.675009695874091653e-01,-9.675009695874089433e-01
-9.623702862009672065e-01,-9.623702862009672065e-01,-9.623702862009678727e-01,-9.623702862009670955e-01,-9.623702862009675396e-01,-9.623702862009676506e-01,-9.623702862009678727e-01,-9.623702862009675396e-01,-9.623702862009678727e-01,-9.623702862009674286e-01,-9.623702862009672065e-01,-9.623702862009670955e-01,-9.623702862009670955e-01,-9.623702862009672065e-01,-9.623702862009673176e-01,-9.623702862009673176e-01,-9.623702862009668735e-01,-9.623702862009670955e-01,-9.623702862009670955e-01,-9.623702862009668735e-01
-9.509935889182851154e-01,-9.509935889182853375e-01,-9.509935889182853375e-01,-9.509935889182845603e-01,-9.509935889182850044e-01,-9.509935889182846713e-01,-9.509935889182850044e-01,-9.509935889182847824e-01,-9.509935889182850044e-01,-9.509935889182847824e-01,-9.509935889182844493e-01,-9.509935889182843383e-01,-9.509935889182842272e-01,-9.509935889182844493e-01,-9.509935889182846713e-01,-9.509935889182847824e-01,-9.509935889182842272e-01,-9.509935889182844493e-01,-9.509935889182846713e-01,-9.509935889182843383e-01
-9.267392764023003604e-01,-9.267392764023001384e-01,-9.267392764022993612e-01,-9.267392764023003604e-01,-9.267392764022994722e-01,-9.267392764022995832e-01,-9.267392764022995832e-01,-9.267392764022992502e-01,-9.267392764022990281e-01,-9.267392764022991392e-01,-9.267392764022991392e-01,-9.267392764022988061e-01,-9.267392764022989171e-01,-9.267392764022994722e-01,-9.267392764022994722e-01,-9.267392764022993612e-01,-9.267392764022994722e-01,-9.267392764022995832e-01,-9.267392764022993612e-01,-9.267392764022992502e-01
-9.078341270102349148e-01,-9.078341270102349148e-01,-9.078341270102344707e-01,-9.078341270102366911e-01,-9.078341270102354699e-01,-9.078341270102354699e-01,-9.078341270102346927e-01,-9.078341270102346927e-01,-9.078341270102334715e-01,-9.078341270102340266e-01,-9.078341270102340266e-01,-9.078341270102340266e-01,-9.078341270102350258e-01,-9.078341270102350258e-01,-9.078341270102350258e-01,-9.078341270102349148e-01,-9.078341270102345817e-01,-9.078341270102345817e-01,-9.078341270102344707e-01,-9.078341270102343596e-01
-8.984387917602750795e-01,-8.984387917602757456e-01,-8.984387917602775220e-01,-8.984387917602782991e-01,-8.984387917602782991e-01,-8.984387917602776330e-01,-8.984387917602757456e-01,-8.984387917602766338e-01,-8.984387917602748574e-01,-8.984387917602751905e-01,-8.984387917602751905e-01,-8.984387917602751905e-01,-8.984387917602766338e-01,-8.984387917602764118e-01,-8.984387917602765228e-01,-8.984387917602763007e-01,-8.984387917602756346e-01,-8.984387917602760787e-01,-8.984387917602764118e-01,-8.984387917602754126e-01
-8.869691300706517012e-01,-8.869691300706531445e-01,-8.869691300706555870e-01,-8.869691300706546988e-01,-8.869691300706561421e-01,-8.869691300706550319e-01,-8.869691300706529224e-01,-8.869691300706535886e-01,-8.869691300706530335e-01,-8.869691300706523673e-01,-8.869691300706523673e-01,-8.869691300706524784e-01,-8.869691300706532555e-01,-8.869691300706529224e-01,-8.869691300706533665e-01,-8.869691300706534776e-01,-8.869691300706523673e-01,-8.869691300706533665e-01,-8.869691300706535886e-01,-8.869691300706523673e-01
-8.645091527232446893e-01,-8.645091527232459105e-01,-8.645091527232474649e-01,-8.645091527232463546e-01,-8.645091527232470208e-01,-8.645091527232455775e-01,-8.645091527232445783e-01,-8.645091527232441342e-01,-8.645091527232457995e-01,-8.645091527232445783e-01,-8.645091527232444673e-01,-8.645091527232446893e-01,-8.645091527232448003e-01,-8.645091527232444673e-01,-8.645091527232448003e-01,-8.645091527232449113e-01,-8.645091527232441342e-01,-8.645091527232453554e-01,-8.645091527232453554e-01,-8.645091527232444673e-01
-8.341463562284205935e-01,-8.341463562284214817e-01,-8.341463562284214817e-01,-8.341463562284221478e-01,-8.341463562284201494e-01,-8.341463562284182620e-01,-8.341463562284190392e-01,-8.341463562284169297e-01,-8.341463562284203714e-01,-8.341463562284198163e-01,-8.341463562284193722e-01,-8.341463562284203714e-01,-8.341463562284194833e-01,-8.341463562284193722e-01,-8.341463562284193722e-01,-8.341463562284194833e-01,-8.341463562284193722e-01,-8.341463562284203714e-01,-8.341463562284198163e-01,-8.341463562284192612e-01
-8.049223972707224561e-01,-8.049223972707234553e-01,-8.049223972707222341e-01,-8.049223972707266750e-01,-8.049223972707207908e-01,-8.049223972707187924e-01,-8.049223972707213459e-01,-8.049223972707179042e-01,-8.049223972707211239e-01,-8.049223972707217900e-01,-8.049223972707213459e-01,-8.049223972707227892e-01,-8.049223972707214569e-01,-8.049223972707220121e-01,-8.049223972707216790e-01,-8.049223972707209018e-01,-8.049223972707213459e-01,-8.049223972707217900e-01,-8.049223972707210129e-01,-8.049223972707209018e-01
-7.835236939734684380e-01,-7.835236939734709916e-01,-7.835236939734684380e-01,-7.835236939734764317e-01,-7.835236939734675499e-01,-7.835236939734658845e-01,-7.835236939734698813e-01,-7.835236939734656625e-01,-7.835236939734671058e-01,-7.835236939734686601e-01,-7.835236939734682160e-01,-7.835236939734697703e-01,-7.835236939734686601e-01,-7.835236939734699924e-01,-7.835236939734692152e-01,-7.835236939734677719e-01,-7.835236939734686601e-01,-7.835236939734684380e-01,-7.835236939734677719e-01,-7.835236939734671058e-01
-7.713548943077384035e-01,-7.713548943077419562e-01,-7.713548943077394027e-01,-7.713548943077485065e-01,-7.713548943077386255e-01,-7.713548943077379594e-01,-7.713548943077419562e-01,-7.713548943077386255e-01,-7.713548943077379594e-01,-7.713548943077395137e-01,-7.713548943077395137e-01,-7.713548943077404019e-01,-7.713548943077395137e-01,-7.713548943077416231e-01,-7.713548943077406239e-01,-7.713548943077386255e-01,-7.713548943077395137e-01,-7.713548943077391806e-01,-7.713548943077391806e-01,-7.713548943077377373e-01
-7.616399388069222676e-01,-7.616399388069255982e-01,-7.616399388069242660e-01,-7.616399388069310383e-01,-7.616399388069228227e-01,-7.616399388069231557e-01,-7.616399388069257093e-01,-7.616399388069244880e-01,-7.616399388069221565e-01,-7.616399388069238219e-01,-7.616399388069234888e-01,-7.616399388069237109e-01,-7.616399388069232668e-01,-7.616399388069259313e-01,-7.616399388069245990e-01,-7.616399388069221565e-01,-7.616399388069232668e-01,-7.616399388069232668e-01,-7.616399388069237109e-01,-7.616399388069214904e-01
-7.453339808809168465e-01,-7.453339808809182898e-01,-7.453339808809196221e-01,-7.453339808809211764e-01,-7.453339808809158473e-01,-7.453339808809169575e-01,-7.453339808809177347e-01,-7.453339808809189559e-01,-7.453339808809165135e-01,-7.453339808809184008e-01,-7.453339808809174016e-01,-7.453339808809164024e-01,-7.453339808809162914e-01,-7.453339808809189559e-01,-7.453339808809178457e-01,-7.453339808809151812e-01,-7.453339808809166245e-01,-7.453339808809171796e-01,-7.453339808809177347e-01,-7.453339808809151812e-01
-7.219310201323363430e-01,-7.219310201323358989e-01,-7.219310201323403398e-01,-7.219310201323363430e-01,-7.219310201323330123e-01,-7.219310201323346776e-01,-7.219310201323337894e-01,-7.219310201323375642e-01,-7.219310201323353438e-01,-7.219310201323381193e-01,-7.219310201323361209e-01,-7.219310201323347886e-01,-7.219310201323351217e-01,-7.219310201323372311e-01,-7.219310201323358989e-01,-7.219310201323334564e-01,-7.219310201323351217e-01,-7.219310201323363430e-01,-7.219310201323363430e-01,-7.219310201323340115e-01
-6.950084744841394935e-01,-6.950084744841386053e-01,-6.950084744841453777e-01,-6.950084744841376061e-01,-6.950084744841364959e-01,-6.950084744841379392e-01,-6.950084744841358297e-01,-6.950084744841411588e-01,-6.950084744841391604e-01,-6.950084744841429352e-01,-6.950084744841402706e-01,-6.950084744841389384e-01,-6.950084744841394935e-01,-6.950084744841402706e-01,-6.950084744841396045e-01,-6.950084744841376061e-01,-6.950084744841394935e-01,-6.950084744841403817e-01,-6.950084744841396045e-01,-6.950084744841381612e-01
-6.676237056468712350e-01,-6.676237056468714570e-01,-6.676237056468781184e-01,-6.676237056468704578e-01,-6.676237056468712350e-01,-6.676237056468719011e-01,-6.676237056468692366e-01,-6.676237056468751208e-01,-6.676237056468725672e-01,-6.676237056468768971e-01,-6.676237056468745656e-01,-6.676237056468736775e-01,-6.676237056468745656e-01,-6.676237056468735664e-01,-6.676237056468736775e-01,-6.676237056468726783e-01,-6.676237056468742326e-01,-6.676237056468745656e-01,-6.676237056468727893e-01,-6.676237056468725672e-01
-6.484244382168447007e-01,-6.484244382168461440e-01,-6.484244382168511400e-01,-6.484244382168461440e-01,-6.484244382168489196e-01,-6.484244382168480314e-01,-6.484244382168453669e-01,-6.484244382168511400e-01,-6.484244382168480314e-01,-6.484244382168516951e-01,-6.484244382168501408e-01,-6.484244382168503629e-01,-6.484244382168513621e-01,-6.484244382168488086e-01,-6.484244382168493637e-01,-6.484244382168499188e-01,-6.484244382168502518e-01,-6.484244382168500298e-01,-6.484244382168473653e-01,-6.484244382168490306e-01
-6.380191389942428959e-01,-6.380191389942455604e-01,-6.380191389942477809e-01,-6.380191389942468927e-01,-6.380191389942513336e-01,-6.380191389942484470e-01,-6.380191389942467817e-01,-6.380191389942511115e-01,-6.380191389942475588e-01,-6.380191389942504454e-01,-6.380191389942491131e-01,-6.380191389942503344e-01,-6.380191389942512226e-01,-6.380191389942476698e-01,-6.380191389942484470e-01,-6.380191389942506675e-01,-6.380191389942497793e-01,-6.380191389942491131e-01,-6.380191389942457825e-01,-6.380191389942495572e-01
-6.308670182184182851e-01,-6.308670182184212827e-01,-6.308670182184198394e-01,-6.308670182184241693e-01,-6.308670182184281661e-01,-6.308670182184233921e-01,-6.308670182184238362e-01,-6.308670182184266118e-01,-6.308670182184231701e-01,-6.308670182184250574e-01,-6.308670182184237252e-01,-6.308670182184255015e-01,-6.308670182184261677e-01,-6.308670182184225039e-01,-6.308670182184223929e-01,-6.308670182184261677e-01,-6.308670182184237252e-01,-6.308670182184237252e-01,-6.308670182184197284e-01,-6.308670182184257236e-01
-6.262265344569802883e-01,-6.262265344569826198e-01,-6.262265344569777348e-01,-6.262265344569872827e-01,-6.262265344569886150e-01,-6.262265344569827308e-01,-6.262265344569859504e-01,-6.262265344569871717e-01,-6.262265344569842851e-01,-6.262265344569851733e-01,-6.262265344569839520e-01,-6.262265344569857284e-01,-6.262265344569858394e-01,-6.262265344569830638e-01,-6.262265344569815095e-01,-6.262265344569863945e-01,-6.262265344569827308e-01,-6.262265344569843961e-01,-6.262265344569795111e-01,-6.262265344569870607e-01
-6.157023941741563977e-01,-6.157023941741581741e-01,-6.157023941741509576e-01,-6.157023941741640582e-01,-6.157023941741617268e-01,-6.157023941741557316e-01,-6.157023941741620598e-01,-6.157023941741613937e-01,-6.157023941741593953e-01,-6.157023941741599504e-01,-6.157023941741585071e-01,-6.157023941741600614e-01,-6.157023941741590622e-01,-6.157023941741582851e-01,-6.157023941741552875e-01,-6.157023941741603945e-01,-6.157023941741561757e-01,-6.157023941741595063e-01,-6.157023941741538442e-01,-6.157023941741619488e-01
-5.991004239345021354e-01,-5.991004239345021354e-01,-5.991004239344943638e-01,-5.991004239345092408e-01,-5.991004239345016913e-01,-5.991004239344965843e-01,-5.991004239345052440e-01,-5.991004239345036897e-01,-5.991004239345034676e-01,-5.991004239345031346e-01,-5.991004239345020244e-01,-5.991004239345028015e-01,-5.991004239345011362e-01,-5.991004239345025795e-01,-5.991004239344981386e-01,-5.991004239345032456e-01,-5.991004239344981386e-01,-5.991004239345038007e-01,-5.991004239344972504e-01,-5.991004239345047999e-01
-5.807144782406962191e-01,-5.807144782406956640e-01,-5.807144782406883365e-01,-5.807144782407036576e-01,-5.807144782406910011e-01,-5.807144782406875594e-01,-5.807144782406976624e-01,-5.807144782406947758e-01,-5.807144782406967742e-01,-5.807144782406956640e-01,-5.807144782406945538e-01,-5.807144782406949979e-01,-5.807144782406921113e-01,-5.807144782406956640e-01,-5.807144782406915562e-01,-5.807144782406959971e-01,-5.807144782406903349e-01,-5.807144782406972183e-01,-5.807144782406902239e-01,-5.807144782406958861e-01
-5.598092466124041655e-01,-5.598092466124034994e-01,-5.598092466123975042e-01,-5.598092466124122701e-01,-5.598092466123960609e-01,-5.598092466123955058e-01,-5.598092466124048316e-01,-5.598092466124007238e-01,-5.598092466124050537e-01,-5.598092466124031663e-01,-5.598092466124021671e-01,-5.598092466124025002e-01,-5.598092466123983924e-01,-5.598092466124033884e-01,-5.598092466124002797e-01,-5.598092466124039435e-01,-5.598092466123980593e-01,-5.598092466124051647e-01,-5.598092466123982813e-01,-5.598092466124013900e-01
-5.456080140108707788e-01,-5.456080140108681142e-01,-5.456080140108647836e-01,-5.456080140108776622e-01,-5.456080140108604537e-01,-5.456080140108637844e-01,-5.456080140108703347e-01,-5.456080140108655607e-01,-5.456080140108712229e-01,-5.456080140108687804e-01,-5.456080140108683363e-01,-5.456080140108690024e-01,-5.456080140108641174e-01,-5.456080140108692245e-01,-5.456080140108674481e-01,-5.456080140108704457e-01,-5.456080140108642285e-01,-5.456080140108712229e-01,-5.456080140108650056e-01,-5.456080140108653387e-01
-5.353890366438371906e-01,-5.353890366438327497e-01,-5.353890366438321946e-01,-5.353890366438420756e-01,-5.353890366438267545e-01,-5.353890366438339710e-01,-5.353890366438366355e-01,-5.353890366438315285e-01,-5.353890366438370796e-01,-5.353890366438347481e-01,-5.353890366438344151e-01,-5.353890366438359694e-01,-5.353890366438300852e-01,-5.353890366438343040e-01,-5.353890366438343040e-01,-5.353890366438366355e-01,-5.353890366438311954e-01,-5.353890366438365245e-01,-5.353890366438318615e-01,-5.353890366438296411e-01
-5.295994117598443740e-01,-5.295994117598374906e-01,-5.295994117598393780e-01,-5.295994117598463724e-01,-5.295994117598338269e-01,-5.295994117598445960e-01,-5.295994117598421536e-01,-5.295994117598394890e-01,-5.295994117598439299e-01,-5.295994117598412654e-01,-5.295994117598410433e-01,-5.295994117598434858e-01,-5.295994117598382678e-01,-5.295994117598403772e-01,-5.295994117598411544e-01,-5.295994117598431528e-01,-5.295994117598384898e-01,-5.295994117598420425e-01,-5.295994117598398221e-01,-5.295994117598354922e-01
-5.271096125591171466e-01,-5.271096125591092640e-01,-5.271096125591129278e-01,-5.271096125591169246e-01,-5.271096125591089310e-01,-5.271096125591216985e-01,-5.271096125591143711e-01,-5.271096125591145931e-01,-5.271096125591168136e-01,-5.271096125591149262e-01,-5.271096125591141490e-01,-5.271096125591172576e-01,-5.271096125591125947e-01,-5.271096125591125947e-01,-5.271096125591141490e-01,-5.271096125591159254e-01,-5.271096125591128168e-01,-5.271096125591137049e-01,-5.271096125591143711e-01,-5.271096125591084869e-01
-5.206780236616714852e-01,-5.206780236616617152e-01,-5.206780236616675994e-01,-5.206780236616689317e-01,-5.206780236616648239e-01,-5.206780236616779245e-01,-5.206780236616663782e-01,-5.206780236616708191e-01,-5.206780236616700419e-01,-5.206780236616692648e-01,-5.206780236616675994e-01,-5.206780236616710411e-01,-5.206780236616678215e-01,-5.206780236616657120e-01,-5.206780236616675994e-01,-5.206780236616690427e-01,-5.206780236616675994e-01,-5.206780236616657120e-01,-5.206780236616694868e-01,-5.206780236616629365e-01
-5.146676591277450363e-01,-5.146676591277328239e-01,-5.146676591277414836e-01,-5.146676591277403734e-01,-5.146676591277392632e-01,-5.146676591277508095e-01,-5.146676591277369317e-01,-5.146676591277467017e-01,-5.146676591277417057e-01,-5.146676591277428159e-01,-5.146676591277399293e-01,-5.146676591277430379e-01,-5.146676591277414836e-01,-5.146676591277381529e-01,-5.146676591277401513e-01,-5.146676591277410395e-01,-5.146676591277411505e-01,-5.146676591277368207e-01,-5.146676591277432600e-01,-5.146676591277363766e-01
-5.032928008446485579e-01,-5.032928008446344581e-01,-5.032928008446460044e-01,-5.032928008446420076e-01,-5.032928008446434509e-01,-5.032928008446518886e-01,-5.032928008446378998e-01,-5.032928008446524437e-01,-5.032928008446424517e-01,-5.032928008446465595e-01,-5.032928008446422297e-01,-5.032928008446444501e-01,-5.032928008446442281e-01,-5.032928008446411194e-01,-5.032928008446431178e-01,-5.032928008446428958e-01,-5.032928008446448942e-01,-5.032928008446380108e-01,-5.032928008446463375e-01,-5.032928008446395651e-01
-4.927598248220971255e-01,-4.927598248220802502e-01,-4.927598248220946275e-01,-4.927598248220880217e-01,-4.927598248220906307e-01,-4.927598248220951271e-01,-4.927598248220830812e-01,-4.927598248221020660e-01,-4.927598248220868560e-01,-4.927598248220940724e-01,-4.927598248220889099e-01,-4.927598248220896870e-01,-4.927598248220913524e-01,-4.927598248220887989e-01,-4.927598248220902422e-01,-4.927598248220889099e-01,-4.927598248220921295e-01,-4.927598248220841359e-01,-4.927598248220933508e-01,-4.927598248220864674e-01
-4.824607471638957534e-01,-4.824607471638786560e-01,-4.824607471638940326e-01,-4.824607471638848732e-01,-4.824607471638893141e-01,-4.824607471638893141e-01,-4.824607471638814316e-01,-4.824607471639017486e-01,-4.824607471638818756e-01,-4.824607471638934220e-01,-4.824607471638870382e-01,-4.824607471638865941e-01,-4.824607471638885370e-01,-4.824607471638876488e-01,-4.824607471638892586e-01,-4.824607471638862055e-01,-4.824607471638911460e-01,-4.824607471638819312e-01,-4.824607471638909795e-01,-4.824607471638836520e-01
-4.731044647170922213e-01,-4.731044647170750128e-01,-4.731044647170908335e-01,-4.731044647170803419e-01,-4.731044647170852824e-01,-4.731044647170815631e-01,-4.731044647170780104e-01,-4.731044647170985495e-01,-4.731044647170753459e-01,-4.731044647170901674e-01,-4.731044647170830619e-01,-4.731044647170818962e-01,-4.731044647170842277e-01,-4.731044647170846162e-01,-4.731044647170858930e-01,-4.731044647170814521e-01,-4.731044647170872253e-01,-4.731044647170785655e-01,-4.731044647170867812e-01,-4.731044647170785655e-01
-4.677778842257764302e-01,-4.677778842257601655e-01,-4.677778842257752090e-01,-4.677778842257645509e-01,-4.677778842257705461e-01,-4.677778842257641068e-01,-4.677778842257647729e-01,-4.677778842257820924e-01,-4.677778842257576120e-01,-4.677778842257757086e-01,-4.677778842257674929e-01,-4.677778842257662717e-01,-4.677778842257673264e-01,-4.677778842257693248e-01,-4.677778842257711012e-01,-4.677778842257651615e-01,-4.677778842257718228e-01,-4.677778842257637182e-01,-4.677778842257708236e-01,-4.677778842257613312e-01
-4.605483007073679635e-01,-4.605483007073523094e-01,-4.605483007073657431e-01,-4.605483007073562507e-01,-4.605483007073629675e-01,-4.605483007073553070e-01,-4.605483007073584156e-01,-4.605483007073715163e-01,-4.605483007073486457e-01,-4.605483007073677970e-01,-4.605483007073582491e-01,-4.605483007073581381e-01,-4.605483007073576385e-01,-4.605483007073604140e-01,-4.605483007073625235e-01,-4.605483007073559176e-01,-4.605483007073625235e-01,-4.605483007073559731e-01,-4.605483007073619683e-01,-4.605483007073513102e-01
-4.568314807429361135e-01,-4.568314807429220692e-01,-4.568314807429329494e-01,-4.568314807429252333e-01,-4.568314807429330049e-01,-4.568314807429249558e-01,-4.568314807429297297e-01,-4.568314807429372792e-01,-4.568314807429181279e-01,-4.568314807429368907e-01,-4.568314807429260660e-01,-4.568314807429281199e-01,-4.568314807429254554e-01,-4.568314807429286195e-01,-4.568314807429310620e-01,-4.568314807429244562e-01,-4.568314807429305069e-01,-4.568314807429254554e-01,-4.568314807429306734e-01,-4.568314807429190161e-01
-4.493525074471245162e-01,-4.493525074471135805e-01,-4.493525074471209080e-01,-4.493525074471151903e-01,-4.493525074471238501e-01,-4.493525074471161895e-01,-4.493525074471217406e-01,-4.493525074471235170e-01,-4.493525074471098613e-01,-4.493525074471267922e-01,-4.493525074471145242e-01,-4.493525074471196312e-01,-4.493525074471145242e-01,-4.493525074471175218e-01,-4.493525074471205194e-01,-4.493525074471144132e-01,-4.493525074471194647e-01,-4.493525074471155234e-01,-4.493525074471203529e-01,-4.493525074471085290e-01
-4.440211851168600621e-01,-4.440211851168519575e-01,-4.440211851168556767e-01,-4.440211851168525126e-01,-4.440211851168607282e-01,-4.440211851168542889e-01,-4.440211851168598400e-01,-4.440211851168569535e-01,-4.440211851168499591e-01,-4.440211851168630597e-01,-4.440211851168495150e-01,-4.440211851168582857e-01,-4.440211851168515689e-01,-4.440211851168539559e-01,-4.440211851168567314e-01,-4.440211851168521795e-01,-4.440211851168552881e-01,-4.440211851168527901e-01,-4.440211851168573975e-01,-4.440211851168462953e-01
-4.367596334077863407e-01,-4.367596334077836207e-01,-4.367596334077828990e-01,-4.367596334077821219e-01,-4.367596334077896714e-01,-4.367596334077843978e-01,-4.367596334077905595e-01,-4.367596334077826770e-01,-4.367596334077827325e-01,-4.367596334077916698e-01,-4.367596334077769038e-01,-4.367596334077895048e-01,-4.367596334077806786e-01,-4.367596334077825659e-01,-4.367596334077855080e-01,-4.367596334077826770e-01,-4.367596334077843978e-01,-4.367596334077818443e-01,-4.367596334077864517e-01,-4.367596334077771258e-01
-4.304985414056110571e-01,-4.304985414056126114e-01,-4.304985414056081705e-01,-4.304985414056103354e-01,-4.304985414056151649e-01,-4.304985414056114457e-01,-4.304985414056179405e-01,-4.304985414056080595e-01,-4.304985414056141102e-01,-4.304985414056172743e-01,-4.304985414056024529e-01,-4.304985414056180515e-01,-4.304985414056085591e-01,-4.304985414056102799e-01,-4.304985414056117232e-01,-4.304985414056113902e-01,-4.304985414056109461e-01,-4.304985414056091697e-01,-4.304985414056137216e-01,-4.304985414056070603e-01
-4.252786149538302363e-01,-4.252786149538374527e-01,-4.252786149538289595e-01,-4.252786149538343996e-01,-4.252786149538363425e-01,-4.252786149538342331e-01,-4.252786149538412830e-01,-4.252786149538289595e-01,-4.252786149538398952e-01,-4.252786149538385629e-01,-4.252786149538245741e-01,-4.252786149538415605e-01,-4.252786149538307914e-01,-4.252786149538336780e-01,-4.252786149538339555e-01,-4.252786149538353433e-01,-4.252786149538337335e-01,-4.252786149538315685e-01,-4.252786149538355653e-01,-4.252786149538325677e-01
-4.190039426059404271e-01,-4.190039426059498640e-01,-4.190039426059389838e-01,-4.190039426059487537e-01,-4.190039426059457561e-01,-4.190039426059453120e-01,-4.190039426059524730e-01,-4.190039426059399275e-01,-4.190039426059545269e-01,-4.190039426059479766e-01,-4.190039426059367633e-01,-4.190039426059530836e-01,-4.190039426059424255e-01,-4.190039426059467553e-01,-4.190039426059444239e-01,-4.190039426059477545e-01,-4.190039426059446459e-01,-4.190039426059433691e-01,-4.190039426059462557e-01,-4.190039426059474215e-01
-4.154999144291193769e-01,-4.154999144291315893e-01,-4.154999144291182667e-01,-4.154999144291322555e-01,-4.154999144291251501e-01,-4.154999144291258162e-01,-4.154999144291337543e-01,-4.154999144291203206e-01,-4.154999144291364188e-01,-4.154999144291267599e-01,-4.154999144291194879e-01,-4.154999144291332547e-01,-4.154999144291223745e-01,-4.154999144291292024e-01,-4.154999144291247060e-01,-4.154999144291291469e-01,-4.154999144291252611e-01,-4.154999144291245949e-01,-4.154999144291250945e-01,-4.154999144291308122e-01
-4.091657451657041422e-01,-4.091657451657175759e-01,-4.091657451657028099e-01,-4.091657451657207956e-01,-4.091657451657092492e-01,-4.091657451657108591e-01,-4.091657451657193523e-01,-4.091657451657066957e-01,-4.091657451657220723e-01,-4.091657451657096933e-01,-4.091657451657079170e-01,-4.091657451657172428e-01,-4.091657451657071953e-01,-4.091657451657165212e-01,-4.091657451657092492e-01,-4.091657451657146893e-01,-4.091657451657098599e-01,-4.091657451657111921e-01,-4.091657451657083056e-01,-4.091657451657186306e-01
-4.066487752026699543e-01,-4.066487752026857194e-01,-4.066487752026693436e-01,-4.066487752026902713e-01,-4.066487752026756719e-01,-4.066487752026784475e-01,-4.066487752026868852e-01,-4.066487752026750058e-01,-4.066487752026882174e-01,-4.066487752026748947e-01,-4.066487752026787250e-01,-4.066487752026824998e-01,-4.066487752026738400e-01,-4.066487752026853864e-01,-4.066487752026757829e-01,-4.066487752026821667e-01,-4.066487752026763935e-01,-4.066487752026801683e-01,-4.066487752026728963e-01,-4.066487752026874958e-01
-4.012770271498321550e-01,-4.012770271498513619e-01,-4.012770271498330987e-01,-4.012770271498559138e-01,-4.012770271498392605e-01,-4.012770271498431462e-01,-4.012770271498506403e-01,-4.012770271498404262e-01,-4.012770271498506403e-01,-4.012770271498375951e-01,-4.012770271498463104e-01,-4.012770271498443675e-01,-4.012770271498376506e-01,-4.012770271498506958e-01,-4.012770271498392605e-01,-4.012770271498465324e-01,-4.012770271498397046e-01,-4.012770271498466435e-01,-4.012770271498342645e-01,-4.012770271498526942e-01
-3.996754843671521673e-01,-3.996754843671750379e-01,-3.996754843671544988e-01,-3.996754843671783686e-01,-3.996754843671603830e-01,-3.996754843671658231e-01,-3.996754843671715962e-01,-3.996754843671640467e-01,-3.996754843671710966e-01,-3.996754843671587731e-01,-3.996754843671712631e-01,-3.996754843671636026e-01,-3.996754843671600499e-01,-3.996754843671734836e-01,-3.996754843671603830e-01,-3.996754843671689872e-01,-3.996754843671605495e-01,-3.996754843671714297e-01,-3.996754843671538326e-01,-3.996754843671753710e-01
-3.954319937747724500e-01,-3.954319937747993174e-01,-3.954319937747758362e-01,-3.954319937747997615e-01,-3.954319937747819980e-01,-3.954319937747891034e-01,-3.954319937747923230e-01,-3.954319937747871050e-01,-3.954319937747914349e-01,-3.954319937747811653e-01,-3.954319937747954317e-01,-3.954319937747832747e-01,-3.954319937747826086e-01,-3.954319937747949876e-01,-3.954319937747817759e-01,-3.954319937747917679e-01,-3.954319937747813318e-01,-3.954319937747959313e-01,-3.954319937747735603e-01,-3.954319937747978186e-01
-3.924423043627750518e-01,-3.924423043628031404e-01,-3.924423043627776608e-01,-3.924423043628014196e-01,-3.924423043627839891e-01,-3.924423043627930929e-01,-3.924423043627925933e-01,-3.924423043627912611e-01,-3.924423043627931484e-01,-3.924423043627841556e-01,-3.924423043627991992e-01,-3.924423043627837671e-01,-3.924423043627871532e-01,-3.924423043627967012e-01,-3.924423043627832675e-01,-3.924423043627953134e-01,-3.924423043627816021e-01,-3.924423043628010310e-01,-3.924423043627747187e-01,-3.924423043628011420e-01
-3.865982074361614118e-01,-3.865982074361918319e-01,-3.865982074361637988e-01,-3.865982074361868914e-01,-3.865982074361711263e-01,-3.865982074361819509e-01,-3.865982074361778431e-01,-3.865982074361790644e-01,-3.865982074361792309e-01,-3.865982074361725696e-01,-3.865982074361865584e-01,-3.865982074361699050e-01,-3.865982074361759002e-01,-3.865982074361816734e-01,-3.865982074361697385e-01,-3.865982074361836163e-01,-3.865982074361665188e-01,-3.865982074361896670e-01,-3.865982074361602461e-01,-3.865982074361886678e-01
-3.793057460469505537e-01,-3.793057460469808628e-01,-3.793057460469519970e-01,-3.793057460469748121e-01,-3.793057460469596021e-01,-3.793057460469720921e-01,-3.793057460469637654e-01,-3.793057460469689834e-01,-3.793057460469678177e-01,-3.793057460469618780e-01,-3.793057460469742015e-01,-3.793057460469578812e-01,-3.793057460469675957e-01,-3.793057460469684283e-01,-3.793057460469576592e-01,-3.793057460469738129e-01,-3.793057460469518860e-01,-3.793057460469798636e-01,-3.793057460469483333e-01,-3.793057460469786424e-01
-3.714249916789842398e-01,-3.714249916790161588e-01,-3.714249916789859052e-01,-3.714249916790083872e-01,-3.714249916789947870e-01,-3.714249916790087758e-01,-3.714249916789968964e-01,-3.714249916790040018e-01,-3.714249916790012818e-01,-3.714249916789976735e-01,-3.714249916790071104e-01,-3.714249916789930106e-01,-3.714249916790041683e-01,-3.714249916790003381e-01,-3.714249916789925110e-01,-3.714249916790099415e-01,-3.714249916789842954e-01,-3.714249916790149930e-01,-3.714249916789820194e-01,-3.714249916790138828e-01
-3.627948163020229266e-01,-3.627948163020536798e-01,-3.627948163020239258e-01,-3.627948163020469630e-01,-3.627948163020328631e-01,-3.627948163020483507e-01,-3.627948163020330852e-01,-3.627948163020436323e-01,-3.627948163020388583e-01,-3.627948163020361383e-01,-3.627948163020425776e-01,-3.627948163020318084e-01,-3.627948163020447980e-01,-3.627948163020364714e-01,-3.627948163020308647e-01,-3.627948163020496830e-01,-3.627948163020198180e-01,-3.627948163020541239e-01,-3.627948163020200401e-01,-3.627948163020534578e-01
-3.585495876246309610e-01,-3.585495876246623803e-01,-3.585495876246326263e-01,-3.585495876246562186e-01,-3.585495876246417302e-01,-3.585495876246584390e-01,-3.585495876246416191e-01,-3.585495876246530544e-01,-3.585495876246460045e-01,-3.585495876246460600e-01,-3.585495876246483915e-01,-3.585495876246419522e-01,-3.585495876246542757e-01,-3.585495876246435065e-01,-3.585495876246410640e-01,-3.585495876246600488e-01,-3.585495876246280744e-01,-3.585495876246634350e-01,-3.585495876246285185e-01,-3.585495876246630464e-01
-3.552252699995464558e-01,-3.552252699995761542e-01,-3.552252699995480656e-01,-3.552252699995732677e-01,-3.552252699995557816e-01,-3.552252699995733787e-01,-3.552252699995557261e-01,-3.552252699995692709e-01,-3.552252699995598895e-01,-3.552252699995613883e-01,-3.552252699995603891e-01,-3.552252699995579466e-01,-3.552252699995694929e-01,-3.552252699995577800e-01,-3.552252699995569474e-01,-3.552252699995759877e-01,-3.552252699995427920e-01,-3.552252699995791518e-01,-3.552252699995439578e-01,-3.552252699995788743e-01
-3.581511052326374900e-01,-3.581511052326665778e-01,-3.581511052326399880e-01,-3.581511052326665778e-01,-3.581511052326458167e-01,-3.581511052326644684e-01,-3.581511052326471489e-01,-3.581511052326610267e-01,-3.581511052326496469e-01,-3.581511052326541433e-01,-3.581511052326493694e-01,-3.581511052326505906e-01,-3.581511052326590283e-01,-3.581511052326490363e-01,-3.581511052326497024e-01,-3.581511052326675770e-01,-3.581511052326353806e-01,-3.581511052326709077e-01,-3.581511052326356026e-01,-3.581511052326703526e-01
-3.592726205356540081e-01,-3.592726205356808755e-01,-3.592726205356567837e-01,-3.592726205356848723e-01,-3.592726205356596703e-01,-3.592726205356792102e-01,-3.592726205356625013e-01,-3.592726205356773783e-01,-3.592726205356644442e-01,-3.592726205356713276e-01,-3.592726205356633340e-01,-3.592726205356677749e-01,-3.592726205356724378e-01,-3.592726205356661651e-01,-3.592726205356659985e-01,-3.592726205356826519e-01,-3.592726205356525648e-01,-3.592726205356868707e-01,-3.592726205356520097e-01,-3.592726205356862046e-01
-3.627067222398450697e-01,-3.627067222398704383e-01,-3.627067222398479007e-01,-3.627067222398769886e-01,-3.627067222398483448e-01,-3.627067222398691615e-01,-3.627067222398534518e-01,-3.627067222398684398e-01,-3.627067222398536739e-01,-3.627067222398641100e-01,-3.627067222398530633e-01,-3.627067222398602242e-01,-3.627067222398597246e-01,-3.627067222398590585e-01,-3.627067222398568935e-01,-3.627067222398716595e-01,-3.627067222398450141e-01,-3.627067222398773216e-01,-3.627067222398430157e-01,-3.627067222398762114e-01
-3.596001624145774844e-01,-3.596001624146017428e-01,-3.596001624145799269e-01,-3.596001624146095144e-01,-3.596001624145780395e-01,-3.596001624146001885e-01,-3.596001624145853670e-01,-3.596001624146004660e-01,-3.596001624145843678e-01,-3.596001624145979125e-01,-3.596001624145843123e-01,-3.596001624145938602e-01,-3.596001624145876985e-01,-3.596001624145935827e-01,-3.596001624145879760e-01,-3.596001624146007436e-01,-3.596001624145785946e-01,-3.596001624146081266e-01,-3.596001624145746534e-01,-3.596001624146069053e-01
-3.557207411767744354e-01,-3.557207411767979721e-01,-3.557207411767756566e-01,-3.557207411768055216e-01,-3.557207411767728811e-01,-3.557207411767969174e-01,-3.557207411767815963e-01,-3.557207411767969174e-01,-3.557207411767794869e-01,-3.557207411767958627e-01,-3.557207411767802085e-01,-3.557207411767921990e-01,-3.557207411767803196e-01,-3.557207411767929761e-01,-3.557207411767829841e-01,-3.557207411767941974e-01,-3.557207411767763228e-01,-3.557207411768030791e-01,-3.557207411767711047e-01,-3.557207411768018024e-01
-3.461780375210689042e-01,-3.461780375210928851e-01,-3.461780375210683491e-01,-3.461780375210986582e-01,-3.461780375210666283e-01,-3.461780375210920524e-01,-3.461780375210753435e-01,-3.461780375210906646e-01,-3.461780375210722349e-01,-3.461780375210912197e-01,-3.461780375210732341e-01,-3.461780375210885552e-01,-3.461780375210704586e-01,-3.461780375210897209e-01,-3.461780375210751215e-01,-3.461780375210853355e-01,-3.461780375210719018e-01,-3.461780375210946614e-01,-3.461780375210652405e-01,-3.461780375210938843e-01
-3.385540400405564476e-01,-3.385540400405799843e-01,-3.385540400405533945e-01,-3.385540400405842032e-01,-3.385540400405535055e-01,-3.385540400405803174e-01,-3.385540400405607775e-01,-3.385540400405774308e-01,-3.385540400405577799e-01,-3.385540400405783190e-01,-3.385540400405582795e-01,-3.385540400405772088e-01,-3.385540400405542827e-01,-3.385540400405788741e-01,-3.385540400405592787e-01,-3.385540400405698813e-01,-3.385540400405593897e-01,-3.385540400405787631e-01,-3.385540400405530059e-01,-3.385540400405788186e-01
-3.308381445950869804e-01,-3.308381445951119049e-01,-3.308381445950826505e-01,-3.308381445951129596e-01,-3.308381445950850930e-01,-3.308381445951121269e-01,-3.308381445950905886e-01,-3.308381445951079081e-01,-3.308381445950866473e-01,-3.308381445951094069e-01,-3.308381445950867583e-01,-3.308381445951102395e-01,-3.308381445950822064e-01,-3.308381445951108502e-01,-3.308381445950875355e-01,-3.308381445950991373e-01,-3.308381445950909772e-01,-3.308381445951058542e-01,-3.308381445950847599e-01,-3.308381445951069089e-01
-3.276727183840577595e-01,-3.276727183840822955e-01,-3.276727183840522084e-01,-3.276727183840819624e-01,-3.276727183840558721e-01,-3.276727183840827395e-01,-3.276727183840585367e-01,-3.276727183840788538e-01,-3.276727183840559832e-01,-3.276727183840793534e-01,-3.276727183840543178e-01,-3.276727183840822955e-01,-3.276727183840509872e-01,-3.276727183840824065e-01,-3.276727183840549840e-01,-3.276727183840694169e-01,-3.276727183840610902e-01,-3.276727183840730251e-01,-3.276727183840573709e-01,-3.276727183840750790e-01
-3.264071724560181353e-01,-3.264071724560441146e-01,-3.264071724560130838e-01,-3.264071724560421162e-01,-3.264071724560179688e-01,-3.264071724560443366e-01,-3.264071724560185794e-01,-3.264071724560404508e-01,-3.264071724560161925e-01,-3.264071724560415610e-01,-3.264071724560131393e-01,-3.264071724560461130e-01,-3.264071724560105858e-01,-3.264071724560442256e-01,-3.264071724560148602e-01,-3.264071724560321242e-01,-3.264071724560230203e-01,-3.264071724560311805e-01,-3.264071724560207444e-01,-3.264071724560341226e-01
-3.264690881917107212e-01,-3.264690881917348131e-01,-3.264690881917056697e-01,-3.264690881917345355e-01,-3.264690881917103882e-01,-3.264690881917361454e-01,-3.264690881917085008e-01,-3.264690881917338139e-01,-3.264690881917083343e-01,-3.264690881917338139e-01,-3.264690881917029497e-01,-3.264690881917395870e-01,-3.264690881917022280e-01,-3.264690881917371446e-01,-3.264690881917056142e-01,-3.264690881917271525e-01,-3.264690881917146625e-01,-3.264690881917214904e-01,-3.264690881917159393e-01,-3.264690881917249321e-01
-3.259229353538184437e-01,-3.259229353538415919e-01,-3.259229353538142249e-01,-3.259229353538423690e-01,-3.259229353538191098e-01,-3.259229353538442009e-01,-3.259229353538158902e-01,-3.259229353538427576e-01,-3.259229353538153351e-01,-3.259229353538434792e-01,-3.259229353538090068e-01,-3.259229353538495300e-01,-3.259229353538091734e-01,-3.259229353538452556e-01,-3.259229353538135587e-01,-3.259229353538385388e-01,-3.259229353538231067e-01,-3.259229353538282137e-01,-3.259229353538261043e-01,-3.259229353538314333e-01
-3.223745473395385752e-01,-3.223745473395572270e-01,-3.223745473395333572e-01,-3.223745473395618344e-01,-3.223745473395371874e-01,-3.223745473395621119e-01,-3.223745473395328576e-01,-3.223745473395630556e-01,-3.223745473395334127e-01,-3.223745473395626115e-01,-3.223745473395256411e-01,-3.223745473395684402e-01,-3.223745473395276950e-01,-3.223745473395642769e-01,-3.223745473395313588e-01,-3.223745473395601135e-01,-3.223745473395404071e-01,-3.223745473395466243e-01,-3.223745473395469574e-01,-3.223745473395494554e-01
-3.181918408414559085e-01,-3.181918408414720068e-01,-3.181918408414503019e-01,-3.181918408414781130e-01,-3.181918408414534660e-01,-3.181918408414785016e-01,-3.181918408414492472e-01,-3.181918408414801114e-01,-3.181918408414481370e-01,-3.181918408414807775e-01,-3.181918408414408095e-01,-3.181918408414850519e-01,-3.181918408414431410e-01,-3.181918408414805555e-01,-3.181918408414479149e-01,-3.181918408414785571e-01,-3.181918408414563526e-01,-3.181918408414631250e-01,-3.181918408414641797e-01,-3.181918408414646793e-01
-3.113512742313337966e-01,-3.113512742313448989e-01,-3.113512742313269688e-01,-3.113512742313543913e-01,-3.113512742313279125e-01,-3.113512742313535586e-01,-3.113512742313240267e-01,-3.113512742313570003e-01,-3.113512742313228054e-01,-3.113512742313571668e-01,-3.113512742313155335e-01,-3.113512742313594428e-01,-3.113512742313188086e-01,-3.113512742313563342e-01,-3.113512742313226944e-01,-3.113512742313548909e-01,-3.113512742313300219e-01,-3.113512742313400139e-01,-3.113512742313401249e-01,-3.113512742313396808e-01
-3.074955239230208193e-01,-3.074955239230292570e-01,-3.074955239230139359e-01,-3.074955239230394710e-01,-3.074955239230127702e-01,-3.074955239230392490e-01,-3.074955239230104387e-01,-3.074955239230433013e-01,-3.074955239230064419e-01,-3.074955239230448001e-01,-3.074955239230013904e-01,-3.074955239230445780e-01,-3.074955239230039439e-01,-3.074955239230419690e-01,-3.074955239230086068e-01,-3.074955239230401927e-01,-3.074955239230148241e-01,-3.074955239230271475e-01,-3.074955239230248716e-01,-3.074955239230241499e-01
-3.028417963710151595e-01,-3.028417963710193228e-01,-3.028417963710079985e-01,-3.028417963710314798e-01,-3.028417963710036132e-01,-3.028417963710310357e-01,-3.028417963710021699e-01,-3.028417963710364758e-01,-3.028417963709970628e-01,-3.028417963710375860e-01,-3.028417963709937322e-01,-3.028417963710353655e-01,-3.028417963709963967e-01,-3.028417963710341998e-01,-3.028417963709998384e-01,-3.028417963710308136e-01,-3.028417963710047234e-01,-3.028417963710214322e-01,-3.028417963710155481e-01,-3.028417963710156036e-01
-3.028249443520474316e-01,-3.028249443520498185e-01,-3.028249443520410478e-01,-3.028249443520617534e-01,-3.028249443520346640e-01,-3.028249443520628637e-01,-3.028249443520342199e-01,-3.028249443520677486e-01,-3.028249443520262263e-01,-3.028249443520701911e-01,-3.028249443520260042e-01,-3.028249443520660833e-01,-3.028249443520276696e-01,-3.028249443520652506e-01,-3.028249443520312223e-01,-3.028249443520604767e-01,-3.028249443520349971e-01,-3.028249443520551476e-01,-3.028249443520447115e-01,-3.028249443520462103e-01
-3.008674721319865575e-01,-3.008674721319862799e-01,-3.008674721319806178e-01,-3.008674721319989365e-01,-3.008674721319720691e-01,-3.008674721320007683e-01,-3.008674721319715140e-01,-3.008674721320058199e-01,-3.008674721319626322e-01,-3.008674721320081513e-01,-3.008674721319642420e-01,-3.008674721320032663e-01,-3.008674721319663514e-01,-3.008674721320028778e-01,-3.008674721319683498e-01,-3.008674721319965495e-01,-3.008674721319711809e-01,-3.008674721319954948e-01,-3.008674721319802847e-01,-3.008674721319843370e-01
-3.019478379942366897e-01,-3.019478379942354684e-01,-3.019478379942315271e-01,-3.019478379942472923e-01,-3.019478379942227009e-01,-3.019478379942514557e-01,-3.019478379942213686e-01,-3.019478379942553414e-01,-3.019478379942112656e-01,-3.019478379942582835e-01,-3.019478379942150958e-01,-3.019478379942532320e-01,-3.019478379942167057e-01,-3.019478379942525104e-01,-3.019478379942184265e-01,-3.019478379942457380e-01,-3.019478379942207025e-01,-3.019478379942479584e-01,-3.019478379942279189e-01,-3.019478379942349133e-01
-2.991449416225933633e-01,-2.991449416225908098e-01,-2.991449416225883118e-01,-2.991449416226026892e-01,-2.991449416225804292e-01,-2.991449416226081848e-01,-2.991449416225765989e-01,-2.991449416226116820e-01,-2.991449416225677727e-01,-2.991449416226140134e-01,-2.991449416225716584e-01,-2.991449416226095726e-01,-2.991449416225741564e-01,-2.991449416226087399e-01,-2.991449416225749891e-01,-2.991449416226020230e-01,-2.991449416225767099e-01,-2.991449416226061864e-01,-2.991449416225825386e-01,-2.991449416225930302e-01
-2.983797978510685511e-01,-2.983797978510668303e-01,-2.983797978510639437e-01,-2.983797978510766558e-01,-2.983797978510578375e-01,-2.983797978510845383e-01,-2.983797978510513427e-01,-2.983797978510872029e-01,-2.983797978510441262e-01,-2.983797978510889237e-01,-2.983797978510476234e-01,-2.983797978510855931e-01,-2.983797978510505655e-01,-2.983797978510842608e-01,-2.983797978510515092e-01,-2.983797978510790427e-01,-2.983797978510528970e-01,-2.983797978510831506e-01,-2.983797978510568383e-01,-2.983797978510707161e-01
-2.938852786234277259e-01,-2.938852786234280035e-01,-2.938852786234240622e-01,-2.938852786234351644e-01,-2.938852786234196768e-01,-2.938852786234444903e-01,-2.938852786234102954e-01,-2.938852786234473768e-01,-2.938852786234060210e-01,-2.938852786234475989e-01,-2.938852786234076864e-01,-2.938852786234458225e-01,-2.938852786234116277e-01,-2.938852786234438241e-01,-2.938852786234126269e-01,-2.938852786234406045e-01,-2.938852786234131820e-01,-2.938852786234432135e-01,-2.938852786234160130e-01,-2.938852786234330550e-01
-2.915945685262978371e-01,-2.915945685263017784e-01,-2.915945685262957832e-01,-2.915945685263057197e-01,-2.915945685262925635e-01,-2.915945685263165998e-01,-2.915945685262811282e-01,-2.915945685263194309e-01,-2.915945685262794629e-01,-2.915945685263179321e-01,-2.915945685262797404e-01,-2.915945685263178211e-01,-2.915945685262839593e-01,-2.915945685263149345e-01,-2.915945685262852360e-01,-2.915945685263142684e-01,-2.915945685262851250e-01,-2.915945685263144904e-01,-2.915945685262874010e-01,-2.915945685263072185e-01
-2.862630655986815320e-01,-2.862630655986905248e-01,-2.862630655986818096e-01,-2.862630655986912465e-01,-2.862630655986789785e-01,-2.862630655987019601e-01,-2.862630655986667660e-01,-2.862630655987056238e-01,-2.862630655986673767e-01,-2.862630655987027373e-01,-2.862630655986659889e-01,-2.862630655987038475e-01,-2.862630655986702632e-01,-2.862630655987000172e-01,-2.862630655986716510e-01,-2.862630655987013495e-01,-2.862630655986709849e-01,-2.862630655986990735e-01,-2.862630655986730388e-01,-2.862630655986952988e-01
-2.825752444629627269e-01,-2.825752444629764382e-01,-2.825752444629652249e-01,-2.825752444629747728e-01,-2.825752444629615612e-01,-2.825752444629844873e-01,-2.825752444629505700e-01,-2.825752444629885396e-01,-2.825752444629519577e-01,-2.825752444629847648e-01,-2.825752444629500704e-01,-2.825752444629866522e-01,-2.825752444629537896e-01,-2.825752444629826554e-01,-2.825752444629548998e-01,-2.825752444629855420e-01,-2.825752444629537896e-01,-2.825752444629816562e-01,-2.825752444629568982e-01,-2.825752444629806570e-01
-2.763947977720749849e-01,-2.763947977720946358e-01,-2.763947977720797589e-01,-2.763947977720911942e-01,-2.763947977720762061e-01,-2.763947977720982441e-01,-2.763947977720674354e-01,-2.763947977721029625e-01,-2.763947977720681570e-01,-2.763947977720995208e-01,-2.763947977720663252e-01,-2.763947977721015747e-01,-2.763947977720692117e-01,-2.763947977720974669e-01,-2.763947977720700999e-01,-2.763947977721006866e-01,-2.763947977720689897e-01,-2.763947977720963012e-01,-2.763947977720724314e-01,-2.763947977720974114e-01
-2.718373056426017786e-01,-2.718373056426254264e-01,-2.718373056426074408e-01,-2.718373056426226508e-01,-2.718373056426039436e-01,-2.718373056426257595e-01,-2.718373056425983370e-01,-2.718373056426307555e-01,-2.718373056425982814e-01,-2.718373056426277024e-01,-2.718373056425966161e-01,-2.718373056426294232e-01,-2.718373056425986700e-01,-2.718373056426269252e-01,-2.718373056425986145e-01,-2.718373056426295342e-01,-2.718373056425976708e-01,-2.718373056426259815e-01,-2.718373056426024448e-01,-2.718373056426277579e-01
-2.670563992438422241e-01,-2.670563992438705903e-01,-2.670563992438481082e-01,-2.670563992438687029e-01,-2.670563992438467205e-01,-2.670563992438673151e-01,-2.670563992438446110e-01,-2.670563992438719225e-01,-2.670563992438423906e-01,-2.670563992438711454e-01,-2.670563992438415024e-01,-2.670563992438719225e-01,-2.670563992438420020e-01,-2.670563992438709788e-01,-2.670563992438420020e-01,-2.670563992438720891e-01,-2.670563992438416689e-01,-2.670563992438698131e-01,-2.670563992438457213e-01,-2.670563992438712564e-01
-2.652242834513482972e-01,-2.652242834513787173e-01,-2.652242834513525716e-01,-2.652242834513797720e-01,-2.652242834513537373e-01,-2.652242834513733882e-01,-2.652242834513544589e-01,-2.652242834513775516e-01,-2.652242834513508507e-01,-2.652242834513779401e-01,-2.652242834513501846e-01,-2.652242834513777181e-01,-2.652242834513500180e-01,-2.652242834513798275e-01,-2.652242834513490743e-01,-2.652242834513791059e-01,-2.652242834513489633e-01,-2.652242834513787173e-01,-2.652242834513531822e-01,-2.652242834513787728e-01
-2.653201623266625564e-01,-2.653201623266964182e-01,-2.653201623266649434e-01,-2.653201623266986386e-01,-2.653201623266703280e-01,-2.653201623266889797e-01,-2.653201623266737696e-01,-2.653201623266910891e-01,-2.653201623266678300e-01,-2.653201623266940867e-01,-2.653201623266674969e-01,-2.653201623266929765e-01,-2.653201623266661646e-01,-2.653201623266968068e-01,-2.653201623266656650e-01,-2.653201623266944198e-01,-2.653201623266659426e-01,-2.653201623266951414e-01,-2.653201623266678855e-01,-2.653201623266937537e-01
-2.674150467882550619e-01,-2.674150467882897564e-01,-2.674150467882538962e-01,-2.674150467882942528e-01,-2.674150467882624449e-01,-2.674150467882812077e-01,-2.674150467882679405e-01,-2.674150467882814852e-01,-2.674150467882617788e-01,-2.674150467882849824e-01,-2.674150467882606685e-01,-2.674150467882835391e-01,-2.674150467882586701e-01,-2.674150467882895343e-01,-2.674150467882574489e-01,-2.674150467882859816e-01,-2.674150467882577265e-01,-2.674150467882880355e-01,-2.674150467882586701e-01,-2.674150467882853155e-01
-2.700158753561052727e-01,-2.700158753561425762e-01,-2.700158753561014424e-01,-2.700158753561466285e-01,-2.700158753561131553e-01,-2.700158753561328062e-01,-2.700158753561205938e-01,-2.700158753561302527e-01,-2.700158753561137104e-01,-2.700158753561352487e-01,-2.700158753561120450e-01,-2.700158753561338054e-01,-2.700158753561091585e-01,-2.700158753561395231e-01,-2.700158753561083813e-01,-2.700158753561360259e-01,-2.700158753561089364e-01,-2.700158753561384684e-01,-2.700158753561069380e-01,-2.700158753561351377e-01
-2.706158454755147047e-01,-2.706158454755523413e-01,-2.706158454755081544e-01,-2.706158454755571707e-01,-2.706158454755204223e-01,-2.706158454755427378e-01,-2.706158454755290821e-01,-2.706158454755379639e-01,-2.706158454755245302e-01,-2.706158454755417941e-01,-2.706158454755210885e-01,-2.706158454755418497e-01,-2.706158454755182019e-01,-2.706158454755472897e-01,-2.706158454755164255e-01,-2.706158454755440701e-01,-2.706158454755167031e-01,-2.706158454755476783e-01,-2.706158454755142051e-01,-2.706158454755445142e-01
-2.693869814770110671e-01,-2.693869814770513682e-01,-2.693869814770032400e-01,-2.693869814770541993e-01,-2.693869814770156745e-01,-2.693869814770410986e-01,-2.693869814770263882e-01,-2.693869814770330495e-01,-2.693869814770226134e-01,-2.693869814770371018e-01,-2.693869814770185611e-01,-2.693869814770391558e-01,-2.693869814770151749e-01,-2.693869814770423754e-01,-2.693869814770136761e-01,-2.693869814770405990e-01,-2.693869814770137872e-01,-2.693869814770445958e-01,-2.693869814770098459e-01,-2.693869814770422644e-01
-2.642668296139740747e-01,-2.642668296140143758e-01,-2.642668296139653039e-01,-2.642668296140173734e-01,-2.642668296139761841e-01,-2.642668296140049389e-01,-2.642668296139868978e-01,-2.642668296139955575e-01,-2.642668296139870088e-01,-2.642668296139975004e-01,-2.642668296139816242e-01,-2.642668296140019413e-01,-2.642668296139790707e-01,-2.642668296140038842e-01,-2.642668296139761841e-01,-2.642668296140036066e-01,-2.642668296139754069e-01,-2.642668296140082140e-01,-2.642668296139728534e-01,-2.642668296140076034e-01
-2.591397388882223374e-01,-2.591397388882650255e-01,-2.591397388882147323e-01,-2.591397388882662467e-01,-2.591397388882241137e-01,-2.591397388882559216e-01,-2.591397388882353825e-01,-2.591397388882447084e-01,-2.591397388882371589e-01,-2.591397388882459851e-01,-2.591397388882322739e-01,-2.591397388882527575e-01,-2.591397388882292763e-01,-2.591397388882523689e-01,-2.591397388882267228e-01,-2.591397388882540898e-01,-2.591397388882250574e-01,-2.591397388882580310e-01,-2.591397388882229480e-01,-2.591397388882594743e-01
-2.527887621700134479e-01,-2.527887621700558585e-01,-2.527887621700072307e-01,-2.527887621700581899e-01,-2.527887621700140031e-01,-2.527887621700477538e-01,-2.527887621700243281e-01,-2.527887621700375398e-01,-2.527887621700299903e-01,-2.527887621700357079e-01,-2.527887621700247167e-01,-2.527887621700438681e-01,-2.527887621700224408e-01,-2.527887621700434240e-01,-2.527887621700188880e-01,-2.527887621700466436e-01,-2.527887621700154464e-01,-2.527887621700501963e-01,-2.527887621700155574e-01,-2.527887621700535825e-01
-2.505175905062175801e-01,-2.505175905062618225e-01,-2.505175905062143604e-01,-2.505175905062634878e-01,-2.505175905062189678e-01,-2.505175905062542174e-01,-2.505175905062282937e-01,-2.505175905062439479e-01,-2.505175905062353436e-01,-2.505175905062415054e-01,-2.505175905062317909e-01,-2.505175905062493324e-01,-2.505175905062287933e-01,-2.505175905062486663e-01,-2.505175905062259067e-01,-2.505175905062534403e-01,-2.505175905062209107e-01,-2.505175905062556607e-01,-2.505175905062211883e-01,-2.505175905062603237e-01
-2.487548634503370937e-01,-2.487548634503808087e-01,-2.487548634503364831e-01,-2.487548634503841116e-01,-2.487548634503381761e-01,-2.487548634503742306e-01,-2.487548634503451983e-01,-2.487548634503659595e-01,-2.487548634503553846e-01,-2.487548634503612410e-01,-2.487548634503521372e-01,-2.487548634503673750e-01,-2.487548634503498057e-01,-2.487548634503686795e-01,-2.487548634503463085e-01,-2.487548634503740086e-01,-2.487548634503391476e-01,-2.487548634503754519e-01,-2.487548634503408129e-01,-2.487548634503808365e-01
-2.510102844309431425e-01,-2.510102844309886061e-01,-2.510102844309459735e-01,-2.510102844309904380e-01,-2.510102844309457515e-01,-2.510102844309823333e-01,-2.510102844309511916e-01,-2.510102844309746173e-01,-2.510102844309612946e-01,-2.510102844309700654e-01,-2.510102844309602954e-01,-2.510102844309730075e-01,-2.510102844309572423e-01,-2.510102844309756165e-01,-2.510102844309541892e-01,-2.510102844309816672e-01,-2.510102844309462511e-01,-2.510102844309827219e-01,-2.510102844309465286e-01,-2.510102844309873293e-01
-2.508215380047382204e-01,-2.508215380047827958e-01,-2.508215380047430498e-01,-2.508215380047850163e-01,-2.508215380047414400e-01,-2.508215380047779108e-01,-2.508215380047446041e-01,-2.508215380047722487e-01,-2.508215380047554843e-01,-2.508215380047664200e-01,-2.508215380047557064e-01,-2.508215380047660314e-01,-2.508215380047535414e-01,-2.508215380047707499e-01,-2.508215380047491561e-01,-2.508215380047764675e-01,-2.508215380047409404e-01,-2.508215380047787435e-01,-2.508215380047407739e-01,-2.508215380047821297e-01
-2.513234719031323117e-01,-2.513234719031781084e-01,-2.513234719031386399e-01,-2.513234719031776088e-01,-2.513234719031376407e-01,-2.513234719031742226e-01,-2.513234719031395836e-01,-2.513234719031687825e-01,-2.513234719031475217e-01,-2.513234719031636755e-01,-2.513234719031509634e-01,-2.513234719031600117e-01,-2.513234719031485209e-01,-2.513234719031655073e-01,-2.513234719031440800e-01,-2.513234719031711140e-01,-2.513234719031369191e-01,-2.513234719031750553e-01,-2.513234719031344766e-01,-2.513234719031763320e-01
-2.466854962316462618e-01,-2.466854962316907818e-01,-2.466854962316521460e-01,-2.466854962316901156e-01,-2.466854962316527844e-01,-2.466854962316883948e-01,-2.466854962316530342e-01,-2.466854962316846755e-01,-2.466854962316589184e-01,-2.466854962316787914e-01,-2.466854962316640809e-01,-2.466854962316727407e-01,-2.466854962316631095e-01,-2.466854962316794020e-01,-2.466854962316570865e-01,-2.466854962316839539e-01,-2.466854962316511468e-01,-2.466854962316906152e-01,-2.466854962316481215e-01,-2.466854962316902267e-01
-2.426000180582059684e-01,-2.426000180582501553e-01,-2.426000180582106869e-01,-2.426000180582476018e-01,-2.426000180582136012e-01,-2.426000180582487675e-01,-2.426000180582131849e-01,-2.426000180582453813e-01,-2.426000180582148780e-01,-2.426000180582404964e-01,-2.426000180582230659e-01,-2.426000180582325305e-01,-2.426000180582224552e-01,-2.426000180582389698e-01,-2.426000180582164045e-01,-2.426000180582431054e-01,-2.426000180582119081e-01,-2.426000180582515986e-01,-2.426000180582073285e-01,-2.426000180582497390e-01
-2.356004955467475015e-01,-2.356004955467886630e-01,-2.356004955467496109e-01,-2.356004955467876916e-01,-2.356004955467546069e-01,-2.356004955467884687e-01,-2.356004955467524975e-01,-2.356004955467871365e-01,-2.356004955467523865e-01,-2.356004955467819184e-01,-2.356004955467612128e-01,-2.356004955467733142e-01,-2.356004955467626838e-01,-2.356004955467794204e-01,-2.356004955467561057e-01,-2.356004955467827511e-01,-2.356004955467521922e-01,-2.356004955467921325e-01,-2.356004955467476680e-01,-2.356004955467901341e-01
-2.326963675202059767e-01,-2.326963675202450288e-01,-2.326963675202057824e-01,-2.326963675202448067e-01,-2.326963675202118331e-01,-2.326963675202449733e-01,-2.326963675202093906e-01,-2.326963675202446957e-01,-2.326963675202066983e-01,-2.326963675202405324e-01,-2.326963675202167181e-01,-2.326963675202322612e-01,-2.326963675202186332e-01,-2.326963675202365078e-01,-2.326963675202133319e-01,-2.326963675202399218e-01,-2.326963675202095849e-01,-2.326963675202485260e-01,-2.326963675202048942e-01,-2.326963675202467219e-01
-2.299959787617312235e-01,-2.299959787617674722e-01,-2.299959787617287255e-01,-2.299959787617698592e-01,-2.299959787617349982e-01,-2.299959787617667784e-01,-2.299959787617317786e-01,-2.299959787617690821e-01,-2.299959787617292251e-01,-2.299959787617650298e-01,-2.299959787617377183e-01,-2.299959787617580909e-01,-2.299959787617411600e-01,-2.299959787617606444e-01,-2.299959787617366080e-01,-2.299959787617637530e-01,-2.299959787617326390e-01,-2.299959787617706641e-01,-2.299959787617290585e-01,-2.299959787617698592e-01
-2.322187542370357238e-01,-2.322187542370701130e-01,-2.322187542370318103e-01,-2.322187542370729163e-01,-2.322187542370373059e-01,-2.322187542370688085e-01,-2.322187542370343638e-01,-2.322187542370716673e-01,-2.322187542370314772e-01,-2.322187542370689473e-01,-2.322187542370383606e-01,-2.322187542370637847e-01,-2.322187542370424129e-01,-2.322187542370637292e-01,-2.322187542370400815e-01,-2.322187542370676427e-01,-2.322187542370354740e-01,-2.322187542370720004e-01,-2.322187542370329205e-01,-2.322187542370716951e-01
-2.333182822242896304e-01,-2.333182822243219101e-01,-2.333182822242852728e-01,-2.333182822243259624e-01,-2.333182822242893528e-01,-2.333182822243206334e-01,-2.333182822242867438e-01,-2.333182822243243804e-01,-2.333182822242850785e-01,-2.333182822243222154e-01,-2.333182822242883536e-01,-2.333182822243198284e-01,-2.333182822242937382e-01,-2.333182822243170806e-01,-2.333182822242927390e-01,-2.333182822243208832e-01,-2.333182822242879650e-01,-2.333182822243229371e-01,-2.333182822242870491e-01,-2.333182822243231314e-01
-2.359147969680631118e-01,-2.359147969680945311e-01,-2.359147969680591428e-01,-2.359147969680981394e-01,-2.359147969680613910e-01,-2.359147969680939760e-01,-2.359147969680600310e-01,-2.359147969680962242e-01,-2.359147969680583101e-01,-2.359147969680961687e-01,-2.359147969680586709e-01,-2.359147969680958634e-01,-2.359147969680643331e-01,-2.359147969680904233e-01,-2.359147969680653323e-01,-2.359147969680944201e-01,-2.359147969680610024e-01,-2.359147969680946699e-01,-2.359147969680615575e-01,-2.359147969680945311e-01
-2.343062800120802036e-01,-2.343062800121106792e-01,-2.343062800120773170e-01,-2.343062800121147593e-01,-2.343062800120780942e-01,-2.343062800121117339e-01,-2.343062800120775668e-01,-2.343062800121125389e-01,-2.343062800120764289e-01,-2.343062800121141764e-01,-2.343062800120731537e-01,-2.343062800121157307e-01,-2.343062800120793154e-01,-2.343062800121086253e-01,-2.343062800120817024e-01,-2.343062800121112899e-01,-2.343062800120783440e-01,-2.343062800121104849e-01,-2.343062800120803701e-01,-2.343062800121101519e-01
-2.319050838691346650e-01,-2.319050838691650018e-01,-2.319050838691331107e-01,-2.319050838691690541e-01,-2.319050838691321670e-01,-2.319050838691679994e-01,-2.319050838691327221e-01,-2.319050838691663619e-01,-2.319050838691310845e-01,-2.319050838691701366e-01,-2.319050838691259220e-01,-2.319050838691725791e-01,-2.319050838691314453e-01,-2.319050838691647798e-01,-2.319050838691354977e-01,-2.319050838691660010e-01,-2.319050838691333882e-01,-2.319050838691644190e-01,-2.319050838691368299e-01,-2.319050838691634753e-01
-2.256968822630145699e-01,-2.256968822630458504e-01,-2.256968822630144034e-01,-2.256968822630502358e-01,-2.256968822630127380e-01,-2.256968822630493754e-01,-2.256968822630134874e-01,-2.256968822630470162e-01,-2.256968822630118776e-01,-2.256968822630522342e-01,-2.256968822630051053e-01,-2.256968822630548432e-01,-2.256968822630095461e-01,-2.256968822630476545e-01,-2.256968822630148752e-01,-2.256968822630459615e-01,-2.256968822630144866e-01,-2.256968822630437410e-01,-2.256968822630183724e-01,-2.256968822630428528e-01
-2.202105291363906370e-01,-2.202105291364219175e-01,-2.202105291363910256e-01,-2.202105291364269135e-01,-2.202105291363883333e-01,-2.202105291364264417e-01,-2.202105291363891937e-01,-2.202105291364233886e-01,-2.202105291363874451e-01,-2.202105291364296891e-01,-2.202105291363808948e-01,-2.202105291364317430e-01,-2.202105291363830042e-01,-2.202105291364262751e-01,-2.202105291363893880e-01,-2.202105291364216955e-01,-2.202105291363907202e-01,-2.202105291364187534e-01,-2.202105291363949946e-01,-2.202105291364180040e-01
-2.136709402801893198e-01,-2.136709402802206559e-01,-2.136709402801891255e-01,-2.136709402802256796e-01,-2.136709402801868496e-01,-2.136709402802244862e-01,-2.136709402801869329e-01,-2.136709402802226820e-01,-2.136709402801854896e-01,-2.136709402802291491e-01,-2.136709402801794111e-01,-2.136709402802310365e-01,-2.136709402801791891e-01,-2.136709402802276503e-01,-2.136709402801861835e-01,-2.136709402802197122e-01,-2.136709402801897362e-01,-2.136709402802159374e-01,-2.136709402801929281e-01,-2.136709402802156876e-01
-2.093130108547194279e-01,-2.093130108547497092e-01,-2.093130108547170964e-01,-2.093130108547539558e-01,-2.093130108547154311e-01,-2.093130108547528734e-01,-2.093130108547142099e-01,-2.093130108547521795e-01,-2.093130108547131274e-01,-2.093130108547585078e-01,-2.093130108547085755e-01,-2.093130108547598955e-01,-2.093130108547059109e-01,-2.093130108547585633e-01,-2.093130108547124890e-01,-2.093130108547484047e-01,-2.093130108547182344e-01,-2.093130108547443802e-01,-2.093130108547209267e-01,-2.093130108547438528e-01
-2.048853143926396281e-01,-2.048853143926692710e-01,-2.048853143926352427e-01,-2.048853143926725739e-01,-2.048853143926356035e-01,-2.048853143926710751e-01,-2.048853143926324116e-01,-2.048853143926726017e-01,-2.048853143926316067e-01,-2.048853143926781528e-01,-2.048853143926284703e-01,-2.048853143926798182e-01,-2.048853143926241960e-01,-2.048853143926794018e-01,-2.048853143926294140e-01,-2.048853143926677167e-01,-2.048853143926375742e-01,-2.048853143926633036e-01,-2.048853143926391562e-01,-2.048853143926630815e-01
-2.020175813953671851e-01,-2.020175813953963284e-01,-2.020175813953617450e-01,-2.020175813953990207e-01,-2.020175813953636879e-01,-2.020175813953979660e-01,-2.020175813953586363e-01,-2.020175813954007138e-01,-2.020175813953577482e-01,-2.020175813954048216e-01,-2.020175813953563326e-01,-2.020175813954064870e-01,-2.020175813953508648e-01,-2.020175813954070143e-01,-2.020175813953542510e-01,-2.020175813953956623e-01,-2.020175813953639932e-01,-2.020175813953915822e-01,-2.020175813953657973e-01,-2.020175813953908328e-01
-1.989348194072044496e-01,-1.989348194072342035e-01,-1.989348194071992315e-01,-1.989348194072367015e-01,-1.989348194072027010e-01,-1.989348194072356191e-01,-1.989348194071967613e-01,-1.989348194072398379e-01,-1.989348194071945963e-01,-1.989348194072428078e-01,-1.989348194071943188e-01,-1.989348194072446674e-01,-1.989348194071895448e-01,-1.989348194072448339e-01,-1.989348194071909881e-01,-1.989348194072350640e-01,-1.989348194072012854e-01,-1.989348194072307341e-01,-1.989348194072029785e-01,-1.989348194072296794e-01
-1.968118278129001308e-01,-1.968118278129301624e-01,-1.968118278128956067e-01,-1.968118278129333265e-01,-1.968118278128989651e-01,-1.968118278129325771e-01,-1.968118278128929699e-01,-1.968118278129369347e-01,-1.968118278128896670e-01,-1.968118278129385168e-01,-1.968118278128904997e-01,-1.968118278129398768e-01,-1.968118278128868082e-01,-1.968118278129404874e-01,-1.968118278128866971e-01,-1.968118278129339094e-01,-1.968118278128961340e-01,-1.968118278129292187e-01,-1.968118278128991872e-01,-1.968118278129270815e-01
-1.947437289183739928e-01,-1.947437289184048570e-01,-1.947437289183707732e-01,-1.947437289184087428e-01,-1.947437289183740483e-01,-1.947437289184083264e-01,-1.947437289183687192e-01,-1.947437289184126841e-01,-1.947437289183637510e-01,-1.947437289184137110e-01,-1.947437289183651110e-01,-1.947437289184145159e-01,-1.947437289183636677e-01,-1.947437289184146547e-01,-1.947437289183630016e-01,-1.947437289184115738e-01,-1.947437289183699405e-01,-1.947437289184061338e-01,-1.947437289183736875e-01,-1.947437289184032472e-01
-1.930181447214640023e-01,-1.930181447214953383e-01,-1.930181447214620594e-01,-1.930181447215000845e-01,-1.930181447214637802e-01,-1.930181447215004176e-01,-1.930181447214592838e-01,-1.930181447215039148e-01,-1.930181447214538992e-01,-1.930181447215041923e-01,-1.930181447214550650e-01,-1.930181447215040536e-01,-1.930181447214558976e-01,-1.930181447215043034e-01,-1.930181447214548429e-01,-1.930181447215051915e-01,-1.930181447214585622e-01,-1.930181447214991686e-01,-1.930181447214639467e-01,-1.930181447214954493e-01
-1.907316986442265938e-01,-1.907316986442592621e-01,-1.907316986442262052e-01,-1.907316986442636753e-01,-1.907316986442269824e-01,-1.907316986442647855e-01,-1.907316986442231799e-01,-1.907316986442680329e-01,-1.907316986442175177e-01,-1.907316986442687268e-01,-1.907316986442179341e-01,-1.907316986442673112e-01,-1.907316986442212370e-01,-1.907316986442667284e-01,-1.907316986442207929e-01,-1.907316986442706974e-01,-1.907316986442210149e-01,-1.907316986442643691e-01,-1.907316986442261775e-01,-1.907316986442602058e-01
-1.871438617870808119e-01,-1.871438617871145627e-01,-1.871438617870814225e-01,-1.871438617871185872e-01,-1.871438617870808396e-01,-1.871438617871202248e-01,-1.871438617870772592e-01,-1.871438617871234444e-01,-1.871438617870729570e-01,-1.871438617871237775e-01,-1.871438617870724852e-01,-1.871438617871213905e-01,-1.871438617870771481e-01,-1.871438617871203358e-01,-1.871438617870767596e-01,-1.871438617871266086e-01,-1.871438617870740673e-01,-1.871438617871211130e-01,-1.871438617870794519e-01,-1.871438617871166166e-01
-1.821714646575769980e-01,-1.821714646576141627e-01,-1.821714646575791907e-01,-1.821714646576162722e-01,-1.821714646575779695e-01,-1.821714646576187424e-01,-1.821714646575749164e-01,-1.821714646576212127e-01,-1.821714646575719465e-01,-1.821714646576223506e-01,-1.821714646575708363e-01,-1.821714646576194085e-01,-1.821714646575756102e-01,-1.821714646576172436e-01,-1.821714646575757768e-01,-1.821714646576238494e-01,-1.821714646575713914e-01,-1.821714646576202690e-01,-1.821714646575749441e-01,-1.821714646576159391e-01
-1.757568595938018841e-01,-1.757568595938408806e-01,-1.757568595938046596e-01,-1.757568595938413802e-01,-1.757568595938024947e-01,-1.757568595938440448e-01,-1.757568595937988587e-01,-1.757568595938465983e-01,-1.757568595937984146e-01,-1.757568595938474032e-01,-1.757568595937969991e-01,-1.757568595938445444e-01,-1.757568595938011347e-01,-1.757568595938416856e-01,-1.757568595938009404e-01,-1.757568595938475975e-01,-1.757568595937960554e-01,-1.757568595938468481e-01,-1.757568595937984979e-01,-1.757568595938429623e-01
-1.697983970295702527e-01,-1.697983970296122747e-01,-1.697983970295736667e-01,-1.697983970296110812e-01,-1.697983970295718070e-01,-1.697983970296135237e-01,-1.697983970295681433e-01,-1.697983970296153278e-01,-1.697983970295686429e-01,-1.697983970296171319e-01,-1.697983970295681710e-01,-1.697983970296148004e-01,-1.697983970295706135e-01,-1.697983970296111089e-01,-1.697983970295705025e-01,-1.697983970296150502e-01,-1.697983970295663392e-01,-1.697983970296174372e-01,-1.697983970295660616e-01,-1.697983970296139122e-01
-1.646685145068016720e-01,-1.646685145068446932e-01,-1.646685145068043921e-01,-1.646685145068435829e-01,-1.646685145068025047e-01,-1.646685145068451650e-01,-1.646685145067992018e-01,-1.646685145068457201e-01,-1.646685145068005618e-01,-1.646685145068477740e-01,-1.646685145068012834e-01,-1.646685145068459699e-01,-1.646685145068020328e-01,-1.646685145068428890e-01,-1.646685145068012002e-01,-1.646685145068447209e-01,-1.646685145067977585e-01,-1.646685145068497447e-01,-1.646685145067962042e-01,-1.646685145068467193e-01
-1.620302622837654360e-01,-1.620302622838104278e-01,-1.620302622837680173e-01,-1.620302622838093731e-01,-1.620302622837674622e-01,-1.620302622838097339e-01,-1.620302622837642981e-01,-1.620302622838095952e-01,-1.620302622837652418e-01,-1.620302622838122875e-01,-1.620302622837671847e-01,-1.620302622838108442e-01,-1.620302622837667961e-01,-1.620302622838085960e-01,-1.620302622837659079e-01,-1.620302622838084017e-01,-1.620302622837637430e-01,-1.620302622838143414e-01,-1.620302622837600515e-01,-1.620302622838123707e-01
-1.600065242235296503e-01,-1.600065242235749197e-01,-1.600065242235308716e-01,-1.600065242235755303e-01,-1.600065242235309548e-01,-1.600065242235739760e-01,-1.600065242235285956e-01,-1.600065242235731156e-01,-1.600065242235296226e-01,-1.600065242235750862e-01,-1.600065242235322871e-01,-1.600065242235742813e-01,-1.600065242235307883e-01,-1.600065242235741980e-01,-1.600065242235298446e-01,-1.600065242235729213e-01,-1.600065242235282903e-01,-1.600065242235782781e-01,-1.600065242235244878e-01,-1.600065242235777507e-01
-1.583884454051210089e-01,-1.583884454051684432e-01,-1.583884454051212309e-01,-1.583884454051688873e-01,-1.583884454051229518e-01,-1.583884454051657231e-01,-1.583884454051217583e-01,-1.583884454051648349e-01,-1.583884454051220081e-01,-1.583884454051662782e-01,-1.583884454051247836e-01,-1.583884454051663337e-01,-1.583884454051229240e-01,-1.583884454051673885e-01,-1.583884454051224244e-01,-1.583884454051660839e-01,-1.583884454051212864e-01,-1.583884454051692758e-01,-1.583884454051170954e-01,-1.583884454051703305e-01
-1.540892654689037244e-01,-1.540892654689524355e-01,-1.540892654689029750e-01,-1.540892654689527963e-01,-1.540892654689054730e-01,-1.540892654689487440e-01,-1.540892654689054730e-01,-1.540892654689479946e-01,-1.540892654689060837e-01,-1.540892654689479113e-01,-1.540892654689079155e-01,-1.540892654689492713e-01,-1.540892654689063057e-01,-1.540892654689511310e-01,-1.540892654689053620e-01,-1.540892654689502705e-01,-1.540892654689047792e-01,-1.540892654689512420e-01,-1.540892654689019481e-01,-1.540892654689536012e-01
-1.482049202016275380e-01,-1.482049202016791634e-01,-1.482049202016265110e-01,-1.482049202016778588e-01,-1.482049202016292588e-01,-1.482049202016735290e-01,-1.482049202016313405e-01,-1.482049202016727518e-01,-1.482049202016316181e-01,-1.482049202016718081e-01,-1.482049202016328115e-01,-1.482049202016742506e-01,-1.482049202016310629e-01,-1.482049202016759160e-01,-1.482049202016298417e-01,-1.482049202016761380e-01,-1.482049202016300082e-01,-1.482049202016752776e-01,-1.482049202016281764e-01,-1.482049202016779421e-01
-1.401285568909015899e-01,-1.401285568909536317e-01,-1.401285568908999524e-01,-1.401285568909518275e-01,-1.401285568909024504e-01,-1.401285568909477752e-01,-1.401285568909053647e-01,-1.401285568909471091e-01,-1.401285568909069468e-01,-1.401285568909451107e-01,-1.401285568909064749e-01,-1.401285568909480250e-01,-1.401285568909053647e-01,-1.401285568909493295e-01,-1.401285568909028945e-01,-1.401285568909504120e-01,-1.401285568909036439e-01,-1.401285568909488299e-01,-1.401285568909039492e-01,-1.401285568909511337e-01
-1.338971026131550168e-01,-1.338971026132076136e-01,-1.338971026131535735e-01,-1.338971026132050046e-01,-1.338971026131557940e-01,-1.338971026132025621e-01,-1.338971026131591802e-01,-1.338971026132012576e-01,-1.338971026131609288e-01,-1.338971026131995645e-01,-1.338971026131595965e-01,-1.338971026132022846e-01,-1.338971026131584585e-01,-1.338971026132023123e-01,-1.338971026131562103e-01,-1.338971026132043662e-01,-1.338971026131572373e-01,-1.338971026132021180e-01,-1.338971026131585418e-01,-1.338971026132033115e-01
-1.297130571226967899e-01,-1.297130571227480544e-01,-1.297130571226953188e-01,-1.297130571227464446e-01,-1.297130571226970674e-01,-1.297130571227448625e-01,-1.297130571226999263e-01,-1.297130571227432250e-01,-1.297130571227024520e-01,-1.297130571227420037e-01,-1.297130571227002593e-01,-1.297130571227435303e-01,-1.297130571226992324e-01,-1.297130571227435025e-01,-1.297130571226965678e-01,-1.297130571227455287e-01,-1.297130571226980389e-01,-1.297130571227435858e-01,-1.297130571227000928e-01,-1.297130571227434470e-01
-1.301101152209631351e-01,-1.301101152210129563e-01,-1.301101152209618861e-01,-1.301101152210123457e-01,-1.301101152209636902e-01,-1.301101152210114298e-01,-1.301101152209653278e-01,-1.301101152210096257e-01,-1.301101152209673262e-01,-1.301101152210104028e-01,-1.301101152209655498e-01,-1.301101152210098477e-01,-1.301101152209643563e-01,-1.301101152210097089e-01,-1.301101152209630241e-01,-1.301101152210113188e-01,-1.301101152209638567e-01,-1.301101152210093759e-01,-1.301101152209647727e-01,-1.301101152210082379e-01
-1.316181722699370504e-01,-1.316181722699840129e-01,-1.316181722699356071e-01,-1.316181722699854006e-01,-1.316181722699368006e-01,-1.316181722699842349e-01,-1.316181722699368284e-01,-1.316181722699834578e-01,-1.316181722699383549e-01,-1.316181722699850121e-01,-1.316181722699370504e-01,-1.316181722699827361e-01,-1.316181722699363565e-01,-1.316181722699832635e-01,-1.316181722699360235e-01,-1.316181722699836243e-01,-1.316181722699359957e-01,-1.316181722699823198e-01,-1.316181722699358569e-01,-1.316181722699810153e-01
-1.335503869864178572e-01,-1.335503869864628768e-01,-1.335503869864166637e-01,-1.335503869864650972e-01,-1.335503869864168025e-01,-1.335503869864640147e-01,-1.335503869864160253e-01,-1.335503869864643200e-01,-1.335503869864158866e-01,-1.335503869864670123e-01,-1.335503869864162196e-01,-1.335503869864635984e-01,-1.335503869864156090e-01,-1.335503869864639037e-01,-1.335503869864170245e-01,-1.335503869864634319e-01,-1.335503869864161641e-01,-1.335503869864628212e-01,-1.335503869864140547e-01,-1.335503869864614057e-01
-1.313110842696357805e-01,-1.313110842696789127e-01,-1.313110842696343372e-01,-1.313110842696817160e-01,-1.313110842696332270e-01,-1.313110842696807723e-01,-1.313110842696318670e-01,-1.313110842696827152e-01,-1.313110842696312286e-01,-1.313110842696843528e-01,-1.313110842696323111e-01,-1.313110842696811886e-01,-1.313110842696326441e-01,-1.313110842696814662e-01,-1.313110842696341429e-01,-1.313110842696801339e-01,-1.313110842696325609e-01,-1.313110842696808556e-01,-1.313110842696301739e-01,-1.313110842696798286e-01
-1.262905043948022721e-01,-1.262905043948446826e-01,-1.262905043948005512e-01,-1.262905043948465977e-01,-1.262905043947984696e-01,-1.262905043948465700e-01,-1.262905043947971095e-01,-1.262905043948496231e-01,-1.262905043947953332e-01,-1.262905043948500949e-01,-1.262905043947974704e-01,-1.262905043948485129e-01,-1.262905043947981087e-01,-1.262905043948474304e-01,-1.262905043947999406e-01,-1.262905043948460149e-01,-1.262905043947986639e-01,-1.262905043948472084e-01,-1.262905043947961936e-01,-1.262905043948464034e-01
-1.176288921531256498e-01,-1.176288921531682130e-01,-1.176288921531243176e-01,-1.176288921531695592e-01,-1.176288921531211812e-01,-1.176288921531707110e-01,-1.176288921531193354e-01,-1.176288921531745135e-01,-1.176288921531181419e-01,-1.176288921531729037e-01,-1.176288921531198350e-01,-1.176288921531728898e-01,-1.176288921531214032e-01,-1.176288921531708637e-01,-1.176288921531222775e-01,-1.176288921531696563e-01,-1.176288921531213477e-01,-1.176288921531714049e-01,-1.176288921531208620e-01,-1.176288921531705167e-01
-1.100816414701136781e-01,-1.100816414701579066e-01,-1.100816414701137613e-01,-1.100816414701577955e-01,-1.100816414701100282e-01,-1.100816414701609458e-01,-1.100816414701076967e-01,-1.100816414701643181e-01,-1.100816414701069890e-01,-1.100816414701623336e-01,-1.100816414701081408e-01,-1.100816414701632079e-01,-1.100816414701097090e-01,-1.100816414701604046e-01,-1.100816414701098894e-01,-1.100816414701596413e-01,-1.100816414701103751e-01,-1.100816414701601964e-01,-1.100816414701108609e-01,-1.100816414701594192e-01
-1.036195912173749206e-01,-1.036195912174200928e-01,-1.036195912173762945e-01,-1.036195912174195238e-01,-1.036195912173727279e-01,-1.036195912174233402e-01,-1.036195912173690503e-01,-1.036195912174265599e-01,-1.036195912173698275e-01,-1.036195912174247835e-01,-1.036195912173698691e-01,-1.036195912174251998e-01,-1.036195912173714928e-01,-1.036195912174232570e-01,-1.036195912173711459e-01,-1.036195912174225908e-01,-1.036195912173725475e-01,-1.036195912174217026e-01,-1.036195912173739492e-01,-1.036195912174212169e-01
-1.009537344325929092e-01,-1.009537344326397468e-01,-1.009537344325948938e-01,-1.009537344326382896e-01,-1.009537344325929370e-01,-1.009537344326423697e-01,-1.009537344325889957e-01,-1.009537344326442848e-01,-1.009537344325896618e-01,-1.009537344326447428e-01,-1.009537344325896896e-01,-1.009537344326437436e-01,-1.009537344325904390e-01,-1.009537344326430913e-01,-1.009537344325906749e-01,-1.009537344326425501e-01,-1.009537344325921321e-01,-1.009537344326400660e-01,-1.009537344325931313e-01,-1.009537344326404268e-01
-9.873307659655344848e-02,-9.873307659660097990e-02,-9.873307659655461421e-02,-9.873307659659996682e-02,-9.873307659655440605e-02,-9.873307659660196522e-02,-9.873307659655125579e-02,-9.873307659660365831e-02,-9.873307659655172763e-02,-9.873307659660550406e-02,-9.873307659655156110e-02,-9.873307659660357505e-02,-9.873307659655139457e-02,-9.873307659660468527e-02,-9.873307659655215784e-02,-9.873307659660347790e-02,-9.873307659655305990e-02,-9.873307659660049418e-02,-9.873307659655376767e-02,-9.873307659660165991e-02
-9.709728789425514650e-02,-9.709728789430394080e-02,-9.709728789425488282e-02,-9.709728789430291385e-02,-9.709728789425582651e-02,-9.709728789430316365e-02,-9.709728789425496609e-02,-9.709728789430403795e-02,-9.709728789425429996e-02,-9.709728789430722984e-02,-9.709728789425452200e-02,-9.709728789430510654e-02,-9.709728789425307871e-02,-9.709728789430664697e-02,-9.709728789425463302e-02,-9.709728789430524531e-02,-9.709728789425439710e-02,-9.709728789430226159e-02,-9.709728789425484119e-02,-9.709728789430389917e-02
-9.288346793999902040e-02,-9.288346794004880003e-02,-9.288346793999655016e-02,-9.288346794004873064e-02,-9.288346793999804896e-02,-9.288346794004694040e-02,-9.288346793999946449e-02,-9.288346794004798124e-02,-9.288346793999821549e-02,-9.288346794005038209e-02,-9.288346793999811835e-02,-9.288346794004964657e-02,-9.288346793999659179e-02,-9.288346794005082618e-02,-9.288346793999732731e-02,-9.288346794004941065e-02,-9.288346793999724405e-02,-9.288346794004716245e-02,-9.288346793999752160e-02,-9.288346794004857798e-02
-8.790192341155836364e-02,-8.790192341160955880e-02,-8.790192341155607381e-02,-8.790192341161039147e-02,-8.790192341155725342e-02,-8.790192341160850409e-02,-8.790192341156054245e-02,-8.790192341160861511e-02,-8.790192341155900202e-02,-8.790192341160946166e-02,-8.790192341155844691e-02,-8.790192341161025269e-02,-8.790192341155678157e-02,-8.790192341160994738e-02,-8.790192341155736444e-02,-8.790192341160965595e-02,-8.790192341155746159e-02,-8.790192341160851797e-02,-8.790192341155761424e-02,-8.790192341160832368e-02
-8.146351285306407952e-02,-8.146351285311773105e-02,-8.146351285306258072e-02,-8.146351285311949353e-02,-8.146351285306345502e-02,-8.146351285311805024e-02,-8.146351285306725754e-02,-8.146351285311743962e-02,-8.146351285306623058e-02,-8.146351285311634327e-02,-8.146351285306460688e-02,-8.146351285311780044e-02,-8.146351285306381584e-02,-8.146351285311671797e-02,-8.146351285306366319e-02,-8.146351285311750900e-02,-8.146351285306412116e-02,-8.146351285311777268e-02,-8.146351285306466239e-02,-8.146351285311626000e-02
-7.598567800622646473e-02,-7.598567800628130975e-02,-7.598567800622700597e-02,-7.598567800628275304e-02,-7.598567800622729740e-02,-7.598567800628340529e-02,-7.598567800622968438e-02,-7.598567800628153179e-02,-7.598567800622972601e-02,-7.598567800627979707e-02,-7.598567800622774149e-02,-7.598567800628094893e-02,-7.598567800622783863e-02,-7.598567800628029667e-02,-7.598567800622746393e-02,-7.598567800628097668e-02,-7.598567800622801904e-02,-7.598567800628248936e-02,-7.598567800622783863e-02,-7.598567800628024116e-02
-7.051044881633974915e-02,-7.051044881639406681e-02,-7.051044881634124795e-02,-7.051044881639499662e-02,-7.051044881634092876e-02,-7.051044881639662032e-02,-7.051044881634131734e-02,-7.051044881639483008e-02,-7.051044881634231654e-02,-7.051044881639406681e-02,-7.051044881634072059e-02,-7.051044881639381701e-02,-7.051044881634171979e-02,-7.051044881639399742e-02,-7.051044881634145611e-02,-7.051044881639381701e-02,-7.051044881634090100e-02,-7.051044881639563500e-02,-7.051044881634135897e-02,-7.051044881639489947e-02
-6.597589396195883971e-02,-6.597589396201192224e-02,-6.597589396195967237e-02,-6.597589396201229694e-02,-6.597589396195896461e-02,-6.597589396201404555e-02,-6.597589396195777112e-02,-6.597589396201328227e-02,-6.597589396195883971e-02,-6.597589396201364309e-02,-6.597589396195896461e-02,-6.597589396201196388e-02,-6.597589396196029687e-02,-6.597589396201299083e-02,-6.597589396195983891e-02,-6.597589396201204714e-02,-6.597589396195815969e-02,-6.597589396201325451e-02,-6.597589396195910338e-02,-6.597589396201404555e-02
-6.116138062604876968e-02,-6.116138062610238652e-02,-6.116138062604847825e-02,-6.116138062610226855e-02,-6.116138062604811049e-02,-6.116138062610251142e-02,-6.116138062604611902e-02,-6.116138062610385062e-02,-6.116138062604652842e-02,-6.116138062610473186e-02,-6.116138062604812436e-02,-6.116138062610287224e-02,-6.116138062604848519e-02,-6.116138062610402409e-02,-6.116138062604822151e-02,-6.116138062610269183e-02,-6.116138062604652148e-02,-6.116138062610223386e-02,-6.116138062604802028e-02,-6.116138062610436410e-02
-5.721914713570241257e-02,-5.721914713575637634e-02,-5.721914713570197542e-02,-5.721914713575607103e-02,-5.721914713570158684e-02,-5.721914713575610573e-02,-5.721914713570028926e-02,-5.721914713575790984e-02,-5.721914713569953292e-02,-5.721914713575842332e-02,-5.721914713570145500e-02,-5.721914713575775024e-02,-5.721914713570095540e-02,-5.721914713575750738e-02,-5.721914713570032396e-02,-5.721914713575716044e-02,-5.721914713570003252e-02,-5.721914713575563388e-02,-5.721914713570150357e-02,-5.721914713575672329e-02
-5.294751553972509850e-02,-5.294751553978119946e-02,-5.294751553972484870e-02,-5.294751553978169906e-02,-5.294751553972511238e-02,-5.294751553978149089e-02,-5.294751553972531360e-02,-5.294751553978282316e-02,-5.294751553972380786e-02,-5.294751553978290642e-02,-5.294751553972391195e-02,-5.294751553978328112e-02,-5.294751553972347480e-02,-5.294751553978210151e-02,-5.294751553972285724e-02,-5.294751553978251091e-02,-5.294751553972425195e-02,-5.294751553978154640e-02,-5.294751553972532054e-02,-5.294751553978024189e-02
-4.906162522387066266e-02,-4.906162522392638198e-02,-4.906162522387083613e-02,-4.906162522392821385e-02,-4.906162522387200187e-02,-4.906162522392793629e-02,-4.906162522387273739e-02,-4.906162522392769343e-02,-4.906162522387101654e-02,-4.906162522392797792e-02,-4.906162522386928182e-02,-4.906162522392856773e-02,-4.906162522386934427e-02,-4.906162522392761016e-02,-4.906162522386967040e-02,-4.906162522392808201e-02,-4.906162522387220309e-02,-4.906162522392819997e-02,-4.906162522387196717e-02,-4.906162522392498032e-02
-4.363915844968989377e-02,-4.363915844974521757e-02,-4.363915844968941499e-02,-4.363915844974721597e-02,-4.363915844969064317e-02,-4.363915844974711883e-02,-4.363915844969118440e-02,-4.363915844974602942e-02,-4.363915844969058072e-02,-4.363915844974682740e-02,-4.363915844968798557e-02,-4.363915844974677882e-02,-4.363915844968884600e-02,-4.363915844974757680e-02,-4.363915844968958152e-02,-4.363915844974643882e-02,-4.363915844969110808e-02,-4.363915844974732006e-02,-4.363915844969103175e-02,-4.363915844974538411e-02
-3.830483660286079090e-02,-3.830483660291465753e-02,-3.830483660285929903e-02,-3.830483660291634368e-02,-3.830483660285972924e-02,-3.830483660291560816e-02,-3.830483660285987496e-02,-3.830483660291483100e-02,-3.830483660286034681e-02,-3.830483660291556652e-02,-3.830483660285931985e-02,-3.830483660291543468e-02,-3.830483660285904229e-02,-3.830483660291705145e-02,-3.830483660286040232e-02,-3.830483660291535142e-02,-3.830483660285992353e-02,-3.830483660291552489e-02,-3.830483660286065906e-02,-3.830483660291548326e-02
-3.293153894798804548e-02,-3.293153894804678322e-02,-3.293153894798664383e-02,-3.293153894804697751e-02,-3.293153894798577647e-02,-3.293153894804634607e-02,-3.293153894798574871e-02,-3.293153894804669995e-02,-3.293153894798647729e-02,-3.293153894804620035e-02,-3.293153894798733078e-02,-3.293153894804704690e-02,-3.293153894798615811e-02,-3.293153894804771303e-02,-3.293153894798615117e-02,-3.293153894804683873e-02,-3.293153894798554054e-02,-3.293153894804558279e-02,-3.293153894798686587e-02,-3.293153894804715098e-02
