0.000000000000000000e+00 1.705945726100783211e-01
6.726031202914423135e-02 3.575209298049387141e-01
1.345206240582884627e-01 1.404161944902870274e-01
2.017809360874326940e-01 2.126223550272776097e-01
2.690412481165769254e-01 2.927461542245435311e-01
3.363015601457211567e-01 3.744509226394515666e-01
4.035618721748653881e-01 3.020570745772759302e-01
4.708221842040096194e-01 2.396350634194680529e-01
5.380824962331538508e-01 2.795818423015179466e-01
6.053428082622981377e-01 1.953389722510852355e-01
6.726031202914423135e-01 2.680125704088656136e-01
7.398634323205864893e-01 3.860842582663904787e-01
8.071237443497307762e-01 2.056819749895449634e-01
8.743840563788750631e-01 2.429967159946072319e-01
9.416443684080192389e-01 2.604292435929721483e-01
1.008904680437163526e+00 2.187326310874979918e-01
1.076164992466307702e+00 1.223689966834807519e-01
1.143425304495452099e+00 -3.861966050277962359e-02
1.210685616524596275e+00 -1.211483333142853169e-01
1.277945928553740451e+00 -2.314942664704921493e-01
1.345206240582884627e+00 -2.567627677325612368e-01
1.412466552612029025e+00 -3.695732155346934111e-01
1.479726864641172979e+00 -2.339191776893859154e-01
1.546987176670317377e+00 -2.947216216652505105e-01
1.614247488699461552e+00 -1.815074953039036432e-01
1.681507800728605950e+00 -1.649382886480789401e-01
1.748768112757750126e+00 -1.341488253031797306e-01
1.816028424786894302e+00 -2.104701857059187442e-01
1.883288736816038478e+00 -1.251452150091250382e-01
1.950549048845182876e+00 -6.636493905446978758e-02
2.017809360874327052e+00 -1.196167203227086889e-01
2.085069672903471449e+00 -1.246309518472043382e-01
2.152329984932615403e+00 -2.103273639723064192e-01
2.219590296961759801e+00 -1.415659777677174547e-01
2.286850608990904199e+00 -1.607968275658938351e-01
2.354110921020048153e+00 -2.146662244779469486e-01
2.421371233049192551e+00 -9.659303917488248903e-02
2.488631545078336949e+00 -1.432203009718901188e-01
2.555891857107480902e+00 -2.436437578319888275e-01
2.623152169136625300e+00 -2.085521261967530349e-01
2.690412481165769254e+00 -1.676430536855411380e-01
2.757672793194913652e+00 -1.092480598792175822e-01
2.824933105224058050e+00 -1.226841504185253867e-01
2.892193417253202004e+00 -2.228082542768397567e-01
2.959453729282345957e+00 -4.325435858745373396e-01
3.026714041311490799e+00 -6.336072557314339493e-01
3.093974353340634753e+00 -7.546049255545729251e-01
3.161234665369779151e+00 -7.658385444575451784e-01
3.228494977398923105e+00 -6.377361365045869368e-01
3.295755289428067503e+00 -5.706468368934061175e-01
3.363015601457211901e+00 -4.106317627928445790e-01
3.430275913486355854e+00 -4.099395562904875057e-01
3.497536225515500252e+00 -1.883977639565224682e-01
3.564796537544644650e+00 -1.312450000058622002e-01
3.632056849573788604e+00 -2.087817549388874816e-01
3.699317161602933002e+00 -7.660095151829139637e-02
3.766577473632076956e+00 -1.079119237657569230e-01
3.833837785661221798e+00 -1.523302392436681474e-01
3.901098097690365751e+00 -1.743695565008762105e-01
3.968358409719509705e+00 -2.766485386359339715e-01
4.035618721748654103e+00 -2.648732939444057854e-01
4.102879033777798057e+00 -3.058267880620432755e-01
4.170139345806942899e+00 -1.743428633270731332e-01
4.237399657836086853e+00 -2.617943323153412161e-01
4.304659969865230806e+00 -1.537946895831354965e-01
4.371920281894374760e+00 -2.536073154866089197e-02
4.439180593923519602e+00 4.105087021188648377e-02
4.506440905952664444e+00 1.166021479554095186e-01
4.573701217981808398e+00 2.254824571998242100e-01
4.640961530010952352e+00 4.373666081186612931e-01
4.708221842040096305e+00 3.234835868345122822e-01
4.775482154069240259e+00 4.271545855164753935e-01
4.842742466098385101e+00 2.637382540268992104e-01
4.910002778127529055e+00 2.728965616465723887e-01
4.977263090156673897e+00 2.374563079354961581e-01
5.044523402185817851e+00 3.190985086671679904e-01
5.111783714214961805e+00 2.278884767845211212e-01
5.179044026244105758e+00 2.429657908051607515e-02
5.246304338273250600e+00 1.904038966241391323e-02
5.313564650302394554e+00 -1.428222557884266664e-01
5.380824962331538508e+00 -2.537331248225243793e-02
5.448085274360682462e+00 -1.140691094055319155e-01
5.515345586389827304e+00 5.204385894831115023e-02
5.582605898418972146e+00 1.018635523971101603e-01
5.649866210448116099e+00 2.006854640505992826e-01
5.717126522477260053e+00 3.474375672935878789e-01
5.784386834506404007e+00 2.896809320554087908e-01
5.851647146535547961e+00 3.093008389705750316e-01
5.918907458564691915e+00 1.863249220687083207e-01
5.986167770593836757e+00 7.151962259403704669e-02
6.053428082622981599e+00 5.764813482560472019e-02
6.120688394652125552e+00 9.726550895364813321e-02
6.187948706681269506e+00 1.286341447269297167e-01
6.255209018710413460e+00 -4.009744983477166766e-04
6.322469330739558302e+00 9.980029920841634872e-02
6.389729642768702256e+00 1.463182571237270080e-01
6.456989954797846210e+00 1.323603997971478097e-01
6.524250266826991052e+00 1.910715284594420582e-01
6.591510578856135005e+00 1.929438263014686405e-01
6.658770890885279847e+00 3.052033797253801417e-01
6.726031202914423801e+00 3.037084636747021116e-01
6.793291514943567755e+00 3.474119608502913570e-01
6.860551826972711709e+00 2.388858735107297071e-01
6.927812139001855662e+00 2.126443426303565865e-01
6.995072451031000504e+00 2.283853509344514476e-01
7.062332763060145346e+00 1.913324991986132262e-01
7.129593075089289300e+00 2.357223960358980075e-01
7.196853387118433254e+00 2.781212868383898251e-01
7.264113699147577208e+00 2.146314380803860666e-01
7.331374011176721162e+00 2.029446119300365448e-01
7.398634323205866004e+00 2.523407179167371783e-01
7.465894635235009957e+00 2.948251600191854616e-01
7.533154947264153911e+00 1.914754721902843793e-01
7.600415259293298753e+00 2.568393228376096848e-01
7.667675571322443595e+00 2.543480514694590466e-01
7.734935883351587549e+00 3.306822266274976330e-01
7.802196195380731503e+00 2.789368092969399249e-01
7.869456507409875456e+00 2.469923749517540512e-01
7.936716819439019410e+00 2.152873856464239122e-01
8.003977131468163364e+00 1.630736839438651498e-01
8.071237443497308206e+00 -1.842295387254785921e-02
8.138497755526451272e+00 -1.397964080901584472e-01
8.205758067555596114e+00 -1.692116780035028967e-01
8.273018379584740956e+00 -3.731104965531097384e-01
8.340278691613885798e+00 -2.286385411452460381e-01
8.407539003643030640e+00 -1.948973473882744667e-01
8.474799315672173705e+00 4.472832747178504442e-04
8.542059627701318547e+00 3.090673497102936484e-01
8.609319939730461613e+00 2.784746040225463126e-01
8.676580251759606455e+00 3.352683395911917885e-01
8.743840563788749520e+00 3.009730837374524071e-01
8.811100875817894362e+00 1.567299652839538315e-01
8.878361187847039204e+00 -1.091174070586280603e-01
8.945621499876182270e+00 -2.158641376723845484e-01
9.012881811905328888e+00 -1.241794434990153434e-01
9.080142123934471954e+00 -2.760597781776714110e-01
9.147402435963616796e+00 -2.427384606068534179e-01
9.214662747992759861e+00 -3.835329672856634953e-01
9.281923060021904703e+00 -4.112640295211201780e-01
9.349183372051047769e+00 -3.595920106434102870e-01
9.416443684080192611e+00 -3.356358181709840349e-01
9.483703996109337453e+00 -1.295994280269605892e-01
9.550964308138480519e+00 7.940654808797710518e-02
9.618224620167625361e+00 3.023939708445422259e-01
9.685484932196770202e+00 3.075486650249709686e-01
9.752745244225915044e+00 2.170894650267005677e-01
9.820005556255058110e+00 1.895041086093068594e-01
9.887265868284202952e+00 2.525364206234336981e-02
9.954526180313347794e+00 -7.674353328113731054e-02
1.002178649234249086e+01 -1.718103757867526227e-01
1.008904680437163570e+01 -3.890935721638481559e-01
1.015630711640077877e+01 -5.426465284655800358e-01
1.022356742842992361e+01 -4.267303086031264403e-01
1.029082774045906667e+01 -4.182300391695658592e-01
1.035808805248821152e+01 -3.893430171549656094e-01
1.042534836451735636e+01 -3.390947185546405729e-01
1.049260867654650120e+01 -1.948415778062306536e-01
1.055986898857564604e+01 -6.594590463796592972e-02
1.062712930060478911e+01 5.074096771532528999e-02
1.069438961263393395e+01 -1.607606588925111074e-02
1.076164992466307702e+01 1.117906759596103139e-01
1.082891023669222186e+01 1.236030210391695638e-01
1.089617054872136492e+01 1.102009227224746840e-01
1.096343086075050977e+01 -3.666974920731580490e-01
1.103069117277965461e+01 -4.539989214200724765e-01
1.109795148480879767e+01 -4.720304993320966758e-01
1.116521179683794429e+01 -5.995282847532860115e-01
1.123247210886708736e+01 -3.761372912381866773e-01
1.129973242089623220e+01 -5.244828802546336322e-01
1.136699273292537526e+01 -3.757906477713507387e-01
1.143425304495452011e+01 -2.302318666999594310e-01
1.150151335698366495e+01 -2.304422213354664212e-02
1.156877366901280801e+01 5.237297960934902269e-02
1.163603398104195286e+01 1.243093941172091765e-01
1.170329429307109592e+01 1.903045119355288861e-01
1.177055460510024076e+01 1.751784434201898444e-01
1.183781491712938383e+01 -1.951292811782768047e-02
1.190507522915853045e+01 -7.251892246912469697e-02
1.197233554118767351e+01 -3.212476512403611428e-01
1.203959585321681836e+01 -5.048185243694489621e-01
1.210685616524596320e+01 -4.638602007835084806e-01
1.217411647727510626e+01 -4.883194882906423118e-01
1.224137678930425110e+01 -4.081449911689535859e-01
1.230863710133339417e+01 -1.893207844374796556e-01
1.237589741336253901e+01 -1.457902249969735553e-01
1.244315772539168208e+01 6.920274125520103903e-02
1.251041803742082692e+01 2.709048061039176156e-02
1.257767834944997354e+01 1.071914268016116861e-01
1.264493866147911660e+01 1.685218095017091688e-01
1.271219897350826145e+01 1.653678171259022056e-01
1.277945928553740451e+01 2.569123290500928691e-01
1.284671959756654935e+01 1.997885123108323613e-01
1.291397990959569242e+01 1.870179497307583871e-01
1.298124022162483726e+01 2.391642404457799964e-03
1.304850053365398210e+01 -1.632277925011634545e-01
1.311576084568312517e+01 -1.845050125274119990e-01
1.318302115771227001e+01 -2.519106848275800004e-01
1.325028146974141308e+01 -2.170325351051222984e-01
1.331754178177055969e+01 -3.339690405961779907e-01
1.338480209379970276e+01 -2.778483066067720664e-01
1.345206240582884760e+01 -1.330065593820937975e-01
1.351932271785799067e+01 -2.736160264731255995e-02
1.358658302988713551e+01 -1.409968077789355498e-02
1.365384334191628035e+01 1.483512037778013382e-01
1.372110365394542342e+01 1.918354545758041430e-01
1.378836396597456826e+01 3.149852251256404223e-01
1.385562427800371132e+01 4.196317215571379045e-01
1.392288459003285617e+01 2.760565375804470145e-01
1.399014490206200101e+01 2.974828186514232309e-01
1.405740521409114585e+01 2.541063510714750007e-01
1.412466552612029069e+01 1.670460095051988225e-01
1.419192583814943376e+01 1.413285949178981482e-01
1.425918615017857860e+01 2.113361330761322210e-01
1.432644646220772167e+01 2.345633980987466283e-01
1.439370677423686651e+01 2.661007266405334692e-01
1.446096708626600957e+01 3.941705780464746511e-01
1.452822739829515442e+01 3.778233323492675710e-01
1.459548771032429926e+01 4.822929625234747553e-01
1.466274802235344232e+01 4.562580127025152588e-01
1.473000833438258894e+01 4.116575476136665190e-01
1.479726864641173201e+01 3.557503921838590100e-01
1.486452895844087685e+01 1.917126045877263762e-01
1.493178927047001991e+01 3.442470634021885245e-01
1.499904958249916476e+01 2.678002660024744741e-01
1.506630989452830782e+01 6.366250826738385771e-02
1.513357020655745266e+01 4.823152981649751758e-03
1.520083051858659751e+01 -1.158454992210567885e-01
1.526809083061574057e+01 -4.464861305893109283e-02
1.533535114264488719e+01 -9.749869353856366327e-02
1.540261145467402848e+01 1.221323537648210111e-01
1.546987176670317510e+01 2.760111013435049832e-01
1.553713207873231639e+01 3.636459953479031504e-01
1.560439239076146301e+01 3.772702409366961995e-01
1.567165270279060607e+01 2.168310145133981737e-01
1.573891301481975091e+01 2.459665340441893056e-01
1.580617332684889753e+01 6.829597348292643089e-02
1.587343363887803882e+01 -8.376115347017369650e-03
1.594069395090718544e+01 -2.381593638483583270e-02
1.600795426293632673e+01 -2.833755608113698865e-01
1.607521457496547157e+01 -2.633336945588272693e-01
1.614247488699461641e+01 -3.968666220742086415e-01
1.620973519902376125e+01 -4.114508269690124731e-01
1.627699551105290254e+01 -4.284570250859771612e-01
1.634425582308205094e+01 -3.647785889648811342e-01
1.641151613511119223e+01 -3.636141228039835305e-01
1.647877644714033707e+01 -4.863619413297464410e-03
1.654603675916948191e+01 1.154081576346769472e-01
1.661329707119862675e+01 4.018532857461602492e-01
1.668055738322777160e+01 9.901329724469003224e-02
1.674781769525691288e+01 9.269673949304445271e-02
1.681507800728606128e+01 -1.342757298492131268e-01
1.688233831931520257e+01 -9.070251463072415143e-02
1.694959863134434741e+01 -2.190794835837323318e-01
1.701685894337348870e+01 -9.152275205476394226e-02
1.708411925540263709e+01 -1.555447077715124693e-01
1.715137956743177838e+01 -2.148264715475657338e-01
1.721863987946092323e+01 -1.066613934064900987e-01
1.728590019149007162e+01 -1.176815269012214532e-01
1.735316050351921291e+01 -1.890548210051522238e-01
1.742042081554835775e+01 -1.141504728244277234e-01
1.748768112757749904e+01 8.823363114052804046e-02
1.755494143960664744e+01 1.062800969209536789e-01
1.762220175163578872e+01 2.241772453285560962e-01
1.768946206366493357e+01 2.379552138580407483e-01
1.775672237569407841e+01 1.877372505657601276e-01
1.782398268772322325e+01 2.005065855982798850e-01
1.789124299975236454e+01 9.895358001899096090e-02
1.795850331178150938e+01 -1.357448824566891976e-01
1.802576362381065778e+01 -2.303413021485866408e-01
1.809302393583979907e+01 -3.497718369339803957e-01
1.816028424786894391e+01 -3.992135516266406836e-01
1.822754455989808520e+01 -4.183937356437916755e-01
1.829480487192723359e+01 -4.041586601207929896e-01
1.836206518395637488e+01 -1.705216869817663683e-01
1.842932549598551972e+01 -6.831753874955248662e-02
1.849658580801466456e+01 1.454806663214081586e-01
1.856384612004380941e+01 2.631529264066149176e-01
1.863110643207295070e+01 3.749802577578504326e-01
1.869836674410209554e+01 4.714974287688420418e-01
1.876562705613124393e+01 5.900912965526661225e-01
1.883288736816038522e+01 4.083112074450996332e-01
1.890014768018953006e+01 3.411104308191926782e-01
1.896740799221867491e+01 1.297355607411939948e-01
1.903466830424781975e+01 -1.442050774403715319e-01
1.910192861627696104e+01 -2.065179358155500855e-01
1.916918892830610588e+01 -3.372031080007707460e-01
1.923644924033525072e+01 -2.483363902740296225e-01
1.930370955236439556e+01 -1.428840379396764670e-01
1.937096986439354040e+01 -1.780673722264540793e-01
1.943823017642268525e+01 -1.157672185488345662e-01
1.950549048845183009e+01 -3.415751817249865901e-02
1.957275080048097138e+01 -6.147255578899551987e-02
1.964001111251011622e+01 1.081271583806204944e-01
1.970727142453926106e+01 1.168440666928022009e-01
1.977453173656840590e+01 1.784255804625796415e-01
1.984179204859754719e+01 3.622947482582722367e-02
1.990905236062669559e+01 -4.208750903196883941e-02
1.997631267265583688e+01 -1.464295132338071515e-01
2.004357298468498172e+01 -3.527423077048850719e-01
2.011083329671412656e+01 -3.551159800910868580e-01
2.017809360874327140e+01 -5.966178258953541702e-01
2.024535392077241625e+01 -5.668733327620623097e-01
2.031261423280155753e+01 -6.202370359060042082e-01
2.037987454483070238e+01 -4.834883878462651330e-01
2.044713485685984722e+01 -4.143281442957698069e-01
2.051439516888899206e+01 -2.831473309312106390e-01
2.058165548091813335e+01 -2.141178463067807403e-01
2.064891579294728174e+01 -7.872442750902904074e-02
2.071617610497642303e+01 7.849085711672390553e-02
2.078343641700556788e+01 1.155519641421572374e-01
2.085069672903471272e+01 -5.619981628203118279e-02
2.091795704106385756e+01 -2.177270817167484551e-01
2.098521735309300240e+01 -1.600843663740073308e-01
2.105247766512214369e+01 -1.727247882009788627e-01
2.111973797715129209e+01 -2.022521180446087419e-01
2.118699828918043337e+01 -2.669425617959481634e-01
2.125425860120957822e+01 -2.447664365395009201e-01
2.132151891323871951e+01 -1.896832841029205408e-01
2.138877922526786790e+01 -3.402377155512588316e-03
2.145603953729700919e+01 3.295201462724027530e-02
2.152329984932615403e+01 2.007699328568357533e-01
2.159056016135530243e+01 2.743738852749411095e-01
2.165782047338444372e+01 3.372528317131158193e-01
2.172508078541358856e+01 3.109989015597307560e-01
2.179234109744272985e+01 3.820548556607179513e-01
2.185960140947187824e+01 3.467087635167241944e-01
2.192686172150101953e+01 4.696885230826893798e-01
2.199412203353016437e+01 4.930765613409248127e-01
2.206138234555930921e+01 2.918678552729820908e-01
2.212864265758845406e+01 2.648123392458009984e-01
2.219590296961759535e+01 3.105542200974688027e-01
2.226316328164674019e+01 1.790062812383058366e-01
2.233042359367588858e+01 7.168785384212780776e-02
2.239768390570502987e+01 1.820977872916232920e-01
2.246494421773417471e+01 2.974798239694634305e-01
2.253220452976331956e+01 3.659400458374719167e-01
2.259946484179246440e+01 2.673470918004307584e-01
2.266672515382160569e+01 2.740396557791457965e-01
2.273398546585075053e+01 4.087583297947401939e-01
2.280124577787989537e+01 2.060148178797474028e-01
2.286850608990904021e+01 4.798056030830220864e-02
2.293576640193818150e+01 -1.481428047318748831e-01
2.300302671396732990e+01 -6.811022511824454950e-02
2.307028702599647474e+01 -6.417158168395276086e-02
2.313754733802561603e+01 1.697088621016498988e-01
2.320480765005476087e+01 1.246341658734226171e-01
2.327206796208390571e+01 1.694583203122506931e-01
2.333932827411305055e+01 2.852442361278300087e-01
2.340658858614219184e+01 3.120470476457236630e-01
2.347384889817133669e+01 3.261225123397065162e-01
2.354110921020048153e+01 5.479281261484625527e-03
2.360836952222962637e+01 2.276242005923322098e-01
2.367562983425876766e+01 1.800508052536073031e-02
2.374289014628791605e+01 7.913045862842445211e-02
2.381015045831706090e+01 2.620519442786151468e-02
2.387741077034620218e+01 -1.909704553711403519e-01
2.394467108237534703e+01 -2.755158309692478102e-01
2.401193139440449187e+01 -2.300057686118660294e-01
2.407919170643363671e+01 -1.465663517056477461e-01
2.414645201846277800e+01 -1.096799265183683730e-01
2.421371233049192639e+01 -4.043563954685894940e-02
2.428097264252106768e+01 1.084543962960916180e-01
2.434823295455021253e+01 1.723227213323108575e-01
2.441549326657935737e+01 1.198083740353134141e-01
2.448275357860850221e+01 2.349006584200543368e-01
2.455001389063764705e+01 2.033199501288169286e-01
2.461727420266678834e+01 3.249757414635439101e-01
2.468453451469593674e+01 1.321411869476215861e-01
2.475179482672507802e+01 1.851156945376370155e-01
2.481905513875422287e+01 8.775859210043045200e-02
2.488631545078336416e+01 7.818765431950872730e-03
2.495357576281251255e+01 -1.181214424254980466e-01
2.502083607484165384e+01 -2.652804854999620265e-01
2.508809638687079868e+01 -2.557283055010460826e-01
2.515535669889994708e+01 -3.368693750820400679e-01
2.522261701092908837e+01 -3.162048600235366491e-01
2.528987732295823321e+01 -3.515871775954780287e-01
2.535713763498737450e+01 -2.116825566679739479e-01
2.542439794701652289e+01 -1.325091430482938822e-02
2.549165825904566418e+01 -6.765569016043995743e-02
2.555891857107480902e+01 5.207142477492113231e-02
2.562617888310395386e+01 3.211317097571299295e-02
2.569343919513309871e+01 -3.969856839162704681e-02
2.576069950716224000e+01 -7.767680757098078355e-04
2.582795981919138484e+01 -1.458793269049028785e-01
2.589522013122053323e+01 -4.925573841173074008e-02
2.596248044324967452e+01 -1.362646572519115307e-01
2.602974075527881936e+01 -2.952081621096266373e-01
2.609700106730796421e+01 -1.585411255085360516e-01
2.616426137933710905e+01 -3.675805422422021573e-01
2.623152169136625034e+01 -2.380052290422265127e-01
2.629878200339539518e+01 -2.069485976541328986e-01
2.636604231542454002e+01 -1.137894075363116153e-01
2.643330262745368486e+01 -6.515856410244165453e-02
2.650056293948282615e+01 -2.361412523961211804e-02
2.656782325151197099e+01 1.164973589068277471e-01
2.663508356354111939e+01 1.762503664709134388e-01
2.670234387557026068e+01 2.706633599840085336e-01
2.676960418759940552e+01 1.612369232312505229e-01
2.683686449962855036e+01 1.242608170097824621e-01
2.690412481165769520e+01 1.670159580754182194e-01
2.697138512368683649e+01 4.821780797338792030e-02
2.703864543571598134e+01 -2.880177348228215098e-02
2.710590574774512618e+01 -7.692490376442680244e-02
2.717316605977427102e+01 -1.112901821818092774e-01
2.724042637180341231e+01 -4.983995216343865137e-02
2.730768668383256070e+01 -8.555962212754729054e-03
2.737494699586170555e+01 9.137213211645232522e-03
2.744220730789084683e+01 1.735565370765980719e-01
2.750946761991999168e+01 2.302567882744273597e-01
2.757672793194913652e+01 3.573207309034766022e-01
2.764398824397828136e+01 4.426707377814593225e-01
2.771124855600742265e+01 3.390740967579292109e-01
2.777850886803657104e+01 3.650792729671183401e-01
2.784576918006571233e+01 2.012744284317090349e-01
2.791302949209485718e+01 6.719664903909348952e-02
2.798028980412400202e+01 -1.371118842369566382e-01
2.804755011615314686e+01 -2.925485759556266108e-01
2.811481042818229170e+01 -3.272827694444496172e-01
2.818207074021143299e+01 -4.197787866482251551e-01
2.824933105224058139e+01 -3.043058930141701590e-01
2.831659136426972267e+01 -5.978762441800658002e-03
2.838385167629886752e+01 7.945906282095378803e-02
2.845111198832800881e+01 2.291494679007786417e-01
2.851837230035715720e+01 7.097748675832525611e-02
2.858563261238629849e+01 2.392757364626475203e-01
2.865289292441544333e+01 2.470452747104222024e-01
2.872015323644458817e+01 1.725654672719438842e-01
2.878741354847373302e+01 1.206862220648338840e-01
2.885467386050287786e+01 -9.542113017152442644e-02
2.892193417253201915e+01 -1.554278699749045145e-01
2.898919448456116754e+01 -3.308143455452806636e-01
2.905645479659030883e+01 -2.628816946530565524e-01
2.912371510861945367e+01 -8.353298217870484821e-02
2.919097542064859852e+01 6.083127757744155595e-02
2.925823573267774336e+01 3.300151022140052626e-01
2.932549604470688465e+01 4.980224589372989064e-01
2.939275635673602949e+01 7.893916642434412045e-01
2.946001666876517788e+01 7.358918766636973752e-01
2.952727698079431917e+01 7.629819134193965846e-01
2.959453729282346401e+01 5.744482904289164305e-01
2.966179760485260530e+01 4.371188555064067782e-01
2.972905791688175370e+01 3.506099990643757880e-01
2.979631822891089499e+01 2.404398584224967939e-01
2.986357854094003983e+01 7.127769984666854075e-02
2.993083885296918467e+01 -1.375610371276609345e-01
2.999809916499832951e+01 -1.897349188466251058e-01
3.006535947702747080e+01 -4.090441642989210980e-01
3.013261978905661564e+01 -3.312252319755567553e-01
3.019988010108576404e+01 -3.254650576760644287e-01
3.026714041311490533e+01 -2.199317194168448897e-01
3.033440072514405017e+01 -1.294239138675315204e-01
3.040166103717319501e+01 -1.902218725504432884e-01
3.046892134920233985e+01 -9.208839451749684102e-02
3.053618166123148114e+01 -6.205165465565402882e-02
3.060344197326062599e+01 7.568452123242197516e-02
3.067070228528977438e+01 -7.900121875185198150e-02
3.073796259731891212e+01 -1.706835967833473522e-01
3.080522290934805696e+01 -3.879398806163855684e-01
