-1.000000000000001554e+00,-1.000000000000001554e+00,-1.000000000000001554e+00,-1.000000000000001554e+00,-1.000000000000001554e+00,-1.000000000000001554e+00,-1.000000000000001554e+00,-1.000000000000001554e+00,-1.000000000000001554e+00,-1.000000000000001554e+00,-1.000000000000001554e+00,-1.000000000000001554e+00,-1.000000000000001554e+00,-1.000000000000001554e+00,-1.000000000000001554e+00,-1.000000000000001554e+00,-1.000000000000001554e+00,-1.000000000000001554e+00,-1.000000000000001554e+00
-9.997725930546690343e-01,-9.997726580137281660e-01,-9.997726633673429397e-01,-9.997726638656395659e-01,-9.997726639548369931e-01,-9.997726639782272828e-01,-9.997726639860075037e-01,-9.997726639890019973e-01,-9.997726639901941548e-01,-9.997726639905178958e-01,-9.997726639901943768e-01,-9.997726639890019973e-01,-9.997726639860077258e-01,-9.997726639782270608e-01,-9.997726639548367711e-01,-9.997726638656393439e-01,-9.997726633673428287e-01,-9.997726580137284991e-01,-9.997725930546684792e-01
-9.990921493962536815e-01,-9.990931840148994381e-01,-9.990932684664792784e-01,-9.990932762626821839e-01,-9.990932776628757006e-01,-9.990932780314267792e-01,-9.990932781542821717e-01,-9.990932782016183067e-01,-9.990932782204765550e-01,-9.990932782255943501e-01,-9.990932782204777762e-01,-9.990932782016167524e-01,-9.990932781542813945e-01,-9.990932780314278894e-01,-9.990932776628750345e-01,-9.990932762626821839e-01,-9.990932684664779462e-01,-9.990931840149011034e-01,-9.990921493962520161e-01
-9.979639548816221506e-01,-9.979691531775375379e-01,-9.979695707018799711e-01,-9.979696087208032029e-01,-9.979696155894091092e-01,-9.979696174086593041e-01,-9.979696180171572228e-01,-9.979696182521263781e-01,-9.979696183457492653e-01,-9.979696183712266633e-01,-9.979696183458571790e-01,-9.979696182520552128e-01,-9.979696180171269138e-01,-9.979696174087110405e-01,-9.979696155893652554e-01,-9.979696087207700073e-01,-9.979695707018436668e-01,-9.979691531775973790e-01,-9.979639548815388839e-01
-9.963966695357641123e-01,-9.964129268323017596e-01,-9.964142031902166741e-01,-9.964143171944684907e-01,-9.964143379778582776e-01,-9.964143435310560681e-01,-9.964143453972467146e-01,-9.964143461198731178e-01,-9.964143464077677148e-01,-9.964143464866767053e-01,-9.964143464088633939e-01,-9.964143461195101859e-01,-9.964143453970861763e-01,-9.964143435314644082e-01,-9.964143379773057196e-01,-9.964143171939798815e-01,-9.964142031902509800e-01,-9.964129268325182531e-01,-9.963966695353964065e-01
-9.944021115149260792e-01,-9.944412737104197930e-01,-9.944442584779608074e-01,-9.944445185222030581e-01,-9.944445665492749331e-01,-9.944445795270452360e-01,-9.944445839140043653e-01,-9.944445856181882704e-01,-9.944445862969384375e-01,-9.944445864854980499e-01,-9.944445863025622723e-01,-9.944445856173320664e-01,-9.944445839137042720e-01,-9.944445795287832901e-01,-9.944445665462913198e-01,-9.944445185192279935e-01,-9.944442584792885231e-01,-9.944412737107654054e-01,-9.944021115142824829e-01
-9.919949709576482144e-01,-9.920748722286989452e-01,-9.920807417300675501e-01,-9.920812376850310921e-01,-9.920813309514874279e-01,-9.920813565020933922e-01,-9.920813651976156944e-01,-9.920813685869445120e-01,-9.920813699385521156e-01,-9.920813703180738630e-01,-9.920813699538539865e-01,-9.920813685865338405e-01,-9.920813651979394354e-01,-9.920813565064066086e-01,-9.920813309432591209e-01,-9.920812376762396800e-01,-9.920807417360455460e-01,-9.920748722286039101e-01,-9.919949709583821829e-01
-9.891924682086024045e-01,-9.893377223942058096e-01,-9.893479291381892526e-01,-9.893487607018427443e-01,-9.893489209737501566e-01,-9.893489655933647153e-01,-9.893489808875655100e-01,-9.893489868704646861e-01,-9.893489892663854812e-01,-9.893489899347639449e-01,-9.893489892859820278e-01,-9.893489868718086111e-01,-9.893489808893044524e-01,-9.893489655988000342e-01,-9.893489209632360115e-01,-9.893487606900418507e-01,-9.893479291485641758e-01,-9.893377223934006759e-01,-9.891924682123390822e-01
-9.860139727194549009e-01,-9.862564990867379588e-01,-9.862726686371574569e-01,-9.862739312868651353e-01,-9.862741827778779280e-01,-9.862742540688271831e-01,-9.862742786869949096e-01,-9.862742883564002971e-01,-9.862742922447954586e-01,-9.862742933190574712e-01,-9.862742922613091379e-01,-9.862742883585701170e-01,-9.862742786895684066e-01,-9.862742540736506580e-01,-9.862741827689865959e-01,-9.862739312764244870e-01,-9.862726686484121208e-01,-9.862564990856955705e-01,-9.860139727251269193e-01
-9.824805994729322034e-01,-9.828598789184443962e-01,-9.828836600084456254e-01,-9.828854290967473650e-01,-9.828857970519540022e-01,-9.828859034070221989e-01,-9.828859404105277919e-01,-9.828859550071209483e-01,-9.828859608961468819e-01,-9.828859625157311264e-01,-9.828859609090183636e-01,-9.828859550088067110e-01,-9.828859404135829037e-01,-9.828859034114426629e-01,-9.828857970448525716e-01,-9.828854290877784283e-01,-9.828836600201500406e-01,-9.828598789172607875e-01,-9.824805994801786291e-01
-9.786147991407815327e-01,-9.791778708924644414e-01,-9.792107484967277342e-01,-9.792130640881265835e-01,-9.792135736072676844e-01,-9.792137238762310680e-01,-9.792137765420366735e-01,-9.792137974079363483e-01,-9.792138058508418341e-01,-9.792138081684046425e-01,-9.792138058592460004e-01,-9.792137974073794604e-01,-9.792137765454647091e-01,-9.792137238807245847e-01,-9.792135736024417669e-01,-9.792130640805498665e-01,-9.792107485090429941e-01,-9.791778708910356954e-01,-9.786147991498181931e-01
-9.744399565482491088e-01,-9.752411771681686048e-01,-9.752842608443774708e-01,-9.752871159341193197e-01,-9.752877912727412335e-01,-9.752879944387581324e-01,-9.752880661328026113e-01,-9.752880946619952862e-01,-9.752881062374406662e-01,-9.752881094135587015e-01,-9.752881062399317846e-01,-9.752880946567117348e-01,-9.752880661368383830e-01,-9.752879944442169879e-01,-9.752877912715798292e-01,-9.752871159277795021e-01,-9.752842608579372907e-01,-9.752411771662403694e-01,-9.744399565599844992e-01
-9.699800097163927548e-01,-9.710806050393315791e-01,-9.711344060652975507e-01,-9.711377404658896317e-01,-9.711386049314342239e-01,-9.711388698180973833e-01,-9.711389638728795681e-01,-9.711390014617852229e-01,-9.711390167539926122e-01,-9.711390209531199913e-01,-9.711390167495943526e-01,-9.711390014490071110e-01,-9.711389638785751233e-01,-9.711388698260585706e-01,-9.711386049358726735e-01,-9.711377404591943208e-01,-9.711344060822755253e-01,-9.710806050361951991e-01,-9.699800097339735805e-01
-9.652590990523647330e-01,-9.667265454387075074e-01,-9.667907561614115242e-01,-9.667944577265147332e-01,-9.667955341392030499e-01,-9.667958691526205017e-01,-9.667959887566288657e-01,-9.667960367585770598e-01,-9.667960563394816242e-01,-9.667960617245920929e-01,-9.667960563267824492e-01,-9.667960367352157469e-01,-9.667959887656299989e-01,-9.667958691647151603e-01,-9.667955341525440449e-01,-9.667944577164107045e-01,-9.667907561843358533e-01,-9.667265454331440688e-01,-9.652590990815124172e-01
-9.603012534435713121e-01,-9.622085274837754998e-01,-9.622818150810685811e-01,-9.622857291690569692e-01,-9.622870407172643414e-01,-9.622874536138917856e-01,-9.622876017186851039e-01,-9.622876614047918276e-01,-9.622876858182450865e-01,-9.622876925459911135e-01,-9.622876857956053076e-01,-9.622876613680628743e-01,-9.622876017324615283e-01,-9.622874536309877769e-01,-9.622870407443561147e-01,-9.622857291512360023e-01,-9.622818151107015439e-01,-9.622085274744430761e-01,-9.603012534916168796e-01
-9.551301173263817557e-01,-9.575548532536233282e-01,-9.576346780924520630e-01,-9.576386253604854959e-01,-9.576401965779249847e-01,-9.576406942464479322e-01,-9.576408734947481349e-01,-9.576409460229475812e-01,-9.576409757711391579e-01,-9.576409839874806540e-01,-9.576409757384662935e-01,-9.576409459718085992e-01,-9.576408735134303019e-01,-9.576406942677244682e-01,-9.576401966237226837e-01,-9.576386253299816742e-01,-9.576346781259704732e-01,-9.575548532399696944e-01,-9.551301173999324767e-01
-9.497687204044935605e-01,-9.527923124566710644e-01,-9.528747787380219547e-01,-9.528785806095247946e-01,-9.528804381469870854e-01,-9.528810263975252548e-01,-9.528812390736327576e-01,-9.528813254673145217e-01,-9.528813609992855538e-01,-9.528813708349697098e-01,-9.528813609599950940e-01,-9.528813254036054836e-01,-9.528812390949542577e-01,-9.528810264201211799e-01,-9.528804382139202112e-01,-9.528785805624803151e-01,-9.528747787686535631e-01,-9.527923124401158628e-01,-9.497687205056947191e-01
-9.442392896911977473e-01,-9.479459730811865548e-01,-9.480257167975280064e-01,-9.480292273376811352e-01,-9.480314001975266303e-01,-9.480320835610426267e-01,-9.480323315634527903e-01,-9.480324326997868756e-01,-9.480324744026881190e-01,-9.480324859694451156e-01,-9.480324743640065055e-01,-9.480324326278284364e-01,-9.480323315829903841e-01,-9.480320835810158719e-01,-9.480314002833768461e-01,-9.480292272733674697e-01,-9.480257168170211912e-01,-9.479459730654792304e-01,-9.442392898152294212e-01
-9.385631019884754789e-01,-9.430390415488822953e-01,-9.431091582038806376e-01,-9.431123007080055576e-01,-9.431148196503056358e-01,-9.431156012032690938e-01,-9.431158860389236009e-01,-9.431160026450274847e-01,-9.431160508392719688e-01,-9.431160642276166239e-01,-9.431160508102447437e-01,-9.431160025700918714e-01,-9.431158860518282783e-01,-9.431156012173231851e-01,-9.431148197480817563e-01,-9.431123006298846034e-01,-9.431091582064399237e-01,-9.430390415389668934e-01,-9.385631021239905225e-01
-9.327603737895892033e-01,-9.380927842574775521e-01,-9.381447964952568386e-01,-9.381476028590597371e-01,-9.381504987654479821e-01,-9.381513800067315945e-01,-9.381517028037080763e-01,-9.381518354602373932e-01,-9.381518903971745038e-01,-9.381519056722400496e-01,-9.381518903861796321e-01,-9.381518353895355045e-01,-9.381517028067893893e-01,-9.381513800132326164e-01,-9.381504988618841745e-01,-9.381476027772002180e-01,-9.381447964810762929e-01,-9.380927842571034070e-01,-9.327603739168961461e-01
-9.268501848587830105e-01,-9.331265015825108700e-01,-9.331503649481811546e-01,-9.331530158423030352e-01,-9.331563169172769623e-01,-9.331572977304932737e-01,-9.331576592712309548e-01,-9.331578084151652686e-01,-9.331578702823104532e-01,-9.331578874878011520e-01,-9.331578702917121548e-01,-9.331578083545817304e-01,-9.331576592656763980e-01,-9.331572977307428518e-01,-9.331563169993529749e-01,-9.331530157689303939e-01,-9.331503649249675014e-01,-9.331265015911366367e-01,-9.268501849597491349e-01
-9.208504313611844960e-01,-9.281575452370740553e-01,-9.281416888329686588e-01,-9.281445527963676501e-01,-9.281482805868668251e-01,-9.281493593253952179e-01,-9.281497601031578615e-01,-9.281499260223279313e-01,-9.281499949543289274e-01,-9.281500141287706285e-01,-9.281499949807177074e-01,-9.281499259696259774e-01,-9.281497600924250024e-01,-9.281493593224088290e-01,-9.281482806542022956e-01,-9.281445527335655532e-01,-9.281416888076622351e-01,-9.281575452523752601e-01,-9.208504314362223608e-01
-9.147778042959994194e-01,-9.232013702183418102e-01,-9.231327679859983038e-01,-9.231364377790267639e-01,-9.231406021112318339e-01,-9.231417758490415570e-01,-9.231422161136693116e-01,-9.231423989599363278e-01,-9.231424750371173271e-01,-9.231424962053242922e-01,-9.231424750766394904e-01,-9.231423989125692176e-01,-9.231422161008946414e-01,-9.231417758452131750e-01,-9.231406021655700345e-01,-9.231364377267472499e-01,-9.231327679631529115e-01,-9.232013702379746611e-01,-9.147778043483186794e-01
-9.086477890757056475e-01,-9.182716132595168945e-01,-9.181358809846089652e-01,-9.181412058456344116e-01,-9.181457988347910826e-01,-9.181470638089961334e-01,-9.181475436063861739e-01,-9.181477434094261758e-01,-9.181478266606744043e-01,-9.181478498293543788e-01,-9.181478267084222100e-01,-9.181477433674262167e-01,-9.181475435950040564e-01,-9.181470638061365319e-01,-9.181457988761396738e-01,-9.181412058054625458e-01,-9.181358809685810085e-01,-9.182716132799148001e-01,-9.086477891061195411e-01
-9.024746823534457452e-01,-9.133801905554200795e-01,-9.131617034681112077e-01,-9.131698162333683477e-01,-9.131748055855699597e-01,-9.131761578490833475e-01,-9.131766770532308009e-01,-9.131768937281331544e-01,-9.131769841374542951e-01,-9.131770093009353717e-01,-9.131769841883126126e-01,-9.131768936918283064e-01,-9.131766770461648974e-01,-9.131761578483560404e-01,-9.131748056149661119e-01,-9.131698162056444135e-01,-9.131617034615111539e-01,-9.133801905730746240e-01,-9.024746823640872329e-01
-8.962716225276220472e-01,-9.085374085173198999e-01,-9.082194343892832089e-01,-9.082317727819463338e-01,-9.082370946553358637e-01,-9.082385309487694958e-01,-9.082390892672655980e-01,-9.082393226256272323e-01,-9.082394201372230302e-01,-9.082394472800815466e-01,-9.082394201870365169e-01,-9.082393225950747828e-01,-9.082390892663788629e-01,-9.082385309506263438e-01,-9.082370946747805318e-01,-9.082317727656095130e-01,-9.082194343926335289e-01,-9.085374085298114633e-01,-8.962716225217726151e-01
-8.900506307458482258e-01,-9.037520823115501312e-01,-9.033169252073792732e-01,-9.033352469239008808e-01,-9.033407986256005717e-01,-9.033423174615590190e-01,-9.033429144076499107e-01,-9.033431641710495397e-01,-9.033432686939447676e-01,-9.033432977931974417e-01,-9.033432687406270922e-01,-9.033431641454604533e-01,-9.033429144134212940e-01,-9.033423174659017674e-01,-9.033407986376004173e-01,-9.033352469166737730e-01,-9.033169252193520293e-01,-9.037520823182044749e-01,-8.900506307272727513e-01
-8.838226596409537450e-01,-8.990316578899617550e-01,-8.984608081441509686e-01,-8.984871996535230831e-01,-8.984928324462251314e-01,-8.984944353869351863e-01,-8.984950702099909758e-01,-8.984953360274460232e-01,-8.984954474398489932e-01,-8.984954784654435311e-01,-8.984954474834001559e-01,-8.984953360053559157e-01,-8.984950702219928198e-01,-8.984944353934307681e-01,-8.984928324529893873e-01,-8.984871996528418503e-01,-8.984608081627571963e-01,-8.990316578913798429e-01,-8.838226596127244372e-01
-8.775976474375146719e-01,-8.943823341015506578e-01,-8.936566206033841331e-01,-8.936934998172058053e-01,-8.936990120880755617e-01,-8.937007051859311435e-01,-8.937013767563813937e-01,-8.937016582259775799e-01,-8.937017763799895986e-01,-8.937018092944801761e-01,-8.937017764214045812e-01,-8.937016582059044145e-01,-8.937013767740480397e-01,-8.937007051942281732e-01,-8.936990120910389690e-01,-8.936934998210794845e-01,-8.936566206270204482e-01,-8.943823340986297721e-01,-8.775976474014475226e-01
-8.713845754519613518e-01,-8.898091822584900390e-01,-8.889089236860269194e-01,-8.889590368512123586e-01,-8.889641678639931266e-01,-8.889659632261447397e-01,-8.889666698738316608e-01,-8.889669665689574618e-01,-8.889670912950583537e-01,-8.889671260538525299e-01,-8.889670913352339943e-01,-8.889669665498929341e-01,-8.889666698968132774e-01,-8.889659632359646624e-01,-8.889641678638708910e-01,-8.889590368583936142e-01,-8.889089237137318689e-01,-8.898091822518295890e-01,-8.713845754089162288e-01
-8.651915273614098068e-01,-8.853162612077221105e-01,-8.842214134204589016e-01,-8.842878267322002994e-01,-8.842922511451603018e-01,-8.842941685778722416e-01,-8.842949078839033028e-01,-8.842952193855772025e-01,-8.842953504960175959e-01,-8.842953870483304391e-01,-8.842953505349533394e-01,-8.842952193672668493e-01,-8.842949079119755140e-01,-8.842941685888493497e-01,-8.842922511422637299e-01,-8.842878267419571614e-01,-8.842214134515337109e-01,-8.853162611975272656e-01,-8.651915273120457384e-01
-8.590257493834932978e-01,-8.809067263862399022e-01,-8.795970242151038843e-01,-8.796831103346689495e-01,-8.796864332285688759e-01,-8.796885017986596500e-01,-8.796892713267159269e-01,-8.796895968436981850e-01,-8.796897335313772492e-01,-8.796897729931396626e-01,-8.796897346031488096e-01,-8.796895960548868354e-01,-8.796892710866028864e-01,-8.796885018516210630e-01,-8.796864332062453995e-01,-8.796831100983019125e-01,-8.795970241591400951e-01,-8.809067268770038872e-01,-8.590257492933681682e-01
-8.528937076170904907e-01,-8.765829328474892268e-01,-8.750380220668030340e-01,-8.751474443176876505e-01,-8.751491989145953054e-01,-8.751514589663067500e-01,-8.751522528683109980e-01,-8.751525926646100961e-01,-8.751527352963542894e-01,-8.751527762754272022e-01,-8.751527362888232853e-01,-8.751525919456483171e-01,-8.751522527070905166e-01,-8.751514590341876731e-01,-8.751491988392950949e-01,-8.751474441635015422e-01,-8.750380221142735060e-01,-8.765829332339796220e-01,-8.528937074385875006e-01
-8.468011485491611090e-01,-8.723465294300901673e-01,-8.705460928384108898e-01,-8.706827834273676014e-01,-8.706824271842155127e-01,-8.706849315731851613e-01,-8.706857434956526420e-01,-8.706860974440798762e-01,-8.706862458152089257e-01,-8.706862882221269029e-01,-8.706862466851301718e-01,-8.706860968256823208e-01,-8.706857434176784594e-01,-8.706849316490190560e-01,-8.706824270740523009e-01,-8.706827833478760770e-01,-8.705460929687319771e-01,-8.723465297034065369e-01,-8.468011483018702545e-01
-8.407531530953564758e-01,-8.681985469840778347e-01,-8.661224183780268371e-01,-8.662905557258709921e-01,-8.662874693743870536e-01,-8.662902850915756847e-01,-8.662911067427083722e-01,-8.662914749227426103e-01,-8.662916287829440787e-01,-8.662916725668040607e-01,-8.662916295187910176e-01,-8.662914744117177213e-01,-8.662911067398584297e-01,-8.662902851691272055e-01,-8.662874692459261450e-01,-8.662905557052527072e-01,-8.661224185650616691e-01,-8.681985471544380051e-01,-8.407531528002982757e-01
-8.347541904673295710e-01,-8.641394782537817898e-01,-8.617677465407796999e-01,-8.619717301558993405e-01,-8.619652173326646238e-01,-8.619684268655267712e-01,-8.619692476321404451e-01,-8.619696304155377575e-01,-8.619697894625585333e-01,-8.619698345956501306e-01,-8.619697900741615237e-01,-8.619696300031560732e-01,-8.619692476912024226e-01,-8.619684269403573573e-01,-8.619652171975887844e-01,-8.619717301771916418e-01,-8.617677467619485610e-01,-8.641394783397184920e-01,-8.347541901410210352e-01
-8.288081689301801669e-01,-8.601693505513177129e-01,-8.574824532537210775e-01,-8.577268771963566518e-01,-8.577161650874830512e-01,-8.577198676130034505e-01,-8.577206741673129020e-01,-8.577210723073145360e-01,-8.577212361892344594e-01,-8.577212826468062490e-01,-8.577212366868389726e-01,-8.577210719850906218e-01,-8.577206742763207048e-01,-8.577198676817933132e-01,-8.577161649547313527e-01,-8.577268772454514911e-01,-8.574824534908158657e-01,-8.601693505694369968e-01,-8.288081685858066372e-01
-8.229184837206521275e-01,-8.562877913523760931e-01,-8.532665975481205090e-01,-8.535562230322591981e-01,-8.535404639613144440e-01,-8.535447763458271497e-01,-8.535455522727363187e-01,-8.535459669918664671e-01,-8.535461352967804727e-01,-8.535461830584314402e-01,-8.535461356879884276e-01,-8.535459667533810135e-01,-8.535455524210089351e-01,-8.535447764060107856e-01,-8.535404638384138654e-01,-8.535562230972594255e-01,-8.532665977855350414e-01,-8.562877913170270361e-01,-8.229184833700530222e-01
-8.170880620217398915e-01,-8.524940871938531117e-01,-8.491199701163036906e-01,-8.494596977509906166e-01,-8.494379716357064458e-01,-8.494430292255665815e-01,-8.494437546679158846e-01,-8.494441877501510696e-01,-8.494443599861607463e-01,-8.494444090453999729e-01,-8.494443602820812567e-01,-8.494441875861167279e-01,-8.494437548448858788e-01,-8.494430292756048884e-01,-8.494379715276428877e-01,-8.494596978217360261e-01,-8.491199703420846401e-01,-8.524940871191342140e-01,-8.170880616744823355e-01
-8.113194049727927570e-01,-8.487872362993251762e-01,-8.450421359714597180e-01,-8.454369780805583989e-01,-8.454082956691203465e-01,-8.454142528626881203e-01,-8.454149041836380718e-01,-8.454153580721904815e-01,-8.454155336446524949e-01,-8.454155840154657930e-01,-8.454155338648906559e-01,-8.454153579670891094e-01,-8.454149043796286289e-01,-8.454142529023553898e-01,-8.454082955764730123e-01,-8.454369781498191072e-01,-8.450421361806859100e-01,-8.487872361987405245e-01,-8.113194046327948383e-01
-8.056146266809712797e-01,-8.451659953808032810e-01,-8.410324717849040344e-01,-8.414875251971309922e-01,-8.414508319278687365e-01,-8.414578625558504221e-01,-8.414584120354163810e-01,-8.414588898779180592e-01,-8.414590681590854437e-01,-8.414591198730974053e-01,-8.414590682509307529e-01,-8.414588898506965009e-01,-8.414584121903588843e-01,-8.414578625735557038e-01,-8.414508318785858254e-01,-8.414875252391713634e-01,-8.410324719144470773e-01,-8.451659952934007514e-01,-8.056146264458792228e-01
-7.532329558406009040e-01,-8.164495282038876089e-01,-8.075298823083465471e-01,-8.088185360672357493e-01,-8.086509758332753872e-01,-8.086790302291064769e-01,-8.086769145745760223e-01,-8.086779855547286955e-01,-8.086781686578076167e-01,-8.086782495021916928e-01,-8.086781689393185424e-01,-8.086779856051076187e-01,-8.086769150155392882e-01,-8.086790301287856142e-01,-8.086509757270412546e-01,-8.088185361700135356e-01,-8.075298828332484469e-01,-8.164495278968908476e-01,-7.532329549278514724e-01
-7.009637530150889528e-01,-7.924975854176660173e-01,-7.763846437765441477e-01,-7.792816888267233288e-01,-7.787841165656148590e-01,-7.788779898585974637e-01,-7.788637254959427381e-01,-7.788672678709455122e-01,-7.788670821939467359e-01,-7.788672736329347313e-01,-7.788670816903112692e-01,-7.788672685035337162e-01,-7.788637257846016126e-01,-7.788779896077904219e-01,-7.787841169194353874e-01,-7.792816883261018956e-01,-7.763846436034804732e-01,-7.924975855355467225e-01,-7.009637525748722009e-01
-6.501538344347210785e-01,-7.733261316023488652e-01,-7.476439652529967006e-01,-7.531423917924557898e-01,-7.519935644993472890e-01,-7.522438861766064244e-01,-7.521936716412973567e-01,-7.522055650780814506e-01,-7.522035752541862408e-01,-7.522042778813861075e-01,-7.522035733316965178e-01,-7.522055671806019417e-01,-7.521936717998269906e-01,-7.522438853962991612e-01,-7.519935657603874501e-01,-7.531423901053495573e-01,-7.476439642744031611e-01,-7.733261326735996199e-01,-6.501538335592504936e-01
-6.016323196870847489e-01,-7.584780631787603200e-01,-7.211115470397714278e-01,-7.303221614434040054e-01,-7.280884069075801435e-01,-7.286420137597128255e-01,-7.285099605820439805e-01,-7.285437156857834662e-01,-7.285360065890000847e-01,-7.285385594475033422e-01,-7.285360043534436780e-01,-7.285437173893528628e-01,-7.285099604383565852e-01,-7.286420130506083837e-01,-7.280884076227247537e-01,-7.303221603911070892e-01,-7.211115460916169839e-01,-7.584780643231960884e-01,-6.016323190651692299e-01
-5.558455938764226278e-01,-7.473118113302856802e-01,-6.965256181420824699e-01,-7.105757165111166174e-01,-7.067411999635024866e-01,-7.078012174361313358e-01,-7.075140605632210811e-01,-7.075945638452831865e-01,-7.075728119918252013e-01,-7.075805435354961537e-01,-7.075728069592605030e-01,-7.075945675965937820e-01,-7.075140598845810480e-01,-7.078012161611165753e-01,-7.067412006667734836e-01,-7.105757153192335807e-01,-6.965256160210862024e-01,-7.473118137398184757e-01,-5.558455918691191933e-01
-5.129780720686766271e-01,-7.391668193943721210e-01,-6.736371751747407544e-01,-6.935912780585702375e-01,-6.875962978720286944e-01,-6.894133094227150593e-01,-6.888691099381234473e-01,-6.890353887531923682e-01,-6.889848210320038691e-01,-6.890044642501003125e-01,-6.889848193353312888e-01,-6.890353900443109136e-01,-6.888691093417559363e-01,-6.894133094794546723e-01,-6.875962971304673266e-01,-6.935912787371477650e-01,-6.736371744300932995e-01,-7.391668200960661572e-01,-5.129780708619202656e-01
-4.730449422081103306e-01,-7.334426106604619022e-01,-6.522350507843941436e-01,-6.790439086761254073e-01,-6.703212164686069841e-01,-6.731793165072532670e-01,-6.722499570147092429e-01,-6.725563160698012632e-01,-6.724540885129294265e-01,-6.724972335996355355e-01,-6.724540863713022176e-01,-6.725563179345763754e-01,-6.722499557676062665e-01,-6.731793175242374305e-01,-6.703212140016590048e-01,-6.790439106805375991e-01,-6.522350493414185157e-01,-7.334426115379516498e-01,-4.730449403061471880e-01
-4.359580262488931823e-01,-7.296273688563974513e-01,-6.321477569147393449e-01,-6.666224180584381376e-01,-6.546262656104924194e-01,-6.588277180322079651e-01,-6.573640476832902646e-01,-6.578795737697346047e-01,-6.576937971332592614e-01,-6.577781494787661165e-01,-6.576937951658201609e-01,-6.578795760915235880e-01,-6.573640454241688191e-01,-6.588277212547075656e-01,-6.546262600137473520e-01,-6.666224223099208590e-01,-6.321477544752696076e-01,-7.296273697169852746e-01,-4.359580240310624855e-01
-4.015703926507550037e-01,-7.273006547672360433e-01,-6.132373480472090854e-01,-6.560417952751137483e-01,-6.402682026768653500e-01,-6.461193364781283588e-01,-6.439575671742748808e-01,-6.447643290248836756e-01,-6.444538940359649803e-01,-6.446040792166723987e-01,-6.444538960830552554e-01,-6.447643283682203963e-01,-6.439575654192315479e-01,-6.461193401163012329e-01,-6.402681988212792774e-01,-6.560417983232058603e-01,-6.132373471734990922e-01,-7.273006547317355519e-01,-4.015703931376083391e-01
-3.697055766980919533e-01,-7.261246611173981513e-01,-5.953918962822919436e-01,-6.470477913651678792e-01,-6.270467499068643757e-01,-6.348464070127657344e-01,-6.318146511872934079e-01,-6.330050846868722214e-01,-6.325201998773171130e-01,-6.327680449432928622e-01,-6.325202035974226700e-01,-6.330050832989414511e-01,-6.318146483232085497e-01,-6.348464131466535765e-01,-6.270467437394279253e-01,-6.470477959678849755e-01,-5.953918949311139963e-01,-7.261246609458561485e-01,-3.697055782420194392e-01
-3.401761231386054019e-01,-7.258316417613793758e-01,-5.785189339599978720e-01,-6.394173256834532193e-01,-6.147985256919623609e-01,-6.248294950504355016e-01,-6.207536768393301374e-01,-6.224276543631612757e-01,-6.217108844953636027e-01,-6.220952047961383347e-01,-6.217108904192352181e-01,-6.224276520002443025e-01,-6.207536724565123620e-01,-6.248295044930577413e-01,-6.147985165796521212e-01,-6.394173321939224941e-01,-5.785189319919603612e-01,-7.258316414564947028e-01,-3.401761261711502282e-01
-3.127949942426576646e-01,-7.262111431357888280e-01,-5.625404030392502364e-01,-6.329567601943704158e-01,-6.033906181454242734e-01,-6.159138747841582662e-01,-6.106226531118421619e-01,-6.128845569563197149e-01,-6.118722167030334891e-01,-6.124381807630997487e-01,-6.118722198946319191e-01,-6.128845552229212901e-01,-6.106226505480758515e-01,-6.159138789961373650e-01,-6.033906147593443015e-01,-6.329567628296527415e-01,-5.625404017786338473e-01,-7.262111432385277565e-01,-3.127949957552626503e-01
-2.873822665253810693e-01,-7.270985768154363260e-01,-5.473890067271766080e-01,-6.274991811520560514e-01,-5.927147538801476045e-01,-6.079660236859912859e-01,-6.012946427911248781e-01,-6.042506895632129282e-01,-6.028743573179330406e-01,-6.036725954746134937e-01,-6.028743613215804542e-01,-6.042506874548378981e-01,-6.012946393068265838e-01,-6.079660290274950807e-01,-5.927147497294757983e-01,-6.274991844390260809e-01,-5.473890049077376752e-01,-7.270985772074216591e-01,-2.873822682103391868e-01
-2.637687699490967042e-01,-7.283656260709598929e-01,-5.330056121016218951e-01,-6.229013746363341042e-01,-5.826823120646027476e-01,-6.008705523237088952e-01,-5.926635940055844376e-01,-5.964195306690034393e-01,-5.946076094073364793e-01,-5.956931184409124391e-01,-5.946076141603829912e-01,-5.964195282705229140e-01,-5.926635895252115871e-01,-6.008705587434377549e-01,-5.826823072480795673e-01,-6.229013785855729290e-01,-5.330056095678812333e-01,-7.283656269886555901e-01,-2.637687714888621859e-01
-2.417978084299198249e-01,-7.299124356237174371e-01,-5.193374634356690001e-01,-6.190407957400669847e-01,-5.732202966413864065e-01,-5.945275103216931534e-01,-5.846407493474217176e-01,-5.892999655546861115e-01,-5.869791351206397056e-01,-5.884101444545002391e-01,-5.869791405040066801e-01,-5.892999629781979776e-01,-5.846407438604664941e-01,-5.945275176781922299e-01,-5.732202913170232339e-01,-6.190408003370075907e-01,-5.193374600227582683e-01,-7.299124373609819916e-01,-2.417978093683213203e-01
-2.213256733480574168e-01,-7.316614003205312855e-01,-5.063369224024474313e-01,-6.158127535996733570e-01,-5.642681008349643701e-01,-5.888501256559726116e-01,-5.771516100092746182e-01,-5.828136606600803349e-01,-5.799101978540650570e-01,-5.817470377079958510e-01,-5.799101979152290198e-01,-5.828136607090963484e-01,-5.771516082242631462e-01,-5.888501264430177073e-01,-5.642681004838354664e-01,-6.158127549440541859e-01,-5.063369201334313452e-01,-7.316614019303051553e-01,-2.213256713766891259e-01
-2.022214397612363823e-01,-7.335522681839763415e-01,-4.939606058503009378e-01,-6.131278417208676501e-01,-5.557749888883191103e-01,-5.837628650406311293e-01,-5.701334294279676307e-01,-5.768929419915357348e-01,-5.733338162752665834e-01,-5.756379038331339570e-01,-5.733338159143023249e-01,-5.768929423238671195e-01,-5.701334274852181139e-01,-5.837628654143847129e-01,-5.557749889552006106e-01,-6.131278432154936286e-01,-4.939606029470842152e-01,-7.335522705627325335e-01,-2.022214365981134521e-01
-1.843663455548442132e-01,-7.355383270187668687e-01,-4.821687234510705355e-01,-6.109097319193916853e-01,-5.476980754405393892e-01,-5.791998488693639313e-01,-5.635331316494698317e-01,-5.714790319523155304e-01,-5.671928749727104258e-01,-5.700257474244608824e-01,-5.671928740799628832e-01,-5.714790326127856535e-01,-5.635331296293439873e-01,-5.791998486621039444e-01,-5.476980760545686611e-01,-6.109097335564159792e-01,-4.821687198327090362e-01,-7.355383303393089323e-01,-1.843663408963813755e-01
-1.676529598135363952e-01,-7.375834217824455141e-01,-4.709246272796851485e-01,-6.090932076343791302e-01,-5.400007937732245189e-01,-5.751034664815044550e-01,-5.573056280811851115e-01,-5.665206484876258441e-01,-5.614384988374615526e-01,-5.648610112805561023e-01,-5.614384973220222230e-01,-5.665206495036297918e-01,-5.573056260740377743e-01,-5.751034655341757951e-01,-5.400007950544083446e-01,-6.090932094044392286e-01,-4.709246228727065886e-01,-7.375834262158609267e-01,-1.676529533547101158e-01
-1.519842576862614481e-01,-7.396596409662399285e-01,-4.601944501207324567e-01,-6.076224988955065687e-01,-5.326516794255040654e-01,-5.714232271718436840e-01,-5.514124351629215992e-01,-5.619728457330483984e-01,-5.560287323536036164e-01,-5.601003776052924099e-01,-5.560287301461063203e-01,-5.619728471164042727e-01,-5.514124332636520798e-01,-5.714232253386302141e-01,-5.326516814844634018e-01,-6.076225007867006589e-01,-4.601944448590704617e-01,-7.396596466793712299e-01,-1.519842491282857311e-01
-1.372726799103720641e-01,-7.417455164364075149e-01,-4.499468227121851127e-01,-6.064498575964949456e-01,-5.256234222394932099e-01,-5.681147822016761051e-01,-5.458205489291777512e-01,-5.577960664236603083e-01,-5.509274396828476306e-01,-5.557057956385559327e-01,-5.509274367344731971e-01,-5.577960681748053151e-01,-5.458205472332651187e-01,-5.681147793510379351e-01,-5.256234251789638767e-01,-6.064498595942668935e-01,-4.499468165356730887e-01,-7.417455235899284016e-01,-1.372726689672971179e-01
-1.234392213677900918e-01,-7.438246223643000254e-01,-4.401526421545109424e-01,-6.055343476773858979e-01,-5.188921219119204675e-01,-5.651390937493117050e-01,-5.405015268220009217e-01,-5.539553609550652569e-01,-5.461033918183630931e-01,-5.516436874619988773e-01,-5.461033880970451726e-01,-5.539553630682542140e-01,-5.405015254233151989e-01,-5.651390897623251863e-01,-5.188921258286818272e-01,-6.055343497657008633e-01,-4.401526350064549620e-01,-7.438246311104232955e-01,-1.234392077732114623e-01
-1.104125708572143566e-01,-7.458844861489446476e-01,-4.307848710064772768e-01,-6.048408268964320378e-01,-5.124366967882285628e-01,-5.624617284083286428e-01,-5.354307364450671125e-01,-5.504197376197186298e-01,-5.415295114184645042e-01,-5.478842913716488461e-01,-5.415295077986905792e-01,-5.504197393227998614e-01,-5.354307371378461688e-01,-5.624617243950205125e-01,-5.124366998203091494e-01,-6.048408277631138752e-01,-4.307848670984238959e-01,-7.458844905509759426e-01,-1.104125633248016491e-01
-9.812832956542763552e-02,-7.479157239521013745e-01,-4.218183877912272117e-01,-6.043390567902482413e-01,-5.062384323054713864e-01,-5.600522466210060557e-01,-5.305867452965276065e-01,-5.471616330731359223e-01,-5.371822267937014228e-01,-5.444011417320162582e-01,-5.371822227367513136e-01,-5.471616348622054815e-01,-5.305867462555904357e-01,-5.600522419146741759e-01,-5.062384358630656056e-01,-6.043390577786187379e-01,-4.218183833326082377e-01,-7.479157290959638216e-01,-9.812832082654199262e-02
-8.652827580129512919e-02,-7.499113900437275326e-01,-4.132298068467252783e-01,-6.040030069509085831e-01,-5.002805867028936593e-01,-5.578836941215862266e-01,-5.259508101980872041e-01,-5.441564450359344107e-01,-5.330409656829607767e-01,-5.411705953680447934e-01,-5.330409611959305849e-01,-5.441564468855992764e-01,-5.259508114524944489e-01,-5.578836886931092254e-01,-5.002805908110492528e-01,-6.040030080713033600e-01,-4.132298018092444014e-01,-7.499113959755090431e-01,-8.652826579273148466e-02
-7.555972278062771108e-02,-7.518664426208352403e-01,-4.049973626759889034e-01,-6.038102140533466722e-01,-4.945481057360367472e-01,-5.559321518116019378e-01,-5.215064660276111930e-01,-5.413821605889388433e-01,-5.290877004435476927e-01,-5.381714752737158936e-01,-5.290876955331753617e-01,-5.413821624771474328e-01,-5.215064676059173454e-01,-5.559321456333932154e-01,-4.945481104184511478e-01,-6.038102153176496678e-01,-4.049973570308114112e-01,-7.518664493812282634e-01,-7.555971144970882736e-02
-6.517493220730471992e-02,-7.537773350063672329e-01,-3.971007824852161860e-01,-6.037412657010965411e-01,-4.890273764053014727e-01,-5.541763553903514827e-01,-5.172391814949648392e-01,-5.388190302931805675e-01,-5.253065817914790436e-01,-5.353847523980296286e-01,-5.253065764621143163e-01,-5.388190322019992262e-01,-5.172391834260285925e-01,-5.541763484351414082e-01,-4.890273816834667664e-01,-6.037412671246320528e-01,-3.971007762020025700e-01,-7.537773426285260259e-01,-6.517491951531678707e-02
-5.533059215381013612e-02,-7.556416916457824318e-01,-3.895211739473570800e-01,-6.037793591423425976e-01,-4.837060287833090944e-01,-5.525973662445397006e-01,-5.131360746165540831e-01,-5.364492925081657537e-01,-5.216836281428239852e-01,-5.327932801057266854e-01,-5.216836223950662710e-01,-5.364492944236669558e-01,-5.131360769302916180e-01,-5.525973584848312692e-01,-4.837060346749340045e-01,-6.037793607458591394e-01,-3.895211669936310406e-01,-7.556417001528659139e-01,-5.533057807975233500e-02
-4.598735184347683969e-02,-7.574580524384100233e-01,-3.822409220780174643e-01,-6.039099277101795948e-01,-4.785727729919428963e-01,-5.511782872156463231e-01,-5.091856759888813144e-01,-5.342569372819208073e-01,-5.182064639002672557e-01,-5.303815683418052762e-01,-5.182064577304077435e-01,-5.342569391932801004e-01,-5.091856787167805543e-01,-5.511782786239278753e-01,-4.785727795090121139e-01,-6.039099295214755969e-01,-3.822409144191863950e-01,-7.574580618411093091e-01,-4.598733638771242138e-02
-3.710940789055391237e-02,-7.592256706451969706e-01,-3.752435942246350464e-01,-6.041203241702043369e-01,-4.736172640593686589e-01,-5.499040166150461761e-01,-5.053777311123748284e-01,-5.322275032016985374e-01,-5.148640984187095038e-01,-5.281355905091178471e-01,-5.148640918189542059e-01,-5.322275050998030999e-01,-5.053777342875043210e-01,-5.499040071648462202e-01,-4.736172712059407708e-01,-6.041203262253436179e-01,-3.752435858243583500e-01,-7.592256809397215367e-01,-3.710939107771215467e-02
-2.866413669597422942e-02,-7.609443529122400518e-01,-3.685138523966347002e-01,-6.043995519016382989e-01,-4.688299890300804407e-01,-5.487610349062533865e-01,-5.017030347131040680e-01,-5.303479018521272126e-01,-5.116467388532732752e-01,-5.260426174610177696e-01,-5.116467318127848607e-01,-5.303479037277000208e-01,-5.017030383698660723e-01,-5.487610245736134207e-01,-4.688299968005757989e-01,-6.043995542450661951e-01,-3.685138432180319334e-01,-7.609443640791071495e-01,-2.866411857638283267e-02
-2.062176800450475286e-02,-7.626143324864742556e-01,-3.620373723095306473e-01,-6.047380363130708814e-01,-4.642021719532309909e-01,-5.477372193454435045e-01,-4.981532913662288786e-01,-5.286062655199221805e-01,-5.085456312919811594e-01,-5.240910741025032182e-01,-5.085456237983932981e-01,-5.286062673617937246e-01,-4.981532955395399087e-01,-5.477372081108062840e-01,-4.642021803311811023e-01,-6.047380389969658765e-01,-3.620373623165941135e-01,-7.626143444904296409e-01,-2.062174865385982270e-02
-1.295509502268357011e-02,-7.642361686555987355e-01,-3.558007686099459166e-01,-6.051274301355257235e-01,-4.597256933309545879e-01,-5.468216825992293639e-01,-4.947209978084002868e-01,-5.269918145727933156e-01,-5.055529255539643607e-01,-5.222704149515239314e-01,-5.055529175951797294e-01,-5.269918163664054633e-01,-4.947210025326651550e-01,-5.468216704491998259e-01,-4.597257022887449862e-01,-6.051274332181202364e-01,-3.558007577693418910e-01,-7.642361814466857028e-01,-1.295507453985436999e-02
-5.639211930368835668e-03,-7.658106715334023207e-01,-3.497915208634678752e-01,-6.055604505367320201e-01,-4.553930220749411450e-01,-5.460046291935053420e-01,-4.913993445491628975e-01,-5.254947412160185793e-01,-5.026615587302195598e-01,-5.205710134643016795e-01,-5.026615561650897845e-01,-5.254947408582759660e-01,-4.913993471488601328e-01,-5.460046241685004853e-01,-4.553930255303323404e-01,-6.055604521756207115e-01,-3.497915159049987954e-01,-7.658106766894577921e-01,-5.639203965470747371e-03
1.348695193997931450e-03,-7.673388206335167716e-01,-3.439979293100469682e-01,-6.060307241948921231e-01,-4.511971536076737066e-01,-5.452772433275971942e-01,-4.881821257944843895e-01,-5.241061093524291836e-01,-4.998651607751807835e-01,-5.189840760453240387e-01,-4.998651581232665952e-01,-5.241061088568406134e-01,-4.881821286179536257e-01,-5.452772379758411558e-01,-4.511971572915174922e-01,-6.060307260097665960e-01,-3.439979239879911166e-01,-7.673388261366791419e-01,1.348703630529104764e-03
8.029581317302535853e-03,-7.688217415306448643e-01,-3.384090270844592463e-01,-6.065326847660121867e-01,-4.471315626325947368e-01,-5.446315652287663234e-01,-4.850636745740273259e-01,-5.228177629741201926e-01,-4.971579637229254778e-01,-5.175015453650103625e-01,-4.971579609797023847e-01,-5.228177623370202642e-01,-4.850636776306624931e-01,-5.446315595483830485e-01,-4.471315665367626702e-01,-6.065326867751462681e-01,-3.384090213911739031e-01,-7.688217473636029808e-01,8.029590191641717764e-03
1.442270436729207322e-02,-7.702606484322229718e-01,-3.330145448751229420e-01,-6.070614558940119476e-01,-4.431901561731254602e-01,-5.440604069996103354e-01,-4.820387958067599565e-01,-5.216222489470266899e-01,-4.945347328949887267e-01,-5.161160358126832826e-01,-4.945347300567113358e-01,-5.216222481635421904e-01,-4.820387991048097898e-01,-5.440604009920506634e-01,-4.431901602854979583e-01,-6.070614581163765733e-01,-3.330145388055029687e-01,-7.702606545725314557e-01,1.442271363796098632e-02
2.054579154688599904e-02,-7.716568171195645753e-01,-3.278048560897265373e-01,-6.076127645982576375e-01,-4.393672351615687255e-01,-5.435572670356386693e-01,-4.791027140991853117e-01,-5.205127469518631145e-01,-4.919907032480934639e-01,-5.148207663496218167e-01,-4.919907003122471201e-01,-5.205127460159331143e-01,-4.791027176453042102e-01,-5.435572607059073746e-01,-4.393672394666147119e-01,-6.076127670526094704e-01,-3.278048496415927326e-01,-7.716568235407630372e-01,2.054580116661983147e-02
2.641518348706784619e-02,-7.730115601932538993e-01,-3.227709305858817435e-01,-6.081828639925246360e-01,-4.356574601332302010e-01,-5.431162569060742351e-01,-4.762510276857616631e-01,-5.194830077459353657e-01,-4.895215251975734150e-01,-5.136095029389176059e-01,-4.895215221631650238e-01,-5.194830066504197985e-01,-4.762510314847658854e-01,-5.431162502626587507e-01,-4.356574646127865380e-01,-6.081828666965403141e-01,-3.227709237602168768e-01,-7.730115668661184936e-01,2.641519340492048951e-02
3.204596303672931079e-02,-7.743262076486341350e-01,-3.179042919849881521e-01,-6.087684666059943739e-01,-4.320558208803555456e-01,-5.427320368706741727e-01,-4.734796685446465703e-01,-5.185272983143143222e-01,-4.871232176902402511e-01,-5.124765073571493357e-01,-4.871232145578747175e-01,-5.185272970513092883e-01,-4.734796725993249966e-01,-5.427320299253273195e-01,-4.320558255143772675e-01,-6.087684695756467868e-01,-3.179042847858845611e-01,-7.743262145424036902e-01,3.204597320004045485e-02
3.745207047381177157e-02,-7.756020917187793629e-01,-3.131969782926898871e-01,-6.093666867481382088e-01,-4.285576094835532590e-01,-5.423997589159412769e-01,-4.707848677431153428e-01,-5.176403530347718496e-01,-4.847921274561675098e-01,-5.114164915635823760e-01,-4.847921242279884524e-01,-5.176403515959385748e-01,-4.707848720542389676e-01,-5.423997516832099741e-01,-4.285576142509551212e-01,-6.093666899971861284e-01,-3.131969707271898828e-01,-7.756020988022443996e-01,3.745208082997112525e-02
4.264640670549223189e-02,-7.768405351361958866e-01,-3.086415055679502251e-01,-6.099749906027844837e-01,-4.251583962412893158e-01,-5.421150163501393671e-01,-4.681631252265410215e-01,-5.168173301071139480e-01,-4.825248935392892902e-01,-5.104245769261881449e-01,-4.825248902188313260e-01,-5.168173284840117399e-01,-4.681631297929491620e-01,-5.421150088468471573e-01,-4.251584011206653857e-01,-6.099749941424588151e-01,-3.086414976457913517e-01,-7.768405423785980091e-01,4.264641720334352848e-02
4.764092583337486975e-02,-7.780428421332217237e-01,-3.042308344008680110e-01,-6.105911529398108106e-01,-4.218540080999892972e-01,-5.418737991292768008e-01,-4.656111833949302392e-01,-5.160537726031911854e-01,-4.803184163480256341e-01,-5.094962577060733189e-01,-4.803184129399996616e-01,-5.160537707875633151e-01,-4.656111882137267122e-01,-5.418737913739606338e-01,-4.218540130702554958e-01,-6.105911567786375116e-01,-3.042308261341848952e-01,-7.780428495049689364e-01,4.764093642435657944e-02
5.244671829276872921e-02,-7.792102916358492060e-01,-2.999583389763816332e-01,-6.112132195031843018e-01,-4.186405092534487005e-01,-5.416724541993380715e-01,-4.631260039180872257e-01,-5.153455735829018947e-01,-4.781698305848334773e-01,-5.086273682871854662e-01,-4.781698270948578910e-01,-5.153455715670113291e-01,-4.631260089847625272e-01,-5.416724462117754602e-01,-4.186405142942012381e-01,-6.112132236471209401e-01,-2.999583303791523159e-01,-7.792102991090208430e-01,5.244672893161086286e-02
5.707408562714626210e-02,-7.803441322127111501e-01,-2.958177785174589958e-01,-6.118394742770654204e-01,-4.155141836337943317e-01,-5.415076502367681677e-01,-4.607047473286929318e-01,-5.146889447967136766e-01,-4.760764815121105165e-01,-5.078140537095019447e-01,-4.760764779464719543e-01,-5.146889425735406975e-01,-4.607047526373208579e-01,-5.415076420375449784e-01,-4.155141887256453836e-01,-6.118394787295853288e-01,-2.958177696051841887e-01,-7.803441397614130359e-01,5.707409627240722649e-02
6.153260783178767651e-02,-7.814455784265416094e-01,-2.918032709169595673e-01,-6.124684109511023822e-01,-4.124715190595422687e-01,-5.413763462516341107e-01,-4.583447550052270891e-01,-5.140803885586817668e-01,-4.740359040939270407e-01,-5.070527431237698002e-01,-4.740359004594123515e-01,-5.140803861219506166e-01,-4.583447605488494836e-01,-5.413763378615803479e-01,-4.124715241845156033e-01,-6.124684157132169737e-01,-2.918032617064495460e-01,-7.814455860270302923e-01,6.153261844601308483e-02
6.583120408729804807e-02,-7.825158083041474644e-01,-2.879092683820970167e-01,-6.130987080071609308e-01,-4.095091928424189343e-01,-5.412757635885165897e-01,-4.560435332177463219e-01,-5.135166724281209349e-01,-4.720458046224570436e-01,-5.063401258366180269e-01,-4.720458009261094268e-01,-5.135166697725030982e-01,-4.560435389884246460e-01,-5.412757550285093311e-01,-4.095091979839027840e-01,-6.130987130778060568e-01,-2.879092588909638595e-01,-7.825158159349455689e-01,6.583121463711624766e-02
6.997818760591362208e-02,-7.835559616956108142e-01,-2.841305349289944271e-01,-6.137292069347619616e-01,-4.066240586830903170e-01,-5.412033609214211838e-01,-4.537987389585501630e-01,-5.129948063847598050e-01,-4.701040444953414332e-01,-5.056731296577272605e-01,-4.701040407443234370e-01,-5.129948035058804479e-01,-4.537987449476261759e-01,-5.412033522120474061e-01,-4.066240638259676077e-01,-6.137292123109832076e-01,-2.841305251753967198e-01,-7.835559693374882784e-01,6.997819806194631453e-02
7.398131522780990177e-02,-7.845671393380535541e-01,-2.804621255778881883e-01,-6.143588931540813203e-01,-4.038131347108321334e-01,-5.411568118907157388e-01,-4.516081673225869619e-01,-5.125120222214656351e-01,-4.682086258594670980e-01,-5.050489012974450631e-01,-4.682086220609149585e-01,-5.125120191159135974e-01,-4.516081735208387071e-01,-5.411568030520890193e-01,-4.038131398414721573e-01,-6.143588988312687071e-01,-2.804621155803156407e-01,-7.845671469739637915e-01,7.398132556452538533e-02
7.784783232948222498e-02,-7.855504024744820457e-01,-2.768993671117107036e-01,-6.149868792858870226e-01,-4.010735925420338965e-01,-5.411339850751694103e-01,-4.494697402369085548e-01,-5.120657549128744268e-01,-4.663576788775521398e-01,-5.044647885944759658e-01,-4.663576750384870739e-01,-5.120657515781878999e-01,-4.494697466346939119e-01,-5.411339761267578430e-01,-4.010735976482306953e-01,-6.149868852580390177e-01,-2.768993568887167522e-01,-7.855504100894263875e-01,7.784784252491963596e-02
8.158451354032353331e-02,-7.865067729071337777e-01,-2.734378402717024814e-01,-6.156123904593884255e-01,-3.984027472491931121e-01,-5.411329260310475675e-01,-4.473814963678280354e-01,-5.116536257476085314e-01,-4.645494504087939180e-01,-5.039183243800942069e-01,-4.645494465360469061e-01,-5.116536221822131081e-01,-4.473815029552504208e-01,-5.411329169915394255e-01,-3.984027523201755794e-01,-6.156123967192617119e-01,-2.734378298418235209e-01,-7.865067804880505609e-01,8.158452357587991921e-02
8.519769970688755023e-02,-7.874372333882528885e-01,-2.700733632742178258e-01,-6.162347513924733011e-01,-3.957980481463587719e-01,-5.411518411637403769e-01,-4.453415820590562735e-01,-5.112734270373939793e-01,-4.627822939242453026e-01,-5.034072118086908576e-01,-4.627822900243978577e-01,-5.112734232405741208e-01,-4.453415888260485733e-01,-5.411518320509789426e-01,-3.957980531726404960e-01,-6.162347579318463442e-01,-2.700733526557415054e-01,-7.874372409238563630e-01,8.519770956701219755e-02
8.869333149281444229e-02,-7.883427282693206140e-01,-2.668019765424618495e-01,-6.168533750156761641e-01,-3.932570703087344133e-01,-5.411890832261303519e-01,-4.433482431748083652e-01,-5.109231082380789601e-01,-4.610546605024428146e-01,-5.029293110042418746e-01,-4.610546565818018916e-01,-5.109231042098738573e-01,-4.433482501112750995e-01,-5.411890740570115543e-01,-3.932570752821153426e-01,-6.168533818254542389e-01,-2.668019657534045352e-01,-7.883427357499513954e-01,8.869334116474070218e-02
9.207697995935662516e-02,-7.892241643457733602e-01,-2.636199285557492833e-01,-6.174677524429710296e-01,-3.907775067545876113e-01,-5.412431382632845178e-01,-4.413998177395099809e-01,-5.106007633369449294e-01,-4.593650907724124988e-01,-5.024826268897769621e-01,-4.593650868369419382e-01,-5.106007590781809213e-01,-4.413998248352829501e-01,-5.412431290538637363e-01,-3.907775116678834371e-01,-6.174677595135040775e-01,-2.636199176135958222e-01,-7.892241717632850762e-01,9.207698943285623494e-02
9.535387443179699218e-02,-7.900824118459592871e-01,-2.605236627267810690e-01,-6.180774441194322177e-01,-3.883571612256253025e-01,-5.413126138450099489e-01,-4.394947292801125727e-01,-5.103046193774908312e-01,-4.577122076887424895e-01,-5.020652980820298206e-01,-4.577122037440868318e-01,-5.103046148896224210e-01,-4.394947365251345994e-01,-5.413126046103478028e-01,-3.883571660727664354e-01,-6.180774514404874243e-01,-2.605236516486014731e-01,-7.900824191935380547e-01,9.535388369890986093e-02
9.852892792368525554e-02,-7.909183055235571302e-01,-2.575098052254042313e-01,-6.186820719983945338e-01,-3.859939415104214344e-01,-5.413962284461726338e-01,-4.376314807904053694e-01,-5.100330260070738975e-01,-4.560947100393895615e-01,-5.016755867466310415e-01,-4.560947060908593365e-01,-5.100330212921622142e-01,-4.376314881747390695e-01,-5.413962192003890506e-01,-3.859939462862674864e-01,-6.186820795593659383e-01,-2.575097940276991348e-01,-7.909183127955946579e-01,9.852893697845943599e-02
1.016067603601914365e-01,-7.917326458204270168e-01,-2.545751536735330056e-01,-6.192813126209240071e-01,-3.836858532606317596e-01,-5.414928018519259423e-01,-4.358086492465984008e-01,-5.097844459458389377e-01,-4.545113665996986518e-01,-5.013118693205467213e-01,-4.545113626522397920e-01,-5.097844410065053289e-01,-4.358086567604319006e-01,-5.414927926082480081e-01,-3.836858579608765640e-01,-6.192813204109511860e-01,-2.545751423721931417e-01,-7.917326530124186856e-01,1.016067691985014787e-01
1.045917198161293582e-01,-7.925262000739284884e-01,-2.517166666427123611e-01,-6.198748909870115398e-01,-3.814309942562574829e-01,-5.416012464790320724e-01,-4.340248806131318804e-01,-5.095574462866532262e-01,-4.529610108575763405e-01,-5.009726280189281677e-01,-4.529610069158255814e-01,-5.095574411259510272e-01,-4.340248882469132097e-01,-5.416012372497123195e-01,-3.814309988774556848e-01,-6.198748989949622867e-01,-2.517166552531129309e-01,-7.925262071823155896e-01,1.045917284354279525e-01
1.074879019604909058e-01,-7.932997037476798852e-01,-2.489314538913852681e-01,-6.204625751222271335e-01,-3.792275490804591920e-01,-5.417205595168758103e-01,-4.322788852854839159e-01,-5.093506905450244648e-01,-4.514425362445986800e-01,-5.006564430520015208e-01,-4.514425323128001266e-01,-5.093506851665372537e-01,-4.322788930297656873e-01,-5.417205503133846189e-01,-3.792275536197260433e-01,-6.204625833370160937e-01,-2.489314424280853477e-01,-7.932997107698067651e-01,1.074879103596743934e-01
1.102991678788580177e-01,-7.940538616694373664e-01,-2.462167672838616039e-01,-6.210441712566566741e-01,-3.770737841684668190e-01,-5.418498158034544820e-01,-4.305694339228917644e-01,-5.091629313875869478e-01,-4.499548918157094124e-01,-5.003619854857566107e-01,-4.499548878978260058e-01,-5.091629257951759691e-01,-4.305694417685674846e-01,-5.418498066363042209e-01,-3.770737886237036651e-01,-6.210441796670028713e-01,-2.462167557609794000e-01,-7.940538686033642435e-01,1.102991760580073755e-01
1.130291604271838335e-01,-7.947893492631152856e-01,-2.435699923386801524e-01,-6.216195195426410525e-01,-3.749680431994889540e-01,-5.419881613602618442e-01,-4.288953536307519299e-01,-5.089930039741332735e-01,-4.484970783281528317e-01,-5.000880106869297625e-01,-4.484970744277785859e-01,-5.089929981720886509e-01,-4.288953615688761989e-01,-5.419881522392193673e-01,-3.749680475690553849e-01,-6.216195281374050641e-01,-2.435699807695401731e-01,-7.947893561076171398e-01,1.130291683875122022e-01
1.156813192540245561e-01,-7.955068137650990190e-01,-2.409886403572238101e-01,-6.221884902484060564e-01,-3.729087428026646167e-01,-5.421348075196255056e-01,-4.272555244561521137e-01,-5.088398198562789077e-01,-4.470681446755719324e-01,-4.998333522989305555e-01,-4.470681407960036546e-01,-5.088398138491335709e-01,-4.272555324780736297e-01,-5.421347984536394327e-01,-3.729087470854789421e-01,-6.221884990164575635e-01,-2.409886287545979500e-01,-7.955068205195254816e-01,1.156813269976617459e-01
1.182588946143158654e-01,-7.962068754169739915e-01,-2.384703410886849784e-01,-6.227509803713657810e-01,-3.708943685518611977e-01,-5.422890255843844098e-01,-4.256488761654259045e-01,-5.087023613805355948e-01,-4.456671846392760705e-01,-4.995969167008249556e-01,-4.456671807834814425e-01,-5.087023551731251203e-01,-4.256488842627217384e-01,-5.422890165816728336e-01,-3.708943727472621688e-01,-6.227509893017323384e-01,-2.384703294646551008e-01,-7.962068820812042702e-01,1.182589021442116695e-01
1.207649600849847460e-01,-7.968901286290577257e-01,-2.360128358902290335e-01,-6.233069106228568135e-01,-3.689234712259603644e-01,-5.424501419671770019e-01,-4.240743852755110010e-01,-5.085796765498266092e-01,-4.442933339229309109e-01,-4.993776779060986049e-01,-4.442933300935816288e-01,-5.085796701472008463e-01,-4.240743934400297288e-01,-5.424501330352378137e-01,-3.689234753337051198e-01,-6.233069197046923193e-01,-2.360128242562927192e-01,-7.968901352034206687e-01,1.207649674047862748e-01
1.232024242817517656e-01,-7.975571431105361597e-01,-2.336139713452086708e-01,-6.238562227414609085e-01,-3.669946633138538861e-01,-5.426175337619401073e-01,-4.225310723147285841e-01,-5.084708743015937671e-01,-4.429457674412239365e-01,-4.991746728624870677e-01,-4.429457636406920473e-01,-5.084708677090170603e-01,-4.225310805385670276e-01,-5.426175249075723128e-01,-3.669946673340622745e-01,-6.238562319641158815e-01,-2.336139597122179057e-01,-7.975571495957416435e-01,1.232024313956743139e-01
1.255740416660896253e-01,-7.982084649630772910e-01,-2.312716933048244439e-01,-6.243988770975641422e-01,-3.651066157450556515e-01,-5.427906247054158362e-01,-4.210179992908624769e-01,-5.083751201651439677e-01,-4.416236968361513249e-01,-4.989869971177180452e-01,-4.416236930665422555e-01,-5.083751133880147766e-01,-4.210180075664151089e-01,-5.427906159347564152e-01,-3.651066196781949103e-01,-6.243988864505414238e-01,-2.312716816831111855e-01,-7.982084713601622639e-01,1.255740485788560679e-01
1.278824225230310585e-01,-7.988446177360261080e-01,-2.289840413219692006e-01,-6.249348505560962108e-01,-3.632580548287752675e-01,-5.429688814909189309e-01,-4.195342673474696804e-01,-5.082916322642141438e-01,-4.403263681982387823e-01,-4.988138008194318296e-01,-4.403263644613450989e-01,-5.082916253081455338e-01,-4.195342756673055007e-01,-5.429688728095671824e-01,-3.632580586754998175e-01,-6.249348600292075062e-01,-2.289840297211946651e-01,-7.988446240463347170e-01,1.278824292397756912e-01
1.301300421818756270e-01,-7.994661034419745516e-01,-2.267491434479798063e-01,-6.254641345687941278e-01,-3.614477593855967008e-01,-5.431518104008598025e-01,-4.180790145907669619e-01,-5.082196776346976641e-01,-4.390530599719392191e-01,-4.986542850207493216e-01,-4.390530562693113481e-01,-5.082196705053860786e-01,-4.180790229477589492e-01,-5.431518018137586612e-01,-3.614477631469014685e-01,-6.254641441520124578e-01,-2.267491318773330322e-01,-7.994661096670595546e-01,1.301300487080416790e-01
1.323192495455797757e-01,-8.000734035321360738e-01,-2.245652113658879456e-01,-6.259867334701910702e-01,-3.596745580577269674e-01,-5.433389542274772444e-01,-4.166514140720963821e-01,-5.081585688296218484e-01,-4.378030810274214923e-01,-4.985076982655110567e-01,-4.378030773603187598e-01,-5.081585615329309302e-01,-4.166514224592927085e-01,-5.433389457390982447e-01,-3.596745617347341106e-01,-6.259867431538130855e-01,-2.245651998339395772e-01,-8.000734096737687207e-01,1.323192558868886981e-01
1.344522749875968759e-01,-8.006669798313900133e-01,-2.224305358355226359e-01,-6.265026629550057846e-01,-3.579373267844108142e-01,-5.435298894550335547e-01,-4.152506719118782552e-01,-5.081076607868115769e-01,-4.365757688825062099e-01,-4.983733334295886719e-01,-4.365757652519552945e-01,-5.081076533286631447e-01,-4.152506803225990972e-01,-5.435298810692856808e-01,-3.579373303784889604e-01,-6.265026727295300857e-01,-2.224305243503986174e-01,-8.006669858914750026e-01,1.344522811499418435e-01
1.365312376698837316e-01,-8.012472754334625247e-01,-2.203434824279840165e-01,-6.270119487170541239e-01,-3.562349864308204661e-01,-5.437242236789729954e-01,-4.138760255529780330e-01,-5.080663479365981061e-01,-4.353704880606003580e-01,-4.982505247971177331e-01,-4.353704844673944585e-01,-5.080663403229707109e-01,-4.138760339807868727e-01,-5.437242153992731808e-01,-3.562349899435027223e-01,-6.270119585732270018e-01,-2.203434709973389749e-01,-8.012472814140213506e-01,1.365312436592885925e-01
1.385581524656991914e-01,-8.018147166736824261e-01,-2.183024834203761144e-01,-6.275146292776826451e-01,-3.545665010984949683e-01,-5.439215915217190389e-01,-4.125267442295953435e-01,-5.080340593572709729e-01,-4.341866275545803178e-01,-4.981386441680493160e-01,-4.341866280935723355e-01,-5.080340552728451753e-01,-4.125267475879834667e-01,-5.439215891232329625e-01,-3.545665025710496021e-01,-6.275146328665774931e-01,-2.183024789061762116e-01,-8.018147194966648295e-01,1.385581554687315142e-01
1.405349355846007287e-01,-8.023697093904675892e-01,-2.163060505207421158e-01,-6.280107387575989408e-01,-3.529308737986298627e-01,-5.441216594272018092e-01,-4.112021190258711156e-01,-5.080102649487534539e-01,-4.330236035486113577e-01,-4.980371030159954637e-01,-4.330236041139360892e-01,-5.080102608073921999e-01,-4.112021223692911565e-01,-5.441216570995677237e-01,-3.529308752422948281e-01,-6.280107423675942435e-01,-2.163060460593839995e-01,-8.023697121636796936e-01,1.405349384959989900e-01
1.424634116420464558e-01,-8.029126466710834187e-01,-2.143527465882253125e-01,-6.285003300441220908e-01,-3.513271479345481674e-01,-5.443241130871822042e-01,-4.099014741337830281e-01,-5.079944602438295487e-01,-4.318808518322209689e-01,-4.979453432568725635e-01,-4.318808524239133861e-01,-5.079944560478926174e-01,-4.099014774594852417e-01,-5.443241108321400512e-01,-3.513271493497266418e-01,-6.285003336716565858e-01,-2.143527421833263946e-01,-8.029126493948802734e-01,1.424634144634738253e-01
1.443453181575102828e-01,-8.034439048636301539e-01,-2.124411988778218130e-01,-6.289834578720587821e-01,-3.497544030668768844e-01,-5.445286627534882129e-01,-4.086241570425696579e-01,-5.079861728466769089e-01,-4.307578308326321381e-01,-4.978628396238181097e-01,-4.307578314506722017e-01,-5.079861685984894404e-01,-4.086241603479452422e-01,-5.445286605725826456e-01,-3.497544044540293329e-01,-6.289834615136862261e-01,-2.124411945327737694e-01,-8.034439075384806062e-01,1.443453208907747864e-01
1.461823108902471913e-01,-8.039638454905329024e-01,-2.105700917965820096e-01,-6.294601820431133810e-01,-3.482117537740111457e-01,-5.447350397478296635e-01,-4.073695394208004528e-01,-5.079849583430507964e-01,-4.296540194117056677e-01,-4.977890965414792368e-01,-4.296540200560471368e-01,-5.079849540448742040e-01,-4.073695427034431105e-01,-5.447350376423207852e-01,-3.482117551337546857e-01,-6.294601856954465946e-01,-2.105700875145994355e-01,-8.039638481169804063e-01,1.461823135372581906e-01
1.479759685572483441e-01,-8.044728159235715603e-01,-2.087381639910965703e-01,-6.299305667275759690e-01,-3.466983480004539042e-01,-5.449429949133797191e-01,-4.061370159489728904e-01,-5.079903984807110362e-01,-4.285689158155273071e-01,-4.977236462602236955e-01,-4.285689164860242428e-01,-5.079903941348560270e-01,-4.061370192065137941e-01,-5.449429928844369275e-01,-3.466983493333371524e-01,-6.299305703874585882e-01,-2.087381597750456730e-01,-8.044728185022831379e-01,1.479759711200541727e-01
1.497277972307631266e-01,-8.049711500264620234e-01,-2.069442056088154902e-01,-6.303946798394280959e-01,-3.452133654978883914e-01,-5.451522971893427716e-01,-4.049260032233635842e-01,-5.080020994812461943e-01,-4.275020366945030958e-01,-4.976660471209886638e-01,-4.275020373909979021e-01,-5.080020950899397647e-01,-4.049260064536271964e-01,-5.451522952378821119e-01,-3.452133668046129533e-01,-6.303946835037257390e-01,-2.069442014614727432e-01,-8.049711525581314531e-01,1.497277997114377368e-01
1.522550307922989898e-01,-8.056922022187762433e-01,-2.043478796189271141e-01,-6.310724375228398131e-01,-3.430590252340942614e-01,-5.454651266352883443e-01,-4.031662204708623687e-01,-5.080302365309835588e-01,-4.259504254723004979e-01,-4.975941134804816590e-01,-4.259504262069594427e-01,-5.080302320763014912e-01,-4.031662236567945534e-01,-5.454651248002839736e-01,-3.430590265032336106e-01,-6.310724411882969731e-01,-2.043478755781175382e-01,-8.056922046820471639e-01,1.522550331550277525e-01
1.550237570433083134e-01,-8.064850533214448225e-01,-2.014921190700449394e-01,-6.318261568310422627e-01,-3.406822985203956655e-01,-5.458227588437263300e-01,-4.012207574326557835e-01,-5.080765407480726248e-01,-4.242333148020888678e-01,-4.975306747324953482e-01,-4.242333155792939459e-01,-5.080765362272530172e-01,-4.012207605630801477e-01,-5.458227571424953961e-01,-3.406822997488095917e-01,-6.318261604903850914e-01,-2.014921151561719359e-01,-8.064850557092677619e-01,1.550237592779844242e-01
1.579387068993388654e-01,-8.073230421237802545e-01,-1.984726392547608020e-01,-6.326324105322213009e-01,-3.381611576753267845e-01,-5.462163268379888192e-01,-3.991524284387656385e-01,-5.081430664313457690e-01,-4.224056737955645957e-01,-4.974815656719873136e-01,-4.224056746181495958e-01,-5.081430618450589742e-01,-3.991524315026802050e-01,-5.462163252843358352e-01,-3.381611588616598718e-01,-6.326324141764150255e-01,-1.984726354861861275e-01,-8.073230444318777455e-01,1.579387090010779260e-01
1.610117330107061762e-01,-8.082100904424092125e-01,-1.952749843346426872e-01,-6.334966155063193050e-01,-3.354820483126358388e-01,-5.466504147478890019e-01,-3.969491991110973839e-01,-5.082332881825344373e-01,-4.204564296893998354e-01,-4.974498095544646059e-01,-4.204564305600999030e-01,-5.082332835324916420e-01,-3.969492020955814326e-01,-5.466504133569971557e-01,-3.354820494558079513e-01,-6.334966191244670863e-01,-1.952749807322711195e-01,-8.082100926664526064e-01,1.610117349750255777e-01
1.642559994393523182e-01,-8.091505831410618077e-01,-1.918829494164915050e-01,-6.344249330317691671e-01,-3.326296686343092057e-01,-5.471303382906780310e-01,-3.945974120519911144e-01,-5.083513231851409797e-01,-4.183729794789665668e-01,-4.974390304315438049e-01,-4.183729804002670472e-01,-5.083513184743968516e-01,-3.945974149418677301e-01,-5.471303370791585907e-01,-3.326296697336805774e-01,-6.344249366106657906e-01,-1.918829460042370261e-01,-8.091505852767014728e-01,1.642560012623521803e-01
1.676861674243604328e-01,-8.101494378792581941e-01,-1.882783084470963098e-01,-6.354243976455401510e-01,-3.295866792551788160e-01,-5.476622870683153232e-01,-3.920815045823693445e-01,-5.085020685963786979e-01,-4.161409170428711501e-01,-4.974535867961964453e-01,-4.161409180167253696e-01,-5.085020638298717310e-01,-3.920815073596640721e-01,-5.476622860542987858e-01,-3.295866803106661247e-01,-6.354244011692278260e-01,-1.882783052523272493e-01,-8.101494399221133014e-01,1.676861691028189716e-01
1.713186135014494738e-01,-8.112121877419674609e-01,-1.844404898139629378e-01,-6.365030731195759905e-01,-3.263333534298689109e-01,-5.482534998528141301e-01,-3.893836657663104495e-01,-5.086913730814823786e-01,-4.137437001024201200e-01,-4.974987393349795117e-01,-4.137437011298268352e-01,-5.086913682667141279e-01,-3.893836684095948186e-01,-5.482534990559988497e-01,-3.263333544421515575e-01,-6.365030765687139658e-01,-1.844404868681277510e-01,-8.112121896876278715e-01,1.713186150330242019e-01
1.751716867144589296e-01,-8.123450795876738795e-01,-1.803461875746840970e-01,-6.376702423203164383e-01,-3.228471529633563097e-01,-5.489124818119632820e-01,-3.864834170318784956e-01,-5.089262522821755841e-01,-4.111622410926525362e-01,-4.975808627665236905e-01,-4.111622421729735910e-01,-5.089262474302558292e-01,-3.864834195153218355e-01,-5.489124812536643194e-01,-3.228471539339967111e-01,-6.376702456715390710e-01,-1.803461849138919826e-01,-8.123450814315961166e-01,1.751716880977129964e-01
1.792660132983611987e-01,-8.135551916819100393e-01,-1.759688929540013103e-01,-6.389366396833686679e-01,-3.191022108063544804e-01,-5.496492754298806238e-01,-3.833570959305638848e-01,-5.092151612213050571e-01,-4.083744010727884954e-01,-4.977077150702624575e-01,-4.083744022028371612e-01,-5.092151563481914778e-01,-3.833570982228521329e-01,-5.496492751328452275e-01,-3.191022117382321666e-01,-6.389366429081498877e-01,-1.759688906201627989e-01,-8.135551934190985435e-01,1.792660145325636056e-01
1.836248593183106848e-01,-8.148505751291581500e-01,-1.712783264291283247e-01,-6.403147376547340119e-01,-3.150686956146728779e-01,-5.504758006781463875e-01,-3.799772161347348964e-01,-5.095683410472524599e-01,-4.053543590790481543e-01,-4.978887819853453078e-01,-4.053543602515206068e-01,-5.095683361758196472e-01,-3.799772181972180807e-01,-5.504758006666243819e-01,-3.150686965120251815e-01,-6.403147407183480411e-01,-1.712783244709710218e-01,-8.148505767536970978e-01,1.836248604030277787e-01
1.882745644612127678e-01,-8.162404248494143921e-01,-1.662397449981264930e-01,-6.418191019711013690e-01,-3.107120258326522277e-01,-5.514062851956506028e-01,-3.763116679828226174e-01,-5.099982636123339130e-01,-4.020718200955333277e-01,-4.981357210143297909e-01,-4.020718212968065197e-01,-5.099982587751010765e-01,-3.763116697671562427e-01,-5.514062854951602421e-01,-3.107120267013803172e-01,-6.418191048309676017e-01,-1.662397434729223633e-01,-8.162404263533812321e-01,1.882745653950246567e-01
1.932450636953844114e-01,-8.177352874648431413e-01,-1.608130915707992881e-01,-6.434668354221952935e-01,-3.059918903509167842e-01,-5.524578124173042948e-01,-3.723227117732579305e-01,-5.105202058816531441e-01,-3.984910120321244476e-01,-4.984629380721073977e-01,-3.984910132389992699e-01,-5.105202011246025018e-01,-3.723227132180219057e-01,-5.524578130544397503e-01,-3.059918911986826418e-01,-6.434668380257648757e-01,-1.608130905467362592e-01,-8.177352888364562977e-01,1.932450644735589362e-01
1.985705181131620645e-01,-8.193473156039590144e-01,-1.549519430923399221e-01,-6.452781362616063499e-01,-3.008610183338126798e-01,-5.536510256038112976e-01,-3.679656991503569285e-01,-5.111529981575200221e-01,-3.945694041865968060e-01,-4.988883425259050264e-01,-3.945694053615168007e-01,-5.111529935455993989e-01,-3.679657001760072155e-01,-5.536510266063069396e-01,-3.008610191696881042e-01,-6.452781385437341699e-01,-1.549519426517875498e-01,-8.193473168243999849e-01,1.985705187232986724e-01
2.042900823211339922e-01,-8.210905809826147816e-01,-1.486021999427346585e-01,-6.472770064326551775e-01,-2.952636207243868882e-01,-5.550110398176242299e-01,-3.631874341984512311e-01,-5.119200071772398442e-01,-3.902560542991068138e-01,-4.994343443931233972e-01,-3.902560553836367796e-01,-5.119200028015435944e-01,-3.631874347004069303e-01,-5.550110412146971317e-01,-2.952636215579763079e-01,-6.472770083120922280e-01,-1.486022001871129539e-01,-8.210905820208536099e-01,2.042900827358570259e-01
2.104488437604355722e-01,-8.229814624451810001e-01,-1.417004398128084430e-01,-6.494921573058696218e-01,-2.891333977197437788e-01,-5.565686339240172309e-01,-3.579240520888783417e-01,-5.128504397059188147e-01,-3.854894549583610108e-01,-5.001291834971695049e-01,-3.854894558647655733e-01,-5.128504356926888441e-01,-3.579240519279917043e-01,-5.565686357477754864e-01,-2.891333985591386657e-01,-6.494921586809391245e-01,-1.417004408696023454e-01,-8.229814632500929150e-01,2.104488439258843657e-01
2.170989800362673194e-01,-8.250391303100839124e-01,-1.341718323941138713e-01,-6.519581782350341026e-01,-2.823909664275467413e-01,-5.583618234733854768e-01,-3.520982444790240473e-01,-5.139810879677819688e-01,-3.801946974066062190e-01,-5.010087183938903843e-01,-3.801946980083842353e-01,-5.139810844879375562e-01,-3.520982434696502406e-01,-5.583618257619509251e-01,-2.823909672757043410e-01,-6.519581789787729509e-01,-1.341718344263562457e-01,-8.250391307996121082e-01,2.170989798557905470e-01
2.243011947012267804e-01,-8.272861553662855805e-01,-1.259274735364736275e-01,-6.547170582095800384e-01,-2.749405053259078580e-01,-5.604379570727664461e-01,-3.456155899480622407e-01,-5.153586907587259791e-01,-3.742796934006766829e-01,-5.021188589844436390e-01,-3.742796935248454693e-01,-5.153586880344118715e-01,-3.456155878451270258e-01,-5.604379598763051806e-01,-2.749405061751540313e-01,-6.547170581649914833e-01,-1.259274767548664853e-01,-8.272861554149043561e-01,2.243011940159163331e-01
2.321265113381565381e-01,-8.297492804051207482e-01,-1.168609441436700425e-01,-6.578201865891908362e-01,-2.666653284497655929e-01,-5.628565400367064875e-01,-3.383596431012347860e-01,-5.170431620510012038e-01,-3.676300807363952483e-01,-5.035189104165660456e-01,-3.676300801628347714e-01,-5.170431603530748488e-01,-3.383596395897792153e-01,-5.628565434272932988e-01,-2.666653292745034820e-01,-6.578201855668717180e-01,-1.168609488186254930e-01,-8.297492798342462894e-01,2.321265099108150709e-01
2.406585320913400827e-01,-8.324604051721982145e-01,-1.068438227530358331e-01,-6.613310103343108537e-01,-2.574219792159332942e-01,-5.656930795751967667e-01,-3.301852796624404895e-01,-5.191120558360605708e-01,-3.601022648748208876e-01,-5.052862219634406404e-01,-3.601022633505950310e-01,-5.191120554635950679e-01,-3.301852743572851190e-01,-5.656930836581876010e-01,-2.574219799666052078e-01,-6.613310081141224872e-01,-1.068438292223177905e-01,-8.324604037522631561e-01,2.406585296073214253e-01
2.499963024836167058e-01,-8.354578532584799877e-01,-9.571977077809971923e-02,-6.653285995548996468e-01,-2.470322511610054117e-01,-5.690443805345445361e-01,-3.209095587489639856e-01,-5.216668128122217141e-01,-3.515137853862782547e-01,-5.075227262060296729e-01,-3.515137826597074522e-01,-5.216668140498672557e-01,-3.209095512113002702e-01,-5.690443854564183335e-01,-2.470322517618409874e-01,-6.653285958948725876e-01,-9.571977944031909158e-02,-8.354578507339612825e-01,2.499962985864919163e-01
2.602579715259389914e-01,-8.387880120046180554e-01,-8.329665158736357378e-02,-6.699124807182454955e-01,-2.352722704663814668e-01,-5.730359222677892106e-01,-3.102990011519131119e-01,-5.248416044270483027e-01,-3.416297870700997219e-01,-5.103642477451917348e-01,-3.416297870807223913e-01,-5.248416053820521565e-01,-3.102989969611861798e-01,-5.730359259866149024e-01,-2.352722712423967466e-01,-6.699124779616079106e-01,-8.329665726406622339e-02,-8.387880107950291819e-01,2.602579701034216653e-01
2.715855076119876310e-01,-8.425074741252707167e-01,-6.933590452558102690e-02,-6.752092521543714421e-01,-2.218573579343993685e-01,-5.778322476220298931e-01,-2.980516449246863875e-01,-5.288159938605624388e-01,-3.301437670727602747e-01,-5.139939047973144381e-01,-3.301437663379779286e-01,-5.288159958337194100e-01,-2.980516393150917098e-01,-5.778322518848908462e-01,-2.218573587583962115e-01,-6.752092484599445665e-01,-6.933591169840698509e-02,-8.425074723115533182e-01,2.715855054639659261e-01
2.841507884484150148e-01,-8.466858231721817729e-01,-5.353809477529791749e-02,-6.813817109454856080e-01,-2.064207897479193032e-01,-5.836517419137459139e-01,-2.837713458147045342e-01,-5.338332672326240314e-01,-3.166497362827781492e-01,-5.186616212740371434e-01,-3.166497347142178675e-01,-5.338332702959680542e-01,-2.837713385554917478e-01,-5.836517467863251429e-01,-2.064207905889319516e-01,-6.813817061846851875e-01,-5.353810366052983577e-02,-8.466858206986158653e-01,2.841507855143862171e-01
2.981635188353843890e-01,-8.514092761587613856e-01,-3.552305760055990413e-02,-6.886415048426561825e-01,-1.884836473870996065e-01,-5.907878004076877465e-01,-2.669305796735584879e-01,-5.402271718085285279e-01,-3.006015246553569997e-01,-5.247127625950916974e-01,-3.006015222510481366e-01,-5.402271759005337071e-01,-2.669305706166866798e-01,-5.907878059031431706e-01,-1.884836482130247126e-01,-6.886414989436586698e-01,-3.552306830802351434e-02,-8.514092730890394645e-01,2.981635152348910411e-01
3.138814663712397590e-01,-8.567853583550782970e-01,-1.480253080783931405e-02,-6.972666350013037029e-01,-1.674117143229875704e-01,-5.996392051907881715e-01,-2.468160627633227966e-01,-5.484610565374106184e-01,-2.812526570454872421e-01,-5.326303212870943105e-01,-2.812526539290827188e-01,-5.484610613898215359e-01,-2.468160519147279963e-01,-5.996392112132606922e-01,-1.674117150960700295e-01,-6.972666280069242939e-01,-1.480254322949722985e-02,-8.567853549428092741e-01,3.138814625091685406e-01
3.316235020404962874e-01,-8.629486893397055880e-01,9.257395080508344642e-03,-7.076252794509736432e-01,-1.423538707363970479e-01,-6.107532955797549956e-01,-2.224491246141487022e-01,-5.591847657875854694e-01,-2.575672949606074291e-01,-5.430966783891099103e-01,-2.575672914547835202e-01,-5.591847708028281350e-01,-2.224491122583941716e-01,-6.107533018448053630e-01,-1.423538714010141037e-01,-7.076252716211760552e-01,9.257381454823881972e-03,-8.629486861317010593e-01,3.316234987600221729e-01
3.517855069494462694e-01,-8.700674647563132469e-01,3.748652641414793735e-02,-7.202067046547313556e-01,-1.121555472773189399e-01,-6.248852657930278331e-01,-1.924706491225022520e-01,-5.733150121346339834e-01,-2.280898467789232165e-01,-5.570816160617300117e-01,-2.280898435357043841e-01,-5.733150161993845195e-01,-1.924706360419026763e-01,-6.248852717223587483e-01,-1.121555477455046385e-01,-7.202066966407618676e-01,3.748651278956465632e-02,-8.700674627386102422e-01,3.517855057475556269e-01
3.748576261095846185e-01,-8.783486992226885448e-01,7.097304514557341293e-02,-7.356563752930661559e-01,-7.524381709866273527e-02,-6.430722615479423920e-01,-1.549826186715730358e-01,-5.921401565846180493e-01,-1.907623768684432175e-01,-5.759585153699434690e-01,-1.907623750294261400e-01,-5.921401578914511354e-01,-1.549826064517050295e-01,-6.430722661763599302e-01,-7.524381724580977981e-02,-7.356563683672900922e-01,7.097303376681705911e-02,-8.783486999305114562e-01,3.748576292969483803e-01
4.014365688714908176e-01,-8.880360436472309882e-01,1.111254221056258151e-01,-7.547997980601250934e-01,-2.949853142230224323e-02,-6.667015987400122246e-01,-1.073589068358763998e-01,-6.174271073099668605e-01,-1.427005544333011522e-01,-6.016262505397126370e-01,-1.427005556385927409e-01,-6.174271034913130229e-01,-1.073588980306225127e-01,-6.667016008010884232e-01,-2.949853109224784276e-02,-7.547997942201013499e-01,1.111254162855244976e-01,-8.880360489239149668e-01,4.014365791995297972e-01
4.322140015367271770e-01,-8.993832285794112202e-01,1.596821938492432313e-01,-7.786033045996106905e-01,2.781240006881128407e-02,-6.974911322596590857e-01,-4.611911707668558957e-02,-6.514299543089718814e-01,-8.002870542669049403e-02,-6.365303888950826217e-01,-8.002871125384497519e-02,-6.514299434700252522e-01,-4.611911457183308360e-02,-6.974911307658091530e-01,2.781240110654177936e-02,-7.786033060378810822e-01,1.596821968162918104e-01,-8.993832394182286194e-01,4.322140204289063314e-01
4.678944793042813521e-01,-9.125636944924534477e-01,2.185192140734956712e-01,-8.079338801229623002e-01,9.977792244862893067e-02,-7.371435914197388417e-01,3.280102890155522921e-02,-6.964923371951783349e-01,1.852336222221834250e-03,-6.832510893736893909e-01,1.852331433182058396e-03,-6.964923295226561617e-01,3.280102367872037711e-02,-7.371435887258238617e-01,9.977792240221833309e-02,-8.079338847520174394e-01,2.185192209296967225e-01,-9.125637002605153647e-01,4.678944885764391715e-01
5.089623167127850234e-01,-9.274523885324290617e-01,2.889400069817161798e-01,-8.428563271131853663e-01,1.886795488267429544e-01,-7.861838144619575086e-01,1.325665654581463793e-01,-7.535786730281055501e-01,1.066231130566335783e-01,-7.429288446149726610e-01,1.066231076982709913e-01,-7.535786650122507924e-01,1.325665584724763923e-01,-7.861838116765442752e-01,1.886795495610453510e-01,-8.428563328493137163e-01,2.889400150120904343e-01,-9.274523931087801376e-01,5.089623239314562397e-01
5.552818901509859462e-01,-9.432820869804010577e-01,3.702135578773637081e-01,-8.813541412142243958e-01,2.933315231817960056e-01,-8.416598136621880055e-01,2.518224143400838444e-01,-8.192276975442798204e-01,2.329009909891540941e-01,-8.119470626614532227e-01,2.329009818032378720e-01,-8.192276849775743663e-01,2.518224076462786121e-01,-8.416598105244373906e-01,2.933315287548918793e-01,-8.813541497428097893e-01,3.702135695566837748e-01,-9.432820935991724776e-01,5.552819016635953675e-01
6.059167277479649005e-01,-9.585262879372066225e-01,4.584164822467994282e-01,-9.186048003470338452e-01,4.065605580408206965e-01,-8.955775846026117204e-01,3.809363389738839589e-01,-8.832875349820386024e-01,3.697616318105861888e-01,-8.793984120467187582e-01,3.697616286862628332e-01,-8.832875310472347863e-01,3.809363376071306373e-01,-8.955775839767465829e-01,4.065605618274642508e-01,-9.186048034725148304e-01,4.584164860684797338e-01,-9.585262891877073255e-01,6.059167302411216927e-01
6.598610314131854171e-01,-9.715931876703259862e-01,5.483242820437980170e-01,-9.492117522000427243e-01,5.181065582267097014e-01,-9.386332442918178254e-01,5.055709796528321531e-01,-9.336675874493715055e-01,5.006318077678805212e-01,-9.321923083484496830e-01,5.006318077186462379e-01,-9.336675884050614771e-01,5.055709810884627675e-01,-9.386332441490018441e-01,5.181065578642526370e-01,-9.492117511635508320e-01,5.483242809498214410e-01,-9.715931887500930397e-01,6.598610343190737249e-01
7.170476669613033982e-01,-9.817607735120469359e-01,6.373099977129881299e-01,-9.709289182657561135e-01,6.222273701572474947e-01,-9.672035413016631944e-01,6.175690859604435756e-01,-9.658312003786709843e-01,6.160670742555959256e-01,-9.654747567677348652e-01,6.160670726347676762e-01,-9.658311999136686143e-01,6.175690821859818325e-01,-9.672035406411909619e-01,6.222273677192025065e-01,-9.709289181782210232e-01,6.373099992507715861e-01,-9.817607746084803244e-01,7.170476695673385636e-01
7.779888130444916339e-01,-9.890634564416402874e-01,7.254405409563871032e-01,-9.847097059188922863e-01,7.191976286139967200e-01,-9.837603255036277972e-01,7.179571804710069838e-01,-9.835264078430863144e-01,7.176761364900154927e-01,-9.834796177102003156e-01,7.176761450244976137e-01,-9.835264111522363795e-01,7.179571895828696926e-01,-9.837603264266119307e-01,7.191976285222334564e-01,-9.847097049597787199e-01,7.254405388006061051e-01,-9.890634554576328563e-01,7.779888100126266526e-01
8.424219973208043610e-01,-9.937279826101468316e-01,8.123295557656078358e-01,-9.924075315533485986e-01,8.103559953339655175e-01,-9.922547951802764832e-01,8.101395105116147022e-01,-9.922341982218513268e-01,8.101101445685638947e-01,-9.922315877359156877e-01,8.101101448925962512e-01,-9.922341988588944117e-01,8.101395122280353744e-01,-9.922547958177705407e-01,8.103559975929155446e-01,-9.924075317335467883e-01,8.123295553467778651e-01,-9.937279825207170347e-01,8.424219974016300405e-01
9.076024058498689540e-01,-9.960865978940577348e-01,8.944470076666062308e-01,-9.958303647006243597e-01,8.940272014901516906e-01,-9.958181118126419040e-01,8.940002073250342685e-01,-9.958173169524837665e-01,8.939970347893274605e-01,-9.958172497362263176e-01,8.939970353025327165e-01,-9.958173169790602852e-01,8.940002078075925951e-01,-9.958181119118471036e-01,8.940272014351802188e-01,-9.958303647806928671e-01,8.944470085711329066e-01,-9.960865979218170851e-01,9.076024058546956486e-01
