-1.000000000000002442e+00,-1.000000000000002442e+00,-1.000000000000002442e+00,-1.000000000000002442e+00,-1.000000000000002442e+00,-1.000000000000002442e+00,-1.000000000000002442e+00,-1.000000000000002442e+00,-1.000000000000002442e+00,-1.000000000000002442e+00,-1.000000000000002442e+00,-1.000000000000002442e+00,-1.000000000000002442e+00,-1.000000000000002442e+00,-1.000000000000002442e+00
-9.999913196521529324e-01,-9.999913197405710941e-01,-9.999913197461821612e-01,-9.999913197466966386e-01,-9.999913197467883430e-01,-9.999913197468121018e-01,-9.999913197468196513e-01,-9.999913197468213166e-01,-9.999913197468196513e-01,-9.999913197468123238e-01,-9.999913197467885650e-01,-9.999913197466968606e-01,-9.999913197461824943e-01,-9.999913197405712051e-01,-9.999913196521529324e-01
-9.999652811006951580e-01,-9.999652825151484903e-01,-9.999652826048714971e-01,-9.999652826130943639e-01,-9.999652826145601914e-01,-9.999652826149395546e-01,-9.999652826150574603e-01,-9.999652826150856599e-01,-9.999652826150574603e-01,-9.999652826149395546e-01,-9.999652826145603024e-01,-9.999652826130944749e-01,-9.999652826048716081e-01,-9.999652825151482682e-01,-9.999652811006951580e-01
-9.999218918196265404e-01,-9.999218989782775457e-01,-9.999218994320413501e-01,-9.999218994736123189e-01,-9.999218994810251671e-01,-9.999218994829442986e-01,-9.999218994835400443e-01,-9.999218994836828189e-01,-9.999218994835400443e-01,-9.999218994829441876e-01,-9.999218994810250560e-01,-9.999218994736123189e-01,-9.999218994320413501e-01,-9.999218989782775457e-01,-9.999218918196265404e-01
-9.998611642577204250e-01,-9.998611868736670960e-01,-9.998611883057532124e-01,-9.998611884368856506e-01,-9.998611884602779387e-01,-9.998611884663358707e-01,-9.998611884682166995e-01,-9.998611884686675610e-01,-9.998611884682166995e-01,-9.998611884663358707e-01,-9.998611884602779387e-01,-9.998611884368856506e-01,-9.998611883057531013e-01,-9.998611868736669850e-01,-9.998611642577202030e-01
-9.997831158268165597e-01,-9.997831710135360872e-01,-9.997831745034694295e-01,-9.997831748228293014e-01,-9.997831748798265972e-01,-9.997831748945925634e-01,-9.997831748991781176e-01,-9.997831749002772384e-01,-9.997831748991781176e-01,-9.997831748945925634e-01,-9.997831748798265972e-01,-9.997831748228294124e-01,-9.997831745034697626e-01,-9.997831710135360872e-01,-9.997831158268164486e-01
-9.996877688853829103e-01,-9.996878832496920442e-01,-9.996878904702906077e-01,-9.996878911305253634e-01,-9.996878912484240542e-01,-9.996878912789866067e-01,-9.996878912884795687e-01,-9.996878912907514181e-01,-9.996878912884787916e-01,-9.996878912789834981e-01,-9.996878912484316038e-01,-9.996878911305259185e-01,-9.996878904702918289e-01,-9.996878832496836065e-01,-9.996877688853798016e-01
-9.995751507174875927e-01,-9.995753624364704937e-01,-9.995753757783026883e-01,-9.995753769971208458e-01,-9.995753772149260641e-01,-9.995753772714111030e-01,-9.995753772889617306e-01,-9.995753772931673664e-01,-9.995753772889610644e-01,-9.995753772714087715e-01,-9.995753772149301719e-01,-9.995753769971208458e-01,-9.995753757783040205e-01,-9.995753624364654977e-01,-9.995751507174860384e-01
-9.994452935071282962e-01,-9.994456543856516939e-01,-9.994456770770432374e-01,-9.994456791477706048e-01,-9.994456795181182462e-01,-9.994456796142205945e-01,-9.994456796440905899e-01,-9.994456796512514174e-01,-9.994456796440894797e-01,-9.994456796142179300e-01,-9.994456795181203557e-01,-9.994456791477696056e-01,-9.994456770770450138e-01,-9.994456543856485853e-01,-9.994452935071278521e-01
-9.992982343080710761e-01,-9.992988118133764308e-01,-9.992988480353064418e-01,-9.992988513368077363e-01,-9.992988519278285242e-01,-9.992988520813015363e-01,-9.992988521290204762e-01,-9.992988521404629898e-01,-9.992988521290188109e-01,-9.992988520812976505e-01,-9.992988519278295234e-01,-9.992988513368058490e-01,-9.992988480353096614e-01,-9.992988118133743214e-01,-9.992982343080719643e-01
-9.991340150091809758e-01,-9.991348942792507293e-01,-9.991349492743575311e-01,-9.991349542802554495e-01,-9.991349551773284210e-01,-9.991349554104597130e-01,-9.991349554829754842e-01,-9.991349555003676830e-01,-9.991349554829727087e-01,-9.991349554104532737e-01,-9.991349551773284210e-01,-9.991349542802517858e-01,-9.991349492743627492e-01,-9.991348942792490639e-01,-9.991340150091833072e-01
-9.989526822953525009e-01,-9.989539681177602715e-01,-9.989540482927554699e-01,-9.989540555798658295e-01,-9.989540568872624648e-01,-9.989540572273253316e-01,-9.989540573331492368e-01,-9.989540573585354855e-01,-9.989540573331449069e-01,-9.989540572273148955e-01,-9.989540568872610216e-01,-9.989540555798600563e-01,-9.989540482927632414e-01,-9.989539681177593833e-01,-9.989526822953570528e-01
-9.987542876041289874e-01,-9.987561063621654966e-01,-9.987562193829833124e-01,-9.987562296388959870e-01,-9.987562314813019926e-01,-9.987562319609826211e-01,-9.987562321103264917e-01,-9.987562321461609383e-01,-9.987562321103199414e-01,-9.987562319609664119e-01,-9.987562314812985509e-01,-9.987562296388866612e-01,-9.987562193829949697e-01,-9.987561063621652746e-01,-9.987542876041365369e-01
-9.985388870780309567e-01,-9.985413886609887379e-01,-9.985415435400259998e-01,-9.985415575697624835e-01,-9.985415600936716762e-01,-9.985415607514680492e-01,-9.985415609563734751e-01,-9.985415610055516922e-01,-9.985415609563635941e-01,-9.985415607514432912e-01,-9.985415600936656810e-01,-9.985415575697482726e-01,-9.985415435400426531e-01,-9.985413886609905143e-01,-9.985388870780428361e-01
-9.983065415127873043e-01,-9.983099011873832751e-01,-9.983101083622104577e-01,-9.983101270939046534e-01,-9.983101304688761779e-01,-9.983101313494671114e-01,-9.983101316239266776e-01,-9.983101316898154165e-01,-9.983101316239123557e-01,-9.983101313494299189e-01,-9.983101304688664079e-01,-9.983101270938837812e-01,-9.983101083622337724e-01,-9.983099011873877160e-01,-9.983065415128046238e-01
-9.980573163014935245e-01,-9.980617365415045406e-01,-9.980620079444796344e-01,-9.980620324340282457e-01,-9.980620368538003495e-01,-9.980620380083830012e-01,-9.980620383684548624e-01,-9.980620384549199198e-01,-9.980620383684345454e-01,-9.980620380083295995e-01,-9.980620368537853615e-01,-9.980620324339982696e-01,-9.980620079445110537e-01,-9.980617365415137554e-01,-9.980573163015177274e-01
-9.977912813748021081e-01,-9.977969936461077438e-01,-9.977973427643475057e-01,-9.977973741989889511e-01,-9.977973798824452123e-01,-9.977973813690413918e-01,-9.977973818329516353e-01,-9.977973819443842762e-01,-9.977973818329234357e-01,-9.977973813689680060e-01,-9.977973798824227858e-01,-9.977973741989476508e-01,-9.977973427643891391e-01,-9.977969936461236200e-01,-9.977912813748355259e-01
-9.975085111373965807e-01,-9.975157776357226336e-01,-9.975162195609420523e-01,-9.975162592617264901e-01,-9.975162664537080559e-01,-9.975162683374396710e-01,-9.975162689256760196e-01,-9.975162690670152932e-01,-9.975162689256377169e-01,-9.975162683373408612e-01,-9.975162664536759705e-01,-9.975162592616707569e-01,-9.975162195609955651e-01,-9.975157776357483908e-01,-9.975085111374404345e-01
-9.972090844005881971e-01,-9.972181997393870789e-01,-9.972187512071430948e-01,-9.972188006302697971e-01,-9.972188096022355230e-01,-9.972188119555618346e-01,-9.972188126909589112e-01,-9.972188128677137442e-01,-9.972188126909089512e-01,-9.972188119554330488e-01,-9.972188096021913362e-01,-9.972188006301966334e-01,-9.972187512072103743e-01,-9.972181997394266029e-01,-9.972090844006443744e-01
-9.968930843115539897e-01,-9.969043771575669677e-01,-9.969050565755035453e-01,-9.969051173125050846e-01,-9.969051283630333549e-01,-9.969051312659559239e-01,-9.969051321737697480e-01,-9.969051323920373742e-01,-9.969051321737065763e-01,-9.969051312657942754e-01,-9.969051283629744020e-01,-9.969051173124122700e-01,-9.969050565755850357e-01,-9.969043771576238111e-01,-9.968930843116229346e-01
-9.965605982789375039e-01,-9.965744329331238660e-01,-9.965752603978480506e-01,-9.965753341746147465e-01,-9.965753476297501967e-01,-9.965753511699836364e-01,-9.965753522779562390e-01,-9.965753525444384087e-01,-9.965753522778796336e-01,-9.965753511697896805e-01,-9.965753476296754787e-01,-9.965753341745019478e-01,-9.965752603979436408e-01,-9.965744329332023588e-01,-9.965605982790188833e-01
-9.962117178953161512e-01,-9.962284958169749238e-01,-9.962294931192441361e-01,-9.962295817938875420e-01,-9.962295980073320179e-01,-9.962296022804393303e-01,-9.962296036188525994e-01,-9.962296039408695680e-01,-9.962296036187635595e-01,-9.962296022802176187e-01,-9.962295980072422008e-01,-9.962295817937570908e-01,-9.962294931193516057e-01,-9.962284958170762872e-01,-9.962117178954079666e-01
-9.958465388564042842e-01,-9.958667001284423614e-01,-9.958678907463939245e-01,-9.958679963059631213e-01,-9.958680156591153132e-01,-9.958680207686082531e-01,-9.958680223703265666e-01,-9.958680227558283082e-01,-9.958680223702282008e-01,-9.958680207683665575e-01,-9.958680156590117294e-01,-9.958679963058180151e-01,-9.958678907465096097e-01,-9.958667001285665954e-01,-9.958465388565026499e-01
-9.954651608773188443e-01,-9.954891856107794812e-01,-9.954905946909762271e-01,-9.954907192470393573e-01,-9.954907421488865538e-01,-9.954907482062899104e-01,-9.954907501067953302e-01,-9.954907505643718624e-01,-9.954907501066918574e-01,-9.954907482060392221e-01,-9.954907421487734220e-01,-9.954907192468858135e-01,-9.954905946910959091e-01,-9.954891856109239212e-01,-9.954651608774196525e-01
-9.950676876059616482e-01,-9.950960972820596107e-01,-9.950977516081774832e-01,-9.950978973912998349e-01,-9.950979242781657907e-01,-9.950979314030469203e-01,-9.950979336404633946e-01,-9.950979341793519950e-01,-9.950979336403585895e-01,-9.950979314027992295e-01,-9.950979242780478851e-01,-9.950978973911450698e-01,-9.950977516082966101e-01,-9.950960972822194828e-01,-9.950676876060604581e-01
-9.946542265337273703e-01,-9.946875852817969044e-01,-9.946895132308331000e-01,-9.946896825839807166e-01,-9.946897139191357429e-01,-9.946897222391022364e-01,-9.946897248542058145e-01,-9.946897254842962388e-01,-9.946897248541037850e-01,-9.946897222388658699e-01,-9.946897139190165049e-01,-9.946896825838290601e-01,-9.946895132309484522e-01,-9.946875852819679897e-01,-9.946542265338215172e-01
-9.942248889036433557e-01,-9.942638047135554658e-01,-9.942660361994731799e-01,-9.942662315703826303e-01,-9.942662678435213452e-01,-9.942662774941842807e-01,-9.942662805304077756e-01,-9.942662812622446999e-01,-9.942662805303114082e-01,-9.942662774939652337e-01,-9.942662678434039947e-01,-9.942662315702374132e-01,-9.942660361995826479e-01,-9.942638047137332125e-01,-9.942248889037306192e-01
-9.937797896162086086e-01,-9.938249154839632338e-01,-9.938274818887522510e-01,-9.938277058213187409e-01,-9.938277475479151413e-01,-9.938277586728202495e-01,-9.938277621762475755e-01,-9.938277630210312630e-01,-9.938277621761589797e-01,-9.938277586726224078e-01,-9.938277475478024536e-01,-9.938277058211824055e-01,-9.938274818888549467e-01,-9.938249154841448663e-01,-9.937797896162881006e-01
-9.933190471329376159e-01,-9.933710821382966127e-01,-9.933740162304591781e-01,-9.933742713552049519e-01,-9.933743190757511332e-01,-9.933743318262807653e-01,-9.933743358456295081e-01,-9.933743368152133657e-01,-9.933743358455494610e-01,-9.933743318261057942e-01,-9.933743190756442187e-01,-9.933742713550784975e-01,-9.933740162305551014e-01,-9.933710821384793555e-01,-9.933190471330096694e-01
-9.928427833779183143e-01,-9.929024736930883721e-01,-9.929058095336267264e-01,-9.929060985573092690e-01,-9.929061528364502287e-01,-9.929061673716983449e-01,-9.929061719582932266e-01,-9.929061730651782547e-01,-9.929061719582222834e-01,-9.929061673715453562e-01,-9.929061528363488653e-01,-9.929060985571915854e-01,-9.929058095337164325e-01,-9.929024736932726691e-01,-9.928427833779838174e-01
-9.923511236374470412e-01,-9.924192634659929624e-01,-9.924230363019994616e-01,-9.924233619964379916e-01,-9.924234234220080664e-01,-9.924234399086248049e-01,-9.924234451163653770e-01,-9.924234463736945067e-01,-9.924234451163033155e-01,-9.924234399084941316e-01,-9.924234234219136974e-01,-9.924233619963306330e-01,-9.924230363020846157e-01,-9.924192634661785917e-01,-9.923511236375067712e-01
-9.918441964580113623e-01,-9.919216289033123690e-01,-9.919258750493337162e-01,-9.919262402395321310e-01,-9.919263094215082788e-01,-9.919263280335215427e-01,-9.919263339188336692e-01,-9.919263353403803274e-01,-9.919263339187811557e-01,-9.919263280334112975e-01,-9.919263094214185728e-01,-9.919262402394317668e-01,-9.919258750494145405e-01,-9.919216289035005518e-01,-9.918441964580658743e-01
-9.913221335426437575e-01,-9.914097514053783478e-01,-9.914145081127420100e-01,-9.914149156643908833e-01,-9.914149932337708027e-01,-9.914150141523824233e-01,-9.914150207741713183e-01,-9.914150223743299906e-01,-9.914150207741286858e-01,-9.914150141522927173e-01,-9.914149932336866478e-01,-9.914149156642970695e-01,-9.914145081128198367e-01,-9.914097514055694171e-01,-9.913221335426939396e-01
-9.907850696460067663e-01,-9.908838161502808717e-01,-9.908891214646418089e-01,-9.908895742710931431e-01,-9.908896608787135518e-01,-9.908896842920706938e-01,-9.908896917116588599e-01,-9.908896935054317678e-01,-9.908896917116269965e-01,-9.908896842920021930e-01,-9.908896608786347260e-01,-9.908895742710063237e-01,-9.908891214647165269e-01,-9.908838161504754938e-01,-9.907850696460527296e-01
-9.902331424681539707e-01,-9.903440119160584754e-01,-9.903499045234410714e-01,-9.903504054922500632e-01,-9.903505018075506872e-01,-9.903505279104988235e-01,-9.903505361915607708e-01,-9.903505381945426622e-01,-9.903505361915406757e-01,-9.903505279104530823e-01,-9.903505018074783006e-01,-9.903504054921704602e-01,-9.903499045235131248e-01,-9.903440119162554289e-01,-9.902331424681961591e-01
-9.896664925473066532e-01,-9.897905309018137920e-01,-9.897970499634857200e-01,-9.897976020026147959e-01,-9.897977087123653872e-01,-9.897977377061808468e-01,-9.897977469146664875e-01,-9.897977491430288710e-01,-9.897977469146596041e-01,-9.897977377061590865e-01,-9.897977087122998840e-01,-9.897976020025427424e-01,-9.897970499635553310e-01,-9.897905309020137432e-01,-9.896664925473452890e-01
-9.890852631517493831e-01,-9.892235685480210705e-01,-9.892307535245505878e-01,-9.892313595283426242e-01,-9.892314773353403368e-01,-9.892315094274457543e-01,-9.892315196315010217e-01,-9.892315221019727378e-01,-9.892315196315083492e-01,-9.892315094274488629e-01,-9.892314773352814949e-01,-9.892313595282768990e-01,-9.892307535246177563e-01,-9.892235685482237972e-01,-9.890852631517844662e-01
-9.884896001709595481e-01,-9.886433233562651468e-01,-9.886512138211681622e-01,-9.886518766561878113e-01,-9.886520062779398099e-01,-9.886520416816046986e-01,-9.886520529514843947e-01,-9.886520556813330751e-01,-9.886520529515075983e-01,-9.886520416816336754e-01,-9.886520062778877405e-01,-9.886518766561286364e-01,-9.886512138212326661e-01,-9.886433233564712042e-01,-9.884896001709911895e-01
-9.878796520062180786e-01,-9.880499967088040014e-01,-9.880586321522057958e-01,-9.880593546430658236e-01,-9.880594968104641218e-01,-9.880595357444893478e-01,-9.880595481524669932e-01,-9.880595511594777447e-01,-9.880595481525074053e-01,-9.880595357445471905e-01,-9.880594968104197129e-01,-9.880593546430141982e-01,-9.880586321522673021e-01,-9.880499967090121682e-01,-9.878796520062458342e-01
-9.872555694607674237e-01,-9.874437926881435290e-01,-9.874532123109265314e-01,-9.874539972262014187e-01,-9.874541526822061543e-01,-9.874541953706016395e-01,-9.874542089908656672e-01,-9.874542122933168686e-01,-9.874542089909258413e-01,-9.874541953706874597e-01,-9.874541526821669635e-01,-9.874539972261539011e-01,-9.874532123109840409e-01,-9.874437926883554706e-01,-9.872555694607908494e-01
-9.866175056297719070e-01,-9.868249178970278646e-01,-9.868351603959384377e-01,-9.868360104342778216e-01,-9.868361799326129669e-01,-9.868362266042575159e-01,-9.868362415128206777e-01,-9.868362451294636628e-01,-9.868362415129012799e-01,-9.868362266043764208e-01,-9.868361799325823247e-01,-9.868360104342385197e-01,-9.868351603959923946e-01,-9.868249178972416935e-01,-9.866175056297905588e-01
-9.859656157901045548e-01,-9.861935812789541789e-01,-9.862046846232161990e-01,-9.862056023997702869e-01,-9.862057867036514436e-01,-9.862058375919527942e-01,-9.862058538665301466e-01,-9.862058578165591172e-01,-9.862058538666349516e-01,-9.862058375921030073e-01,-9.862057867036243541e-01,-9.862056023997330945e-01,-9.862046846232641606e-01,-9.861935812791727818e-01,-9.859656157901177664e-01
-9.853000572902448351e-01,-9.855499939396717979e-01,-9.855619951396051848e-01,-9.855629831728703882e-01,-9.855631830537593396e-01,-9.855632383962973364e-01,-9.855632561162152028e-01,-9.855632604192480217e-01,-9.855632561163448768e-01,-9.855632383964844090e-01,-9.855631830537395777e-01,-9.855629831728397461e-01,-9.855619951396474843e-01,-9.855499939398927323e-01,-9.853000572902514964e-01
-9.846209894402953022e-01,-9.848943689697173820e-01,-9.849073038379724254e-01,-9.849083645371703444e-01,-9.849085807735818987e-01,-9.849086408117553315e-01,-9.849086600578221828e-01,-9.849086647338682887e-01,-9.849086600579796125e-01,-9.849086408119811509e-01,-9.849085807735673548e-01,-9.849083645371443652e-01,-9.849073038380073974e-01,-9.848943689699415360e-01,-9.846209894402940810e-01
-9.839285734023730523e-01,-9.842269212684165991e-01,-9.842408241743650921e-01,-9.842419598274589898e-01,-9.842421932038143417e-01,-9.842422581824777916e-01,-9.842422790368776653e-01,-9.842422841063127592e-01,-9.842422790370648489e-01,-9.842422581827452444e-01,-9.842421932038041277e-01,-9.842419598274374515e-01,-9.842408241743916264e-01,-9.842269212686449720e-01,-9.839285734023627272e-01
-9.832229720814339435e-01,-9.835478673694637575e-01,-9.835627709873718816e-01,-9.835639837498287852e-01,-9.835642350553701618e-01,-9.835643052224715133e-01,-9.835643277686381136e-01,-9.835643332521748494e-01,-9.835643277688594921e-01,-9.835643052227810434e-01,-9.835642350553595037e-01,-9.835639837498069138e-01,-9.835627709873873137e-01,-9.835478673696995688e-01,-9.832229720814119611e-01
-9.825043500166971144e-01,-9.828574252683811574e-01,-9.828733603199497626e-01,-9.828746522043541045e-01,-9.828749222321192525e-01,-9.828749978383303221e-01,-9.828750221608415494e-01,-9.828750280795038874e-01,-9.828750221610992321e-01,-9.828749978386885910e-01,-9.828749222321094825e-01,-9.828746522043347866e-01,-9.828733603199532043e-01,-9.828574252686239632e-01,-9.825043500166613653e-01
-9.817728732737768249e-01,-9.821558142520123713e-01,-9.821728092439442337e-01,-9.821741821105580694e-01,-9.821744716564322353e-01,-9.821745529547869502e-01,-9.821745791392287872e-01,-9.821745855143194648e-01,-9.821745791395277703e-01,-9.821745529551976217e-01,-9.821744716564196898e-01,-9.821741821105390846e-01,-9.821728092439332425e-01,-9.821558142522651691e-01,-9.817728732737240893e-01
-9.810287093376230949e-01,-9.814432547302885945e-01,-9.814613356874787309e-01,-9.814627912358504513e-01,-9.814631010976849756e-01,-9.814631883432131110e-01,-9.814632164760649369e-01,-9.814632233291367136e-01,-9.814632164764099942e-01,-9.814631883436801818e-01,-9.814631010976656578e-01,-9.814627912358288020e-01,-9.814613356874489769e-01,-9.814432547305533827e-01,-9.810287093375497092e-01
-9.802720270064813057e-01,-9.807199680705180889e-01,-9.807391582655207163e-01,-9.807406980272355135e-01,-9.807410290040451395e-01,-9.807411224534071659e-01,-9.807411526219235176e-01,-9.807411599747515307e-01,-9.807411526223182019e-01,-9.807411224539375194e-01,-9.807410290040190493e-01,-9.807406980272123098e-01,-9.807391582654694240e-01,-9.807199680707940903e-01,-9.802720270063826069e-01
-9.795029962868191387e-01,-9.799861764342306936e-01,-9.800064961136568664e-01,-9.800081214463118862e-01,-9.800084743375546692e-01,-9.800085742486831508e-01,-9.800086065407628277e-01,-9.800086144153125067e-01,-9.800086065412114689e-01,-9.800085742492804508e-01,-9.800084743375180318e-01,-9.800081214462849077e-01,-9.800064961135791508e-01,-9.799861764345180193e-01,-9.795029962866901307e-01
-9.787217882895214993e-01,-9.792421026169574327e-01,-9.792635687254294119e-01,-9.792652808079213012e-01,-9.792656564128554564e-01,-9.792657630445941175e-01,-9.792657975486622757e-01,-9.792658059670604764e-01,-9.792657975491690925e-01,-9.792657630452623607e-01,-9.792656564128039420e-01,-9.792652808078877724e-01,-9.792635687253199439e-01,-9.792421026172568599e-01,-9.787217882893570753e-01
-9.779285751272647209e-01,-9.784879698909086931e-01,-9.785105957932224152e-01,-9.785123956224244246e-01,-9.785127947395449999e-01,-9.785129083512948966e-01,-9.785129451561812575e-01,-9.785129541406869524e-01,-9.785129451567508019e-01,-9.785129083520366366e-01,-9.785127947394730574e-01,-9.785123956223815700e-01,-9.785105957930751996e-01,-9.784879698912209989e-01,-9.779285751270581084e-01
-9.771235298132843194e-01,-9.777240018508207564e-01,-9.777477970529602214e-01,-9.777496854418600281e-01,-9.777501088684139585e-01,-9.777502297197824266e-01,-9.777502689146024828e-01,-9.777502784875778952e-01,-9.777502689152394177e-01,-9.777502297206021042e-01,-9.777501088683171471e-01,-9.777496854418061822e-01,-9.777477970527695961e-01,-9.777240018511470510e-01,-9.771235298130286351e-01
-9.763068261616186794e-01,-9.769504222631061330e-01,-9.769753921327420931e-01,-9.769773697101082899e-01,-9.769778182416855028e-01,-9.769779465921406558e-01,-9.769779882661774328e-01,-9.769779984500581715e-01,-9.769779882668849780e-01,-9.769779465930431561e-01,-9.769778182415596035e-01,-9.769773697100422316e-01,-9.769753921325025070e-01,-9.769504222634465274e-01,-9.763068261613063736e-01
-9.754786386888346650e-01,-9.761674549183542160e-01,-9.761936004054648786e-01,-9.761956676170989722e-01,-9.761961420472989870e-01,-9.761962781558308766e-01,-9.761963223984150284e-01,-9.761963332156815554e-01,-9.761963223991985128e-01,-9.761962781568213066e-01,-9.761961420471396700e-01,-9.761956676170199243e-01,-9.761936004051708915e-01,-9.761674549187107086e-01,-9.754786386884575222e-01
-9.746391425174412149e-01,-9.753753234874350531e-01,-9.754026408456596409e-01,-9.754047979572925131e-01,-9.754052990774565446e-01,-9.754054432022426502e-01,-9.754054901026372182e-01,-9.754055015757856495e-01,-9.754054901035013048e-01,-9.754054432033253397e-01,-9.754052990772587028e-01,-9.754047979571993654e-01,-9.754026408453052577e-01,-9.753753234878093092e-01,-9.746391425169896872e-01
-9.737885132808939970e-01,-9.745742513811328500e-01,-9.746027318904741943e-01,-9.746049789923501017e-01,-9.746055075913584442e-01,-9.746056599894339367e-01,-9.746057096367243266e-01,-9.746057217882394541e-01,-9.746057096376736784e-01,-9.746056599906153251e-01,-9.746055075911188581e-01,-9.746049789922444084e-01,-9.746027318900544190e-01,-9.745742513815258690e-01,-9.737885132803579813e-01
-9.729269270304503614e-01,-9.737644616135965325e-01,-9.737940913050786573e-01,-9.737964283182692915e-01,-9.737969851823973233e-01,-9.737971461093356540e-01,-9.737971985923091767e-01,-9.737972114446344918e-01,-9.737971985933498997e-01,-9.737971461106170734e-01,-9.737969851821065559e-01,-9.737964283181466119e-01,-9.737940913045858293e-01,-9.737644616140131992e-01,-9.729269270298198657e-01
-9.720545601437918792e-01,-9.729461766695636227e-01,-9.729769360524037625e-01,-9.729793627368865661e-01,-9.729799486497059391e-01,-9.729801183592996505e-01,-9.729801737663499317e-01,-9.729801873418638669e-01,-9.729801737674869111e-01,-9.729801183606852089e-01,-9.729799486493586613e-01,-9.729793627367476772e-01,-9.729769360518323307e-01,-9.729461766700067127e-01,-9.720545601430561344e-01
-9.711715892355207158e-01,-9.721196183754482467e-01,-9.721514821673450379e-01,-9.721539981318690904e-01,-9.721546138741962162e-01,-9.721547926181492993e-01,-9.721548510371650353e-01,-9.721548653581537636e-01,-9.721548510384031561e-01,-9.721547926196424383e-01,-9.721546138737879872e-01,-9.721539981317155465e-01,-9.721514821666900064e-01,-9.721196183759207576e-01,-9.711715892346679535e-01
-9.702781910696265388e-01,-9.712850077744376032e-01,-9.713179446355018065e-01,-9.713205493492670373e-01,-9.713211956991413265e-01,-9.713213837267644646e-01,-9.713214452450316116e-01,-9.713214603336641773e-01,-9.713214452463746484e-01,-9.713213837283694030e-01,-9.713211956986698148e-01,-9.713205493491015030e-01,-9.713179446347596224e-01,-9.712850077749419775e-01,-9.702781910686458788e-01
-9.693745424738802186e-01,-9.704425650055245045e-01,-9.704765372764098119e-01,-9.704792300825630935e-01,-9.704799078152569480e-01,-9.704801053731744176e-01,-9.704801700772671680e-01,-9.704801859555683974e-01,-9.704801700787196728e-01,-9.704801053748900452e-01,-9.704799078147149372e-01,-9.704792300823861240e-01,-9.704765372755758124e-01,-9.704425650060655162e-01,-9.693745424727607807e-01
-9.684608202562799972e-01,-9.695925091866473000e-01,-9.696274726313636183e-01,-9.696302527623308354e-01,-9.696309626503620827e-01,-9.696311699822193209e-01,-9.696312379579175023e-01,-9.696312546477473537e-01,-9.696312379594820285e-01,-9.696311699840463039e-01,-9.696309626497474632e-01,-9.696302527621462053e-01,-9.696274726304353608e-01,-9.695925091872275026e-01,-9.684608202550111233e-01
-9.675372011235633396e-01,-9.687350583018976558e-01,-9.687709618558364433e-01,-9.687738284504768815e-01,-9.687745712636344209e-01,-9.687747886098163619e-01,-9.687748599420095141e-01,-9.687748774650388750e-01,-9.687748599436880603e-01,-9.687747886117555884e-01,-9.687745712629470818e-01,-9.687738284502901420e-01,-9.687709618548133728e-01,-9.687350583025198247e-01,-9.675372011221349267e-01
-9.666038616017756935e-01,-9.678704290928212828e-01,-9.679072146164472423e-01,-9.679101667390287433e-01,-9.679109432443891992e-01,-9.679111708417462712e-01,-9.679112456143411647e-01,-9.679112639920285366e-01,-9.679112456161355071e-01,-9.679111708437948547e-01,-9.679109432436269200e-01,-9.679101667388442243e-01,-9.679072146153282485e-01,-9.678704290934887489e-01,-9.666038616001781936e-01
-9.656609779589818698e-01,-9.669988369538666806e-01,-9.670364389925283355e-01,-9.670394756535111158e-01,-9.670402866154365062e-01,-9.670405246970149582e-01,-9.670406029928539926e-01,-9.670406222464241752e-01,-9.670406029947660187e-01,-9.670405246991686798e-01,-9.670402866145959564e-01,-9.670394756533328140e-01,-9.670364389913130854e-01,-9.669988369545839957e-01,-9.656609779572060681e-01
-9.647087261301274808e-01,-9.661204958319870029e-01,-9.661588413822694843e-01,-9.661619615608781908e-01,-9.661628077409752935e-01,-9.661630565357574030e-01,-9.661631384365453323e-01,-9.661631585869713268e-01,-9.661631384385742649e-01,-9.661630565380132651e-01,-9.661628077400599146e-01,-9.661619615607133227e-01,-9.661588413809606424e-01,-9.661204958327559433e-01,-9.647087261281656057e-01
-9.637472816440643131e-01,-9.652356181303641813e-01,-9.652746264134131060e-01,-9.652778290819604701e-01,-9.652787112390134316e-01,-9.652789709716639299e-01,-9.652790565578811544e-01,-9.652790776258615146e-01,-9.652790565600276596e-01,-9.652789709740152713e-01,-9.652787112380208923e-01,-9.652778290818144757e-01,-9.652746264120117825e-01,-9.652356181311886330e-01,-9.637472816419092592e-01
-9.627768195527007800e-01,-9.643444146162346575e-01,-9.643839968583982625e-01,-9.643872810083451430e-01,-9.643881998981763681e-01,-9.643884707887983021e-01,-9.643885601396376961e-01,-9.643885821455795426e-01,-9.643885601419004416e-01,-9.643884707912390164e-01,-9.643881998971083336e-01,-9.643872810082239067e-01,-9.643839968569074550e-01,-9.643444146171179510e-01,-9.627768195503462190e-01
-9.617975143624439838e-01,-9.634470943329244141e-01,-9.634871535540944221e-01,-9.634905182237933907e-01,-9.634914745990668106e-01,-9.634917568629645102e-01,-9.634918500562609234e-01,-9.634918730202627346e-01,-9.634918500586380219e-01,-9.634917568654864928e-01,-9.634914745979255013e-01,-9.634905182237039067e-01,-9.634871535525177944e-01,-9.634470943338684368e-01,-9.617975143598840315e-01
-9.608095399677534232e-01,-9.625438645158965745e-01,-9.625842953258745283e-01,-9.625877396299589162e-01,-9.625887342399025437e-01,-9.625890280873529159e-01,-9.625891251995194464e-01,-9.625891491413535173e-01,-9.625891252020083444e-01,-9.625890280899462859e-01,-9.625887342386891810e-01,-9.625877396299075128e-01,-9.625842953242164102e-01,-9.625438645169033247e-01,-9.608095399649845270e-01
-9.598130695869268036e-01,-9.616349305129054947e-01,-9.616756189160962087e-01,-9.616791420764676523e-01,-9.616801756664988821e-01,-9.616804813025340293e-01,-9.616805824085032928e-01,-9.616806073475997474e-01,-9.616805824110998824e-01,-9.616804813051867962e-01,-9.616801756652152422e-01,-9.616791420764589926e-01,-9.616756189143615963e-01,-9.616349305139774151e-01,-9.598130695839472981e-01
-9.588082757000891965e-01,-9.607204957081882934e-01,-9.607613189169048606e-01,-9.607649202952600609e-01,-9.607659936065111594e-01,-9.607663112307071041e-01,-9.607664164038796084e-01,-9.607664423593142988e-01,-9.607664164065774504e-01,-9.607663112334061672e-01,-9.607659936051614613e-01,-9.607649202953008061e-01,-9.607613189151003041e-01,-9.607204957093250508e-01,-9.588082756968989706e-01
-9.577953299893950945e-01,-9.598007614506651741e-01,-9.598415877073105396e-01,-9.598452668391525000e-01,-9.598463806078777472e-01,-9.598467104141561457e-01,-9.598468197263474444e-01,-9.598468467168258522e-01,-9.598468197291384341e-01,-9.598467104168856290e-01,-9.598463806064662096e-01,-9.598452668392478682e-01,-9.598415877054433665e-01,-9.598007614518665465e-01,-9.577953299859978120e-01
-9.567744032813637611e-01,-9.588759269860398504e-01,-9.589166153943829984e-01,-9.589203720244540152e-01,-9.589215269813068376e-01,-9.589218691577460207e-01,-9.589219826791434143e-01,-9.589220107229899925e-01,-9.589219826820166714e-01,-9.589218691604883826e-01,-9.589215269798404551e-01,-9.589203720246091134e-01,-9.589166153924632008e-01,-9.588759269873026181e-01,-9.567744032777661944e-01
-9.557456654915056360e-01,-9.579461893928985505e-01,-9.579865897586761214e-01,-9.579904238777350312e-01,-9.579916207469134637e-01,-9.579919754755717998e-01,-9.579920932746850415e-01,-9.579921223898293370e-01,-9.579920932776283538e-01,-9.579919754783047248e-01,-9.579916207453946786e-01,-9.579904238779524128e-01,-9.579865897567118038e-01,-9.579461893942214923e-01,-9.557456654877182212e-01
-9.547092855709855552e-01,-9.570117435225456992e-01,-9.570516962035314767e-01,-9.570556080864307535e-01,-9.570568475846550349e-01,-9.570572150414043966e-01,-9.570573371850428224e-01,-9.570573673890121480e-01,-9.570573371880392033e-01,-9.570572150441059023e-01,-9.570568475830946165e-01,-9.570556080867136384e-01,-9.570516962015357398e-01,-9.570117435239223758e-01,-9.547092855670240574e-01
-9.536654314555460532e-01,-9.560727819426999563e-01,-9.561121177084580536e-01,-9.561161079534060692e-01,-9.561173907887560164e-01,-9.561177711431312343e-01,-9.561178976963573550e-01,-9.561179290062635783e-01,-9.561178976993883749e-01,-9.561177711457760076e-01,-9.561173907871611810e-01,-9.561161079537561225e-01,-9.561121177064425547e-01,-9.560727819441240394e-01,-9.536654314514307895e-01
-9.526142700165176613e-01,-9.551294948848928490e-01,-9.551680347862949727e-01,-9.551721043552680035e-01,-9.551734312258308712e-01,-9.551738246408909561e-01,-9.551739556670006959e-01,-9.551739880995335774e-01,-9.551739556700442613e-01,-9.551738246434536839e-01,-9.551734312242133873e-01,-9.551721043556852253e-01,-9.551680347842742558e-01,-9.551294948863552348e-01,-9.526142700122731677e-01
-9.515559670139436266e-01,-9.541820701955060491e-01,-9.542196254441606129e-01,-9.542237757043541269e-01,-9.542251472967022696e-01,-9.542255539289070665e-01,-9.542256894894020069e-01,-9.542257230608194307e-01,-9.542256894924338040e-01,-9.542255539313615476e-01,-9.542251472950747937e-01,-9.542237757048381841e-01,-9.542196254421502211e-01,-9.541820701969956353e-01,-9.515559670095996569e-01
-9.504906870518284867e-01,-9.532306932904190955e-01,-9.532670651480971147e-01,-9.532712979143418419e-01,-9.532727149018213053e-01,-9.532731349009264665e-01,-9.532732750554867573e-01,-9.532733097816054046e-01,-9.532732750584825832e-01,-9.532731349032451673e-01,-9.532727149001926081e-01,-9.532712979148890708e-01,-9.532670651461100375e-01,-9.532306932919257791e-01,-9.504906870474177927e-01
-9.494185935354070294e-01,-9.522755471131391092e-01,-9.523105267912387317e-01,-9.523148443693112419e-01,-9.523163074101239634e-01,-9.523167409190884669e-01,-9.523168857255615016e-01,-9.523169216217498567e-01,-9.523168857284968203e-01,-9.523167409212451862e-01,-9.523163074085011504e-01,-9.523148443699150922e-01,-9.523105267892869596e-01,-9.522755471146528983e-01,-9.494185935309651381e-01
-9.483398486304922548e-01,-9.513168120963899632e-01,-9.513501806654974802e-01,-9.513545858962276780e-01,-9.513560956313040773e-01,-9.513565427862210599e-01,-9.513566923006202547e-01,-9.513567293817961623e-01,-9.513566923034684208e-01,-9.513565427881963688e-01,-9.513560956297061333e-01,-9.513545858968850411e-01,-9.513501806635975555e-01,-9.513168120978954256e-01,-9.483398486260549154e-01
-9.472546132248195194e-01,-9.503546661270201312e-01,-9.503861944366323034e-01,-9.503906907406999283e-01,-9.503922477913823164e-01,-9.503927087214266711e-01,-9.503928629978988241e-01,-9.503929012785160557e-01,-9.503928630006375222e-01,-9.503927087232012516e-01,-9.503922477898164578e-01,-9.503906907414039207e-01,-9.503861944347936630e-01,-9.503546661285073860e-01,-9.472546132204220370e-01
-9.461630468913683201e-01,-9.493892845142175574e-01,-9.494187331225525384e-01,-9.494233245459297033e-01,-9.494249295114107756e-01,-9.494254043388083986e-01,-9.494255634296389079e-01,-9.494256029236843863e-01,-9.494255634322488202e-01,-9.494254043403662635e-01,-9.494249295098825536e-01,-9.494233245466719984e-01,-9.494187331207818437e-01,-9.493892845156773896e-01,-9.461630468870436683e-01
-9.450653078536399576e-01,-9.484208399608942130e-01,-9.484479590748202682e-01,-9.484526503347381343e-01,-9.484543037892807504e-01,-9.484547926292986597e-01,-9.484549565849147434e-01,-9.484549973059055450e-01,-9.484549565873793275e-01,-9.484547926306328147e-01,-9.484543037878008231e-01,-9.484526503355121818e-01,-9.484479590731247356e-01,-9.484208399623167418e-01,-9.450653078494161141e-01
-9.439615529528267990e-01,-9.474495025381465263e-01,-9.474740319632009022e-01,-9.474788284945516725e-01,-9.474805309844878121e-01,-9.474810339454501351e-01,-9.474812028144107279e-01,-9.474812447753869771e-01,-9.474812028167183264e-01,-9.474810339465552511e-01,-9.474805309830611755e-01,-9.474788284953510331e-01,-9.474740319615833073e-01,-9.474495025395252013e-01,-9.439615529487256351e-01
-9.428519376168891242e-01,-9.464754396627754751e-01,-9.464971087631904867e-01,-9.465020167652888894e-01,-9.465037688057771348e-01,-9.465042859891021898e-01,-9.465044598181034941e-01,-9.465045030316262542e-01,-9.465044598202472237e-01,-9.465042859899778227e-01,-9.465037688044061204e-01,-9.465020167661071238e-01,-9.464971087616499412e-01,-9.464754396641068546e-01,-9.428519376129268492e-01
-9.417366158314609548e-01,-9.454988160777072492e-01,-9.455173437463880726e-01,-9.455223702299933031e-01,-9.455241723015405109e-01,-9.455247038018059769e-01,-9.455248826356879022e-01,-9.455249271138369549e-01,-9.455248826376666527e-01,-9.455247038024563455e-01,-9.455241723002262288e-01,-9.455223702308259703e-01,-9.455173437449212459e-01,-9.454988160789900009e-01,-9.417366158276462285e-01
-9.406157401125662121e-01,-9.445197938352660749e-01,-9.445348884736224360e-01,-9.445400413081393998e-01,-9.445418938528786779e-01,-9.445424397579131881e-01,-9.445426236396708974e-01,-9.445426693940444096e-01,-9.445426236414860011e-01,-9.445424397583456200e-01,-9.445418938516249030e-01,-9.445400413089826142e-01,-9.445348884722263305e-01,-9.445197938364999768e-01,-9.406157401089011438e-01
-9.394894614810899158e-01,-9.435385322831613131e-01,-9.435498917907247929e-01,-9.435551797514639683e-01,-9.435570831692146054e-01,-9.435576435602162082e-01,-9.435578325309942338e-01,-9.435578795727045387e-01,-9.435578325326535731e-01,-9.435576435604388079e-01,-9.435570831680120119e-01,-9.435551797523147322e-01,-9.435498917893877513e-01,-9.435385322843518052e-01,-9.394894614775701758e-01
-9.383579294389835512e-01,-9.425551880531789495e-01,-9.425624998268118393e-01,-9.425679326422801152e-01,-9.425698872863312872e-01,-9.425704622380198794e-01,-9.425706563371418767e-01,-9.425707046768204700e-01,-9.425706563386559989e-01,-9.425704622380433051e-01,-9.425698872851779875e-01,-9.425679326431389837e-01,-9.425624998255250908e-01,-9.425551880543320271e-01,-9.383579294355982592e-01
-9.372212919471710757e-01,-9.415699150524193817e-01,-9.415728559950560239e-01,-9.415784443941372928e-01,-9.415804505668151636e-01,-9.415810401476106817e-01,-9.415812394125860907e-01,-9.415812890603831864e-01,-9.415812394139664310e-01,-9.415810401474450364e-01,-9.415804505657086043e-01,-9.415784443950024896e-01,-9.415728559938104647e-01,-9.415699150535410400e-01,-9.372212919439056877e-01
-9.360796955785548601e-01,-9.405828643823018753e-01,-9.405811010713075460e-01,-9.405868566107762341e-01,-9.405889146972897796e-01,-9.405895190133407580e-01,-9.405897234876029467e-01,-9.405897743476984152e-01,-9.405897235817162194e-01,-9.405895190710676923e-01,-9.405889146564421210e-01,-9.405868566386783591e-01,-9.405811010301182717e-01,-9.405828644493083868e-01,-9.360796954236160206e-01
-9.349332848164000342e-01,-9.395941846288368149e-01,-9.395873729032347965e-01,-9.395933086556992331e-01,-9.395954187128194857e-01,-9.395960377843728395e-01,-9.395962474936032649e-01,-9.395962996711677562e-01,-9.395962475941688208e-01,-9.395960378418464209e-01,-9.395954186695182342e-01,-9.395933086862043870e-01,-9.395873728600918628e-01,-9.395941846994346758e-01,-9.349332846497967475e-01
-9.337822030449145494e-01,-9.386040214265064519e-01,-9.385918068531787783e-01,-9.385979368287343805e-01,-9.386000989772065317e-01,-9.386007328557659513e-01,-9.386009478320054278e-01,-9.386010013352065195e-01,-9.386009479393144783e-01,-9.386007329126474508e-01,-9.386000989313778575e-01,-9.385979368619806751e-01,-9.385918068080967291e-01,-9.386040215008950582e-01,-9.337822028660467399e-01
-9.326265918721505788e-01,-9.376125177442733438e-01,-9.375945355230193012e-01,-9.376008749182671576e-01,-9.376030892077166223e-01,-9.376037379395714133e-01,-9.376039582131046046e-01,-9.376040130496375857e-01,-9.376039583274417000e-01,-9.376037379954853535e-01,-9.376030891593056804e-01,-9.376008749543841558e-01,-9.375945354760280015e-01,-9.376125178226395462e-01,-9.326265916804303835e-01
-9.314665912785067281e-01,-9.366198138179854249e-01,-9.365956888353639265e-01,-9.366022540788548900e-01,-9.366045204822026626e-01,-9.366051841087804641e-01,-9.366054097081277785e-01,-9.366054658852178694e-01,-9.366054098297755814e-01,-9.366051841633125097e-01,-9.366045204311531647e-01,-9.366022541179654937e-01,-9.365956887864981262e-01,-9.366198139005075252e-01,-9.314665910733619381e-01
-9.303023396038645476e-01,-9.356260471551418600e-01,-9.355953940467220953e-01,-9.356022028438558680e-01,-9.356045212514789711e-01,-9.356051998097367761e-01,-9.356054307616845644e-01,-9.356054882860966870e-01,-9.356054308909185213e-01,-9.356051998624381749e-01,-9.356045211977457310e-01,-9.356022028860760953e-01,-9.355953939960275356e-01,-9.356260472419889451e-01,-9.303023393847412725e-01
-9.291339735361840990e-01,-9.346313525416511947e-01,-9.345937757625015774e-01,-9.346008471397754258e-01,-9.346032173534495335e-01,-9.346039108763080083e-01,-9.346041472059338773e-01,-9.346042060839820920e-01,-9.346041473430201085e-01,-9.346039109266977007e-01,-9.346032172970120122e-01,-9.346008471852066402e-01,-9.345937757100410970e-01,-9.346313526329786958e-01,-9.291339733025510972e-01
-9.279616281014049228e-01,-9.336358620503646399e-01,-9.335909559536225144e-01,-9.335983103020983886e-01,-9.336007320287793565e-01,-9.336014405455906884e-01,-9.336016822762505107e-01,-9.336017425137982384e-01,-9.336016824214511400e-01,-9.336014405931580828e-01,-9.336007319696106865e-01,-9.335983103508376235e-01,-9.335909558994603952e-01,-9.336358621463236585e-01,-9.279616278527563766e-01
-9.267854366546833811e-01,-9.326397050514845244e-01,-9.325870539746428101e-01,-9.325947130926955930e-01,-9.325971859380342011e-01,-9.325979094750993514e-01,-9.325981566284647917e-01,-9.325982182309402457e-01,-9.325981567820312845e-01,-9.325979095193057677e-01,-9.325971858761292754e-01,-9.325947131448251159e-01,-9.325870539188598762e-01,-9.326397051522149484e-01,-9.267854363905420056e-01
-9.256055308728784459e-01,-9.316430082245801270e-01,-9.315821865833875393e-01,-9.315901737185470211e-01,-9.315926971802459544e-01,-9.315934357613701033e-01,-9.315936883574336136e-01,-9.315937513298371275e-01,-9.315936885196065553e-01,-9.315934358016534356e-01,-9.315926971156156533e-01,-9.315901737741366651e-01,-9.315821865260758283e-01,-9.316430083302118526e-01,-9.256055305928012622e-01
-9.244220407483426660e-01,-9.306458955723106996e-01,-9.305764679620011082e-01,-9.305848078518734745e-01,-9.305873813128583416e-01,-9.305881349599476327e-01,-9.305883930170242291e-01,-9.305884573639370272e-01,-9.305883931880327697e-01,-9.305881349957247917e-01,-9.305873812455212057e-01,-9.305848079109808602e-01,-9.305764679032613174e-01,-9.306458956829656293e-01,-9.244220404519256640e-01
-9.232350945837817235e-01,-9.296484884355773470e-01,-9.295700097391608185e-01,-9.295787286513873537e-01,-9.295813513727786415e-01,-9.295821201064846662e-01,-9.295823836412282493e-01,-9.295824493668287669e-01,-9.295823838212853296e-01,-9.295821201371561315e-01,-9.295813513027729735e-01,-9.295787287140553357e-01,-9.295700096791060796e-01,-9.296484885513657259e-01,-9.232350942706678554e-01
-9.220448189883928558e-01,-9.286509055102376564e-01,-9.285629210136452372e-01,-9.285720467848123105e-01,-9.285747178987393546e-01,-9.285755017391441601e-01,-9.285757707665504013e-01,-9.285758378746264974e-01,-9.285757709558485340e-01,-9.285755017640959785e-01,-9.285747178261228862e-01,-9.285720468510658687e-01,-9.285629209524013383e-01,-9.286509056312547417e-01,-9.220448186582794747e-01
-9.208513388750201312e-01,-9.276532628651115164e-01,-9.275553083789359610e-01,-9.275648704523842270e-01,-9.275675889546416419e-01,-9.275683879219880357e-01,-9.275686624553939330e-01,-9.275687309493582111e-01,-9.275686626541019830e-01,-9.275683879405978161e-01,-9.275675888794916446e-01,-9.275648705222296897e-01,-9.275553083166399038e-01,-9.276532629914383543e-01,-9.208513385276692054e-01
-9.196547774584077350e-01,-9.266556739613160953e-01,-9.265472759488921906e-01,-9.265573054113789286e-01,-9.265600701539378203e-01,-9.265608842694043057e-01,-9.265611643204808567e-01,-9.265612342033850979e-01,-9.265611645287394893e-01,-9.265608842810467705e-01,-9.265600700763459985e-01,-9.265573054848046386e-01,-9.265472758856900803e-01,-9.266556740930165237e-01,-9.196547770936542854e-01
-9.184552562545396093e-01,-9.256582496728915643e-01,-9.255389253844550357e-01,-9.255494550016305499e-01,-9.255522646850009583e-01,-9.255530939715230776e-01,-9.255533795502750571e-01,-9.255534508248278724e-01,-9.255533797681918529e-01,-9.255530939755759468e-01,-9.255522646050802216e-01,-9.255494550786036445e-01,-9.255389253205040800e-01,-9.256582498100114353e-01,-9.184552558723020343e-01
-9.172528950808577219e-01,-9.246610983084748714e-01,-9.245303559211384137e-01,-9.245414201717904179e-01,-9.245442733372486455e-01,-9.245451178203901721e-01,-9.245454089351547999e-01,-9.245454816037406154e-01,-9.245454091627988147e-01,-9.245451178162396033e-01,-9.245442732551454323e-01,-9.245414202522510561e-01,-9.245303558566092539e-01,-9.246610984510350573e-01,-9.172528946811426831e-01
-9.160478120575520355e-01,-9.236643256341477981e-01,-9.235216643974913930e-01,-9.235332995064692296e-01,-9.235361945282042351e-01,-9.235370542370677782e-01,-9.235373508944848542e-01,-9.235374249591745688e-01,-9.235373511318858419e-01,-9.235370542241175817e-01,-9.235361944440803050e-01,-9.235332995903353659e-01,-9.235216643325601105e-01,-9.236643257821491870e-01,-9.160478116404632276e-01
-9.148401236096830313e-01,-9.226680348972603474e-01,-9.225129452842091293e-01,-9.225251892540489163e-01,-9.225281243311838075e-01,-9.225289992993737087e-01,-9.225293015043697364e-01,-9.225293769669355992e-01,-9.225293017515151517e-01,-9.225289992770528968e-01,-9.225281242452199049e-01,-9.225251893412163007e-01,-9.225129452190572454e-01,-9.226680350506808459e-01,-9.148401231754257346e-01
-9.136299444702284944e-01,-9.216723268512367895e-01,-9.215042907139886497e-01,-9.215171833551911718e-01,-9.215201565036986731e-01,-9.215210467703338626e-01,-9.215213545261075057e-01,-9.215214313880397690e-01,-9.215213547829398388e-01,-9.215210467381026449e-01,-9.215201564161055181e-01,-9.215171834455274658e-01,-9.215042906488051244e-01,-9.216723270100302123e-01,-9.136299440191077981e-01
-9.124173876839354325e-01,-9.206772997812220360e-01,-9.204957905120052519e-01,-9.205093734718903242e-01,-9.205123825164602813e-01,-9.205132881272309886e-01,-9.205136014352114371e-01,-9.205136796977262392e-01,-9.205136017016297689e-01,-9.205132880845902088e-01,-9.205123824274660249e-01,-9.205093735652410958e-01,-9.204957904469791563e-01,-9.206772999453209927e-01,-9.124173872163573451e-01
-9.112025646120412992e-01,-9.196830495306340669e-01,-9.194875322269935314e-01,-9.195018490171503744e-01,-9.195048915829731051e-01,-9.195058125912458635e-01,-9.195061314510583061e-01,-9.195062111151096618e-01,-9.195061317269197509e-01,-9.195058125377424396e-01,-9.195048914928232175e-01,-9.195018491133397642e-01,-9.194875321623132702e-01,-9.196830496999501836e-01,-9.112025641285103061e-01
-9.099855849376791150e-01,-9.186896695283923719e-01,-9.184796011627592849e-01,-9.184946971850557196e-01,-9.184977706895427474e-01,-9.184987071575150264e-01,-9.184990315669421257e-01,-9.184991126332296973e-01,-9.184990318520620534e-01,-9.184987070927477237e-01,-9.184977705985040153e-01,-9.184946972838848867e-01,-9.184796010986113757e-01,-9.186896697028176240e-01,-9.099855844387908510e-01
-9.087665566720956045e-01,-9.176972508169163323e-01,-9.174720804102332039e-01,-9.174880029813349269e-01,-9.174911046258135139e-01,-9.174920566257130927e-01,-9.174923865806356993e-01,-9.174924690496136792e-01,-9.174923868747930644e-01,-9.174920565493375202e-01,-9.174911045341640481e-01,-9.174880030825871557e-01,-9.174720803467963925e-01,-9.176972509963261526e-01,-9.087665561585308582e-01
-9.075455861615225883e-01,-9.167058820807404418e-01,-9.164650508798577455e-01,-9.164818492542672335e-01,-9.164849760156349445e-01,-9.164859436309635843e-01,-9.164862791253050034e-01,-9.164863629971879977e-01,-9.164862794282445657e-01,-9.164859435426974121e-01,-9.164849759236625149e-01,-9.164818493577111536e-01,-9.164650508173013410e-01,-9.167058822649953864e-01,-9.075455856340395311e-01
-9.063227780947451517e-01,-9.157156496757431485e-01,-9.154585913343474823e-01,-9.154763167259445389e-01,-9.154794653482964950e-01,-9.154804486751222381e-01,-9.154807897007855022e-01,-9.154808749755584119e-01,-9.154807900122212683e-01,-9.154804485747454201e-01,-9.154794652563000845e-01,-9.154763168313340138e-01,-9.154585912728315789e-01,-9.157156498646914500e-01,-9.063227775541696785e-01
-9.050982351187975006e-01,-9.147266378423944966e-01,-9.144527781821167878e-01,-9.144714844402973553e-01,-9.144746511197187067e-01,-9.144756499266897265e-01,-9.144759965248001610e-01,-9.144760835955723088e-01,-9.144759965762230269e-01,-9.144756498985993076e-01,-9.144746511065949823e-01,-9.144714844587109592e-01,-9.144527781670316324e-01,-9.147266378760489092e-01,-9.050982350298941714e-01
-8.513661427438840024e-01,-8.753622973544424868e-01,-8.737434932640449903e-01,-8.738638301022433330e-01,-8.738643391150766604e-01,-8.738666222799479355e-01,-8.738673197693807015e-01,-8.738675028302393955e-01,-8.738673199098083710e-01,-8.738666221668625056e-01,-8.738643392004756816e-01,-8.738638300817138660e-01,-8.737434931935846860e-01,-8.753622974611426910e-01,-8.513661426524078424e-01
-7.865260811508421046e-01,-8.356711912398535613e-01,-8.300975773897096843e-01,-8.307232192975041452e-01,-8.306695813279063589e-01,-8.306792213347328202e-01,-8.306796958712936441e-01,-8.306800731795888071e-01,-8.306796962035727372e-01,-8.306792210491871220e-01,-8.306695818018060562e-01,-8.307232191042992486e-01,-8.300975768898648521e-01,-8.356711914849958012e-01,-7.865260811527248208e-01
-7.136392427762672241e-01,-8.001803602021666517e-01,-7.861325664090023091e-01,-7.883858188072844220e-01,-7.880474923630162998e-01,-7.881065334183537940e-01,-7.880994700206738202e-01,-7.881014500016357838e-01,-7.880994698276144739e-01,-7.881065328025471661e-01,-7.880474930591176985e-01,-7.883858186944185942e-01,-7.861325653353793408e-01,-8.001803601022366985e-01,-7.136392429638067636e-01
-6.361075559414457459e-01,-7.717360356693481194e-01,-7.431172958956122621e-01,-7.491857869729242614e-01,-7.479263075607991418e-01,-7.481988570744089184e-01,-7.481440112887188798e-01,-7.481588470255777779e-01,-7.481440101930392217e-01,-7.481988572007973737e-01,-7.479263071651393036e-01,-7.491857871832572346e-01,-7.431172961064286264e-01,-7.717360351993620693e-01,-6.361075559516317091e-01
-5.570160596317732526e-01,-7.513137012660289216e-01,-7.012893611254751303e-01,-7.144854808193011886e-01,-7.110416040099917234e-01,-7.119542872890929353e-01,-7.117145798769963783e-01,-7.117938040864130178e-01,-7.117145788091813197e-01,-7.119542894245792786e-01,-7.110416025090793291e-01,-7.144854806903422340e-01,-7.012893622574424279e-01,-7.513137010058345000e-01,-5.570160602389457871e-01
-4.788175437243593624e-01,-7.385200101143170048e-01,-6.604234210171839869e-01,-6.849303989481063670e-01,-6.773184210709968234e-01,-6.797041635200700149e-01,-6.789452664354057587e-01,-6.792475751612047086e-01,-6.789452660255296257e-01,-6.797041657132247838e-01,-6.773184197233830250e-01,-6.849303991814097436e-01,-6.604234210228799862e-01,-7.385200096042658924e-01,-4.788175451452802989e-01
-4.032722662659848911e-01,-7.322339110803084417e-01,-6.202307107817823795e-01,-6.606784107544472207e-01,-6.462658675166762512e-01,-6.514509237096084426e-01,-6.495307013325555268e-01,-6.504225254396363010e-01,-6.495307012300568505e-01,-6.514509276952471506e-01,-6.462658635587010814e-01,-6.606784124905951128e-01,-6.202307088237126731e-01,-7.322339093160266099e-01,-4.032722705369801708e-01
-3.315217133483467915e-01,-7.310993098818932001e-01,-5.805290553245445739e-01,-6.415642563845427304e-01,-6.172583679216002706e-01,-6.270674741538093677e-01,-6.229489432282422356e-01,-6.251145061651721679e-01,-6.229489454132042248e-01,-6.270674718956235072e-01,-6.172583663900004236e-01,-6.415642597426511884e-01,-5.805290525240683897e-01,-7.310993093193696168e-01,-3.315217137294972360e-01
-2.642117840377710136e-01,-7.338150412362700603e-01,-5.412677877768584667e-01,-6.272202708966101437e-01,-5.896951464673251264e-01,-6.063878456860534172e-01,-5.985973825499217860e-01,-6.031268615752450879e-01,-5.985973850960881748e-01,-6.063878418201394949e-01,-5.896951471790407018e-01,-6.272202731532525721e-01,-5.412677853061808042e-01,-7.338150434121948340e-01,-2.642117812129370358e-01
-2.016198334718114493e-01,-7.392675914540635107e-01,-5.024925914818112460e-01,-6.171685318440386370e-01,-5.630702323576921575e-01,-5.892384027804551394e-01,-5.758732975684593969e-01,-5.843070331638207104e-01,-5.758733032822314080e-01,-5.892383940902454764e-01,-5.630702353577429209e-01,-6.171685354598628326e-01,-5.024925853572242973e-01,-7.392675988622426919e-01,-2.016198236380788433e-01
-1.437653950201937814e-01,-7.465678092673321276e-01,-4.642992427325957072e-01,-6.108893602424217972e-01,-5.369894072485726921e-01,-5.754436362350954237e-01,-5.542205525119628939e-01,-5.685432096880663755e-01,-5.542205548574549168e-01,-5.754436327582899136e-01,-5.369894119935654242e-01,-6.108893598189595320e-01,-4.642992390258378621e-01,-7.465678163425617520e-01,-1.437653868259532175e-01
-9.049845167107975485e-02,-7.550385103061354464e-01,-4.267964965415524392e-01,-6.078682239440713619e-01,-5.111614926612302323e-01,-5.648240748632210595e-01,-5.331546971844689509e-01,-5.557461174563829154e-01,-5.331546994081099999e-01,-5.648240703799396467e-01,-5.111615015723395272e-01,-6.078682230327103753e-01,-4.267964901047106574e-01,-7.550385216993311666e-01,-9.049843843978092051e-02
-4.156588187807654100e-02,-7.641819590249421257e-01,-3.900828819871969277e-01,-6.076240775129151395e-01,-4.853808335128841911e-01,-5.571933350981024269e-01,-5.122738729341793640e-01,-5.458297559071718652e-01,-5.122738727958987548e-01,-5.571933347860451580e-01,-4.853808378314486971e-01,-6.076240768190268593e-01,-3.900828804057505650e-01,-7.641819628459280977e-01,-4.156587697189631503e-02
3.340643027462649687e-03,-7.736428047949994724e-01,-3.542357340870118110e-01,-6.097232906286671472e-01,-4.595094319095572866e-01,-5.523564954538596750e-01,-4.912605973253776348e-01,-5.386966964371858735e-01,-4.912605977867510743e-01,-5.523564945326862041e-01,-4.595094378365027765e-01,-6.097232911528209787e-01,-3.542357315911645044e-01,-7.736428089508047279e-01,3.340648346930827697e-03
4.455144442616731926e-02,-7.831738469438664918e-01,-3.193087965031197184e-01,-6.137835816349914708e-01,-4.334622556204437704e-01,-5.501098494619056645e-01,-4.698780420612606590e-01,-5.342293153473320899e-01,-4.698780443892951464e-01,-5.501098468336155234e-01,-4.334622633471353348e-01,-6.137835837654770366e-01,-3.193087929207081288e-01,-7.831738520030919748e-01,4.455145142587450119e-02
8.239674092301130237e-02,-7.926073517882123998e-01,-2.853349200528418339e-01,-6.194718600593511759e-01,-4.071961910729101630e-01,-5.502417030062694003e-01,-4.479633877991266999e-01,-5.322860402207891806e-01,-4.479633925455003274e-01,-5.502416978955901872e-01,-4.071962008057878335e-01,-6.194718633473601521e-01,-2.853349151398228978e-01,-7.926073584108228598e-01,8.239675071975116616e-02
1.171927379309077866e-01,-8.018324321782792641e-01,-2.523310765343383943e-01,-6.264989473615867333e-01,-3.807021327803731259e-01,-5.525338015768610500e-01,-4.254198527914583861e-01,-5.327013065247921952e-01,-4.254198549957268760e-01,-5.525337995217484144e-01,-3.807021348360480895e-01,-6.264989487412443436e-01,-2.523310763911868482e-01,-8.018324339310076709e-01,1.171927409999535818e-01
1.492335738478046681e-01,-8.107779216064927574e-01,-2.203038435561733566e-01,-6.346132290393970976e-01,-3.539991938544033157e-01,-5.567631810024774586e-01,-4.022082967641525952e-01,-5.352879400820738098e-01,-4.022082991638536442e-01,-5.567631783966064951e-01,-3.539991960285229222e-01,-6.346132303339262482e-01,-2.203038428511971403e-01,-8.107779234958482073e-01,1.492335769570264925e-01
1.787873930919058607e-01,-8.193998389964125550e-01,-1.892542438396783711e-01,-6.435945213943972121e-01,-3.271301695828298661e-01,-5.627043345385361883e-01,-3.783388537340247604e-01,-5.398410130902919768e-01,-3.783388556423292748e-01,-5.627043318741079547e-01,-3.271301712141962970e-01,-6.435945224444088453e-01,-1.892542424170224058e-01,-8.193998403837834399e-01,1.787873953153106821e-01
2.060951786472093872e-01,-8.276724664582985058e-01,-1.591814049359493444e-01,-6.532488030252288080e-01,-3.001575071633727498e-01,-5.701316799934895707e-01,-3.538626899982920682e-01,-5.461425562940177558e-01,-3.538626911725443747e-01,-5.701316775292866179e-01,-3.001575077402254821e-01,-6.532488037769426104e-01,-1.591814030108723022e-01,-8.276724671618163054e-01,2.060951798285656222e-01
2.313714093450816023e-01,-8.355821858886024467e-01,-1.300848833826535877e-01,-6.634040852086859896e-01,-2.731593830908444209e-01,-5.788222847054582676e-01,-3.288639473221464660e-01,-5.539667003761897801e-01,-3.288639483302591149e-01,-5.788222820453849948e-01,-2.731593830109518839e-01,-6.634040856834562128e-01,-1.300848811889089851e-01,-8.355821866069905735e-01,2.313714105616162808e-01
2.548058205656437702e-01,-8.431233437370698747e-01,-1.019657446739124645e-01,-6.739074105838042117e-01,-2.462256674428369152e-01,-5.885587779787319063e-01,-3.034518838156849974e-01,-5.630849468661486279e-01,-3.034518854335339078e-01,-5.885587744588843817e-01,-2.462256676214807372e-01,-6.739074108582717715e-01,-1.019657420842185747e-01,-8.431233453395834410e-01,2.548058230759434606e-01
2.765657647009404085e-01,-8.502955642830426486e-01,-7.482662872993381398e-02,-6.846228197320722852e-01,-2.194537593304101697e-01,-5.991323260544545448e-01,-2.777532865493779757e-01,-5.732713189612606008e-01,-2.777532892132797970e-01,-5.991323212470935911e-01,-2.194537604369192763e-01,-6.846228199057138308e-01,-7.482662539861063833e-02,-8.502955672069801851e-01,2.765657691298779586e-01
2.967988176526746846e-01,-8.571020633232953045e-01,-4.867109236921718374e-02,-6.954300493849392417e-01,-1.929444076913248152e-01,-6.103455038639764574e-01,-2.519052907190814095e-01,-5.843071658022604975e-01,-2.519052944968793173e-01,-6.103454976858777581e-01,-1.929444099577544425e-01,-6.954300495612438793e-01,-4.867108799449490486e-02,-8.571020675714582371e-01,2.967988240100160047e-01
3.156353883288642859e-01,-8.635486236914933222e-01,-2.350252631281289986e-02,-7.062237101670867379e-01,-1.667977026344268920e-01,-6.220148822751041529e-01,-2.260487849061239285e-01,-5.959854118873283424e-01,-2.260487896006231345e-01,-6.220148749408106470e-01,-1.667977059457377287e-01,-7.062237104410771238e-01,-2.350252076638664062e-02,-8.635486289704401575e-01,3.156353962030183369e-01
3.331911727987423300e-01,-8.696429846171407352e-01,6.770854295945587242e-04,-7.169127132500867638e-01,-1.411094405596075574e-01,-6.339731639468184632e-01,-2.003225916437320342e-01,-6.081140772097648473e-01,-2.003225968487472586e-01,-6.339731559394901073e-01,-1.411094445388019203e-01,-7.169127136906896514e-01,6.770920357961132674e-04,-8.696429904173212933e-01,3.331911814575636011e-01
3.495693598363197596e-01,-8.753944706141867371e-01,2.386834835537231594e-02,-7.274197601207581521e-01,-1.159680426739154446e-01,-6.460707406437113942e-01,-1.748585862986004047e-01,-6.205189462935662981e-01,-1.748585914138778841e-01,-6.460707327094563635e-01,-1.159680467200651099e-01,-7.274197607445918035e-01,2.386835560981569529e-02,-8.753944762469791918e-01,3.495693682650048428e-01
3.648625432744772579e-01,-8.808137435539421523e-01,4.607543054585162834e-02,-7.376807656009547465e-01,-9.145215390111896547e-02,-6.581766011097704983e-01,-1.497778622851790309e-01,-6.330453296394473739e-01,-1.497778665619731164e-01,-6.581765941917354645e-01,-9.145215724786445732e-02,-7.376807663443392116e-01,4.607543773562463446e-02,-8.808137482279372321e-01,3.648625502753641281e-01
3.791543321432561120e-01,-8.859126059115767227e-01,6.730673843928328126e-02,-7.476441406913183485e-01,-6.762898259403510304e-02,-6.701785800154202999e-01,-1.251879795645546301e-01,-6.455589297552284389e-01,-1.251879822468931480e-01,-6.701785750592219593e-01,-6.762898445969980910e-02,-7.476441414047538814e-01,6.730674468066044636e-02,-8.859126089013034111e-01,3.791543365838377921e-01
3.925206784101186730e-01,-8.907038178478037249e-01,8.757526004931440178e-02,-7.572699082210846422e-01,-4.455337847993164069e-02,-6.819829953241297593e-01,-1.011812566706454253e-01,-6.579458880458177727e-01,-1.011812583942287014e-01,-6.819829902388504506e-01,-4.455338233250326352e-02,-7.572699104078510768e-01,8.757527320068303478e-02,-8.907038195863663521e-01,3.925206814214309281e-01
4.050309284341147009e-01,-8.952008986677902902e-01,1.068986205754405838e-01,-7.665286831034063830e-01,-2.226756423986683137e-02,-6.935137574628055246e-01,-7.783403210572270581e-02,-6.701121190637766567e-01,-7.783402895268475008e-02,-6.935137585369837154e-01,-2.226756328482478592e-02,-7.665286844064350680e-01,1.068986283654234787e-01,-8.952008957368271513e-01,4.050309240353230922e-01
4.167486941267873890e-01,-8.994179379415596642e-01,1.252988155161336159e-01,-7.754005088714595040e-01,-8.014692200275924661e-04,-7.047110859780775227e-01,-5.520668601987471780e-02,-6.819821187776704541e-01,-5.520667864239417466e-02,-7.047110922818444756e-01,-8.014640928960051203e-04,-7.754005091849240916e-01,1.252988183506706377e-01,-8.994179312006019833e-01,4.167486835825900404e-01
4.274177158142818955e-01,-9.032562095425347160e-01,1.422968089615981313e-01,-7.836288789792646980e-01,1.922864531352942719e-02,-7.152157594745243152e-01,-3.397954910923289829e-02,-6.931623633670256357e-01,-3.397953849152829386e-02,-7.152157696930332431e-01,1.922865363575142206e-02,-7.836288783600680041e-01,1.422968077585077540e-01,-9.032562000822824677e-01,4.274177007907205006e-01
4.367687287582264766e-01,-9.066151043078485294e-01,1.573793726713441643e-01,-7.909448928173357096e-01,3.715282084422263931e-02,-7.246450558833530398e-01,-1.489823985714588961e-02,-7.032312481032496621e-01,-1.489822701055480009e-02,-7.246450687154246673e-01,3.715283135129413689e-02,-7.909448914282081189e-01,1.573793685135911891e-01,-9.066150931415897229e-01,4.367687108419525677e-01
4.467078422445093788e-01,-9.101756053753569109e-01,1.735911749245773184e-01,-7.988128469644429908e-01,5.656764710800103041e-02,-7.348728629370215870e-01,5.854738447903240495e-03,-7.141850777474869627e-01,5.854752992665121503e-03,-7.348728776769425375e-01,5.656765925889005453e-02,-7.988128448604538967e-01,1.735911683276507578e-01,-9.101755930855175425e-01,4.467078223242292312e-01
4.572793739936588109e-01,-9.139466013167516500e-01,1.910282727200338371e-01,-8.072669972280241968e-01,7.760998714948012800e-02,-7.459559106360721392e-01,2.843910663608978373e-02,-7.260893329920026229e-01,2.843912225133592153e-02,-7.459559264797950284e-01,7.761000030699438668e-02,-8.072669945204313802e-01,1.910282643377112510e-01,-9.139465885377696663e-01,4.572793530554192243e-01
4.685292244835407294e-01,-9.179348105418252413e-01,2.097891946352323511e-01,-8.163365732439074041e-01,1.004201204276709836e-01,-7.579443906244989204e-01,5.301885538184836211e-02,-7.390025518511903480e-01,5.301887138815049305e-02,-7.579444067356627679e-01,1.004201339102511609e-01,-8.163365700933772340e-01,2.097891852002238822e-01,-9.179347979063979812e-01,4.685292035292861756e-01
4.805040473799426781e-01,-9.221436195589085560e-01,2.299718628306744728e-01,-8.260421020815136295e-01,1.251365676725330056e-01,-7.708762611798893882e-01,7.975592501820744085e-02,-7.529698925583707680e-01,7.975594073361598479e-02,-7.708762767586161413e-01,1.251365808098231502e-01,-8.260420986848499014e-01,2.299718530859671262e-01,-9.221436076451212660e-01,4.805040273464831202e-01
4.932501026114709530e-01,-9.265716125272849268e-01,2.516691608775488698e-01,-8.363905538306187770e-01,1.518884685138645052e-01,-7.847695766472322365e-01,1.088007821801927344e-01,-7.680144078828119447e-01,1.088007969721066781e-01,-7.847695909979484075e-01,1.518884807014570237e-01,-8.363905504014246262e-01,2.516691515043716354e-01,-9.265716018099448004e-01,4.932500842945203301e-01
5.068117920234386231e-01,-9.312108012302329207e-01,2.749629558714953848e-01,-8.473692465146864805e-01,1.807850504091713106e-01,-7.996126728360732905e-01,1.402792474534879097e-01,-7.841258135203243995e-01,1.402792607909718048e-01,-7.996126854287989305e-01,1.807850611580152644e-01,-8.473692432587773826e-01,2.749629474207971880e-01,-9.312107920407448614e-01,5.068117760122990978e-01
5.212299567585850779e-01,-9.360446377988809186e-01,2.999165886859025409e-01,-8.589386828723122314e-01,2.119020241927320747e-01,-8.153524065368287221e-01,1.742752673485648551e-01,-8.012469481626594003e-01,1.742752788487053062e-01,-8.153524170514312441e-01,2.119020331669114743e-01,-8.589386799610708723e-01,2.999165815248025502e-01,-9.360446303013514324e-01,5.212299433919129754e-01
5.365401462095806817e-01,-9.410460094524006891e-01,3.265662489420514403e-01,-8.710249037299018227e-01,2.452653896079727835e-01,-8.318813195629823909e-01,2.108101082791056791e-01,-8.192588950296240125e-01,2.108101177347635191e-01,-8.318813279012113870e-01,2.452653966427040533e-01,-8.710249012780449940e-01,3.265662432316638331e-01,-9.410460036454673105e-01,5.365401355671923778e-01
5.527712487170129974e-01,-9.461755717544457767e-01,3.549122920127610881e-01,-8.835125479818084493e-01,2.808342430186430150e-01,-8.490256237920501547e-01,2.498198397555289607e-01,-8.379669275098973191e-01,2.498198471319303948e-01,-8.490256300477141416e-01,2.808342481142421243e-01,-8.835125460380259810e-01,3.549122877296591594e-01,-9.461755675030207868e-01,5.527712406575059356e-01
5.699450702645887379e-01,-9.513809423686619970e-01,3.849123821877213913e-01,-8.962405278635660055e-01,3.184857213556246402e-01,-8.665371771546428459e-01,2.911349664459842446e-01,-8.570909412572998987e-01,2.911349771989417690e-01,-8.665371880599019860e-01,3.184857232258727078e-01,-8.962405242010380579e-01,3.849123715117484523e-01,-9.513809350873467796e-01,5.699450563743551079e-01
5.880775491423294588e-01,-9.565973671981018445e-01,4.164790976396170463e-01,-9.090027918965790654e-01,3.580068376389105578e-01,-8.840937507575276078e-01,3.344683191396011779e-01,-8.762654131566980364e-01,3.344683257045945046e-01,-8.840937574008740363e-01,3.580068371178362630e-01,-9.090027893244163604e-01,4.164790904692774465e-01,-9.565973628590103139e-01,5.880775402745952452e-01
6.071822252130937292e-01,-9.617503837387962884e-01,4.494848676298537349e-01,-9.215566336077709586e-01,3.990988452376613149e-01,-9.013120293433865005e-01,3.794186135373542879e-01,-8.950541475636928368e-01,3.794186166551857808e-01,-9.013120326516372849e-01,3.990988432684662301e-01,-9.215566320334762640e-01,4.494848634332389015e-01,-9.617503816131571792e-01,6.071822203577442734e-01
6.272759961644412963e-01,-9.667605672267122197e-01,4.837759992417518529e-01,-9.336397574625358020e-01,4.413986500256149581e-01,-9.177760880535965615e-01,4.254963078802903587e-01,-9.129832406125616417e-01,4.254963085677886392e-01,-9.177760891059967285e-01,4.413986476474925924e-01,-9.336397566942163939e-01,4.837759973033686212e-01,-9.667605665461687092e-01,6.272759941660210892e-01
6.483863490076546832e-01,-9.715497502571526223e-01,5.191949285311843187e-01,-9.449947864559533617e-01,4.845177027545476411e-01,-9.330797717245004064e-01,4.721733914268638754e-01,-9.295906595219889379e-01,4.721733871731740306e-01,-9.330797700301823872e-01,4.845176980649821274e-01,-9.449947863248866486e-01,5.191949271996232351e-01,-9.715497511380826179e-01,6.483863504386730980e-01
6.705580819970989870e-01,-9.760472989906547880e-01,5.556058760554614118e-01,-9.553965644537836255e-01,5.280920927802490450e-01,-9.468755550810149524e-01,5.189503957820204016e-01,-9.444839490859759934e-01,5.189503887388671188e-01,-9.468755513459158335e-01,5.280920920150715681e-01,-9.553965654911499294e-01,5.556058773322127831e-01,-9.760473009996371019e-01,6.705580875486628623e-01
6.938567713125816105e-01,-9.801946628898693392e-01,5.929156635288695965e-01,-9.646752446563933159e-01,5.718308321313770870e-01,-9.589176461322536094e-01,5.654247883886214243e-01,-9.573916275400450315e-01,5.654247862016583692e-01,-9.589176451333941698e-01,5.718308334254963432e-01,-9.646752450329423301e-01,5.929156638202220941e-01,-9.801946634943187187e-01,6.938567733966816142e-01
7.183662562891736103e-01,-9.839469090559359588e-01,6.310807264994521271e-01,-9.727286867941379311e-01,6.155464612610876962e-01,-9.690867628997065220e-01,6.113401173257897447e-01,-9.681930727553814675e-01,6.113401172149489637e-01,-9.690867622125358682e-01,6.155464652222738531e-01,-9.727286874578038312e-01,6.310807277771003365e-01,-9.839469094825672446e-01,7.183662592915660561e-01
7.441782760405817321e-01,-9.872712670278541713e-01,6.700942297963530248e-01,-9.795216409265119495e-01,6.591559992480320318e-01,-9.773897983689456836e-01,6.565984655023638927e-01,-9.769179580978936128e-01,6.565984659187946715e-01,-9.773897984302766240e-01,6.591560008175735286e-01,-9.795216410164420129e-01,6.700942296747383065e-01,-9.872712670438812399e-01,7.441782769006861642e-01
7.713730057920356042e-01,-9.901442387054059102e-01,7.099522414849792629e-01,-9.850747392859078300e-01,7.026487046794821500e-01,-9.839370388918611265e-01,7.012291775440437913e-01,-9.837175888640270482e-01,7.012291784222952629e-01,-9.839370388623119856e-01,7.026487055503154444e-01,-9.850747395073058410e-01,7.099522421121381432e-01,-9.901442388181764809e-01,7.713730069131758960e-01
7.999886306039262207e-01,-9.925496311309706110e-01,7.506011106763841312e-01,-9.894502384918688609e-01,7.460251674242301956e-01,-9.889076371993155146e-01,7.453174174654183526e-01,-9.888203861110607118e-01,7.453174174481125291e-01,-9.889076369086574614e-01,7.460251668866759722e-01,-9.894502387378980579e-01,7.506011126253270271e-01,-9.925496313824966332e-01,7.999886310711008530e-01
8.299749803533960080e-01,-9.944794600466932977e-01,7.918666635405028353e-01,-9.927412586869828193e-01,7.892132052072686754e-01,-9.925161655918675052e-01,7.889006365166167933e-01,-9.924876135671363286e-01,7.889006353351963874e-01,-9.925161651624505588e-01,7.892132044288872050e-01,-9.927412587899386853e-01,7.918666655885466810e-01,-9.944794601937977374e-01,8.299749799285065510e-01
8.611210373061136680e-01,-9.959382152892355400e-01,8.333591764600283280e-01,-9.950672366201036567e-01,8.319589510424879597e-01,-9.949889024781517488e-01,8.318364156156068390e-01,-9.949815288594088258e-01,8.318364150224384357e-01,-9.949889022581395182e-01,8.319589508207047013e-01,-9.950672366082933262e-01,8.333591769338342115e-01,-9.959382152811260269e-01,8.611210370477972997e-01
8.929398070426155520e-01,-9.969487415844341394e-01,8.743407007925702024e-01,-9.965726916879360520e-01,8.736805583909598161e-01,-9.965508320987603863e-01,8.736357085377016718e-01,-9.965493628822079675e-01,8.736357080764984850e-01,-9.965508316427006408e-01,8.736805565426105646e-01,-9.965726913844074053e-01,8.743406981642994902e-01,-9.969487415421508514e-01,8.929398077196266659e-01
9.244902452716629027e-01,-9.975540675505576438e-01,9.135416951505873628e-01,-9.974206289616270871e-01,9.132687513184717387e-01,-9.974159608997983373e-01,9.132517631026740856e-01,-9.974157217387634722e-01,9.132517629632849188e-01,-9.974159608397578092e-01,9.132687509229397982e-01,-9.974206289031466444e-01,9.135416947013295097e-01,-9.975540675492520215e-01,9.244902453599186387e-01
