-9.607237258900105381e-01,-9.607237258900509502e-01,-9.607237258900874766e-01,-9.607237258898929655e-01,-9.607237258898329024e-01,-9.607237258900728216e-01,-9.607237258900251931e-01,-9.607237258899241628e-01,-9.607237258903316146e-01,-9.607237258901202281e-01
-9.431255995551068860e-01,-9.431255995559647554e-01,-9.431255995568552652e-01,-9.431255995542486836e-01,-9.431255995525047453e-01,-9.431255995567130457e-01,-9.431255995565432926e-01,-9.431255995529408409e-01,-9.431255995609842957e-01,-9.431255995567321415e-01
-9.127965009886686021e-01,-9.127965010422770531e-01,-9.127965010784581112e-01,-9.127965010160489223e-01,-9.127965009137142260e-01,-9.127965010810722424e-01,-9.127965011300456233e-01,-9.127965008582609174e-01,-9.127965012440417691e-01,-9.127965010553955594e-01
-8.583370181451285275e-01,-8.583370181178793246e-01,-8.583370181310581160e-01,-8.583370181653364739e-01,-8.583370181739784499e-01,-8.583370181480192151e-01,-8.583370181202533145e-01,-8.583370181250452591e-01,-8.583370181673626309e-01,-8.583370181776626140e-01
-7.622765051182951446e-01,-7.622765051138837844e-01,-7.622765051260285141e-01,-7.622765051345379295e-01,-7.622765051284650095e-01,-7.622765051147033510e-01,-7.622765051113312706e-01,-7.622765051223755473e-01,-7.622765051380741008e-01,-7.622765051358073585e-01
-6.131417778902017446e-01,-6.131417777703191963e-01,-6.131417779283800940e-01,-6.131417780904752091e-01,-6.131417780775787474e-01,-6.131417779740155893e-01,-6.131417779235821541e-01,-6.131417780994609101e-01,-6.131417782950903117e-01,-6.131417781620871477e-01
-4.159926901745540362e-01,-4.159926907651186889e-01,-4.159926904165621164e-01,-4.159926900472760147e-01,-4.159926897533672840e-01,-4.159926903380558594e-01,-4.159926905928773566e-01,-4.159926905765738425e-01,-4.159926900374992242e-01,-4.159926897159950121e-01
-1.692712505209475748e-01,-1.692712488481981081e-01,-1.692712508194998411e-01,-1.692712512192754426e-01,-1.692712502741643976e-01,-1.692712508202776633e-01,-1.692712522344638204e-01,-1.692712501646252976e-01,-1.692712496756483553e-01,-1.692712506999525801e-01
-7.197919063205752976e-02,-7.197919111176787066e-02,-7.197919146693421144e-02,-7.197919119154848333e-02,-7.197919163407043297e-02,-7.197919075019187929e-02,-7.197919135463057283e-02,-7.197919154368567773e-02,-7.197919150303042080e-02,-7.197919152023625478e-02
-3.887952912658448890e-02,-3.887952953860787653e-02,-3.887953001674270687e-02,-3.887952911253095278e-02,-3.887952992603192770e-02,-3.887952870820909901e-02,-3.887952947050683089e-02,-3.887952943944356782e-02,-3.887953007160056818e-02,-3.887952979283675059e-02
