-1.000000000000000444e+00,-1.000000000000000444e+00,-1.000000000000000444e+00,-1.000000000000000444e+00,-1.000000000000000444e+00,-1.000000000000000444e+00,-1.000000000000000444e+00
-9.999929688823941953e-01,-9.999929689373191488e-01,-9.999929689402795585e-01,-9.999929689405018252e-01,-9.999929689402795585e-01,-9.999929689373190378e-01,-9.999929688823943064e-01
-9.999718771181662635e-01,-9.999718779968472804e-01,-9.999718780441887445e-01,-9.999718780477389046e-01,-9.999718780441884114e-01,-9.999718779968471694e-01,-9.999718771181662635e-01
-9.999367294718849442e-01,-9.999367339192126725e-01,-9.999367341586679059e-01,-9.999367341766211004e-01,-9.999367341586680169e-01,-9.999367339192126725e-01,-9.999367294718849442e-01
-9.998875338805931490e-01,-9.998875479319422332e-01,-9.998875486878087138e-01,-9.998875487444599530e-01,-9.998875486878088248e-01,-9.998875479319423443e-01,-9.998875338805930379e-01
-9.998243014478943591e-01,-9.998243357391354280e-01,-9.998243375815942802e-01,-9.998243377196237569e-01,-9.998243375815943912e-01,-9.998243357391354280e-01,-9.998243014478943591e-01
-9.997470464357688380e-01,-9.997471175071120930e-01,-9.997471213202479001e-01,-9.997471216057595145e-01,-9.997471213202479001e-01,-9.997471175071120930e-01,-9.997470464357689490e-01
-9.996557862540025319e-01,-9.996559178459359929e-01,-9.996559248940909415e-01,-9.996559254214948398e-01,-9.996559248940909415e-01,-9.996559178459359929e-01,-9.996557862540026429e-01
-9.995505414473394579e-01,-9.995507657869379115e-01,-9.995507777790456627e-01,-9.995507786757479307e-01,-9.995507777790455517e-01,-9.995507657869378004e-01,-9.995505414473396799e-01
-9.994313356803411486e-01,-9.994316947562442710e-01,-9.994317139077886214e-01,-9.994317153386600427e-01,-9.994317139077883994e-01,-9.994316947562436049e-01,-9.994313356803415926e-01
-9.992981957199738030e-01,-9.992987425443560223e-01,-9.992987716366164008e-01,-9.992987738082048654e-01,-9.992987716366156237e-01,-9.992987425443550231e-01,-9.992981957199748022e-01
-9.991511514159707730e-01,-9.991519512718519680e-01,-9.991519937080973746e-01,-9.991519968725611767e-01,-9.991519937080958202e-01,-9.991519512718505247e-01,-9.991511514159726604e-01
-9.989902356789691629e-01,-9.989913673512470504e-01,-9.989914272095602454e-01,-9.989914316682888540e-01,-9.989914272095572478e-01,-9.989913673512441639e-01,-9.989902356789726046e-01
-9.988154844564984813e-01,-9.988170414451172929e-01,-9.988171235275363768e-01,-9.988171296344375838e-01,-9.988171235275311588e-01,-9.988170414451121859e-01,-9.988154844565042545e-01
-9.986269367068146829e-01,-9.986290284205217027e-01,-9.986291382982016573e-01,-9.986291464626303460e-01,-9.986291382981932196e-01,-9.986290284205133760e-01,-9.986269367068243419e-01
-9.984246343706382198e-01,-9.984273872998226107e-01,-9.984275313539303642e-01,-9.984275420432378034e-01,-9.984275313539161534e-01,-9.984273872998091770e-01,-9.984246343706537630e-01
-9.982086223408741521e-01,-9.982121812080224643e-01,-9.982123666660972505e-01,-9.982123804077835949e-01,-9.982123666660756012e-01,-9.982121812080013701e-01,-9.982086223408985770e-01
-9.979789484302844516e-01,-9.979834773166355033e-01,-9.979837122841609398e-01,-9.979837296676125069e-01,-9.979837122841275221e-01,-9.979834773166029738e-01,-9.979789484303211999e-01
-9.977356633372364003e-01,-9.977413467842665140e-01,-9.977416402712134813e-01,-9.977416619490151461e-01,-9.977416402711635213e-01,-9.977413467842189965e-01,-9.977356633372895800e-01
-9.974788206095361875e-01,-9.974858646939609441e-01,-9.974862266360796648e-01,-9.974862533248846086e-01,-9.974862266360068341e-01,-9.974858646938915552e-01,-9.974788206096129040e-01
-9.972084766064251982e-01,-9.972171099874423961e-01,-9.972175512621055393e-01,-9.972175837430671264e-01,-9.972175512620021776e-01,-9.972171099873442524e-01,-9.972084766065320016e-01
-9.969246904587744096e-01,-9.969351653963547388e-01,-9.969356978327589269e-01,-9.969357369515043921e-01,-9.969356978326155971e-01,-9.969351653962190696e-01,-9.969246904589197378e-01
-9.966275240275456193e-01,-9.966401173706103123e-01,-9.966407537541730477e-01,-9.966408004203285431e-01,-9.966407537539795358e-01,-9.966401173704276806e-01,-9.966275240277387981e-01
-9.963170418606004386e-01,-9.963320560039964358e-01,-9.963328100748020111e-01,-9.963328652610632385e-01,-9.963328100745462157e-01,-9.963320560037557394e-01,-9.963170418608505718e-01
-9.959933111478943557e-01,-9.960110749571419175e-01,-9.960119614023040802e-01,-9.960120261430615018e-01,-9.960119614019747880e-01,-9.960110749568333866e-01,-9.959933111482099921e-01
-9.956564016751106028e-01,-9.956772713779504791e-01,-9.956783058177870460e-01,-9.956783812073072282e-01,-9.956783058173742651e-01,-9.956772713775646766e-01,-9.956564016754987367e-01
-9.953063857758496225e-01,-9.953307458196906099e-01,-9.953319447876215476e-01,-9.953320319777955172e-01,-9.953319447871179504e-01,-9.953307458192216517e-01,-9.953063857763133626e-01
-9.949433382823881233e-01,-9.949716021568176805e-01,-9.949729830729143742e-01,-9.949730832705848682e-01,-9.949729830723167412e-01,-9.949716021562622359e-01,-9.949433382829273587e-01
-9.945673364751214107e-01,-9.945999474987068378e-01,-9.946015286368509178e-01,-9.946016431007305147e-01,-9.946015286361608032e-01,-9.945999474980672383e-01,-9.945673364757317003e-01
-9.941784600307109754e-01,-9.942158921013866113e-01,-9.942176925500023632e-01,-9.942178225872015940e-01,-9.942176925492265394e-01,-9.942158921006687411e-01,-9.941784600313829934e-01
-9.937767909690602419e-01,-9.938195492774638540e-01,-9.938215888938236597e-01,-9.938217358560071935e-01,-9.938215888929726738e-01,-9.938195492766780381e-01,-9.937767909697823310e-01
-9.933624135991642179e-01,-9.934110353043492658e-01,-9.934133346624584027e-01,-9.934134999416540657e-01,-9.934133346615464655e-01,-9.934110353035084939e-01,-9.933624135999225002e-01
-9.929354144638876667e-01,-9.929904693309093977e-01,-9.929930496630032799e-01,-9.929932346870903315e-01,-9.929930496620457125e-01,-9.929904693300273255e-01,-9.929354144646685976e-01
-9.924958822838086947e-01,-9.925579732827449764e-01,-9.925608564144510204e-01,-9.925610626423562177e-01,-9.925608564134636991e-01,-9.925579732818357037e-01,-9.924958822845989515e-01
-9.920439079001058813e-01,-9.921136717661466209e-01,-9.921168800453793457e-01,-9.921171089620125505e-01,-9.921168800443770364e-01,-9.921136717652233594e-01,-9.920439079008945837e-01
-9.915795842166721386e-01,-9.916576919709744198e-01,-9.916612481906493803e-01,-9.916615013016095714e-01,-9.916612481896456277e-01,-9.916576919700496040e-01,-9.915795842174500718e-01
-9.911030061414239922e-01,-9.911901635724992277e-01,-9.911940908871750278e-01,-9.911943697132618025e-01,-9.911940908861817112e-01,-9.911901635715826275e-01,-9.911030061421842730e-01
-9.906142705269717075e-01,-9.907112186324348313e-01,-9.907155404690068945e-01,-9.907158465405732084e-01,-9.907155404680343391e-01,-9.907112186315353286e-01,-9.906142705277098948e-01
-9.901134761106406001e-01,-9.902209914992192719e-01,-9.902257314618005957e-01,-9.902260663129813789e-01,-9.902257314608583494e-01,-9.902209914983450822e-01,-9.901134761113534744e-01
-9.896007234539950792e-01,-9.897196187077587082e-01,-9.897248004769080287e-01,-9.897251656397669795e-01,-9.897248004760048623e-01,-9.897196187069168261e-01,-9.896007234546808640e-01
-9.890761148818654203e-01,-9.892072388786976589e-01,-9.892128861051665556e-01,-9.892132831037978580e-01,-9.892128861043104626e-01,-9.892072388778948566e-01,-9.890761148825240046e-01
-9.885397544210243748e-01,-9.886839926174223470e-01,-9.886901288106048069e-01,-9.886905591552325179e-01,-9.886901288098034479e-01,-9.886839926166648418e-01,-9.885397544216558696e-01
-9.879917477384824176e-01,-9.881500224128301202e-01,-9.881566708241172892e-01,-9.881571360052348041e-01,-9.881566708233797680e-01,-9.881500224121251286e-01,-9.879917477390884883e-01
-9.874322020796109101e-01,-9.876054725361282927e-01,-9.876126560373774677e-01,-9.876131575199675883e-01,-9.876126560367126661e-01,-9.876054725354826980e-01,-9.874322020801934441e-01
-9.868612262060096896e-01,-9.870504889396393144e-01,-9.870582298969913237e-01,-9.870587691148735576e-01,-9.870582298964090118e-01,-9.870504889390617764e-01,-9.868612262065715734e-01
-9.862789303333102664e-01,-9.864852191558577399e-01,-9.864935392991267538e-01,-9.864941176494723685e-01,-9.864935392986380336e-01,-9.864852191553579175e-01,-9.862789303338542757e-01
-9.856854260689137393e-01,-9.859098121968113970e-01,-9.859187324847037415e-01,-9.859193513227665351e-01,-9.859187324843211586e-01,-9.859098121963996153e-01,-9.856854260694440928e-01
-9.850808263497400352e-01,-9.853244184538547668e-01,-9.853339589352744232e-01,-9.853346195693738485e-01,-9.853339589350116334e-01,-9.853244184535430161e-01,-9.850808263502610629e-01
-9.844652453800690761e-01,-9.847291895980269105e-01,-9.847393692697238299e-01,-9.847400729565333188e-01,-9.847393692695965983e-01,-9.847291895978290688e-01,-9.844652453805853298e-01
-9.838387985695361548e-01,-9.841242784810808608e-01,-9.841351151419256427e-01,-9.841358630821025466e-01,-9.841351151419512888e-01,-9.841242784810131372e-01,-9.838387985700537408e-01
-9.832016024712751934e-01,-9.835098390372282173e-01,-9.835213491393828278e-01,-9.835221424735847151e-01,-9.835213491395804475e-01,-9.835098390373077093e-01,-9.832016024718007730e-01
-9.825537747204108330e-01,-9.828860261858336500e-01,-9.828982246831162728e-01,-9.828990644884453287e-01,-9.828982246835076264e-01,-9.828860261860811187e-01,-9.825537747209517336e-01
-9.818954339727967717e-01,-9.822529957350139007e-01,-9.822658959287374758e-01,-9.822667832156521950e-01,-9.822658959293458780e-01,-9.822529957354518837e-01,-9.818954339733615422e-01
-9.812266998441443455e-01,-9.816109042863083722e-01,-9.816245176688910279e-01,-9.816254533786299419e-01,-9.816245176697423469e-01,-9.816109042869622936e-01,-9.812266998447429778e-01
-9.805476928496145161e-01,-9.809599091405388771e-01,-9.809742452371847943e-01,-9.809752302397356516e-01,-9.809742452383073408e-01,-9.809599091414368255e-01,-9.805476928502583345e-01
-9.798585343438287465e-01,-9.803001682048492205e-01,-9.803152344136056850e-01,-9.803162695062547227e-01,-9.803152344150304343e-01,-9.803001682060237254e-01,-9.798585343445305185e-01
-9.791593464614577469e-01,-9.796318399011126887e-01,-9.796476413315877707e-01,-9.796487272380959288e-01,-9.796476413333479183e-01,-9.796318399025980561e-01,-9.791593464622313503e-01
-9.784502520583482355e-01,-9.789550830756973410e-01,-9.789716223867609424e-01,-9.789727597571873385e-01,-9.789716223888931257e-01,-9.789550830775329837e-01,-9.784502520592099906e-01
-9.777313746532879657e-01,-9.782700569107203314e-01,-9.782873341474741524e-01,-9.782885235586887829e-01,-9.782873341500167852e-01,-9.782700569129485491e-01,-9.777313746542566353e-01
-9.770028383704378871e-01,-9.775769208368393359e-01,-9.775949332671620695e-01,-9.775961752240712732e-01,-9.775949332701563410e-01,-9.775769208395076459e-01,-9.770028383715338993e-01
-9.762647678824246666e-01,-9.768758344476050626e-01,-9.768945763985705799e-01,-9.768958713360879065e-01,-9.768945764020605660e-01,-9.768758344507644242e-01,-9.762647678836714471e-01
-9.755172883542462259e-01,-9.761669574155399376e-01,-9.761864201100034499e-01,-9.761877683957909113e-01,-9.761864201140358910e-01,-9.761669574192461951e-01,-9.755172883556696428e-01
-9.747605253878761644e-01,-9.754504494098524825e-01,-9.754706208034981119e-01,-9.754720227414976907e-01,-9.754706208081228569e-01,-9.754504494141672533e-01,-9.747605253895060828e-01
-9.739946049677548068e-01,-9.747264700159905537e-01,-9.747473346351216428e-01,-9.747487904699045913e-01,-9.747473346403898731e-01,-9.747264700209800070e-01,-9.739946049696236452e-01
-9.732196534070656213e-01,-9.739951786569424064e-01,-9.740167174373063341e-01,-9.740182273592548068e-01,-9.740167174432720065e-01,-9.739951786626777075e-01,-9.732196534092100171e-01
-9.724357972949217999e-01,-9.732567345164298001e-01,-9.732789246433475316e-01,-9.732804887946890915e-01,-9.732789246500669345e-01,-9.732567345229877764e-01,-9.724357972973822761e-01
-9.716431634444439025e-01,-9.725112964639730517e-01,-9.725341112140489797e-01,-9.725357296957527486e-01,-9.725341112215791783e-01,-9.725112964714367481e-01,-9.716431634472657564e-01
-9.708418788417770839e-01,-9.717590229818956482e-01,-9.717824315665672952e-01,-9.717841044461211775e-01,-9.717824315749680197e-01,-9.717590229903536603e-01,-9.708418788450102754e-01
-9.700320705960471246e-01,-9.710000720942643104e-01,-9.710240395054547946e-01,-9.710257668255277697e-01,-9.710240395147859971e-01,-9.710000721038110072e-01,-9.700320705997471649e-01
-9.692138658903154402e-01,-9.702346012978338985e-01,-9.702590881559517433e-01,-9.702608699439480011e-01,-9.702590881662741529e-01,-9.702346013085697551e-01,-9.692138658945435026e-01
-9.683873919335082014e-01,-9.694627674949714002e-01,-9.694877298995070447e-01,-9.694895661780185137e-01,-9.694877299108816127e-01,-9.694627675070029982e-01,-9.683873919383313433e-01
-9.675527759133870642e-01,-9.686847269286273931e-01,-9.687101163115658942e-01,-9.687120071097269358e-01,-9.687101163240533497e-01,-9.686847269420668649e-01,-9.675527759188797816e-01
-9.667101449505179911e-01,-9.679006351193085722e-01,-9.679263981015969742e-01,-9.679283434673349173e-01,-9.679263981152563812e-01,-9.679006351342743786e-01,-9.667101449567611082e-01
-9.658596260533304223e-01,-9.671106468041463788e-01,-9.671367250554233630e-01,-9.671387250686060977e-01,-9.671367250703128970e-01,-9.671106468207630869e-01,-9.658596260604128680e-01
-9.650013460741838633e-01,-9.663149158779618109e-01,-9.663412459797546816e-01,-9.663433007662283192e-01,-9.663412459959286327e-01,-9.663149158963586505e-01,-9.650013460822026712e-01
-9.641354316665740054e-01,-9.655135953364639700e-01,-9.655401086490480456e-01,-9.655422183955614246e-01,-9.655401086665584831e-01,-9.655135953567761664e-01,-9.641354316756343135e-01
-9.632620092433302750e-01,-9.647068372214218090e-01,-9.647334597545382806e-01,-9.647356247245318928e-01,-9.647334597734325001e-01,-9.647068372437888062e-01,-9.632620092535477685e-01
-9.623812049360019882e-01,-9.638947925679903772e-01,-9.639214448555782910e-01,-9.639236654058414011e-01,-9.639214448758988141e-01,-9.638947925925576143e-01,-9.623812049475007901e-01
-9.614931445552419298e-01,-9.630776113540044925e-01,-9.631042083331317061e-01,-9.631064849312994669e-01,-9.631042083549145039e-01,-9.630776113809202954e-01,-9.614931445681570432e-01
-9.605979535523663237e-01,-9.622554424513919402e-01,-9.622818933455309365e-01,-9.622842265884095081e-01,-9.622818933688048748e-01,-9.622554424808090756e-01,-9.605979535668434099e-01
-9.596957569819607459e-01,-9.614284335795710845e-01,-9.614546417863587546e-01,-9.614570324190676587e-01,-9.614546418111447057e-01,-9.614284336116447616e-01,-9.596957569981563463e-01
-9.587866794656361158e-01,-9.605967312609199338e-01,-9.606225942445477672e-01,-9.606250431804376211e-01,-9.606225942708568333e-01,-9.605967312958073601e-01,-9.587866794837188733e-01
-9.578708451568420656e-01,-9.597604807782066372e-01,-9.597858899665516752e-01,-9.597883983078994152e-01,-9.597858899943844113e-01,-9.597604808160674628e-01,-9.578708451769927246e-01
-9.569483777068032992e-01,-9.589198261340431406e-01,-9.589446668206628166e-01,-9.589472358801014451e-01,-9.589446668500090087e-01,-9.589198261750372376e-01,-9.569483777292149274e-01
-9.560194002315711703e-01,-9.580749100123133744e-01,-9.580990612633961678e-01,-9.581016925860614819e-01,-9.580990612942319462e-01,-9.580749100566001708e-01,-9.560194002564497140e-01
-9.550840352801439614e-01,-9.572258737415364482e-01,-9.572492083079099379e-01,-9.572519036942696014e-01,-9.572492083401975549e-01,-9.572258737892742619e-01,-9.550840353077089118e-01
-9.541424048036917238e-01,-9.563728572601679634e-01,-9.563952414944365543e-01,-9.563980030237809737e-01,-9.563952415281241626e-01,-9.563728573115120035e-01,-9.541424048341754505e-01
-9.531946301258507059e-01,-9.555159990837848172e-01,-9.555372928626729712e-01,-9.555401229172288957e-01,-9.555372928976908486e-01,-9.555159991388867402e-01,-9.531946301594984572e-01
-9.522408319141313360e-01,-9.546554362741880295e-01,-9.546754929261510592e-01,-9.546783942157845981e-01,-9.546754929624134967e-01,-9.546554363331934967e-01,-9.522408319512024599e-01
-9.512811301523340646e-01,-9.537913044102839244e-01,-9.538099706484309825e-01,-9.538129462359173916e-01,-9.538099706858338411e-01,-9.537913044733314916e-01,-9.512811301931005659e-01
-9.503156441140898636e-01,-9.529237375608479166e-01,-9.529408534212254756e-01,-9.529439067480367509e-01,-9.529408534596450764e-01,-9.529237376280679239e-01,-9.503156441588360703e-01
-9.493444923374066979e-01,-9.520528682590310154e-01,-9.520682670442907058e-01,-9.520714019568755626e-01,-9.520682670835828310e-01,-9.520528683305430340e-01,-9.493444923864288176e-01
-9.483677926002646030e-01,-9.511788274786262543e-01,-9.511923357071077056e-01,-9.511955564836208632e-01,-9.511923357471077090e-01,-9.511788275545373095e-01,-9.483677926538698344e-01
-9.473856618972408272e-01,-9.503017446120539669e-01,-9.503131819722878681e-01,-9.503164933497317834e-01,-9.503131820128096763e-01,-9.503017446924555411e-01,-9.473856619557462500e-01
-9.463982164171647060e-01,-9.494217474500487031e-01,-9.494309267606908520e-01,-9.494343339624381484e-01,-9.494309268015269643e-01,-9.494217475350159585e-01,-9.463982164808961706e-01
-9.454055715217296596e-01,-9.485389621629438661e-01,-9.485456893381285504e-01,-9.485491981017769580e-01,-9.485456893790493726e-01,-9.485389622525342013e-01,-9.454055715910195667e-01
-9.444078417251327018e-01,-9.476535132836163555e-01,-9.476575873037220710e-01,-9.476612039092449091e-01,-9.476575873444764708e-01,-9.476535133778640763e-01,-9.444078418003195585e-01
-9.434051406746765123e-01,-9.467655236919810813e-01,-9.467667365797844958e-01,-9.467704678779460536e-01,-9.467667366201014678e-01,-9.467655237908989552e-01,-9.434051407561002689e-01
-9.423975811323130891e-01,-9.458751146010169197e-01,-9.458732514032073269e-01,-9.458771048441858564e-01,-9.458732514427943272e-01,-9.458751147045921792e-01,-9.423975812203156943e-01
-9.413852749571450795e-01,-9.449824055442966886e-01,-9.449772443183170889e-01,-9.449812279805113180e-01,-9.449772443568636993e-01,-9.449824056524901428e-01,-9.413852750520650403e-01
-9.403683330888543690e-01,-9.440875143649830603e-01,-9.440788261711475782e-01,-9.440829487901152284e-01,-9.440788262083265048e-01,-9.440875144777265415e-01,-9.403683331910261955e-01
-9.393468655320110772e-01,-9.431905572062053711e-01,-9.431781061050494852e-01,-9.431823771025457104e-01,-9.431781061405164479e-01,-9.431905573234022899e-01,-9.393468656417608420e-01
-9.383209813413210254e-01,-9.422916485028730582e-01,-9.422751915576803583e-01,-9.422796210707446996e-01,-9.422751915910800857e-01,-9.422916486243951839e-01,-9.383209814589653641e-01
-9.372907886077040951e-01,-9.413909009747739587e-01,-9.413701882592052650e-01,-9.413747871692697000e-01,-9.413701882901711615e-01,-9.413909011004604199e-01,-9.372907887335441002e-01
-9.362563944452588771e-01,-9.404884256210044313e-01,-9.404632002317775408e-01,-9.404679801937487760e-01,-9.404632002599370155e-01,-9.404884257506632705e-01,-9.362563945795799869e-01
-9.352179049790508847e-01,-9.395843317156469254e-01,-9.395543297901783886e-01,-9.395593032614544260e-01,-9.395543298151542988e-01,-9.395843318490553209e-01,-9.352179051221154449e-01
-9.341754253337318792e-01,-9.386787268046707933e-01,-9.386436775436008961e-01,-9.386488578129797977e-01,-9.386436775650154329e-01,-9.386787269415718393e-01,-9.341754254857805861e-01
-9.331290596229564471e-01,-9.377717167040122703e-01,-9.377313423985395024e-01,-9.377367436149929292e-01,-9.377313424160190758e-01,-9.377717168441186413e-01,-9.331290597842021306e-01
-9.320789109395922756e-01,-9.368634054987977633e-01,-9.368174215627206314e-01,-9.368230587639808649e-01,-9.368174215758975354e-01,-9.368634056417937117e-01,-9.320789111102166791e-01
-9.310250813466713904e-01,-9.359538955436519370e-01,-9.359020105500288622e-01,-9.359078996909577786e-01,-9.359020105585489357e-01,-9.359538956891902961e-01,-9.310250815268253932e-01
-9.299676718691441968e-01,-9.350432874641098069e-01,-9.349852031864400725e-01,-9.349913611671475389e-01,-9.349852031899621441e-01,-9.350432876118186520e-01,-9.299676720589410417e-01
-9.289067824862883294e-01,-9.341316801589927277e-01,-9.340670916168172244e-01,-9.340735363104809563e-01,-9.340670916150222158e-01,-9.341316803084750431e-01,-9.289067826858056209e-01
-9.278425121248982110e-01,-9.332191708038281019e-01,-9.331477663126410693e-01,-9.331545165930029695e-01,-9.331477663052332172e-01,-9.332191709546635572e-01,-9.278425123341752512e-01
-9.267749586531222050e-01,-9.323058548551697022e-01,-9.322273160805332193e-01,-9.322343918490408887e-01,-9.322273160672404080e-01,-9.323058550069216466e-01,-9.267749588721542198e-01
-9.257042188749918799e-01,-9.313918260558625706e-01,-9.313058280716205450e-01,-9.313132502841610094e-01,-9.313058280522035215e-01,-9.313918262080769228e-01,-9.257042191037344603e-01
-9.246303885256118571e-01,-9.304771764411661206e-01,-9.303833877916343198e-01,-9.303911784848510891e-01,-9.303833877658869156e-01,-9.304771765933771421e-01,-9.246303887639780728e-01
-9.235535622669539535e-01,-9.295619963456940305e-01,-9.294600791117131333e-01,-9.294682614288597433e-01,-9.294600790794659284e-01,-9.295619964974252136e-01,-9.235535625148155736e-01
-9.224738336843243403e-01,-9.286463744111981278e-01,-9.285359842799344454e-01,-9.285445824962418326e-01,-9.285359842410542131e-01,-9.286463745619714105e-01,-9.224738339415088362e-01
-9.213912952833841485e-01,-9.277303975950863535e-01,-9.276111839334583165e-01,-9.276202234809792779e-01,-9.276111838878534632e-01,-9.277303977444197880e-01,-9.213912955496811330e-01
-9.203060384877606026e-01,-9.268141511796597065e-01,-9.266857571112677716e-01,-9.266952646031777485e-01,-9.266857570588878934e-01,-9.268141513270741205e-01,-9.203060387629194983e-01
-9.192181539502555232e-01,-9.258977187584881419e-01,-9.257597812929421188e-01,-9.257697844857836200e-01,-9.257597812888279654e-01,-9.258977187529701114e-01,-9.192181539549417746e-01
-8.332869020453379516e-01,-8.627878624434116572e-01,-8.603251625011554271e-01,-8.605569921055289395e-01,-8.603251625457439822e-01,-8.627878624113727302e-01,-8.332869020448008257e-01
-7.169394146549823432e-01,-8.001892163412358538e-01,-7.864813834141749505e-01,-7.890960141662474170e-01,-7.864813856073312737e-01,-8.001892153654176498e-01,-7.169394138487907853e-01
-5.825939190011937274e-01,-7.549749037630818504e-01,-7.116534320952202508e-01,-7.252855109089709762e-01,-7.116534320984073680e-01,-7.549749036617710019e-01,-5.825939189080310276e-01
-4.434459557257710571e-01,-7.328682701875273153e-01,-6.354451248112573669e-01,-6.787142574220783597e-01,-6.354451249119540401e-01,-7.328682700563817765e-01,-4.434459555449453694e-01
-3.087097674238016287e-01,-7.311339246199795028e-01,-5.544932633030947855e-01,-6.540209235969701718e-01,-5.544932634553448869e-01,-7.311339246058169428e-01,-3.087097673321049229e-01
-1.831809902821899538e-01,-7.440899919545161945e-01,-4.667025988962409944e-01,-6.509796305147452777e-01,-4.667025992781063670e-01,-7.440899922583795734e-01,-1.831809905204333511e-01
-6.893410673383987275e-02,-7.659967435935449709e-01,-3.727458802259343562e-01,-6.655855733100319860e-01,-3.727458823340467631e-01,-7.659967451658475923e-01,-6.893410827103885197e-02
3.311459851282927414e-02,-7.919963483979006735e-01,-2.757902373569470766e-01,-6.918768979296994193e-01,-2.757902413632162819e-01,-7.919963503350374578e-01,3.311459686606521569e-02
1.226066806355609329e-01,-8.184382142386823489e-01,-1.802064373799160402e-01,-7.238043750639187035e-01,-1.802064412708582475e-01,-8.184382153550657790e-01,1.226066803960598195e-01
1.997471538965090165e-01,-8.429890837735505293e-01,-9.003809356437300626e-02,-7.565778628144197437e-01,-9.003809618915008250e-02,-8.429890843757338326e-01,1.997471541274552509e-01
2.653434447400728757e-01,-8.645002839439106523e-01,-8.002207321543979707e-03,-7.871811878442162014e-01,-8.002208665689812539e-03,-8.645002843530700254e-01,2.653434447067331003e-01
3.276141661693114937e-01,-8.849534668131526782e-01,7.407067768574104871e-02,-8.176200904161284866e-01,7.407067760141641810e-02,-8.849534671312520029e-01,3.276141656128625512e-01
3.999220331498207215e-01,-9.081095688696165791e-01,1.739012704756817962e-01,-8.534139608480778572e-01,1.739012718814212932e-01,-9.081095691000422576e-01,3.999220319102067545e-01
4.810432531144280266e-01,-9.324091564723703263e-01,2.905758274451976098e-01,-8.922495843043160013e-01,2.905758296897044124e-01,-9.324091565951516669e-01,4.810432516022312144e-01
5.683744551697367253e-01,-9.553269168446379966e-01,4.196826519537306677e-01,-9.297955268109560079e-01,4.196826534336436376e-01,-9.553269168761473473e-01,5.683744543040156749e-01
6.576867674264800234e-01,-9.739351304379109120e-01,5.522932366400506998e-01,-9.605825749283428694e-01,5.522932412994085993e-01,-9.739351305959056404e-01,6.576867701710548131e-01
7.445573370333605778e-01,-9.864893346658839546e-01,6.779880334519546858e-01,-9.810582421233895456e-01,6.779880345818731779e-01,-9.864893347358599796e-01,7.445573372285584357e-01
8.253448022517860805e-01,-9.933628032586484524e-01,7.888699934385069445e-01,-9.917479234019175305e-01,7.888699927271679568e-01,-9.933628034062089718e-01,8.253448061286488002e-01
8.963316410415063107e-01,-9.963101111054563086e-01,8.800555864677483964e-01,-9.959820869909750130e-01,8.800555851528971685e-01,-9.963101113361534367e-01,8.963316411578308163e-01
9.283939667425598063e-01,-9.969145576162341538e-01,9.190967879346023661e-01,-9.967958791364667226e-01,9.190967879517576433e-01,-9.969145576167049994e-01,9.283939667641620819e-01
9.283939667425598063e-01,-9.969145576162341538e-01,9.190967879346023661e-01,-9.967958791364667226e-01,9.190967879517576433e-01,-9.969145576167049994e-01,9.283939667641620819e-01
9.283939667425598063e-01,-9.969145576162341538e-01,9.190967879346023661e-01,-9.967958791364667226e-01,9.190967879517576433e-01,-9.969145576167049994e-01,9.283939667641620819e-01
9.283939667425598063e-01,-9.969145576162341538e-01,9.190967879346023661e-01,-9.967958791364667226e-01,9.190967879517576433e-01,-9.969145576167049994e-01,9.283939667641620819e-01
9.283939667425598063e-01,-9.969145576162341538e-01,9.190967879346023661e-01,-9.967958791364667226e-01,9.190967879517576433e-01,-9.969145576167049994e-01,9.283939667641620819e-01
9.283939667425598063e-01,-9.969145576162341538e-01,9.190967879346023661e-01,-9.967958791364667226e-01,9.190967879517576433e-01,-9.969145576167049994e-01,9.283939667641620819e-01
9.283939667425598063e-01,-9.969145576162341538e-01,9.190967879346023661e-01,-9.967958791364667226e-01,9.190967879517576433e-01,-9.969145576167049994e-01,9.283939667641620819e-01
9.283939667425598063e-01,-9.969145576162341538e-01,9.190967879346023661e-01,-9.967958791364667226e-01,9.190967879517576433e-01,-9.969145576167049994e-01,9.283939667641620819e-01
9.283939667425598063e-01,-9.969145576162341538e-01,9.190967879346023661e-01,-9.967958791364667226e-01,9.190967879517576433e-01,-9.969145576167049994e-01,9.283939667641620819e-01
9.283939667425598063e-01,-9.969145576162341538e-01,9.190967879346023661e-01,-9.967958791364667226e-01,9.190967879517576433e-01,-9.969145576167049994e-01,9.283939667641620819e-01
9.283939667425598063e-01,-9.969145576162341538e-01,9.190967879346023661e-01,-9.967958791364667226e-01,9.190967879517576433e-01,-9.969145576167049994e-01,9.283939667641620819e-01
9.283939667425598063e-01,-9.969145576162341538e-01,9.190967879346023661e-01,-9.967958791364667226e-01,9.190967879517576433e-01,-9.969145576167049994e-01,9.283939667641620819e-01
9.283939667425598063e-01,-9.969145576162341538e-01,9.190967879346023661e-01,-9.967958791364667226e-01,9.190967879517576433e-01,-9.969145576167049994e-01,9.283939667641620819e-01
9.283939667425598063e-01,-9.969145576162341538e-01,9.190967879346023661e-01,-9.967958791364667226e-01,9.190967879517576433e-01,-9.969145576167049994e-01,9.283939667641620819e-01
9.283939667425598063e-01,-9.969145576162341538e-01,9.190967879346023661e-01,-9.967958791364667226e-01,9.190967879517576433e-01,-9.969145576167049994e-01,9.283939667641620819e-01
9.283939667425598063e-01,-9.969145576162341538e-01,9.190967879346023661e-01,-9.967958791364667226e-01,9.190967879517576433e-01,-9.969145576167049994e-01,9.283939667641620819e-01
9.283939667425598063e-01,-9.969145576162341538e-01,9.190967879346023661e-01,-9.967958791364667226e-01,9.190967879517576433e-01,-9.969145576167049994e-01,9.283939667641620819e-01
9.283939667425598063e-01,-9.969145576162341538e-01,9.190967879346023661e-01,-9.967958791364667226e-01,9.190967879517576433e-01,-9.969145576167049994e-01,9.283939667641620819e-01
9.283939667425598063e-01,-9.969145576162341538e-01,9.190967879346023661e-01,-9.967958791364667226e-01,9.190967879517576433e-01,-9.969145576167049994e-01,9.283939667641620819e-01
9.283939667425598063e-01,-9.969145576162341538e-01,9.190967879346023661e-01,-9.967958791364667226e-01,9.190967879517576433e-01,-9.969145576167049994e-01,9.283939667641620819e-01
9.283939667425598063e-01,-9.969145576162341538e-01,9.190967879346023661e-01,-9.967958791364667226e-01,9.190967879517576433e-01,-9.969145576167049994e-01,9.283939667641620819e-01
9.283939667425598063e-01,-9.969145576162341538e-01,9.190967879346023661e-01,-9.967958791364667226e-01,9.190967879517576433e-01,-9.969145576167049994e-01,9.283939667641620819e-01
9.283939667425598063e-01,-9.969145576162341538e-01,9.190967879346023661e-01,-9.967958791364667226e-01,9.190967879517576433e-01,-9.969145576167049994e-01,9.283939667641620819e-01
9.283939667425598063e-01,-9.969145576162341538e-01,9.190967879346023661e-01,-9.967958791364667226e-01,9.190967879517576433e-01,-9.969145576167049994e-01,9.283939667641620819e-01
9.283939667425598063e-01,-9.969145576162341538e-01,9.190967879346023661e-01,-9.967958791364667226e-01,9.190967879517576433e-01,-9.969145576167049994e-01,9.283939667641620819e-01
9.283939667425598063e-01,-9.969145576162341538e-01,9.190967879346023661e-01,-9.967958791364667226e-01,9.190967879517576433e-01,-9.969145576167049994e-01,9.283939667641620819e-01
9.283939667425598063e-01,-9.969145576162341538e-01,9.190967879346023661e-01,-9.967958791364667226e-01,9.190967879517576433e-01,-9.969145576167049994e-01,9.283939667641620819e-01
9.283939667425598063e-01,-9.969145576162341538e-01,9.190967879346023661e-01,-9.967958791364667226e-01,9.190967879517576433e-01,-9.969145576167049994e-01,9.283939667641620819e-01
9.283939667425598063e-01,-9.969145576162341538e-01,9.190967879346023661e-01,-9.967958791364667226e-01,9.190967879517576433e-01,-9.969145576167049994e-01,9.283939667641620819e-01
9.283939667425598063e-01,-9.969145576162341538e-01,9.190967879346023661e-01,-9.967958791364667226e-01,9.190967879517576433e-01,-9.969145576167049994e-01,9.283939667641620819e-01
9.283939667425598063e-01,-9.969145576162341538e-01,9.190967879346023661e-01,-9.967958791364667226e-01,9.190967879517576433e-01,-9.969145576167049994e-01,9.283939667641620819e-01
9.283939667425598063e-01,-9.969145576162341538e-01,9.190967879346023661e-01,-9.967958791364667226e-01,9.190967879517576433e-01,-9.969145576167049994e-01,9.283939667641620819e-01
9.283939667425598063e-01,-9.969145576162341538e-01,9.190967879346023661e-01,-9.967958791364667226e-01,9.190967879517576433e-01,-9.969145576167049994e-01,9.283939667641620819e-01
9.283939667425598063e-01,-9.969145576162341538e-01,9.190967879346023661e-01,-9.967958791364667226e-01,9.190967879517576433e-01,-9.969145576167049994e-01,9.283939667641620819e-01
9.283939667425598063e-01,-9.969145576162341538e-01,9.190967879346023661e-01,-9.967958791364667226e-01,9.190967879517576433e-01,-9.969145576167049994e-01,9.283939667641620819e-01
9.283939667425598063e-01,-9.969145576162341538e-01,9.190967879346023661e-01,-9.967958791364667226e-01,9.190967879517576433e-01,-9.969145576167049994e-01,9.283939667641620819e-01
9.283939667425598063e-01,-9.969145576162341538e-01,9.190967879346023661e-01,-9.967958791364667226e-01,9.190967879517576433e-01,-9.969145576167049994e-01,9.283939667641620819e-01
9.283939667425598063e-01,-9.969145576162341538e-01,9.190967879346023661e-01,-9.967958791364667226e-01,9.190967879517576433e-01,-9.969145576167049994e-01,9.283939667641620819e-01
9.283939667425598063e-01,-9.969145576162341538e-01,9.190967879346023661e-01,-9.967958791364667226e-01,9.190967879517576433e-01,-9.969145576167049994e-01,9.283939667641620819e-01
9.283939667425598063e-01,-9.969145576162341538e-01,9.190967879346023661e-01,-9.967958791364667226e-01,9.190967879517576433e-01,-9.969145576167049994e-01,9.283939667641620819e-01
9.283939667425598063e-01,-9.969145576162341538e-01,9.190967879346023661e-01,-9.967958791364667226e-01,9.190967879517576433e-01,-9.969145576167049994e-01,9.283939667641620819e-01
9.283939667425598063e-01,-9.969145576162341538e-01,9.190967879346023661e-01,-9.967958791364667226e-01,9.190967879517576433e-01,-9.969145576167049994e-01,9.283939667641620819e-01
9.283939667425598063e-01,-9.969145576162341538e-01,9.190967879346023661e-01,-9.967958791364667226e-01,9.190967879517576433e-01,-9.969145576167049994e-01,9.283939667641620819e-01
9.283939667425598063e-01,-9.969145576162341538e-01,9.190967879346023661e-01,-9.967958791364667226e-01,9.190967879517576433e-01,-9.969145576167049994e-01,9.283939667641620819e-01
9.283939667425598063e-01,-9.969145576162341538e-01,9.190967879346023661e-01,-9.967958791364667226e-01,9.190967879517576433e-01,-9.969145576167049994e-01,9.283939667641620819e-01
9.283939667425598063e-01,-9.969145576162341538e-01,9.190967879346023661e-01,-9.967958791364667226e-01,9.190967879517576433e-01,-9.969145576167049994e-01,9.283939667641620819e-01
9.283939667425598063e-01,-9.969145576162341538e-01,9.190967879346023661e-01,-9.967958791364667226e-01,9.190967879517576433e-01,-9.969145576167049994e-01,9.283939667641620819e-01
9.283939667425598063e-01,-9.969145576162341538e-01,9.190967879346023661e-01,-9.967958791364667226e-01,9.190967879517576433e-01,-9.969145576167049994e-01,9.283939667641620819e-01
9.283939667425598063e-01,-9.969145576162341538e-01,9.190967879346023661e-01,-9.967958791364667226e-01,9.190967879517576433e-01,-9.969145576167049994e-01,9.283939667641620819e-01
9.283939667425598063e-01,-9.969145576162341538e-01,9.190967879346023661e-01,-9.967958791364667226e-01,9.190967879517576433e-01,-9.969145576167049994e-01,9.283939667641620819e-01
9.283939667425598063e-01,-9.969145576162341538e-01,9.190967879346023661e-01,-9.967958791364667226e-01,9.190967879517576433e-01,-9.969145576167049994e-01,9.283939667641620819e-01
9.283939667425598063e-01,-9.969145576162341538e-01,9.190967879346023661e-01,-9.967958791364667226e-01,9.190967879517576433e-01,-9.969145576167049994e-01,9.283939667641620819e-01
9.283939667425598063e-01,-9.969145576162341538e-01,9.190967879346023661e-01,-9.967958791364667226e-01,9.190967879517576433e-01,-9.969145576167049994e-01,9.283939667641620819e-01
9.283939667425598063e-01,-9.969145576162341538e-01,9.190967879346023661e-01,-9.967958791364667226e-01,9.190967879517576433e-01,-9.969145576167049994e-01,9.283939667641620819e-01
9.283939667425598063e-01,-9.969145576162341538e-01,9.190967879346023661e-01,-9.967958791364667226e-01,9.190967879517576433e-01,-9.969145576167049994e-01,9.283939667641620819e-01
9.283939667425598063e-01,-9.969145576162341538e-01,9.190967879346023661e-01,-9.967958791364667226e-01,9.190967879517576433e-01,-9.969145576167049994e-01,9.283939667641620819e-01
9.283939667425598063e-01,-9.969145576162341538e-01,9.190967879346023661e-01,-9.967958791364667226e-01,9.190967879517576433e-01,-9.969145576167049994e-01,9.283939667641620819e-01
9.283939667425598063e-01,-9.969145576162341538e-01,9.190967879346023661e-01,-9.967958791364667226e-01,9.190967879517576433e-01,-9.969145576167049994e-01,9.283939667641620819e-01
9.283939667425598063e-01,-9.969145576162341538e-01,9.190967879346023661e-01,-9.967958791364667226e-01,9.190967879517576433e-01,-9.969145576167049994e-01,9.283939667641620819e-01
9.283939667425598063e-01,-9.969145576162341538e-01,9.190967879346023661e-01,-9.967958791364667226e-01,9.190967879517576433e-01,-9.969145576167049994e-01,9.283939667641620819e-01
9.283939667425598063e-01,-9.969145576162341538e-01,9.190967879346023661e-01,-9.967958791364667226e-01,9.190967879517576433e-01,-9.969145576167049994e-01,9.283939667641620819e-01
9.283939667425598063e-01,-9.969145576162341538e-01,9.190967879346023661e-01,-9.967958791364667226e-01,9.190967879517576433e-01,-9.969145576167049994e-01,9.283939667641620819e-01
9.283939667425598063e-01,-9.969145576162341538e-01,9.190967879346023661e-01,-9.967958791364667226e-01,9.190967879517576433e-01,-9.969145576167049994e-01,9.283939667641620819e-01
9.283939667425598063e-01,-9.969145576162341538e-01,9.190967879346023661e-01,-9.967958791364667226e-01,9.190967879517576433e-01,-9.969145576167049994e-01,9.283939667641620819e-01
9.283939667425598063e-01,-9.969145576162341538e-01,9.190967879346023661e-01,-9.967958791364667226e-01,9.190967879517576433e-01,-9.969145576167049994e-01,9.283939667641620819e-01
9.283939667425598063e-01,-9.969145576162341538e-01,9.190967879346023661e-01,-9.967958791364667226e-01,9.190967879517576433e-01,-9.969145576167049994e-01,9.283939667641620819e-01
9.283939667425598063e-01,-9.969145576162341538e-01,9.190967879346023661e-01,-9.967958791364667226e-01,9.190967879517576433e-01,-9.969145576167049994e-01,9.283939667641620819e-01
9.283939667425598063e-01,-9.969145576162341538e-01,9.190967879346023661e-01,-9.967958791364667226e-01,9.190967879517576433e-01,-9.969145576167049994e-01,9.283939667641620819e-01
9.283939667425598063e-01,-9.969145576162341538e-01,9.190967879346023661e-01,-9.967958791364667226e-01,9.190967879517576433e-01,-9.969145576167049994e-01,9.283939667641620819e-01
9.283939667425598063e-01,-9.969145576162341538e-01,9.190967879346023661e-01,-9.967958791364667226e-01,9.190967879517576433e-01,-9.969145576167049994e-01,9.283939667641620819e-01
9.283939667425598063e-01,-9.969145576162341538e-01,9.190967879346023661e-01,-9.967958791364667226e-01,9.190967879517576433e-01,-9.969145576167049994e-01,9.283939667641620819e-01
9.283939667425598063e-01,-9.969145576162341538e-01,9.190967879346023661e-01,-9.967958791364667226e-01,9.190967879517576433e-01,-9.969145576167049994e-01,9.283939667641620819e-01
9.283939667425598063e-01,-9.969145576162341538e-01,9.190967879346023661e-01,-9.967958791364667226e-01,9.190967879517576433e-01,-9.969145576167049994e-01,9.283939667641620819e-01
9.283939667425598063e-01,-9.969145576162341538e-01,9.190967879346023661e-01,-9.967958791364667226e-01,9.190967879517576433e-01,-9.969145576167049994e-01,9.283939667641620819e-01
9.283939667425598063e-01,-9.969145576162341538e-01,9.190967879346023661e-01,-9.967958791364667226e-01,9.190967879517576433e-01,-9.969145576167049994e-01,9.283939667641620819e-01
9.283939667425598063e-01,-9.969145576162341538e-01,9.190967879346023661e-01,-9.967958791364667226e-01,9.190967879517576433e-01,-9.969145576167049994e-01,9.283939667641620819e-01
9.283939667425598063e-01,-9.969145576162341538e-01,9.190967879346023661e-01,-9.967958791364667226e-01,9.190967879517576433e-01,-9.969145576167049994e-01,9.283939667641620819e-01
9.283939667425598063e-01,-9.969145576162341538e-01,9.190967879346023661e-01,-9.967958791364667226e-01,9.190967879517576433e-01,-9.969145576167049994e-01,9.283939667641620819e-01
9.283939667425598063e-01,-9.969145576162341538e-01,9.190967879346023661e-01,-9.967958791364667226e-01,9.190967879517576433e-01,-9.969145576167049994e-01,9.283939667641620819e-01
9.283939667425598063e-01,-9.969145576162341538e-01,9.190967879346023661e-01,-9.967958791364667226e-01,9.190967879517576433e-01,-9.969145576167049994e-01,9.283939667641620819e-01
9.283939667425598063e-01,-9.969145576162341538e-01,9.190967879346023661e-01,-9.967958791364667226e-01,9.190967879517576433e-01,-9.969145576167049994e-01,9.283939667641620819e-01
9.283939667425598063e-01,-9.969145576162341538e-01,9.190967879346023661e-01,-9.967958791364667226e-01,9.190967879517576433e-01,-9.969145576167049994e-01,9.283939667641620819e-01
9.283939667425598063e-01,-9.969145576162341538e-01,9.190967879346023661e-01,-9.967958791364667226e-01,9.190967879517576433e-01,-9.969145576167049994e-01,9.283939667641620819e-01
9.283939667425598063e-01,-9.969145576162341538e-01,9.190967879346023661e-01,-9.967958791364667226e-01,9.190967879517576433e-01,-9.969145576167049994e-01,9.283939667641620819e-01
9.283939667425598063e-01,-9.969145576162341538e-01,9.190967879346023661e-01,-9.967958791364667226e-01,9.190967879517576433e-01,-9.969145576167049994e-01,9.283939667641620819e-01
9.283939667425598063e-01,-9.969145576162341538e-01,9.190967879346023661e-01,-9.967958791364667226e-01,9.190967879517576433e-01,-9.969145576167049994e-01,9.283939667641620819e-01
9.283939667425598063e-01,-9.969145576162341538e-01,9.190967879346023661e-01,-9.967958791364667226e-01,9.190967879517576433e-01,-9.969145576167049994e-01,9.283939667641620819e-01
9.283939667425598063e-01,-9.969145576162341538e-01,9.190967879346023661e-01,-9.967958791364667226e-01,9.190967879517576433e-01,-9.969145576167049994e-01,9.283939667641620819e-01
9.283939667425598063e-01,-9.969145576162341538e-01,9.190967879346023661e-01,-9.967958791364667226e-01,9.190967879517576433e-01,-9.969145576167049994e-01,9.283939667641620819e-01
9.283939667425598063e-01,-9.969145576162341538e-01,9.190967879346023661e-01,-9.967958791364667226e-01,9.190967879517576433e-01,-9.969145576167049994e-01,9.283939667641620819e-01
9.283939667425598063e-01,-9.969145576162341538e-01,9.190967879346023661e-01,-9.967958791364667226e-01,9.190967879517576433e-01,-9.969145576167049994e-01,9.283939667641620819e-01
9.283939667425598063e-01,-9.969145576162341538e-01,9.190967879346023661e-01,-9.967958791364667226e-01,9.190967879517576433e-01,-9.969145576167049994e-01,9.283939667641620819e-01
9.283939667425598063e-01,-9.969145576162341538e-01,9.190967879346023661e-01,-9.967958791364667226e-01,9.190967879517576433e-01,-9.969145576167049994e-01,9.283939667641620819e-01
9.283939667425598063e-01,-9.969145576162341538e-01,9.190967879346023661e-01,-9.967958791364667226e-01,9.190967879517576433e-01,-9.969145576167049994e-01,9.283939667641620819e-01
9.283939667425598063e-01,-9.969145576162341538e-01,9.190967879346023661e-01,-9.967958791364667226e-01,9.190967879517576433e-01,-9.969145576167049994e-01,9.283939667641620819e-01
9.283939667425598063e-01,-9.969145576162341538e-01,9.190967879346023661e-01,-9.967958791364667226e-01,9.190967879517576433e-01,-9.969145576167049994e-01,9.283939667641620819e-01
9.283939667425598063e-01,-9.969145576162341538e-01,9.190967879346023661e-01,-9.967958791364667226e-01,9.190967879517576433e-01,-9.969145576167049994e-01,9.283939667641620819e-01
9.283939667425598063e-01,-9.969145576162341538e-01,9.190967879346023661e-01,-9.967958791364667226e-01,9.190967879517576433e-01,-9.969145576167049994e-01,9.283939667641620819e-01
9.283939667425598063e-01,-9.969145576162341538e-01,9.190967879346023661e-01,-9.967958791364667226e-01,9.190967879517576433e-01,-9.969145576167049994e-01,9.283939667641620819e-01
9.283939667425598063e-01,-9.969145576162341538e-01,9.190967879346023661e-01,-9.967958791364667226e-01,9.190967879517576433e-01,-9.969145576167049994e-01,9.283939667641620819e-01
9.283939667425598063e-01,-9.969145576162341538e-01,9.190967879346023661e-01,-9.967958791364667226e-01,9.190967879517576433e-01,-9.969145576167049994e-01,9.283939667641620819e-01
9.283939667425598063e-01,-9.969145576162341538e-01,9.190967879346023661e-01,-9.967958791364667226e-01,9.190967879517576433e-01,-9.969145576167049994e-01,9.283939667641620819e-01
9.283939667425598063e-01,-9.969145576162341538e-01,9.190967879346023661e-01,-9.967958791364667226e-01,9.190967879517576433e-01,-9.969145576167049994e-01,9.283939667641620819e-01
9.283939667425598063e-01,-9.969145576162341538e-01,9.190967879346023661e-01,-9.967958791364667226e-01,9.190967879517576433e-01,-9.969145576167049994e-01,9.283939667641620819e-01
9.283939667425598063e-01,-9.969145576162341538e-01,9.190967879346023661e-01,-9.967958791364667226e-01,9.190967879517576433e-01,-9.969145576167049994e-01,9.283939667641620819e-01
9.283939667425598063e-01,-9.969145576162341538e-01,9.190967879346023661e-01,-9.967958791364667226e-01,9.190967879517576433e-01,-9.969145576167049994e-01,9.283939667641620819e-01
9.283939667425598063e-01,-9.969145576162341538e-01,9.190967879346023661e-01,-9.967958791364667226e-01,9.190967879517576433e-01,-9.969145576167049994e-01,9.283939667641620819e-01
9.283939667425598063e-01,-9.969145576162341538e-01,9.190967879346023661e-01,-9.967958791364667226e-01,9.190967879517576433e-01,-9.969145576167049994e-01,9.283939667641620819e-01
9.283939667425598063e-01,-9.969145576162341538e-01,9.190967879346023661e-01,-9.967958791364667226e-01,9.190967879517576433e-01,-9.969145576167049994e-01,9.283939667641620819e-01
9.283939667425598063e-01,-9.969145576162341538e-01,9.190967879346023661e-01,-9.967958791364667226e-01,9.190967879517576433e-01,-9.969145576167049994e-01,9.283939667641620819e-01
9.283939667425598063e-01,-9.969145576162341538e-01,9.190967879346023661e-01,-9.967958791364667226e-01,9.190967879517576433e-01,-9.969145576167049994e-01,9.283939667641620819e-01
9.283939667425598063e-01,-9.969145576162341538e-01,9.190967879346023661e-01,-9.967958791364667226e-01,9.190967879517576433e-01,-9.969145576167049994e-01,9.283939667641620819e-01
9.283939667425598063e-01,-9.969145576162341538e-01,9.190967879346023661e-01,-9.967958791364667226e-01,9.190967879517576433e-01,-9.969145576167049994e-01,9.283939667641620819e-01
9.283939667425598063e-01,-9.969145576162341538e-01,9.190967879346023661e-01,-9.967958791364667226e-01,9.190967879517576433e-01,-9.969145576167049994e-01,9.283939667641620819e-01
9.283939667425598063e-01,-9.969145576162341538e-01,9.190967879346023661e-01,-9.967958791364667226e-01,9.190967879517576433e-01,-9.969145576167049994e-01,9.283939667641620819e-01
9.283939667425598063e-01,-9.969145576162341538e-01,9.190967879346023661e-01,-9.967958791364667226e-01,9.190967879517576433e-01,-9.969145576167049994e-01,9.283939667641620819e-01
9.283939667425598063e-01,-9.969145576162341538e-01,9.190967879346023661e-01,-9.967958791364667226e-01,9.190967879517576433e-01,-9.969145576167049994e-01,9.283939667641620819e-01
9.283939667425598063e-01,-9.969145576162341538e-01,9.190967879346023661e-01,-9.967958791364667226e-01,9.190967879517576433e-01,-9.969145576167049994e-01,9.283939667641620819e-01
9.283939667425598063e-01,-9.969145576162341538e-01,9.190967879346023661e-01,-9.967958791364667226e-01,9.190967879517576433e-01,-9.969145576167049994e-01,9.283939667641620819e-01
9.283939667425598063e-01,-9.969145576162341538e-01,9.190967879346023661e-01,-9.967958791364667226e-01,9.190967879517576433e-01,-9.969145576167049994e-01,9.283939667641620819e-01
9.283939667425598063e-01,-9.969145576162341538e-01,9.190967879346023661e-01,-9.967958791364667226e-01,9.190967879517576433e-01,-9.969145576167049994e-01,9.283939667641620819e-01
9.283939667425598063e-01,-9.969145576162341538e-01,9.190967879346023661e-01,-9.967958791364667226e-01,9.190967879517576433e-01,-9.969145576167049994e-01,9.283939667641620819e-01
9.283939667425598063e-01,-9.969145576162341538e-01,9.190967879346023661e-01,-9.967958791364667226e-01,9.190967879517576433e-01,-9.969145576167049994e-01,9.283939667641620819e-01
9.283939667425598063e-01,-9.969145576162341538e-01,9.190967879346023661e-01,-9.967958791364667226e-01,9.190967879517576433e-01,-9.969145576167049994e-01,9.283939667641620819e-01
9.283939667425598063e-01,-9.969145576162341538e-01,9.190967879346023661e-01,-9.967958791364667226e-01,9.190967879517576433e-01,-9.969145576167049994e-01,9.283939667641620819e-01
9.283939667425598063e-01,-9.969145576162341538e-01,9.190967879346023661e-01,-9.967958791364667226e-01,9.190967879517576433e-01,-9.969145576167049994e-01,9.283939667641620819e-01
9.283939667425598063e-01,-9.969145576162341538e-01,9.190967879346023661e-01,-9.967958791364667226e-01,9.190967879517576433e-01,-9.969145576167049994e-01,9.283939667641620819e-01
9.283939667425598063e-01,-9.969145576162341538e-01,9.190967879346023661e-01,-9.967958791364667226e-01,9.190967879517576433e-01,-9.969145576167049994e-01,9.283939667641620819e-01
9.283939667425598063e-01,-9.969145576162341538e-01,9.190967879346023661e-01,-9.967958791364667226e-01,9.190967879517576433e-01,-9.969145576167049994e-01,9.283939667641620819e-01
9.283939667425598063e-01,-9.969145576162341538e-01,9.190967879346023661e-01,-9.967958791364667226e-01,9.190967879517576433e-01,-9.969145576167049994e-01,9.283939667641620819e-01
9.283939667425598063e-01,-9.969145576162341538e-01,9.190967879346023661e-01,-9.967958791364667226e-01,9.190967879517576433e-01,-9.969145576167049994e-01,9.283939667641620819e-01
9.283939667425598063e-01,-9.969145576162341538e-01,9.190967879346023661e-01,-9.967958791364667226e-01,9.190967879517576433e-01,-9.969145576167049994e-01,9.283939667641620819e-01
9.283939667425598063e-01,-9.969145576162341538e-01,9.190967879346023661e-01,-9.967958791364667226e-01,9.190967879517576433e-01,-9.969145576167049994e-01,9.283939667641620819e-01
9.283939667425598063e-01,-9.969145576162341538e-01,9.190967879346023661e-01,-9.967958791364667226e-01,9.190967879517576433e-01,-9.969145576167049994e-01,9.283939667641620819e-01
9.283939667425598063e-01,-9.969145576162341538e-01,9.190967879346023661e-01,-9.967958791364667226e-01,9.190967879517576433e-01,-9.969145576167049994e-01,9.283939667641620819e-01
9.283939667425598063e-01,-9.969145576162341538e-01,9.190967879346023661e-01,-9.967958791364667226e-01,9.190967879517576433e-01,-9.969145576167049994e-01,9.283939667641620819e-01
9.283939667425598063e-01,-9.969145576162341538e-01,9.190967879346023661e-01,-9.967958791364667226e-01,9.190967879517576433e-01,-9.969145576167049994e-01,9.283939667641620819e-01
