-1.000000000000000000e+00,-1.000000000000000000e+00,-1.000000000000000000e+00,-1.000000000000000000e+00,-1.000000000000000000e+00,-1.000000000000000000e+00,-1.000000000000000000e+00,-1.000000000000000000e+00,-1.000000000000000000e+00,-1.000000000000000000e+00,-1.000000000000000000e+00,-1.000000000000000000e+00,-1.000000000000000000e+00,-1.000000000000000000e+00,-1.000000000000000000e+00,-1.000000000000000000e+00,-1.000000000000000000e+00,-1.000000000000000000e+00,-1.000000000000000000e+00,-1.000000000000000000e+00
-9.960999851855603104e-01,-9.961233217650465877e-01,-9.957952595687281638e-01,-9.957115503246907195e-01,-9.961875033537086477e-01,-9.959027549568411075e-01,-9.962191141755033508e-01,-9.957627897182612653e-01,-9.961872012032120249e-01,-9.959474395673941771e-01,-9.962130138702903759e-01,-9.958140693652547393e-01,-9.962939834920232496e-01,-9.958200480267817012e-01,-9.956284688193886012e-01,-9.959584001625955141e-01,-9.962878183123141662e-01,-9.963152182136452151e-01,-9.961763812615457292e-01,-9.957164720762379240e-01
-9.948630530531935579e-01,-9.948957968161321608e-01,-9.944452832007097953e-01,-9.943347976989289627e-01,-9.949756589506829618e-01,-9.946108309322783114e-01,-9.950210814283452221e-01,-9.944197860931303090e-01,-9.949789936876310970e-01,-9.946720434406502998e-01,-9.950159136338097010e-01,-9.944933310613531807e-01,-9.951214616507699784e-01,-9.944815473059833710e-01,-9.942140626267486070e-01,-9.946719933862828711e-01,-9.951324481752024109e-01,-9.951752549713724916e-01,-9.949742772941269076e-01,-9.943527488306265205e-01
-9.957323964468703936e-01,-9.957539156265489133e-01,-9.954247181899564811e-01,-9.953334988179964871e-01,-9.958316689078632322e-01,-9.955055626124915680e-01,-9.958612622428402172e-01,-9.953637203549849932e-01,-9.958266946439775502e-01,-9.955510700066547702e-01,-9.958506144938700233e-01,-9.954105261396906101e-01,-9.959393346949640957e-01,-9.954455834324670294e-01,-9.952603473410047696e-01,-9.955850436836506390e-01,-9.959042678735324783e-01,-9.959239357297734463e-01,-9.958008063731977888e-01,-9.953231728856174465e-01
-9.875455168924373028e-01,-9.876209551809447262e-01,-9.865976409823581372e-01,-9.863324536707970269e-01,-9.878292688984209313e-01,-9.869071726884370843e-01,-9.879211814676042147e-01,-9.864677944922289887e-01,-9.878188220441854739e-01,-9.870449728434579351e-01,-9.878962626830519733e-01,-9.866228490068753576e-01,-9.881615239196557265e-01,-9.866748323328997650e-01,-9.860820124026608013e-01,-9.871003137354870116e-01,-9.881128420628929598e-01,-9.881908761370583605e-01,-9.877699342086981860e-01,-9.863252478514034083e-01
-9.899111370100432961e-01,-9.899880814414363517e-01,-9.889842244834222695e-01,-9.887649271392133787e-01,-9.901157073958049004e-01,-9.894635407316987319e-01,-9.902294836736186268e-01,-9.890447826271823173e-01,-9.901462999079235772e-01,-9.895984421265228148e-01,-9.902377522674515875e-01,-9.892282599188971792e-01,-9.904378305354949452e-01,-9.890781587715485879e-01,-9.884538415931365396e-01,-9.895058856935640135e-01,-9.905804734049259430e-01,-9.907063697519047363e-01,-9.901974862810144495e-01,-9.888745054456727912e-01
-9.902596667418731569e-01,-9.902834115466362386e-01,-9.896778004129560546e-01,-9.894702609613251765e-01,-9.905011092331139633e-01,-9.896859901122747605e-01,-9.905504347085688499e-01,-9.894218492128864506e-01,-9.904744897903003942e-01,-9.897770479602956417e-01,-9.905090979781002725e-01,-9.894824633184262641e-01,-9.907037459175670469e-01,-9.896917792654400525e-01,-9.893895624358471919e-01,-9.899596322365028511e-01,-9.904884633154614759e-01,-9.904832635998478407e-01,-9.903491048419004184e-01,-9.893828410842973042e-01
-9.806268072353158116e-01,-9.807774195683216512e-01,-9.792161596011140778e-01,-9.788187092761686525e-01,-9.810865768501347839e-01,-9.796202567905728520e-01,-9.811790142167239326e-01,-9.789333043134568202e-01,-9.810133430979944835e-01,-9.798124115277655477e-01,-9.811151769163570791e-01,-9.791534825897784122e-01,-9.815892294072371405e-01,-9.793577079597720614e-01,-9.784534420054530335e-01,-9.799473494692804154e-01,-9.814247750638442902e-01,-9.815245060087480766e-01,-9.808931558277182994e-01,-9.786966656991500368e-01
-9.823284969795444965e-01,-9.824911976613013298e-01,-9.804963084775506488e-01,-9.800991015778213189e-01,-9.826604195056486413e-01,-9.816412536305624270e-01,-9.829058493920639350e-01,-9.808090238787008364e-01,-9.827562395551557861e-01,-9.818970966428154368e-01,-9.829569097244118536e-01,-9.812185941071953632e-01,-9.832968825237790034e-01,-9.807006482121696234e-01,-9.794015581707280482e-01,-9.815592727318537269e-01,-9.837906409061616397e-01,-9.840880005310952416e-01,-9.829658599886419434e-01,-9.804334834949575139e-01
-9.862757875992829160e-01,-9.862325551767117116e-01,-9.854271745520494230e-01,-9.851212828402403643e-01,-9.865872410657458014e-01,-9.854526838825857782e-01,-9.867314627260753701e-01,-9.851444245805108801e-01,-9.866399266763917764e-01,-9.856186761451875000e-01,-9.867033768056189258e-01,-9.852202654502393298e-01,-9.868638183387500318e-01,-9.853946878813958365e-01,-9.850204370968747014e-01,-9.858591205514454225e-01,-9.865998182893492841e-01,-9.865927386477910677e-01,-9.864908897296108536e-01,-9.851516414343539640e-01
-9.775020323140325429e-01,-9.777100985320437143e-01,-9.763649940483309919e-01,-9.759604800888128651e-01,-9.781230064968582383e-01,-9.761272211613707395e-01,-9.780267631472693290e-01,-9.754913028464687885e-01,-9.778289861411166850e-01,-9.762659525280008577e-01,-9.778260153660832676e-01,-9.755387839462302813e-01,-9.785498548428689380e-01,-9.765208322934257890e-01,-9.758513733827967052e-01,-9.768380731176085074e-01,-9.777108183795151231e-01,-9.776365338243505620e-01,-9.773668100708889916e-01,-9.753068724836513326e-01
-9.717365249983194175e-01,-9.721840622007384969e-01,-9.689316005981125635e-01,-9.682956034199270423e-01,-9.723616259010373630e-01,-9.706713616702976610e-01,-9.725566905490384828e-01,-9.691633594009289032e-01,-9.722724288068841370e-01,-9.709450266305642563e-01,-9.725587615454664991e-01,-9.698652548941532059e-01,-9.733893609835019278e-01,-9.693534873951893394e-01,-9.671466725088776473e-01,-9.705084294239092468e-01,-9.740442110027840439e-01,-9.744700166746630421e-01,-9.725148484419895434e-01,-9.684252758102317449e-01
-9.774484156152791758e-01,-9.773671984204821417e-01,-9.749461439162694365e-01,-9.743306328793910343e-01,-9.777908574198569402e-01,-9.765933330761876752e-01,-9.784256797507392411e-01,-9.756704858244024114e-01,-9.782650470979806778e-01,-9.770181237027126819e-01,-9.786424004497794593e-01,-9.762818793276588636e-01,-9.786032687066490432e-01,-9.749462979709490051e-01,-9.733991173048441858e-01,-9.764980707640397162e-01,-9.795779971234722661e-01,-9.799778866550530321e-01,-9.787381591843906659e-01,-9.754265987148857953e-01
-9.793768180319315508e-01,-9.791729948677426743e-01,-9.785566142448561822e-01,-9.782425815888180498e-01,-9.798201565764246279e-01,-9.778191667564727352e-01,-9.799609520781870087e-01,-9.778065968284092024e-01,-9.798792345820667160e-01,-9.781670410972033158e-01,-9.798197522255956970e-01,-9.775209782463313291e-01,-9.800227134203213231e-01,-9.784771428783513025e-01,-9.785220096118386612e-01,-9.788855376447369583e-01,-9.788471742575499679e-01,-9.786768332133641835e-01,-9.793136227374220626e-01,-9.780344624249510677e-01
-9.707229776951442624e-01,-9.714149052608846979e-01,-9.694845574345833938e-01,-9.689996935645929232e-01,-9.716684031278993716e-01,-9.688805651981639011e-01,-9.710582649521265486e-01,-9.677627107561814768e-01,-9.707753612430918277e-01,-9.688480655488487248e-01,-9.705582243983615909e-01,-9.677468865854540470e-01,-9.722369112361275434e-01,-9.700343671487392516e-01,-9.688998728772647562e-01,-9.697554945365844947e-01,-9.706269025566763853e-01,-9.704228755099364445e-01,-9.697872095207356047e-01,-9.671537909979613934e-01
-9.631358974605299661e-01,-9.640464223814342315e-01,-9.597601652108417314e-01,-9.586569977295210654e-01,-9.642381822331953511e-01,-9.620048915686355562e-01,-9.642415580545808940e-01,-9.594224261443140556e-01,-9.637114330485434532e-01,-9.618837344256712107e-01,-9.641834154132535861e-01,-9.608007676679947151e-01,-9.656638541922119012e-01,-9.601962324753234856e-01,-9.569329798366853490e-01,-9.616123151141908743e-01,-9.667219376320432822e-01,-9.671201708991262747e-01,-9.640295378830383566e-01,-9.582653555064171158e-01
-9.651878836540653817e-01,-9.649204479774747822e-01,-9.610159381483297514e-01,-9.600254197136556256e-01,-9.657458989338650879e-01,-9.643042461949533628e-01,-9.670831589425076258e-01,-9.627217815430484382e-01,-9.666737849582093256e-01,-9.649500453856311166e-01,-9.676765094036999804e-01,-9.641298614651042653e-01,-9.671048995116070524e-01,-9.606568372493863306e-01,-9.581008121304620540e-01,-9.639520799215351987e-01,-9.695301419200689219e-01,-9.703325537209572804e-01,-9.681036956171955588e-01,-9.624897366660332132e-01
-9.712069836470915707e-01,-9.702000293637338402e-01,-9.683043902210092257e-01,-9.680616771420311739e-01,-9.712326602827593414e-01,-9.692904995449561634e-01,-9.724508240974749640e-01,-9.697010550073892343e-01,-9.725225944243711673e-01,-9.706504625670907549e-01,-9.727758609981694837e-01,-9.693660874435532371e-01,-9.717666605582606643e-01,-9.681204043646718382e-01,-9.677958047708326017e-01,-9.702070168087065793e-01,-9.717611794367563283e-01,-9.722165428662046249e-01,-9.727853977746121483e-01,-9.702286830178801225e-01
-9.715981609749897441e-01,-9.716917369306463659e-01,-9.704486577109094902e-01,-9.701102221752214705e-01,-9.720399785969600082e-01,-9.688037976593751877e-01,-9.715683165708512981e-01,-9.688124892380781672e-01,-9.718101600976372101e-01,-9.693808258427621949e-01,-9.708974356256057092e-01,-9.676477117613709877e-01,-9.722987366765005746e-01,-9.712336337128903985e-01,-9.710409686422778464e-01,-9.702308264636870794e-01,-9.693666766494963838e-01,-9.689844658639619190e-01,-9.698179615235850148e-01,-9.685461068121669070e-01
-9.642784578594505440e-01,-9.661145966045510125e-01,-9.638246394120264515e-01,-9.625331754267032469e-01,-9.659329383728737506e-01,-9.622608751619544654e-01,-9.643913277103099979e-01,-9.597161824847929568e-01,-9.638800924578502238e-01,-9.611000615474708519e-01,-9.632988630062280233e-01,-9.601969775458821799e-01,-9.668467483988593125e-01,-9.645833638191662063e-01,-9.624509529594645896e-01,-9.630262753431796385e-01,-9.643541500592439641e-01,-9.635576019578193652e-01,-9.617557458956426109e-01,-9.582250238167641099e-01
-9.551668600934697384e-01,-9.571529955874554796e-01,-9.535340555600367862e-01,-9.520082266844938079e-01,-9.576244590673598234e-01,-9.546360106055795658e-01,-9.569878930310729004e-01,-9.506593391406810145e-01,-9.553722163978914939e-01,-9.530289136918443926e-01,-9.566955482204663186e-01,-9.533941629896282022e-01,-9.592027887441526568e-01,-9.530320178852043078e-01,-9.497048171915765113e-01,-9.548407024453910985e-01,-9.599676335169377017e-01,-9.597835604134000720e-01,-9.559924921989141344e-01,-9.492580944539621424e-01
-8.833601650019815565e-01,-8.787592543681053137e-01,-8.780963856096806186e-01,-8.775339161504426277e-01,-8.861100620648540982e-01,-8.728045792308422035e-01,-8.881554010243789543e-01,-8.751041691827159408e-01,-8.878231318933209604e-01,-8.765166020033535732e-01,-8.888002750827758147e-01,-8.730427855803022386e-01,-8.855165559843988232e-01,-8.759418404654580881e-01,-8.801161119792002552e-01,-8.816662974507110118e-01,-8.793611625071333648e-01,-8.786244979750365003e-01,-8.866898001804883744e-01,-8.800728569913299770e-01
-7.551987854592445704e-01,-7.512019773105580445e-01,-7.371613461125015032e-01,-7.298785279751034416e-01,-7.613876649305968414e-01,-7.549398471842895253e-01,-7.697124524049990812e-01,-7.432800042014062747e-01,-7.644202579899874728e-01,-7.539621877926612203e-01,-7.752370487558591927e-01,-7.583197736405071776e-01,-7.677457504214111328e-01,-7.274220112834143270e-01,-7.165216254721689104e-01,-7.508404359225049340e-01,-7.892343225723172928e-01,-7.918991375961784707e-01,-7.765044673751346771e-01,-7.437174570401479112e-01
-5.066147188487397646e-01,-4.795422147136921831e-01,-5.014231468716412454e-01,-4.664930333350847391e-01,-5.137061771054064474e-01,-5.154579810577488708e-01,-5.400850807802103359e-01,-4.912171528712051538e-01,-5.345955224673186734e-01,-4.953274762699174105e-01,-5.555767617449306472e-01,-5.346211799965516764e-01,-5.176710826456224490e-01,-4.517709395415430151e-01,-4.597872790066768744e-01,-4.973989436499268724e-01,-5.750031896501636153e-01,-5.736516175096098014e-01,-5.466393795371740083e-01,-5.129612534059664330e-01
-3.620546062094297524e-01,-3.376927874471821189e-01,-3.696795955835038283e-01,-3.703521918418203884e-01,-3.761883478593629482e-01,-3.573145120281821518e-01,-4.028127773772068321e-01,-3.686252684509754851e-01,-3.745442339864686332e-01,-3.567645570237572561e-01,-4.161373644521147996e-01,-3.913545853545932207e-01,-3.702993354994249531e-01,-3.194720722644203703e-01,-3.628908879590532210e-01,-3.787446738199745089e-01,-3.900118311468319110e-01,-3.898908021053346107e-01,-4.161773580579339882e-01,-3.902203849430656568e-01
-3.418209748604695841e-01,-3.007180959316445579e-01,-3.423245997201642132e-01,-3.325280587628909879e-01,-3.552156308441328791e-01,-2.928403506842554016e-01,-3.717947848208107975e-01,-3.103251644446751167e-01,-3.684009447977953933e-01,-3.002951460930078365e-01,-3.761520198270440485e-01,-3.078487430365841049e-01,-3.369867219577774575e-01,-3.078817313051700477e-01,-3.609292155284447023e-01,-3.360220744456883235e-01,-3.263004289117940049e-01,-3.165346714010856544e-01,-3.638432916605789380e-01,-3.467291525350614245e-01
-4.264589557126211572e-01,-3.735259504406814868e-01,-4.135107401985406161e-01,-3.612958241149580862e-01,-4.421433060224518319e-01,-3.620973952229866177e-01,-4.377097301877824753e-01,-3.530354624831235633e-01,-4.526851901619943219e-01,-3.620818151093492809e-01,-4.422711780527076031e-01,-3.479706294116746701e-01,-4.321670093756563857e-01,-3.735176092603134657e-01,-4.083909116411382212e-01,-3.699884598609559649e-01,-4.278427345212298949e-01,-3.914417915434824091e-01,-4.202492641020485475e-01,-3.729561926897045909e-01
-3.832132672667454831e-01,-3.269056371896694735e-01,-3.830790654547318042e-01,-3.082419891213328267e-01,-4.001772123288819261e-01,-3.226775472554513358e-01,-3.959307468873762281e-01,-2.919090668652261633e-01,-4.051406461147345484e-01,-3.151291698580824252e-01,-4.023568509991825026e-01,-3.237549884680167578e-01,-4.000816083885386787e-01,-3.222192952758504703e-01,-3.562157475318185051e-01,-3.184406602005781517e-01,-3.995378910703415443e-01,-3.617988717741527083e-01,-3.866890768194268801e-01,-3.198261359375686452e-01
-3.245079169389673002e-01,-3.051618316941598907e-01,-3.394284556256138008e-01,-2.725245311158842609e-01,-3.440234121323870742e-01,-2.873565439270330257e-01,-3.592970216981136722e-01,-2.632318699024300268e-01,-3.401476606351577781e-01,-2.734642403937534993e-01,-3.509400005874590556e-01,-2.769952818935482730e-01,-3.658079208895254619e-01,-2.853795953806494423e-01,-3.128139176978074198e-01,-2.923419884460581875e-01,-3.440060493434403122e-01,-3.013266132566138622e-01,-3.203627462364694312e-01,-2.732755519635954866e-01
-3.791507994812131077e-01,-3.010892486696619130e-01,-3.836436848840667491e-01,-3.108999577901271349e-01,-3.959888007801947163e-01,-2.910589895408852712e-01,-4.120430383767002547e-01,-2.952111071000489972e-01,-4.089962319102874999e-01,-2.934735559216664069e-01,-4.130687507594092978e-01,-2.961666970492525808e-01,-3.874677746989854121e-01,-2.982224924016668166e-01,-3.893090837987030484e-01,-3.172824762195457504e-01,-3.797013603715211350e-01,-3.193980848869655831e-01,-3.914375013128242320e-01,-3.253034373976712024e-01
-3.594529841668447911e-01,-2.270632152426360628e-01,-3.714537482154042225e-01,-2.321568163737900981e-01,-3.766226867531839995e-01,-1.949021697557697941e-01,-4.055440608813653536e-01,-2.110818583089686951e-01,-4.053816948431977485e-01,-1.911468212391138344e-01,-4.051607792462345037e-01,-2.096966115915542272e-01,-3.722156778148267287e-01,-2.211013729387576732e-01,-3.707736514232740088e-01,-2.524996422418838149e-01,-3.450673438299140527e-01,-2.422797829745237108e-01,-3.618310312149781161e-01,-2.542251546859894962e-01
-3.681328013755393869e-01,-1.798478411478049155e-01,-3.649143166399779203e-01,-1.783980587106637206e-01,-3.690592665804071082e-01,-1.594370184746269903e-01,-3.859121834677778917e-01,-1.804522510631050292e-01,-3.770716600481687220e-01,-1.687291299813785672e-01,-3.833627018302216971e-01,-1.683209307418076506e-01,-3.751001900612673245e-01,-1.793092109743424090e-01,-3.505878826039661722e-01,-1.921184241973141471e-01,-3.626585529129335850e-01,-1.750851519323094740e-01,-3.656018302810377096e-01,-1.780470205401752382e-01
-4.256835793580673322e-01,-1.966832036827928509e-01,-4.190090143303242254e-01,-1.690568174256307510e-01,-4.215771062940003588e-01,-1.853276180893054514e-01,-4.207397291335419620e-01,-1.728322678916274224e-01,-4.299495415345141458e-01,-1.666133307017089171e-01,-4.305633614011190602e-01,-1.819446674901620264e-01,-4.388379353032915708e-01,-1.730730414812653162e-01,-3.941633158815324167e-01,-1.808827625555498031e-01,-4.352264344743476121e-01,-2.248078033948272547e-01,-4.021885293792123450e-01,-1.833355709299685499e-01
-3.859400072309155938e-01,-1.575056554751929905e-01,-3.867513749179497529e-01,-1.454610148683657123e-01,-4.058166805253228260e-01,-1.346286884225183500e-01,-4.146734754254268185e-01,-1.073037984148719759e-01,-4.364366013184178827e-01,-1.136028672952074658e-01,-4.267859673693767952e-01,-1.202230636302011324e-01,-4.174209193762388748e-01,-1.421087516517906268e-01,-3.870090809667698362e-01,-1.433863853936758193e-01,-3.984805727371151240e-01,-1.719051805307017788e-01,-3.829493918680006992e-01,-1.566511684990886666e-01
-4.341791192614432027e-01,-7.438097824795800173e-02,-4.240503706620787905e-01,-7.780955553545215730e-02,-4.438358024279084879e-01,-4.620644280688319949e-02,-4.624737853314536129e-01,-8.183451595668395084e-02,-4.609405065279877922e-01,-6.179324553559670252e-02,-4.500465851676787032e-01,-6.903934207147884028e-02,-4.458380245849832835e-01,-6.146445118462763590e-02,-4.284778636968886723e-01,-8.661258963758476648e-02,-4.254138333420737772e-01,-7.764519639877975887e-02,-4.319224021458431539e-01,-8.949173428377031614e-02
-3.941521783192150075e-01,-7.073556284312779163e-02,-3.850156115962789505e-01,-4.576161708560168989e-02,-4.415546504230108971e-01,-8.962164760508782579e-03,-4.392574382976355274e-01,-1.564595019670303455e-02,-4.441909761368220133e-01,-2.053441253221682805e-02,-4.360886496004143797e-01,-1.659140491410483753e-02,-4.351278799383956342e-01,-4.759544855365730603e-02,-3.710151612540486532e-01,-7.693744626389856234e-02,-3.808534796679651224e-01,-8.002234862345439237e-02,-3.927400797190397919e-01,-5.636202837974785967e-02
