-1.000000000000000000e+00,-1.000000000000000000e+00,-1.000000000000000000e+00,-1.000000000000000000e+00
-9.961244722517752503e-01,-9.959776054010586188e-01,-9.961556572255197972e-01,-9.956631566570873781e-01
-9.947988098036173454e-01,-9.946122589383872281e-01,-9.948418034906204577e-01,-9.941780938417151825e-01
-9.959067977677259487e-01,-9.957361883577381390e-01,-9.959380158954487250e-01,-9.954224305261214489e-01
-9.878512426654842971e-01,-9.873751893881199670e-01,-9.879470392547827773e-01,-9.864106591749923769e-01
-9.890885880045706680e-01,-9.887666247195626701e-01,-9.891864132975815016e-01,-9.877746322127596290e-01
-9.911689936092092923e-01,-9.907344544643322815e-01,-9.912293434222777533e-01,-9.901321484718662580e-01
-9.821539112754672507e-01,-9.814121925871801544e-01,-9.822880452855382583e-01,-9.800677558011480217e-01
-9.798785399218076231e-01,-9.794051565982699881e-01,-9.800726017795152734e-01,-9.774312606348420918e-01
-9.856555880315498452e-01,-9.850427217427004667e-01,-9.857670522470411978e-01,-9.839183683606401720e-01
-9.826690786547508383e-01,-9.816667355225555669e-01,-9.827635152699822907e-01,-9.807468000847694434e-01
-9.731135744644111574e-01,-9.723718499290039396e-01,-9.733558871114291744e-01,-9.699254359021672878e-01
-9.709645691582036164e-01,-9.703062582988332130e-01,-9.712621102426893804e-01,-9.672601207634456966e-01
-9.763221638926846691e-01,-9.751998203112669517e-01,-9.764914637196159264e-01,-9.734887132408306387e-01
-9.787165724166033698e-01,-9.774765966878383727e-01,-9.788199066095282230e-01,-9.764917173295419861e-01
-9.736238845913358642e-01,-9.726133354539204801e-01,-9.738356956267056885e-01,-9.705063547014353142e-01
-9.654875546668412190e-01,-9.644174049288728456e-01,-9.658156860787395770e-01,-9.610566353143972229e-01
-9.602196244516411072e-01,-9.588845900261192545e-01,-9.605557541785065823e-01,-9.554319186604913750e-01
-9.598673861492309500e-01,-9.584034223908737271e-01,-9.601709606060016000e-01,-9.553543865587682538e-01
-9.626950006431622686e-01,-9.612480355393846487e-01,-9.629929010886413288e-01,-9.583073435059796807e-01
-9.658177093805014879e-01,-9.644097801803517278e-01,-9.661040229572079863e-01,-9.615450359316319862e-01
-9.663391589373828694e-01,-9.630437164411506101e-01,-9.664336893382532434e-01,-9.621508401592177018e-01
-5.536501944586772472e-01,-5.503374002938488108e-01,-5.589676962838777685e-01,-4.962900042628581865e-01
-8.134403944398989061e-01,-7.907496567974240387e-01,-8.148531471952633609e-01,-7.761473878868295762e-01
-5.687867299643518670e-01,-5.171772275743691250e-01,-5.696945556908443731e-01,-5.069772085336379241e-01
-4.430140713250658169e-01,-3.644562565429894097e-01,-4.429442804765784669e-01,-3.665632827882336908e-01
-6.916833013181846734e-01,-6.446632080886318672e-01,-6.914802269177596772e-01,-6.499137196841942021e-01
-7.001325721996618512e-01,-6.516386726054723688e-01,-7.013178089599986231e-01,-6.394534288402516919e-01
-4.856611438804709913e-01,-4.291831993933604705e-01,-4.860053025967431828e-01,-4.237457974390785864e-01
-3.636816767650542515e-01,-2.576714515415687856e-01,-3.636698481662772875e-01,-2.590691162355774901e-01
-3.819827717418941559e-01,-2.865063896538744825e-01,-3.832351987311855002e-01,-2.778188641105917567e-01
-4.758324042599011428e-01,-4.120973102002570276e-01,-4.779732372210315772e-01,-3.902592154357384935e-01
-5.698767819829057002e-01,-4.866409987255927438e-01,-5.682252029800543003e-01,-4.992827969620394768e-01
-6.013481137275111799e-01,-4.949491697447296334e-01,-5.967180728000308632e-01,-5.464909796508721218e-01
-5.855233993190508412e-01,-5.044466964252906083e-01,-5.836865682300537150e-01,-5.310763947239173222e-01
-6.013803459689559539e-01,-5.141353604844530745e-01,-5.999598478583290095e-01,-5.291075344206177533e-01
