-1.000000000000013767e+00,-1.000000000000013767e+00,-1.000000000000013767e+00,-1.000000000000013767e+00,-1.000000000000013767e+00,-1.000000000000013767e+00,-1.000000000000013767e+00,-1.000000000000013767e+00,-1.000000000000013767e+00,-1.000000000000013767e+00,-1.000000000000013767e+00,-1.000000000000013767e+00,-1.000000000000013767e+00,-1.000000000000013767e+00,-1.000000000000013767e+00,-1.000000000000013767e+00,-1.000000000000013767e+00,-1.000000000000013767e+00,-1.000000000000013767e+00,-1.000000000000013767e+00
-9.979083199296616691e-01,-9.975690209194246760e-01,-9.979854675723299762e-01,-9.977991939206833916e-01,-9.979980395160727991e-01,-9.978958125956456371e-01,-9.973831455393624701e-01,-9.976225003919922951e-01,-9.973446614803068710e-01,-9.979322380501676193e-01,-9.978300320586234173e-01,-9.975072415725234620e-01,-9.980596041922332740e-01,-9.975529692602782550e-01,-9.979538011789279572e-01,-9.981491075268826840e-01,-9.975934278821743106e-01,-9.973336277348936463e-01,-9.975726848413600800e-01,-9.980846304699861893e-01
-9.958443636071169225e-01,-9.951717526852253970e-01,-9.959980250945957847e-01,-9.956271559884798394e-01,-9.960219749723819849e-01,-9.958204856604043753e-01,-9.948055833760883759e-01,-9.952818592025741706e-01,-9.947293643130497021e-01,-9.958932995325000537e-01,-9.956900573632108120e-01,-9.950495687468766670e-01,-9.961458079170417701e-01,-9.951395648943515138e-01,-9.959342904647096040e-01,-9.963217908367437703e-01,-9.952216122629212736e-01,-9.947090111704532944e-01,-9.951808166285706081e-01,-9.961942157192064107e-01
-9.938074413755312309e-01,-9.928073442769941304e-01,-9.940369903010769503e-01,-9.934831865351428926e-01,-9.940711718261713292e-01,-9.937732721954063431e-01,-9.922662351976819783e-01,-9.929770239856459124e-01,-9.921530045631841155e-01,-9.938824201822928917e-01,-9.935792991064135160e-01,-9.926260783919772512e-01,-9.942579220708158694e-01,-9.927589434626726828e-01,-9.939408134895262315e-01,-9.945174669662347755e-01,-9.928836244555452328e-01,-9.921249748806273416e-01,-9.928234389405196092e-01,-9.943281281184888076e-01
-9.917968884323313805e-01,-9.904749754194394074e-01,-9.921017055884971958e-01,-9.913666105740873702e-01,-9.921450181961514181e-01,-9.917534532182392670e-01,-9.897640650687110631e-01,-9.907069849587728516e-01,-9.896145219467260556e-01,-9.918988651183510141e-01,-9.914970095595818655e-01,-9.902359007967893589e-01,-9.923952831639711869e-01,-9.904102919350213918e-01,-9.919727391735086997e-01,-9.927355741480596851e-01,-9.905785714489089289e-01,-9.895803901370487932e-01,-9.904996323939438962e-01,-9.924857631741765829e-01
-9.898120636621370316e-01,-9.881738551446922481e-01,-9.901915368629190528e-01,-9.892767766630788939e-01,-9.902429238026362324e-01,-9.897603363927403031e-01,-9.872980772758958024e-01,-9.884707727813418776e-01,-9.871128975958906038e-01,-9.899419273726776103e-01,-9.894424686556860804e-01,-9.878781980635866766e-01,-9.905572520903345168e-01,-9.880928262654756766e-01,-9.900294586418660892e-01,-9.909755707989920115e-01,-9.883055941323573013e-01,-9.870741725318610271e-01,-9.882085127884262521e-01,-9.906665384117080420e-01
-9.878523485352973532e-01,-9.859032204347256689e-01,-9.883058724508807513e-01,-9.872130558306100312e-01,-9.883643189686618369e-01,-9.877932547417073161e-01,-9.848673143083515047e-01,-9.862674564748838968e-01,-9.846471519642554515e-01,-9.880109265094884075e-01,-9.874149826575289168e-01,-9.855521625966403576e-01,-9.887432129685651550e-01,-9.858057900492858128e-01,-9.881103842033612805e-01,-9.892369345663982738e-01,-9.860638656282185721e-01,-9.846052797466036122e-01,-9.859492293635931937e-01,-9.888698923237909666e-01
-9.859171460703924916e-01,-9.836623349421154128e-01,-9.864441220737105720e-01,-9.851748405637508199e-01,-9.865086536797395000e-01,-9.858515654380819448e-01,-9.824708549643206279e-01,-9.840961414757665171e-01,-9.822163428633371440e-01,-9.861052073295624165e-01,-9.854138829065048899e-01,-9.832570156809588013e-01,-9.869525720528354862e-01,-9.835484532578884220e-01,-9.862149483885215284e-01,-9.875191614312535116e-01,-9.838525897261973796e-01,-9.821727094590989582e-01,-9.837209631632614082e-01,-9.870952833814538030e-01
-9.840058798546867935e-01,-9.814504877827764373e-01,-9.846057158786792884e-01,-9.831615438514120786e-01,-9.846753966944638004e-01,-9.839346486650738521e-01,-9.801078125697428867e-01,-9.819559678050936435e-01,-9.798195636171523892e-01,-9.842241386510598433e-01,-9.834385246423160698e-01,-9.809920061407607639e-01,-9.851847567040850073e-01,-9.813201110436543528e-01,-9.843426030398158000e-01,-9.858217648623762708e-01,-9.816709994091046276e-01,-9.797754973760426367e-01,-9.815229254967052785e-01,-9.853421891020146539e-01
-9.821179931200849644e-01,-9.792669923964241185e-01,-9.827901035245836248e-01,-9.811725982809277324e-01,-9.828640347051389448e-01,-9.820419065428467320e-01,-9.777773333042073522e-01,-9.798461083509734104e-01,-9.774559413291248333e-01,-9.823671121639558912e-01,-9.814882858910263241e-01,-9.787564090748021028e-01,-9.834392144202618313e-01,-9.791200826113458655e-01,-9.824928184527688124e-01,-9.841442750200012357e-01,-9.795183554654911529e-01,-9.774127153837615101e-01,-9.793543564913095301e-01,-9.836101051715803179e-01
-9.802529478698801535e-01,-9.771111854692260401e-01,-9.809967533168233444e-01,-9.792074551835027174e-01,-9.810740715438497350e-01,-9.801727621161435700e-01,-9.754785946257783502e-01,-9.777657672545316814e-01,-9.751246352527876970e-01,-9.805335413517446419e-01,-9.795625664157719958e-01,-9.765495246624109615e-01,-9.817154119201633167e-01,-9.769477101511372386e-01,-9.806650825631427759e-01,-9.824862380044532273e-01,-9.773939451819269042e-01,-9.750834698078738594e-01,-9.772145237290670305e-01,-9.818985446172013853e-01
-9.784102240532558392e-01,-9.749824259145720706e-01,-9.792251513891654380e-01,-9.772655838253904159e-01,-9.793050274318184645e-01,-9.783266583990517518e-01,-9.732108037878408613e-01,-9.757141783921374767e-01,-9.728248352583511727e-01,-9.787228604751986305e-01,-9.776607867266636775e-01,-9.743706770358843139e-01,-9.800128342779190760e-01,-9.748023578296188818e-01,-9.788589001780355625e-01,-9.808472151464109334e-01,-9.752970811103928162e-01,-9.727868997746150770e-01,-9.751027209617293412e-01,-9.802070370253249676e-01
-9.765893187848637691e-01,-9.728800939084183419e-01,-9.774748009299724094e-01,-9.753464706422173558e-01,-9.775564382706770639e-01,-9.765030574740661828e-01,-9.709731964424179740e-01,-9.736906039475381469e-01,-9.705557603882295492e-01,-9.769345236138577970e-01,-9.757823871473241262e-01,-9.722192132158065103e-01,-9.783309841061297307e-01,-9.726834108358339837e-01,-9.770737922496681716e-01,-9.792267823356272105e-01,-9.732270999071572781e-01,-9.705221756672606226e-01,-9.730182669001574691e-01,-9.785351278037448530e-01
-9.747897456053142839e-01,-9.708035899748878039e-01,-9.757452214486962427e-01,-9.734496185126593204e-01,-9.758278549713784722e-01,-9.747014396406251668e-01,-9.687650353226433531e-01,-9.716943330665310796e-01,-9.683166574946229233e-01,-9.751680037602294959e-01,-9.739268269329928174e-01,-9.700945021038116511e-01,-9.766693807829239793e-01,-9.705902744777710200e-01,-9.753092951874265948e-01,-9.776245293847513063e-01,-9.711833612368319102e-01,-9.682884976698081791e-01,-9.709605040715620916e-01,-9.768823774830682760e-01
-9.730110337812850618e-01,-9.687523341207067151e-01,-9.740359480816401794e-01,-9.715745460705533798e-01,-9.741188428190536985e-01,-9.729213026110941076e-01,-9.665856090007879375e-01,-9.697246805900920918e-01,-9.661067999556397501e-01,-9.734227919657081340e-01,-9.720935834373195528e-01,-9.679959335303635060e-01,-9.750275597214060896e-01,-9.685223733269971991e-01,-9.735649602067004693e-01,-9.760400594281216646e-01,-9.691652467378584213e-01,-9.660850943936591939e-01,-9.689287977412381903e-01,-9.752483610568006833e-01
-9.712527276419034017e-01,-9.667257650145497649e-01,-9.723465309333627626e-01,-9.697207870521412643e-01,-9.724289808702094584e-01,-9.711621607498008846e-01,-9.644342307153863647e-01,-9.677809858595247672e-01,-9.639254864638545639e-01,-9.716983965337309126e-01,-9.702821513234243245e-01,-9.659229173527700274e-01,-9.734050716772822964e-01,-9.664791504074239370e-01,-9.718403527106757034e-01,-9.744729883526045411e-01,-9.671721590440965910e-01,-9.639112215808003370e-01,-9.669225348934182840e-01,-9.736326673566333412e-01
-9.695143859501326178e-01,-9.647233392093556015e-01,-9.706765344526282480e-01,-9.678878896772337148e-01,-9.707578613814862312e-01,-9.694235443534419128e-01,-9.623102372640710556e-01,-9.658626115897973596e-01,-9.617720398832698692e-01,-9.699943422580283858e-01,-9.684920418175021473e-01,-9.638748826013924242e-01,-9.718014820935207965e-01,-9.644600664264223466e-01,-9.701350517043609845e-01,-9.729229442592267629e-01,-9.652035208600524552e-01,-9.617661608795116113e-01,-9.649411232684504958e-01,-9.720348984616316024e-01
-9.677955813059345713e-01,-9.627445304038140250e-01,-9.690255368396147873e-01,-9.660754160610799390e-01,-9.691050892670547423e-01,-9.677049989691013376e-01,-9.602129879565313164e-01,-9.639689428053469511e-01,-9.596458061689098207e-01,-9.683101697016111009e-01,-9.667227820013678530e-01,-9.618512766699037764e-01,-9.702163704785738974e-01,-9.624645990447314725e-01,-9.684486492378016065e-01,-9.713895669523974208e-01,-9.632587740853701952e-01,-9.596492186867013885e-01,-9.629839904516039883e-01,-9.704546691380006029e-01
-9.660958995802656490e-01,-9.607888287416358475e-01,-9.673931294835330652e-01,-9.642829416561036204e-01,-9.674702815839935077e-01,-9.660060847486038327e-01,-9.581418636247700515e-01,-9.620993858352632211e-01,-9.575461533459223018e-01,-9.666454345148388638e-01,-9.649739141426022515e-01,-9.598515645479231972e-01,-9.686493298171909849e-01,-9.604922421838554270e-01,-9.667807498778052677e-01,-9.698725074559554349e-01,-9.613373789865345964e-01,-9.575597250535665683e-01,-9.610505830112471282e-01,-9.688916063084956898e-01
-9.644149393771651591e-01,-9.588557401454831375e-01,-9.657789164280833338e-01,-9.625100547208866875e-01,-9.658530670431972887e-01,-9.643263758361357851e-01,-9.560962656863341014e-01,-9.602533673632197564e-01,-9.554724705435077015e-01,-9.649997067894239278e-01,-9.632449950590873389e-01,-9.578752280926990936e-01,-9.670999660111629925e-01,-9.585425053677537610e-01,-9.651309702058302742e-01,-9.683714275534962557e-01,-9.594388134120107603e-01,-9.554970326497590483e-01,-9.591403656824388779e-01,-9.673453485488378023e-01
-9.627523115208622695e-01,-9.569447856812532960e-01,-9.641825138666932915e-01,-9.607563558106007040e-01,-9.642530855500284215e-01,-9.626654597874256813e-01,-9.540756152562301917e-01,-9.584303335252587486e-01,-9.534241670755380094e-01,-9.633725704351144836e-01,-9.615355955271209787e-01,-9.559217653341107734e-01,-9.655678973515626762e-01,-9.566149130948891077e-01,-9.634989383477837732e-01,-9.668859993382096230e-01,-9.575625720602596314e-01,-9.534605157760092098e-01,-9.572528205992967276e-01,-9.658155456044285048e-01
-9.517721436759397635e-01,-9.443331954568502384e-01,-9.536617795692846622e-01,-9.491495120283335307e-01,-9.536742514445792906e-01,-9.517245714926784173e-01,-9.408045712807800998e-01,-9.465224823412367039e-01,-9.399709172431504056e-01,-9.526709999139819640e-01,-9.502764031480376294e-01,-9.430358818844801760e-01,-9.554936429043454638e-01,-9.438805997683780147e-01,-9.527120083809588191e-01,-9.570639021227591581e-01,-9.452220013956127431e-01,-9.401372289068042898e-01,-9.448476079007267492e-01,-9.557119120662854739e-01
-9.391212616181434658e-01,-9.298449268880705221e-01,-9.415666729680748359e-01,-9.357505341900064222e-01,-9.414617984264116446e-01,-9.391558603131739957e-01,-9.256553102392249821e-01,-9.329993390976067946e-01,-9.246152035395112101e-01,-9.403952524437995120e-01,-9.373490196956373310e-01,-9.282431519329594760e-01,-9.439360858818639510e-01,-9.292338119871543789e-01,-9.402691319545554149e-01,-9.457109113925824539e-01,-9.310945884365705583e-01,-9.250075422696273364e-01,-9.306606985346602690e-01,-9.440540735803918393e-01
-9.248643802280728243e-01,-9.135708429564879385e-01,-9.279724935663709040e-01,-9.206154888901812994e-01,-9.276677153770039874e-01,-9.250373876555741948e-01,-9.087549426506414951e-01,-9.180063826557426365e-01,-9.074852643373158001e-01,-9.266273753028417826e-01,-9.228367590449206848e-01,-9.116374264763896784e-01,-9.309768575115492384e-01,-9.127576331403540744e-01,-9.262288299439577210e-01,-9.328669581750537176e-01,-9.152851491268105821e-01,-9.082352295800117936e-01,-9.148028541399839675e-01,-9.308915094686585068e-01
-9.091345463190453335e-01,-8.956804216729645773e-01,-9.130211399578127551e-01,-9.038718994094911974e-01,-9.124093008458193932e-01,-9.095138174064207881e-01,-8.903072650164383095e-01,-9.017587155669471999e-01,-8.887864414063277874e-01,-9.115128714221071293e-01,-9.068917075878196732e-01,-8.933905130226590385e-01,-9.167605219312957576e-01,-8.946136476595392129e-01,-9.107176501057610007e-01,-9.186300502589723749e-01,-8.979717075740838439e-01,-8.900635835036121435e-01,-8.974579252615171310e-01,-9.163334845830979347e-01
-8.921259832891442754e-01,-8.764116567219766285e-01,-8.969125659541661300e-01,-8.857124151826853975e-01,-8.958632515495064119e-01,-8.927873964636793280e-01,-8.705776186089183577e-01,-8.845239848926698123e-01,-8.687859910339326142e-01,-8.952507624500928296e-01,-8.897251919270972031e-01,-8.737414154544967948e-01,-9.014850204431849034e-01,-8.750326354275983487e-01,-8.939240496133843417e-01,-9.031508672965004036e-01,-8.793931885500314571e-01,-8.707966174440037177e-01,-8.788697287068862884e-01,-9.005426487195583585e-01
-8.740796829311070493e-01,-8.560525207537063030e-01,-8.798889624488835937e-01,-8.663808419363329127e-01,-8.782527796387700203e-01,-8.751021502880791392e-01,-8.498706107954011602e-01,-8.665990293225397378e-01,-8.477908798973708970e-01,-8.780774392551955465e-01,-8.715912248720779631e-01,-8.529776132131154931e-01,-8.853854363569831909e-01,-8.542969127862130030e-01,-8.760849765567748637e-01,-8.866213447397066627e-01,-8.598299989400335352e-01,-8.507727333510277656e-01,-8.593219067876531891e-01,-8.837225641030119760e-01
-8.552643534760797639e-01,-8.349173871569717242e-01,-8.622145804357173038e-01,-8.461530480429729772e-01,-8.598300478550804371e-01,-8.567242282679338183e-01,-8.285050237145389351e-01,-8.482848175568181714e-01,-8.261228792294597056e-01,-8.602473663730973996e-01,-8.527660123419971150e-01,-8.314118767876261806e-01,-8.687141468406530675e-01,-8.327175315005099776e-01,-8.574674944800826371e-01,-8.692593715895562401e-01,-8.395812334910370822e-01,-8.303359289653915454e-01,-8.391146756277014784e-01,-8.661015087273793434e-01
-8.359561369330656966e-01,-8.133227371606697176e-01,-8.441549239498801205e-01,-8.253162134178408937e-01,-8.408570678193820758e-01,-8.379219252167773302e-01,-8.067904096352704890e-01,-8.298641279809213511e-01,-8.040953548741059942e-01,-8.420141097706598243e-01,-8.335271825939746249e-01,-8.093588363584834910e-01,-8.517210435588653539e-01,-8.106104863529906002e-01,-8.383487180749150669e-01,-8.512923771362975733e-01,-8.189426277831112211e-01,-8.098097297705582065e-01,-8.185426562508515413e-01,-8.479154886397612945e-01
-8.164203207388192052e-01,-7.915660706248912604e-01,-8.259587130089554030e-01,-8.041497755809137171e-01,-8.215881072077952929e-01,-8.189484419483902267e-01,-7.850087369805617277e-01,-8.115850572396617890e-01,-7.819950170973687387e-01,-8.236144985484747938e-01,-8.141359281807611925e-01,-7.871149233058791772e-01,-8.346369814925731490e-01,-7.882757436235605653e-01,-8.189972517698266286e-01,-8.329423938983782083e-01,-7.981885372606096762e-01,-7.894775971515251012e-01,-7.978770628862807968e-01,-8.293930761519661132e-01
-7.968972426915794660e-01,-7.699105573496087818e-01,-8.078448080948098520e-01,-7.829104519720039290e-01,-8.022557955551951059e-01,-8.000292837565821102e-01,-7.634026581725257277e-01,-7.936515298315173217e-01,-7.600701183789791981e-01,-8.052575153023934229e-01,-7.948240123747161157e-01,-7.649438936823420576e-01,-8.176623245911853743e-01,-7.659816174825673230e-01,-7.996584583162754667e-01,-8.144143643073764594e-01,-7.775596854472364150e-01,-7.695714209694686225e-01,-7.773538939601731812e-01,-8.107437835029962514e-01
-7.775933079678110094e-01,-7.485762557886552759e-01,-7.899948073299470908e-01,-7.618223965718593504e-01,-7.830619419071078724e-01,-7.813548696242051950e-01,-7.421702750926301162e-01,-7.762203104807643417e-01,-7.385249687860970802e-01,-7.871182103870351110e-01,-7.757862229244586461e-01,-7.430685246630988061e-01,-8.009610029323925851e-01,-7.439554124789020673e-01,-7.805446606272152810e-01,-7.958884345329152454e-01,-7.572568586706853733e-01,-7.502677089027409707e-01,-7.571681879451500619e-01,-7.921505955661277687e-01
-7.586769085051101591e-01,-7.277373090148746559e-01,-7.725507971869414181e-01,-7.410723627268535063e-01,-7.641730070162945365e-01,-7.630778647223361855e-01,-7.214651604234790794e-01,-7.594030000900916511e-01,-7.175195768716087219e-01,-7.693359881396490962e-01,-7.571777544117014314e-01,-7.216678188139941108e-01,-7.846593678786539794e-01,-7.223798810732542375e-01,-7.618302607280423855e-01,-7.775160940340344329e-01,-7.374396156457667661e-01,-7.316898075849465055e-01,-7.374733045045325230e-01,-7.737664045990909623e-01
-7.402783181198059337e-01,-7.075237184637015453e-01,-7.556170103434589613e-01,-7.208089855134565127e-01,-7.457194736862741147e-01,-7.453141632932864802e-01,-7.013999211196476624e-01,-7.432712333272369909e-01,-6.971727910377086834e-01,-7.520161345646854123e-01,-7.391153840497159955e-01,-7.008783856148861346e-01,-7.688485325535243664e-01,-7.013942402714981039e-01,-7.436509780514368728e-01,-7.594194678786124753e-01,-7.182285863246639090e-01,-7.139140142063404859e-01,-7.183837176553096171e-01,-7.557135971788949691e-01
-7.224923857579311770e-01,-6.880260090617495994e-01,-7.392639889277567988e-01,-7.011449630735816507e-01,-7.277980012994429426e-01,-7.281462498039837916e-01,-6.820517372672707523e-01,-7.278633436942028023e-01,-6.775674448665041094e-01,-7.352333667219695945e-01,-7.216811398799624078e-01,-6.807984694130723158e-01,-7.535888124647792674e-01,-6.810981709712906618e-01,-7.261061113506879217e-01,-7.416928500502300015e-01,-6.997098679709240487e-01,-6.969776288258839880e-01,-6.999798139745511127e-01,-7.380857980475764579e-01
-7.053828542360075504e-01,-6.693013480957579198e-01,-7.235339406292422559e-01,-6.821609854158154906e-01,-7.104753048332946852e-01,-7.116278512161963166e-01,-6.634685394550063897e-01,-7.131914031171492363e-01,-6.587562420184356338e-01,-7.190363833921666892e-01,-7.049272877500347700e-01,-6.614933543079725142e-01,-7.389150486423414765e-01,-6.615574357348329437e-01,-7.092626289331954714e-01,-7.244056060605088554e-01,-6.819403606132307116e-01,-6.808874157910368430e-01,-6.823134963798127561e-01,-7.209509522279547999e-01
-6.889873907582717560e-01,-6.513799770110341170e-01,-7.084463805497651645e-01,-6.639104400911948201e-01,-6.937928319499149232e-01,-6.957889792012014185e-01,-6.456750522545426918e-01,-6.992477303727429039e-01,-6.407676147756468099e-01,-7.034526301416642591e-01,-6.888817263804044577e-01,-6.430011382535447684e-01,-7.248419974163682333e-01,-6.428099598417506000e-01,-6.931601663203663666e-01,-7.076057142786368326e-01,-6.649531809222177792e-01,-6.656275001790181722e-01,-6.654137607337794469e-01,-7.043549933284360964e-01
-6.733226561576254321e-01,-6.342712533900656258e-01,-6.940034194394778533e-01,-6.464242309737663339e-01,-6.777715678774899333e-01,-6.806408243470938313e-01,-6.286781773390379691e-01,-6.860105626477153162e-01,-6.236110440246749320e-01,-6.884928149072833126e-01,-6.735532008497736589e-01,-6.253382625900796299e-01,-7.113692463798286791e-01,-6.248717024221797089e-01,-6.778161792150534382e-01,-6.913234478853218512e-01,-6.487626633451726299e-01,-6.511662073763412328e-01,-6.492917626060727976e-01,-6.883256270640196739e-01
-6.583890042957218913e-01,-6.179689244400778936e-01,-6.801943950225449731e-01,-6.297152842794657701e-01,-6.624165510066821749e-01,-6.661801486166821773e-01,-6.124715492007627438e-01,-6.734487006618675720e-01,-6.072816431952381411e-01,-6.741548941761273950e-01,-6.589359781221939549e-01,-6.085044433479327441e-01,-6.984854259752357741e-01,-6.077418770807300197e-01,-6.632308096605551428e-01,-6.755748533487935248e-01,-6.333687131168923568e-01,-6.374616409991532562e-01,-6.339451554610933126e-01,-6.728759096351355495e-01
-6.441746044028997531e-01,-6.024554840042041226e-01,-6.669997346746092681e-01,-6.137825418174089886e-01,-6.477208258126047058e-01,-6.523930590252322581e-01,-5.970392308685816829e-01,-6.615251547005284172e-01,-5.917639537514758352e-01,-6.604274499919640107e-01,-6.450138148283339756e-01,-5.924868718575689863e-01,-6.861716422198327336e-01,-5.914073619610115129e-01,-6.493911900358410039e-01,-6.603648895573177580e-01,-6.187603930127070218e-01,-6.244660667297330381e-01,-6.193616400339627681e-01,-6.580074421537353002e-01
-6.306588871715599343e-01,-5.877056561256246425e-01,-6.543940309134431699e-01,-5.986143252601362486e-01,-6.336688278430870902e-01,-6.392580801514420319e-01,-5.823586250430580202e-01,-6.501999245824630069e-01,-5.770349927151667835e-01,-6.472924127830209651e-01,-6.317632240130892640e-01,-5.772636549440315346e-01,-6.744041793999072665e-01,-5.758462750402769670e-01,-6.362751021135127916e-01,-6.456900646432033319e-01,-6.049188880890068454e-01,-6.121291525504225506e-01,-6.055218026021783606e-01,-6.437131369107259582e-01
-6.178153519305047414e-01,-5.736890662503184579e-01,-6.423484379641981601e-01,-5.841911239419621538e-01,-6.202390893215232737e-01,-6.267486338700601900e-01,-5.684027126941659791e-01,-6.394320218379647702e-01,-5.630666489781295247e-01,-6.347272372671439733e-01,-6.191560431324564240e-01,-5.628065713593902730e-01,-6.631565519881525983e-01,-5.610307901746612869e-01,-6.238539531230365975e-01,-6.315406710032074322e-01,-5.918197908028677290e-01,-6.004003471057735020e-01,-5.924013047229728102e-01,-6.299795123642329964e-01
-6.056137752795327511e-01,-5.603722515785859448e-01,-6.308324709024901722e-01,-5.704878277142786391e-01,-6.074063913850380469e-01,-6.148349562335198026e-01,-5.551417416465012078e-01,-6.291809028831817363e-01,-5.498275266018841645e-01,-6.227065760329327793e-01,-6.071614188959697511e-01,-5.490832203607241002e-01,-6.524010226932301926e-01,-5.469292936142029493e-01,-6.120951419365006085e-01,-6.179025682118115537e-01,-5.794349041372985898e-01,-5.892305043972175804e-01,-5.799725606415300216e-01,-6.167885670647073049e-01
-5.940219052993757076e-01,-5.477201390605292985e-01,-6.198153156352558257e-01,-5.574754949753071287e-01,-5.951434201476024644e-01,-6.034855502242757463e-01,-5.425444985537097864e-01,-6.194074169670158447e-01,-5.372843702462801740e-01,-6.112035294810196362e-01,-5.957472752564436647e-01,-5.360586867535956923e-01,-6.421096986991765565e-01,-5.335080070619666603e-01,-6.009638667202676920e-01,-6.047586313113137990e-01,-5.677336069597000989e-01,-5.785729464637806574e-01,-5.682059934348391295e-01,-6.041192852501998667e-01
-5.830067320817905463e-01,-5.356971003366898243e-01,-6.092667614007500898e-01,-5.451227200188384359e-01,-5.834219923907110195e-01,-5.926682679992727465e-01,-5.305792163005578210e-01,-6.100744291691593268e-01,-5.254030903664927976e-01,-6.001905930968138847e-01,-5.848814082365538791e-01,-5.236967685165868636e-01,-6.322552774371694717e-01,-5.207321760595036153e-01,-5.904245040644752196e-01,-5.920898208643742278e-01,-5.566839151209355130e-01,-5.683841008904086944e-01,-5.570709773239262974e-01,-5.919487942077485965e-01
-5.725354099616566383e-01,-5.242676972413352621e-01,-5.991578250556394147e-01,-5.333966897765423099e-01,-5.722139545656727000e-01,-5.823510885695012407e-01,-5.192142533765189416e-01,-6.011471519437998623e-01,-5.141495568993781351e-01,-5.896403196929516088e-01,-5.745322315748104813e-01,-5.119609118815844351e-01,-6.228115516429040266e-01,-5.085669318441018438e-01,-5.804415926209975929e-01,-5.798760485289060629e-01,-5.462532572659002383e-01,-5.586238254427579042e-01,-5.465365256149231632e-01,-5.802532678783139941e-01
-5.625759136267224347e-01,-5.133971852617501552e-01,-5.894611528854513116e-01,-5.222639847150928327e-01,-5.614918024400020746e-01,-5.725026742362490095e-01,-5.084185569417563055e-01,-5.925933080127790964e-01,-5.034901508092390898e-01,-5.795258001377219248e-01,-5.646692855176337345e-01,-5.008148828708562927e-01,-6.137537208275947176e-01,-4.969778897722990640e-01,-5.709805413857549361e-01,-5.680967957340966601e-01,-5.364090678133692780e-01,-5.492555050928943361e-01,-5.365718038766292830e-01,-5.690085890321573414e-01
-5.530974515758231291e-01,-5.030518741784455461e-01,-5.801512307817342506e-01,-5.116911642523123138e-01,-5.512291350721869598e-01,-5.630926952687828058e-01,-4.981620385090103076e-01,-5.843831180038513429e-01,-4.933921990361296861e-01,-5.698209445786528438e-01,-5.552635789594807525e-01,-4.902232412459305300e-01,-6.050585414025290154e-01,-4.859315997762614359e-01,-5.620080711358587111e-01,-5.567316012539269554e-01,-5.271192068927853525e-01,-5.402460155267680975e-01,-5.271464729032264707e-01,-5.581908709526912649e-01
-5.440707744767243614e-01,-4.931993142650650808e-01,-5.712045045498730378e-01,-5.016452236792219299e-01,-5.414008789836260993e-01,-5.540921151255910893e-01,-4.884157431726388054e-01,-5.764892694828355202e-01,-4.838242066240954764e-01,-5.605007288786855169e-01,-5.462877546070161738e-01,-4.801516762027984164e-01,-5.967044162074487401e-01,-4.753957803971652352e-01,-5.534925497395736249e-01,-5.457603517596019138e-01,-5.183522945584371211e-01,-5.315655483702205197e-01,-5.182309835288207989e-01,-5.477767641948618760e-01
-5.354683116471847804e-01,-4.838084421620777453e-01,-5.625993751721054537e-01,-4.920939041792413704e-01,-5.319834643802282548e-01,-5.454732869459597566e-01,-4.791520308937335382e-01,-5.688867616799790916e-01,-4.747560686212155545e-01,-5.515412799569920921e-01,-5.377161886328539753e-01,-4.705672229712273280e-01,-5.886713761035664572e-01,-4.653395200764319783e-01,-5.454041344954145831e-01,-5.351635282096455226e-01,-5.100779275658600120e-01,-5.231874044796330780e-01,-5.097967437921623324e-01,-5.377437169837995246e-01
-5.272642436553152123e-01,-4.748496424302814933e-01,-5.543161479286138338e-01,-4.830059211273907693e-01,-5.229548842156634958e-01,-5.372100184908641385e-01,-4.703446559196153842e-01,-5.615527466741457863e-01,-4.661591765950764965e-01,-5.429199342902560899e-01,-5.295250036864771470e-01,-4.614383980827659326e-01,-5.809410308652809274e-01,-4.557333702870529635e-01,-5.377148501173990569e-01,-5.249223442019613772e-01,-5.022668409882571350e-01,-5.150877373314194374e-01,-5.018162517670960998e-01,-5.280701181237148489e-01
-5.194345113907302691e-01,-4.662947687372577255e-01,-5.463369327213363214e-01,-4.743511206874898023e-01,-5.142946942298789459e-01,-5.292775817051834641e-01,-4.619688050202092056e-01,-5.544663523830507534e-01,-4.580064742082213258e-01,-5.346152462676003747e-01,-5.216920295694856824e-01,-4.527352773880682912e-01,-5.734964887743614348e-01,-4.465493880408697436e-01,-5.303985953030212475e-01,-5.150188266131754400e-01,-4.948910204165378190e-01,-5.072452751638409918e-01,-4.942631882401022914e-01,-5.187353733699903158e-01
-5.119567635859192389e-01,-4.581171400813082162e-01,-5.386455385537420870e-01,-4.661005713573307396e-01,-5.059839919716917489e-01,-5.216526678378634596e-01,-4.540011278381537174e-01,-5.476084773977455411e-01,-4.502724943367505395e-01,-5.266069621085956998e-01,-5.141967606842123839e-01,-4.444295014046369952e-01,-5.663222462180218519e-01,-4.377611497367458471e-01,-5.234310974176181741e-01,-5.054358645350948143e-01,-4.879237500524162829e-01,-4.996410800019998044e-01,-4.871124417934675765e-01,-5.097199634454803174e-01
-5.048103101015498639e-01,-4.502915061901131555e-01,-5.312273179136977053e-01,-4.582266326311333349e-01,-4.980053290719219095e-01,-5.143133557926303778e-01,-4.464196949860883556e-01,-5.409616335491561623e-01,-4.429333273023397521e-01,-5.188759792251469438e-01,-5.070202378601327275e-01,-4.364942972437864110e-01,-5.594040931305874764e-01,-4.293437159517670687e-01,-5.167898480844953513e-01,-4.961572018874439438e-01,-4.813396766670327009e-01,-4.922582419531005282e-01,-4.803401752699288929e-01,-5.010054102060028658e-01
-4.979760242994489272e-01,-4.427940085256378833e-01,-5.240690399876919425e-01,-4.507029742151531515e-01,-4.903426428794108727e-01,-5.072390301396560996e-01,-4.392039850502303944e-01,-5.345097548123631803e-01,-4.359666046086562163e-01,-5.114042875157662760e-01,-5.001449724708186828e-01,-4.289044282935229324e-01,-5.527289922433016311e-01,-4.212735977080205862e-01,-5.104540097222747264e-01,-4.871674280437083837e-01,-4.751148055643950041e-01,-4.850816569504672882e-01,-4.739238096134771872e-01,-4.925742702574746334e-01
-4.914362511473984174e-01,-4.356021275302888185e-01,-5.171587494436267196e-01,-4.435045796798106621e-01,-4.829811614435332578e-01,-5.004103088597813276e-01,-4.323348361960042130e-01,-5.282380388591146891e-01,-4.293514500334741357e-01,-5.041749057480503504e-01,-4.935548402954669789e-01,-4.216361498250015827e-01,-5.462849732144390291e-01,-4.135286989361537935e-01,-5.044043173988279616e-01,-4.784519429665992085e-01,-4.692265000432402910e-01,-4.780977893672786472e-01,-4.678420235302652164e-01,-4.844100871649501538e-01
-4.851747086664252029e-01,-4.286946245764167718e-01,-5.104856341144028420e-01,-4.366077305285318566e-01,-4.759073078966458703e-01,-4.938089648352875227e-01,-4.257943926395446610e-01,-5.221327996212370426e-01,-4.230684225252911435e-01,-4.971718146075828626e-01,-4.872349806773533798e-01,-4.146671479467269883e-01,-5.400610300068895420e-01,-4.060882524128115456e-01,-4.986229762170232283e-01,-4.699969134829403705e-01,-4.636534634744670647e-01,-4.712944613430543050e-01,-4.620747357528766641e-01,-4.764973380497522504e-01
-4.791763911057511094e-01,-4.220514826918294604e-01,-5.040398952090916485e-01,-4.299899791849763342e-01,-4.691086024630438667e-01,-4.874178476522578740e-01,-4.195660451974676519e-01,-5.161813384776361424e-01,-4.170994482152530769e-01,-4.903798900497721158e-01,-4.811716995463246604e-01,-4.079764715505560524e-01,-5.340470208045885459e-01,-3.989327577406209802e-01,-4.930935581727013961e-01,-4.617892171778154586e-01,-4.583757191144959275e-01,-4.646606558550709920e-01,-4.566030846481440308e-01,-4.688213699921028321e-01
-4.734274723368328552e-01,-4.156538298090726724e-01,-4.978126572921478532e-01,-4.236301017927383561e-01,-4.625735739876516428e-01,-4.812208100176619263e-01,-4.136343636075513475e-01,-5.103718156800224337e-01,-4.114277594740877175e-01,-4.837848401481498750e-01,-4.753523697194163566e-01,-4.015444529531567719e-01,-5.282336020331600546e-01,-3.920438759029520881e-01,-4.878009113144102793e-01,-4.538164118630123589e-01,-4.533745424715552308e-01,-4.581863778032471135e-01,-4.514093716718108884e-01,-4.613683530009024536e-01
-4.679152135732671525e-01,-4.094838964201970577e-01,-4.917958278197015476e-01,-4.175080657729519640e-01,-4.562916660041945183e-01,-4.752026301007515885e-01,-4.079850397267652529e-01,-5.046931578659686890e-01,-4.060378163303765553e-01,-4.773731381575058719e-01,-4.697653493760832744e-01,-3.953526452080252662e-01,-5.226121244267549759e-01,-3.854043995618403606e-01,-4.827310543973504231e-01,-4.460666541359681325e-01,-4.486324620831423360e-01,-4.518624597615611971e-01,-4.464770581864750953e-01,-4.541251949720960246e-01
-4.626278793109633858e-01,-4.035249389372865259e-01,-4.859820289548548722e-01,-4.116049717678709752e-01,-4.502531578568745863e-01,-4.693489483291063413e-01,-4.026048152534050795e-01,-4.991349626402655226e-01,-4.009152383406479614e-01,-4.711319680319137615e-01,-4.643998984511950034e-01,-3.893837379396769549e-01,-5.171745820825844886e-01,-3.789981523445793421e-01,-4.778710978301653478e-01,-4.385286649496857869e-01,-4.441331879769280233e-01,-4.456804599498979114e-01,-4.417907022126049688e-01,-4.470794968068158015e-01
-4.575546580466410829e-01,-3.977611813737335078e-01,-4.803645100571491966e-01,-4.059030032365297247e-01,-4.444490876229573173e-01,-4.636462041024723701e-01,-3.974814176403599353e-01,-4.936874224412449164e-01,-3.960467323728110167e-01,-4.650491698537004837e-01,-4.592461050610315842e-01,-3.836214850578240632e-01,-5.119135496895232951e-01,-3.728099229077129761e-01,-4.732091616829692260e-01,-4.311916763409557873e-01,-4.398615696335087533e-01,-4.396325421711925197e-01,-4.373359200818056625e-01,-4.402194916857290474e-01
-4.526855897984969346e-01,-3.921777556649283514e-01,-4.749370762989602035e-01,-4.003853727610557911e-01,-4.388711825237915365e-01,-4.580815788465044114e-01,-3.926034958268730390e-01,-4.883412585608630785e-01,-3.914200226826736184e-01,-4.591131908200644096e-01,-4.542948182816238245e-01,-3.780506322845104128e-01,-5.068221317981762564e-01,-3.668253950385564344e-01,-4.687343024355314358e-01,-4.240453852712881000e-01,-4.358035464618695842e-01,-4.337113784349782009e-01,-4.330993413842542661e-01,-4.335339918677695303e-01
-4.480115000059904373e-01,-3.867606443233143065e-01,-4.696940268178090294e-01,-3.950362681371851759e-01,-4.335117959079171079e-01,-4.526429442701582762e-01,-3.879605579842390073e-01,-4.830876652976154872e-01,-3.870237831942153206e-01,-4.533130408523391441e-01,-4.495375874774386604e-01,-3.726568474148880261e-01,-5.018939195531169073e-01,-3.610310806582341936e-01,-4.644364464099404177e-01,-4.170799110842103308e-01,-4.319460976770919669e-01,-4.279100659012765595e-01,-4.290685632180172848e-01,-4.270123397278538513e-01
-4.435239419983125764e-01,-3.814966257653037984e-01,-4.646300992469019064e-01,-3.898408019079382392e-01,-4.283638476638590431e-01,-4.473188157410862842e-01,-3.835429138201644217e-01,-4.779182634021043596e-01,-3.828475706335220941e-01,-4.476382560194951399e-01,-4.449666085829758755e-01,-3.674266512643553084e-01,-4.971229512383428806e-01,-3.554142590787627842e-01,-4.603063285890559575e-01,-4.102857526478145833e-01,-4.282771939285919260e-01,-4.222220549392550204e-01,-4.252321055155603435e-01,-4.206443600726434973e-01
-4.392151332740606429e-01,-3.763732227843779032e-01,-4.597404330388369376e-01,-3.847849495939841824e-01,-4.234207844632652540e-01,-4.420983103295174077e-01,-3.793416105003876160e-01,-4.728250585431482689e-01,-3.788817712448613872e-01,-4.420788502801269448e-01,-4.405746712503333939e-01,-3.623473662838127551e-01,-4.925036932721507110e-01,-3.499629053580419757e-01,-4.563354420937843492e-01,-4.036537707773397710e-01,-4.247857409461637257e-01,-4.166410958644460871e-01,-4.215793621228235422e-01,-4.144203309311412786e-01
-4.350779207112710489e-01,-3.713786528054806024e-01,-4.550205189480047152e-01,-3.798555126746321342e-01,-4.186765192138311442e-01,-4.369711091523786894e-01,-3.753483874344235582e-01,-4.678004142766777340e-01,-3.751175286114773466e-01,-4.366253012462337213e-01,-4.363551215988684673e-01,-3.574070394775227810e-01,-4.880309966334320237e-01,-3.446656515153713185e-01,-4.525159835030434508e-01,-3.971751320501398785e-01,-4.214615427747725462e-01,-4.111611822573071340e-01,-4.181005615565299705e-01,-4.083309333124274798e-01
-4.311057276294321117e-01,-3.665017832344992232e-01,-4.504661736607230571e-01,-3.750400632191263628e-01,-4.141254003285352314e-01,-4.319274237629119328e-01,-3.715556207736233629e-01,-4.628370210513629290e-01,-3.715466985253585430e-01,-4.312685102363279510e-01,-4.323018192374985524e-01,-3.525944000222600572e-01,-4.837000864839871017e-01,-3.395117240871453612e-01,-4.488408117273207099e-01,-3.908412983641663119e-01,-4.182952476341212922e-01,-4.057765149558488771e-01,-4.147867211894475381e-01,-4.023672280070055285e-01
-4.272925139897051361e-01,-3.617320917335514752e-01,-4.460735066217113021e-01,-3.703269016571365535e-01,-4.097621728338106672e-01,-4.269579631052642377e-01,-3.679562800927354549e-01,-4.579278713540903545e-01,-3.681617974775078239e-01,-4.259997777570688204e-01,-4.284091023285437339e-01,-3.478988077148233438e-01,-4.795065359459483867e-01,-3.344909023017453853e-01,-4.453034056062624702e-01,-3.846439958809710902e-01,-4.152783088412428381e-01,-4.004814643204078761e-01,-4.116296086022493972e-01,-3.965206253543592241e-01
-4.236327428597174150e-01,-3.570596198922353359e-01,-4.418389048475102054e-01,-3.657050079229459127e-01,-4.055819497321318523e-01,-4.220539101313296459e-01,-3.645438771388217480e-01,-4.530662510399243725e-01,-3.649559464838875722e-01,-4.208107871411487788e-01,-4.246717563917692950e-01,-3.433102000430607870e-01,-4.754462603534869714e-01,-3.295934643937273867e-01,-4.418978314889280279e-01,-3.785751974986325541e-01,-4.124029328549352336e-01,-3.952705516048727885e-01,-4.086216933060031753e-01,-3.907828628417562844e-01
-4.201213487461698537e-01,-3.524749403606050047e-01,-4.377590085233648010e-01,-3.611640085607961681e-01,-4.015801820888067475e-01,-4.172068983484639726e-01,-3.613124301896377122e-01,-4.482457209069839466e-01,-3.619228308818261408e-01,-4.156935879349103469e-01,-4.210849807843591863e-01,-3.388190541722320148e-01,-4.715155030386831703e-01,-3.248101482403044082e-01,-4.386187104566429684e-01,-3.726271059814026954e-01,-4.096620391225944680e-01,-3.901384220026510308e-01,-4.057561136981430172e-01,-3.851459774291490779e-01
-4.167537102560611162e-01,-3.479691151439853747e-01,-4.338307086497660836e-01,-3.566941216276666715e-01,-3.977526375067599318e-01,-4.124089923579031813e-01,-3.582564093091621937e-01,-4.434601172854622519e-01,-3.590566524183690933e-01,-4.106405618604760388e-01,-4.176443896610571027e-01,-3.344163327110005746e-01,-4.677108231947443295e-01,-3.201321253869597871e-01,-4.354611807789834921e-01,-3.667921442064841497e-01,-4.070492212054684922e-01,-3.850798470570281351e-01,-4.030266306708457646e-01,-3.796023080300198194e-01
-4.135256158396060644e-01,-3.435336815980572500e-01,-4.300511063834472347e-01,-3.522861484780138719e-01,-3.940953713178984574e-01,-4.076526603595018727e-01,-3.553707299211912862e-01,-4.387035187075907783e-01,-3.563521030193252392e-01,-4.056444282533339662e-01,-4.143459504323091513e-01,-3.300934731601875005e-01,-4.640290776676273543e-01,-3.155509597749016626e-01,-4.324208769407417163e-01,-3.610629295190261878e-01,-4.045587136067024803e-01,-3.800896805252451105e-01,-4.004276082230509015e-01,-3.741444502488910917e-01
-4.104332449207025446e-01,-3.391606108026180566e-01,-4.264175215576512246e-01,-3.479314218346377663e-01,-3.906047123840219459e-01,-4.029307644544818934e-01,-3.526506980401857283e-01,-4.339702589664100052e-01,-3.538043173522936735e-01,-4.006982209209574708e-01,-4.111859866901311777e-01,-3.258423372541919827e-01,-4.604674214929712628e-01,-3.110585792921317649e-01,-4.294939009886074577e-01,-3.554322742813891822e-01,-4.021853483805770124e-01,-3.751628735801533221e-01,-3.979539659682644892e-01,-3.687652628319863513e-01
-4.074731436692464182e-01,-3.348422852483894929e-01,-4.229274773942561794e-01,-3.436217803591976594e-01,-3.872772438740550438e-01,-3.982365436045709473e-01,-3.500919849084022650e-01,-4.292549172538634994e-01,-3.514088419403598174e-01,-3.957952792714268808e-01,-4.081611532526149277e-01,-3.216551860295842058e-01,-4.570232968216536573e-01,-3.066472495840460444e-01,-4.266767984259160484e-01,-3.498931755047324232e-01,-3.999245217167719524e-01,-3.702944638039771807e-01,-3.956011494469604539e-01,-3.634578521113391858e-01
-4.046422037411167016e-01,-3.305714754909411801e-01,-4.195786914821648672e-01,-3.393495407675002351e-01,-3.841097871667866204e-01,-3.935636000421810499e-01,-3.476905984430255780e-01,-4.245523145697820966e-01,-3.491616036795149314e-01,-3.909292387334030172e-01,-4.052684180535882641e-01,-3.175246535178358198e-01,-4.536944248016238634e-01,-3.023095506857806924e-01,-4.239665350530277266e-01,-3.444388089330251979e-01,-3.977721600815287140e-01,-3.654795724258395051e-01,-3.933650984197480382e-01,-3.582155630053484030e-01
-4.019376422747332755e-01,-3.263413190727870172e-01,-4.163690675529628238e-01,-3.351074722147121543e-01,-3.810993871070964545e-01,-3.889058870489041642e-01,-3.454428567343882372e-01,-4.198575111053813869e-01,-3.470588805259827159e-01,-3.860940224564613499e-01,-4.025050450892989629e-01,-3.134437232959841890e-01,-4.504787974576686671e-01,-2.980383565157653236e-01,-4.213604748249585308e-01,-3.390625247777342421e-01,-3.957246876887604570e-01,-3.607134036111426245e-01,-3.912422164094276900e-01,-3.530319716900439109e-01
-3.993569829112541547e-01,-3.221453015507546036e-01,-4.132966877786148352e-01,-3.308887728084478619e-01,-3.782432983710710683e-01,-3.842576979012943261e-01,-3.433453634262254583e-01,-4.151658043455535019e-01,-3.450972741690596646e-01,-3.812838341100336370e-01,-3.998685781903952852e-01,-3.094057077011480583e-01,-4.473746693499424110e-01,-2.938268170433078752e-01,-4.188563584814225527e-01,-3.337578449104088851e-01,-3.937789951923239551e-01,-3.559912454375993018e-01,-3.892293414032284571e-01,-3.479008797197076230e-01
-3.968980389532058006e-01,-3.179772402459277170e-01,-4.103598051898065258e-01,-3.266870513294514167e-01,-3.755389755574681798e-01,-3.796136574208931469e-01,-3.413949849276716741e-01,-4.104727298849080719e-01,-3.432736850291683295e-01,-3.764931545688861014e-01,-3.973568198029583387e-01,-3.054042306092938364e-01,-4.443805525267902068e-01,-2.896683383790973343e-01,-4.164522858568211472e-01,-3.285184653029519231e-01,-3.919324079560785323e-01,-3.513084716346570602e-01,-3.873237187482843069e-01,-3.428163073513671444e-01
-3.945588905704148774e-01,-3.138312661754053545e-01,-4.075568371627106279e-01,-3.224962948657066342e-01,-3.729840502385634027e-01,-3.749687067105653693e-01,-3.395888284752465736e-01,-4.057740518892072878e-01,-3.415852863976432952e-01,-3.717167246882597809e-01,-3.949678378264492307e-01,-3.014332070325869695e-01,-4.414951928692143479e-01,-2.855565877525140239e-01,-4.141466833639160239e-01,-3.233382401968896702e-01,-3.901826630794593687e-01,-3.466605472598062176e-01,-3.855229696083898316e-01,-3.377724981703692508e-01
-3.923378754531782198e-01,-3.097018143745206009e-01,-4.048863565266432873e-01,-3.183108696309661645e-01,-3.705763351361312519e-01,-3.703181030474772539e-01,-3.379242231139671926e-01,-4.010657743638448292e-01,-3.400295048072017878e-01,-3.669495578755913590e-01,-3.926999185536943493e-01,-2.974868355972568601e-01,-4.387175811082958399e-01,-2.814854558363108494e-01,-4.119383013657433867e-01,-3.182112049691501188e-01,-3.885278716599099846e-01,-3.420430299744403047e-01,-3.838250705194071744e-01,-3.327639042701606709e-01
-3.902335669995529166e-01,-3.055836093949761412e-01,-4.023470850177810476e-01,-3.141254922105040093e-01,-3.683138028652534479e-01,-3.656574066051378469e-01,-3.363987003093089068e-01,-3.963441324626353901e-01,-3.386039971353083100e-01,-3.621869243086742740e-01,-3.905515729718956330e-01,-2.935595821983618126e-01,-4.360469286287863011e-01,-2.774490652150662928e-01,-4.098261827529017243e-01,-3.131315630955354701e-01,-3.869664975319673239e-01,-3.374515769551701405e-01,-3.822283239955250322e-01,-3.277851924151453655e-01
-3.882447590145477467e-01,-3.014716550922068583e-01,-3.999378850378130235e-01,-3.099352175475332816e-01,-3.661945774930671638e-01,-3.609824741072475973e-01,-3.350099765269174967e-01,-3.916055933764622243e-01,-3.373066311153723462e-01,-3.574243498012660281e-01,-3.885215170827091002e-01,-2.896461706462536423e-01,-4.334826593282414819e-01,-2.734417587293229701e-01,-4.078096456155567151e-01,-3.080936916207360765e-01,-3.854973288729015568e-01,-3.328819499421982742e-01,-3.807313344340111927e-01,-3.228312407966358877e-01
-3.863704493259115802e-01,-2.973612250287336334e-01,-3.976577513419709553e-01,-3.057354251278722179e-01,-3.642169238440247092e-01,-3.562894515414669061e-01,-3.337559366545418960e-01,-3.868468551445264914e-01,-3.361354664835822237e-01,-3.526576121298125033e-01,-3.866086573552784400e-01,-2.857415737717799997e-01,-4.310243973967068376e-01,-2.694580936572429364e-01,-4.058882631209244085e-01,-3.030921436860826712e-01,-3.841194520006029345e-01,-3.283300210635599070e-01,-3.793329837696571283e-01,-3.178971382461880379e-01
-3.846098234674570904e-01,-2.932478539296684561e-01,-3.955058022932974038e-01,-3.015218062715414038e-01,-3.623792368999575464e-01,-3.515747670892753196e-01,-3.326346183228420239e-01,-3.820648451896720976e-01,-3.350887370792535735e-01,-3.478827375421252865e-01,-3.848120761380393606e-01,-2.818410058683517017e-01,-4.286719542963580709e-01,-2.654928372505854228e-01,-4.040618432876614818e-01,-2.981216514713521115e-01,-3.828322257316166821e-01,-3.237917788587425516e-01,-3.780324076832757840e-01,-3.129781838206238120e-01
-3.829622384072705610e-01,-2.891273300342195318e-01,-3.934812706823961892e-01,-2.972903523736110110e-01,-3.606800312622820970e-01,-3.468351241676211894e-01,-3.316441970498001934e-01,-3.772567184952499986e-01,-3.341648338186533063e-01,-3.430959973448400313e-01,-3.831310170052387165e-01,-2.779399162922343569e-01,-4.264253149724816505e-01,-2.615409634419156304e-01,-4.023304086455113393e-01,-2.931771294228350810e-01,-3.816352562672425952e-01,-3.192633343621180675e-01,-3.768289723375431999e-01,-3.080698866286484816e-01
-3.814272062892817838e-01,-2.849956882235144540e-01,-3.915834940999313729e-01,-2.930373439774792144e-01,-3.591179306311207409e-01,-3.420674945129896782e-01,-3.307829721213801921e-01,-3.724198553750772689e-01,-3.333622884559342969e-01,-3.382939044936997819e-01,-3.815648700166902052e-01,-2.740339840640805269e-01,-4.242846233306133419e-01,-2.575976505603951860e-01,-4.006941757724355457e-01,-2.882536776634178066e-01,-3.805283725709065479e-01,-3.147409271432203282e-01,-3.757222516007983071e-01,-3.031679658065321581e-01
-3.800043781880650395e-01,-2.808492037966237032e-01,-3.898119048840921752e-01,-2.887593405539398694e-01,-3.576916572871723377e-01,-3.372691112376402511e-01,-3.300493531472147302e-01,-3.675518587878866539e-01,-3.326797580737015925e-01,-3.334732101037503060e-01,-3.801131569048559200e-01,-2.701191133076088491e-01,-4.222501670481352276e-01,-2.536582798872605293e-01,-3.991535347372422438e-01,-2.833465854681804785e-01,-3.795116022327106320e-01,-3.102209311959116533e-01,-3.747120047486012240e-01,-2.982683505438911142e-01
-3.786935278993812659e-01,-2.766843867691224923e-01,-3.881660196847306343e-01,-2.844531708661865999e-01,-3.564000215780863678e-01,-3.324374617935847431e-01,-3.294418472419400334e-01,-3.626505511611380905e-01,-3.321160102491489963e-01,-3.286308998176875606e-01,-3.787755162063972114e-01,-2.661914293818443689e-01,-4.203223617929540135e-01,-2.497184348976285162e-01,-3.977090284839354672e-01,-2.784513347039679898e-01,-3.785851478242207580e-01,-3.056998605847520700e-01,-3.737981546453853499e-01,-2.933671800655511808e-01
-3.774945357717880978e-01,-2.724979766100557588e-01,-3.866454286661786810e-01,-2.801159238439566157e-01,-3.552419113941266415e-01,-3.275702808188880599e-01,-3.289590467729046064e-01,-3.577139707159641691e-01,-3.316699088480758451e-01,-3.237641899824467706e-01,-3.775516883705734017e-01,-2.622472755684817081e-01,-4.185017349411873644e-01,-2.457739010405003977e-01,-3.963613322107661929e-01,-2.735636031432313042e-01,-3.777493637521137648e-01,-3.011743747802519966e-01,-3.729807664007694923e-01,-2.884608035121615788e-01
-3.764073726474600479e-01,-2.682869372912025097e-01,-3.852497844362419155e-01,-2.757449398477171965e-01,-3.542162816766352140e-01,-3.226655428101441458e-01,-3.285996176605957553e-01,-3.527403672687585701e-01,-3.313404004272180181e-01,-3.188705235818134476e-01,-3.764415008967244569e-01,-2.582832101800409119e-01,-4.167889089061179719e-01,-2.418206659084812249e-01,-3.951112328237542659e-01,-2.686792675550444542e-01,-3.770047336527349024e-01,-2.966412835972606077e-01,-3.722600265441363687e-01,-2.835457796259258090e-01
-3.754320839552449662e-01,-2.640484525704437924e-01,-3.839787907597846384e-01,-2.713378022550557711e-01,-3.533221439777211037e-01,-3.177214546087089309e-01,-3.283622881979670893e-01,-3.477281975203667663e-01,-3.311265012175668154e-01,-3.139475658983420514e-01,-3.754448535499462225e-01,-2.542960039751496759e-01,-4.151845841898544887e-01,-2.378549196695254886e-01,-3.939596085421095406e-01,-2.637944065026909812e-01,-3.763518483610139298e-01,-2.920975516843044573e-01,-3.716362227420570985e-01,-2.786188761923977797e-01
-3.745687750902838564e-01,-2.597799208574289032e-01,-3.828321926028546152e-01,-2.668923316128518630e-01,-3.525585605678210888e-01,-3.127364473748463491e-01,-3.282458366840211861e-01,-3.426761234521247257e-01,-3.310272842677071115e-01,-3.089931996947159476e-01,-3.745617046022611252e-01,-2.502826372055877990e-01,-4.136895217340857966e-01,-2.338730555843859249e-01,-3.929074108393587617e-01,-2.589052997441736448e-01,-3.757913870315813254e-01,-2.875403006804982953e-01,-3.711097228690980465e-01,-2.736770679015312902e-01
-3.738175916988550895e-01,-2.554789530661517039e-01,-3.818097585978705855e-01,-2.624065687475682918e-01,-3.519246164523813225e-01,-3.077091697025863271e-01,-3.282490879933782080e-01,-3.375829922509677172e-01,-3.310418691533354441e-01,-3.040055210794443408e-01,-3.737920529367103617e-01,-2.462402997492406098e-01,-4.123045276292217065e-01,-2.298716709117866186e-01,-3.919556364589147357e-01,-2.540084415848923305e-01,-3.753240868372760275e-01,-2.829668195081963544e-01,-3.706809609273910011e-01,-2.687175399931067687e-01
-3.731787110394331197e-01,-2.511433647155540960e-01,-3.809112788311199704e-01,-2.578787799355976573e-01,-3.514194357283437209e-01,-3.026384783849305760e-01,-3.283708937388849503e-01,-3.324478516725772881e-01,-3.311694083360123830e-01,-2.989828329572541410e-01,-3.731359289856578942e-01,-2.421663849900424492e-01,-4.110304339522062866e-01,-2.258475667647145135e-01,-3.911053201462929563e-01,-2.491005265346452058e-01,-3.749507366224864580e-01,-2.783745576277722455e-01,-3.703504111812305211e-01,-2.637376799144297568e-01
-3.726523231110642764e-01,-2.467711737259264682e-01,-3.801365472987399685e-01,-2.533074407934187700e-01,-3.510421543302704173e-01,-2.975234306708419152e-01,-3.286101297841038660e-01,-3.272699292603036270e-01,-3.314090779151374622e-01,-2.939236403501989114e-01,-3.725933777194676555e-01,-2.380584901369112438e-01,-4.098680831187984097e-01,-2.217977490093666348e-01,-3.903575079630045019e-01,-2.441784601565507307e-01,-3.746721491295841866e-01,-2.737611333068872277e-01,-3.701185755107487263e-01,-2.587350796315487367e-01
-3.722386176011565628e-01,-2.423605953333551888e-01,-3.794853523667238160e-01,-2.486912306986557297e-01,-3.507919147990481434e-01,-2.923632757835659124e-01,-3.289656858447212451e-01,-3.220486289873618069e-01,-3.317600670912901339e-01,-2.888266443099569702e-01,-3.721644461038915441e-01,-2.339144130667558663e-01,-4.088183113448298767e-01,-2.177194281837058210e-01,-3.897132411370607397e-01,-2.392393572441448846e-01,-3.744891447653450611e-01,-2.691243338609241587e-01,-3.699859653677287086e-01,-2.537075322821792378e-01
-3.719377703670196933e-01,-2.379100374646234972e-01,-3.789574659725142847e-01,-2.440290252298275842e-01,-3.506678570742285395e-01,-2.871574464009971073e-01,-3.294364572546235603e-01,-3.167835240588937618e-01,-3.322215685810622765e-01,-2.836907357778745697e-01,-3.718491703104522261e-01,-2.297321496721295153e-01,-4.078819328155424140e-01,-2.136100192724486868e-01,-3.891735387444238414e-01,-2.342805417067746476e-01,-3.744025342740610607e-01,-2.644621166763087561e-01,-3.699530858310563497e-01,-2.486530294231580895e-01
-3.717499305808164012e-01,-2.334180959957447843e-01,-3.785526332180926268e-01,-2.393198886573654205e-01,-3.506691096719559697e-01,-2.819055500592093644e-01,-3.300213372329684480e-01,-3.114743494652695288e-01,-3.327927696299008975e-01,-2.785149891958301205e-01,-3.716475635250193199e-01,-2.255098909863115231e-01,-4.070597244964297423e-01,-2.094671411108789127e-01,-3.887393812686113503e-01,-2.292995458685846977e-01,-3.744131024221353798e-01,-2.597726096105673621e-01,-3.700204205851723716e-01,-2.435697578728089063e-01
-3.716752086045982395e-01,-2.288835498809908553e-01,-3.782705624353965290e-01,-2.345630664816265032e-01,-3.507947812970561574e-01,-2.766073605233245747e-01,-3.307192096571682227e-01,-3.061209943501853048e-01,-3.334728436299513321e-01,-2.732986559053738884e-01,-3.715596044182644664e-01,-2.212460200620249839e-01,-4.063524116926414687e-01,-2.052886153830565386e-01,-3.884116951234650728e-01,-2.242941091842423629e-01,-3.745215927477361650e-01,-2.550541107813453223e-01,-3.701884178704119011e-01,-2.384560961605421969e-01
-3.717136646631278296e-01,-2.243053561415301045e-01,-3.781109158009551274e-01,-2.297579780169582420e-01,-3.510439529400549152e-01,-2.712628091609296521e-01,-3.315289423568801297e-01,-3.007234942444666492e-01,-3.342609423642362021e-01,-2.680411573582711093e-01,-3.715852263548554135e-01,-2.169391085655305584e-01,-4.057606544770219203e-01,-2.010724651649914985e-01,-3.881913382365164145e-01,-2.192621763621411257e-01,-3.747286934369934430e-01,-2.503050877512221772e-01,-3.704574774576809282e-01,-2.333106105935928154e-01
-3.718652983578557558e-01,-2.196826447226890577e-01,-3.780733005583524209e-01,-2.249042090365044322e-01,-3.514156704906356010e-01,-2.658719763758838339e-01,-3.324493809217711759e-01,-2.952820232428641778e-01,-3.351561888671564793e-01,-2.627420781988831222e-01,-3.717243073731644754e-01,-2.125879130992037180e-01,-4.052850350525312173e-01,-1.968169130186990801e-01,-3.880790867398410393e-01,-2.142018949316341070e-01,-3.750350243509971149e-01,-2.455241761461871286e-01,-3.708279386723463689e-01,-2.281320509759627302e-01
-3.721300390806560054e-01,-2.150147132134861416e-01,-3.781572609167760946e-01,-2.200015044778230178e-01,-3.519089379164165865e-01,-2.604350831324717119e-01,-3.334793430426905014e-01,-2.897968861672085006e-01,-3.361576709256521855e-01,-2.574011592392956294e-01,-3.719766610032154697e-01,-2.081913712257423277e-01,-4.049260461498713770e-01,-1.925203786027089581e-01,-3.880756228500127358e-01,-2.091116122515477294e-01,-3.754411252563996659e-01,-2.407101777170138623e-01,-3.713000695130310724e-01,-2.229193459906693986e-01
-3.725077373600821362e-01,-2.103010214414135493e-01,-3.783622706705024319e-01,-2.150497612267924519e-01,-3.525227110322516344e-01,-2.549524826192474669e-01,-3.346176133821626708e-01,-2.842685107814958423e-01,-3.372644352140694579e-01,-2.520182903806794106e-01,-3.723420279474529138e-01,-2.037485972106151400e-01,-4.046840805106082795e-01,-1.881814758103107499e-01,-3.881815239715637467e-01,-2.039898719959509221e-01,-3.759474452758472252e-01,-2.358620578806915058e-01,-3.718740568823942216e-01,-2.176715982788269277e-01
-3.729981571599355616e-01,-2.055411859622611193e-01,-3.786877265697185524e-01,-2.100490210024573423e-01,-3.532558918720847263e-01,-2.494246521036508346e-01,-3.358629389647781460e-01,-2.786974401212596320e-01,-3.384754820533695252e-01,-2.465935035297039390e-01,-3.728200686458100210e-01,-1.992588774970329712e-01,-4.045594215006772520e-01,-1.837990094462711166e-01,-3.883972530513902233e-01,-1.988354101532827378e-01,-3.765543335654160106e-01,-2.309789427828526365e-01,-3.725499979368116499e-01,-2.123880792547715446e-01
-3.736009691562845458e-01,-2.007349744492452626e-01,-3.791329424838948414e-01,-2.049994633473406491e-01,-3.541073236909982880e-01,-2.438521850062362606e-01,-3.372140250912982196e-01,-2.730843249824156937e-01,-3.397897607948761056e-01,-2.411269655455720584e-01,-3.734103567512094268e-01,-1.947216659214484058e-01,-4.045522348932232837e-01,-1.793719714523074882e-01,-3.887231502042385323e-01,-1.936471505736709897e-01,-3.772620312207847770e-01,-2.260601159209214561e-01,-3.733278925590131636e-01,-2.070682236862141090e-01
-3.743157449915056612e-01,-1.958823000066761688e-01,-3.796971443806027025e-01,-1.999013987379312240e-01,-3.550757866280391806e-01,-2.382357832118076058e-01,-3.386695317894392043e-01,-2.674299166020906449e-01,-3.412061658397613217e-01,-2.356189712430718786e-01,-3.741123735369323855e-01,-1.901365786848870365e-01,-4.046625618377341915e-01,-1.748995367126320588e-01,-3.891594256047693490e-01,-1.884242001202986183e-01,-3.780706643899063302e-01,-2.211050143895741393e-01,-3.742076369279745962e-01,-2.017116240932808058e-01
-3.751419524788257021e-01,-1.909832154503475488e-01,-3.803794661254240039e-01,-1.947552618262231028e-01,-3.561599940642831141e-01,-2.325762496088487896e-01,-3.402280708402104503e-01,-2.617350595256394685e-01,-3.427235333294774144e-01,-2.300699364511201439e-01,-3.749255032578160396e-01,-1.855033890931322427e-01,-4.048903130214792645e-01,-1.703810584801528916e-01,-3.897061536230925771e-01,-1.831658434965020843e-01,-3.789802385501094828e-01,-2.161132248213466778e-01,-3.751890181424324955e-01,-1.963180250360639090e-01
-3.760789517221740375e-01,-1.860379075903855206e-01,-3.811789460664560814e-01,-1.895616048473602322e-01,-3.573585896272830631e-01,-2.268744809100433635e-01,-3.418882033382941166e-01,-2.560006847049530188e-01,-3.443406384665693709e-01,-2.244803911713875166e-01,-3.758490294285020128e-01,-1.808220221004735451e-01,-4.052352640033497488e-01,-1.658160634501874009e-01,-3.903632681759793277e-01,-1.778715377838585021e-01,-3.799906339176450931e-01,-2.110844790518212610e-01,-3.762717098723519227e-01,-1.908873173232286669e-01
-3.771259922228062944e-01,-1.810466914512423031e-01,-3.820945244167105459e-01,-1.843210912027536952e-01,-3.586701447766375006e-01,-2.211314608406373394e-01,-3.436484376723433765e-01,-2.502278029462410847e-01,-3.460561933401917201e-01,-2.188509729448903096e-01,-3.768821319296458694e-01,-1.760925487097649844e-01,-4.056970516897768775e-01,-1.612042464623330840e-01,-3.911305593263201263e-01,-1.725409066034445660e-01,-3.811016020685835115e-01,-2.060186494036786997e-01,-3.774552691317507591e-01,-1.854195320281978310e-01
-3.782822109376168251e-01,-1.760100044667590180e-01,-3.831250414182486574e-01,-1.790344892496344431e-01,-3.600931569594479353e-01,-2.153482537257472018e-01,-3.455072279024151150e-01,-2.444174987535568389e-01,-3.478688452281118448e-01,-2.131824204723199445e-01,-3.780238849196684847e-01,-1.713151802670874191e-01,-4.062751719213733015e-01,-1.565454648830079121e-01,-3.920076710800920461e-01,-1.671737339749542195e-01,-3.823127637062795903e-01,-2.009157436693325416e-01,-3.787391341105053044e-01,-1.799148343777726977e-01
-3.795466312010032928e-01,-1.709284006940056666e-01,-3.842692363114197374e-01,-1.737026662294454682e-01,-3.616260484299675948e-01,-2.095259983768566203e-01,-3.474629726601700108e-01,-2.385709244564676590e-01,-3.497771754889573703e-01,-2.074755673987292437e-01,-3.792732556192396354e-01,-1.664902626296751731e-01,-4.069689781644985072e-01,-1.518397327485918324e-01,-3.929941002671332728e-01,-1.617699580554908534e-01,-3.836236073983665396e-01,-1.957758999782143183e-01,-3.801226229070295837e-01,-1.743735176666810494e-01
-3.809181624052208059e-01,-1.658025451210882739e-01,-3.855257470096530303e-01,-1.683265823987426801e-01,-3.632671656620312106e-01,-2.036659023083655096e-01,-3.495140145184001956e-01,-2.326892946494539260e-01,-3.517796989925014439e-01,-2.017313362969004042e-01,-3.806291038917574143e-01,-1.616182702645752034e-01,-4.077776812102215098e-01,-1.470872147385069995e-01,-3.940891964092487210e-01,-1.563296648206677353e-01,-3.850334891933350212e-01,-1.905993816125015616e-01,-3.816049330630916225e-01,-1.687959972681202236e-01
-3.823956004854224267e-01,-1.606332080073898660e-01,-3.868931104880447558e-01,-1.629072853327755421e-01,-3.650147793631741688e-01,-1.977692362352309052e-01,-3.516586398335518893e-01,-2.267738809116182641e-01,-3.538748640849126437e-01,-1.959507328263009884e-01,-3.820901825994257317e-01,-1.566998002634794884e-01,-4.087003498577300720e-01,-1.422882199391146685e-01,-3.952921626023176982e-01,-1.508530815885044674e-01,-3.865416331868620770e-01,-1.853865716652351725e-01,-3.831851419676225445e-01,-1.631828046314642566e-01
-3.839776291034109890e-01,-1.554212593245474228e-01,-3.883697637839109706e-01,-1.574459044659564377e-01,-3.668670849825511060e-01,-1.918373289238118895e-01,-3.538950789608332759e-01,-2.208260068791960684e-01,-3.560610529806876867e-01,-1.901348401516672060e-01,-3.836551386116414109e-01,-1.517355663705186597e-01,-4.097359124483097581e-01,-1.374431955015876228e-01,-3.966020572761258522e-01,-1.453405704861988890e-01,-3.881471329133300285e-01,-1.801379676277601316e-01,-3.848622080195500672e-01,-1.575345813431517639e-01
-3.856628215198353304e-01,-1.501676632581847026e-01,-3.899540456176324166e-01,-1.519436458119121924e-01,-3.688222037240416196e-01,-1.858715623457435351e-01,-3.562215068582454958e-01,-2.148470436223759439e-01,-3.583365825924280657e-01,-1.842848135762618633e-01,-3.853225144686717174e-01,-1.467263929893609098e-01,-4.108831592409151745e-01,-1.325527201741283356e-01,-3.980177968029392499e-01,-1.397926218546207688e-01,-3.898489535225783675e-01,-1.748541759055514677e-01,-3.866349725211787325e-01,-1.518520732304346477e-01
-3.874496430705745009e-01,-1.448734728035452612e-01,-3.916441985668391856e-01,-1.464017868790231658e-01,-3.708781840081015746e-01,-1.798733671477817930e-01,-3.586360440312600373e-01,-2.088384053417781105e-01,-3.606997057409278007e-01,-1.784018754175658861e-01,-3.870907506206622273e-01,-1.416732092202727111e-01,-4.121407455297547706e-01,-1.276174977746893369e-01,-3.995381588446781373e-01,-1.342098476591815359e-01,-3.916459346345861903e-01,-1.695359063241105857e-01,-3.885021622060257918e-01,-1.461361245562858846e-01
-3.893364541961444325e-01,-1.395398244560498158e-01,-3.934383717520817947e-01,-1.408216717690631004e-01,-3.730330033579315474e-01,-1.738442184088718478e-01,-3.611367578064719752e-01,-2.028015453550141012e-01,-3.631486127304506817e-01,-1.724873101044704926e-01,-3.889581882046374561e-01,-1.365770429299626443e-01,-4.135071954453503063e-01,-1.226383506199276857e-01,-4.011617863764651015e-01,-1.285929749189355653e-01,-3.935367938144705979e-01,-1.641839666369305228e-01,-3.904623923460075474e-01,-1.403876723090586032e-01
-3.913215139792378672e-01,-1.341679329919672203e-01,-3.953346239968696385e-01,-1.352047064408238852e-01,-3.752845706884874732e-01,-1.677856316506354806e-01,-3.637216639224540304e-01,-1.967379523437197686e-01,-3.656814332682324920e-01,-1.665424594809050696e-01,-3.909230723099944571e-01,-1.314390148670172564e-01,-4.149809063682218246e-01,-1.176162129352463226e-01,-4.028871923155515899e-01,-1.229428391705178758e-01,-3.955201306075097345e-01,-1.587992570467493536e-01,-3.925141703863500586e-01,-1.346077405859267828e-01
-3.934029840877091289e-01,-1.287590863884310322e-01,-3.973309273665132091e-01,-1.295523541770892129e-01,-3.776307289170327541e-01,-1.616991591242597226e-01,-3.663887283720536070e-01,-1.906491468807776091e-01,-3.682962386584138770e-01,-1.605687183475661972e-01,-3.929835556380905648e-01,-1.262603328800521729e-01,-4.165601538377851076e-01,-1.125521243163625507e-01,-4.047127646365709097e-01,-1.172603780312575505e-01,-3.975944310249982516e-01,-1.533827647981972353e-01,-3.946559000041650611e-01,-1.287974351211310653e-01
-3.955789331423411603e-01,-1.233146408114022680e-01,-3.994251711107195124e-01,-1.238661311711107410e-01,-3.800692579330445797e-01,-1.555863862771565131e-01,-3.691358695435314474e-01,-1.845366781422887459e-01,-3.709910443141634651e-01,-1.545675301519126854e-01,-3.951377025812857213e-01,-1.210422861705757469e-01,-4.182430969656459330e-01,-1.074472231837457492e-01,-4.066367719806843195e-01,-1.115466247965173768e-01,-3.997580724911250494e-01,-1.479355587822806517e-01,-3.968858856050504480e-01,-1.229579378877669882e-01
-3.978473413660964519e-01,-1.178360157604013969e-01,-4.016151658752478149e-01,-1.181476023114224200e-01,-3.825978778021543181e-01,-1.494489284689701492e-01,-3.719609605465623581e-01,-1.784021208743137299e-01,-3.737638124645485393e-01,-1.485403829140373722e-01,-3.973834935705155003e-01,-1.157862396930882942e-01,-4.200277841808237600e-01,-1.023027403546437480e-01,-4.086573695850371779e-01,-1.058027021908574256e-01,-4.020093290911230799e-01,-1.424587842588232733e-01,-3.992023371088626593e-01,-1.170905018699354705e-01
-4.002061055452660332e-01,-1.123246892884049719e-01,-4.038986482167733483e-01,-1.123983770730186404e-01,-3.852142522510392797e-01,-1.432884278318095339e-01,-3.748618317814038647e-01,-1.722470725068194763e-01,-3.766124551154748090e-01,-1.424888052811939532e-01,-3.997188297391494616e-01,-1.104936286122617517e-01,-4.219121593405349424e-01,-9.711999265035053952e-02,-4.107726055640739116e-01,-1.000298161853901135e-01,-4.043463771504775539e-01,-1.369536576198351341e-01,-4.016033750537606473e-01,-1.111964459195417948e-01
-4.026530441883741651e-01,-1.067821933601894313e-01,-4.062732853136547528e-01,-1.066201055689152410e-01,-3.879159923342406779e-01,-1.371065503204524916e-01,-3.778362736618493534e-01,-1.660731504610727383e-01,-3.795348371673619159e-01,-1.364143627716927765e-01,-4.021415377807610048e-01,-1.051659529006908622e-01,-4.238940680662890426e-01,-9.190037663217157093e-02,-4.129804274027490396e-01,-9.422924996912421247e-02,-4.067673010177720316e-01,-1.314214612710345731e-01,-4.040870359002227130e-01,-1.052771497676235901e-01
-4.051859028887260239e-01,-1.012101092960676629e-01,-4.087366798816345348e-01,-1.008144747007013176e-01,-3.907006603023567282e-01,-1.309049828793737436e-01,-3.808820395203731946e-01,-1.598819895777054412e-01,-3.825287797144771851e-01,-1.303186541413273170e-01,-4.046493750120745969e-01,-9.980477202750237531e-02,-4.259712643024593515e-01,-8.664536242316531189e-02,-4.152786886587634951e-01,-8.840235802482857008e-02,-4.092700990507610048e-01,-1.258635385862568457e-01,-4.066512775378923195e-01,-9.933404913424173643e-02
-4.078023597984092863e-01,-9.561006334786728567e-02,-4.112863752063901646e-01,-9.498320444712647637e-02,-3.935657735916756050e-01,-1.246854307568407844e-01,-3.839968486270518011e-01,-1.536752396912180463e-01,-3.855920634566240013e-01,-1.242033079043611543e-01,-4.072400345538406130e-01,-9.441169978755233061e-02,-4.281414169963754235e-01,-8.135648767360101341e-02,-4.176651557727972253e-01,-8.255056036340262249e-02,-4.118526897122857799e-01,-1.202812889848970113e-01,-4.092939849044106015e-01,-9.336863098614825440e-02
-4.105000312145246633e-01,-8.998372236494510401e-02,-4.139198602961764450e-01,-8.912804424213516263e-02,-3.965088089465039767e-01,-1.184496149077349791e-01,-3.871783893390804976e-01,-1.474545632953241925e-01,-3.887224322343946215e-01,-1.180699789615126394e-01,-4.099111506272931083e-01,-8.898839923869476809e-02,-4.304021168855121093e-01,-7.603535164274870251e-02,-4.201375149734591918e-01,-7.667533688319526364e-02,-4.145129177669615861e-01,-1.146761631000973169e-01,-4.120129757122121261e-01,-8.738242889849667794e-02
-4.132764772267950582e-01,-8.433278956134508675e-02,-4.166345751067349612e-01,-8.325076944706083504e-02,-3.995272066324785376e-01,-1.121992694832697479e-01,-3.904243223479460512e-01,-1.412216332943176389e-01,-3.919175966540211498e-01,-1.119203453343647209e-01,-4.126603039194112199e-01,-8.353657776096239107e-02,-4.327508833341426886e-01,-7.068360941712191481e-02,-4.226933792195906037e-01,-7.077822186969746909e-02,-4.172485605262112873e-01,-1.090496580519323133e-01,-4.148060062332452613e-01,-8.137701853204912239e-02
-4.161292073657004154e-01,-7.865900040982196084e-02,-4.194279157792198953e-01,-7.735317793813129006e-02,-4.026183746877933234e-01,-1.059361394204282464e-01,-3.937322839792069540e-01,-1.349781308506598498e-01,-3.951752377557909979e-01,-1.057561050213919052e-01,-4.154850269593002299e-01,-7.805798226401688966e-02,-4.351851711523881949e-01,-6.530296629626104743e-02,-4.253302951134093068e-01,-6.486079866439040109e-02,-4.200573340797061350e-01,-1.034033128535602336e-01,-4.176707770809988673e-01,-7.535401325152564500e-02
-4.190556862750648426e-01,-7.296411860597390442e-02,-4.222972399167146396e-01,-7.143708674766922895e-02,-4.057796932423922698e-01,-9.966197806420430683e-02,-3.970998895777188564e-01,-1.287257432648551414e-01,-3.984930107544419897e-01,-9.957897291627640368e-02,-4.183828095257901003e-01,-7.255439449443051858e-02,-4.377023774103232512e-01,-5.989517230077136961e-02,-4.280457497983196635e-01,-5.892469445149935148e-02,-4.229368995289087829e-01,-9.773870390153452381e-02,-4.206049390099259599e-01,-6.931505982667102161e-02
-4.220533393470706773e-01,-6.724993213484643795e-02,-4.252398718391934840e-01,-6.550432878768427947e-02,-4.090085188490313328e-01,-9.337854484711148595e-02,-4.005247369284847259e-01,-1.224661619081445774e-01,-4.018685488028466701e-01,-9.339067781115986677e-02,-4.213511040281175402e-01,-6.702762647465254631e-02,-4.402998481815577625e-01,-5.446201683861057186e-02,-4.308371777765980237e-01,-5.297157519658351327e-02,-4.258848691629192884e-01,-9.205744058253882700e-02,-4.236060986722290922e-01,-6.326183424927236953e-02
-4.251195582607935619e-01,-6.151824947362864032e-02,-4.282531077578218826e-01,-5.955674968729353369e-02,-4.123021887703638422e-01,-8.708760305048064698e-02,-4.040044096646427940e-01,-1.162010802301794987e-01,-4.052994667295013453e-01,-8.719295951083333440e-02,-4.243873308041373749e-01,-6.147951610542667922e-02,-4.429748851557064326e-01,-4.900532356398744349e-02,-4.337019675863736379e-01,-4.700314077060409323e-02,-4.288988125173044952e-01,-8.636116103017263401e-02,-4.266718242740681344e-01,-5.719603769858373765e-02
-4.282517065065527540e-01,-5.577089582401693890e-02,-4.313342209524901882e-01,-5.359620463374364235e-02,-4.156580253082802767e-01,-8.079091753674839949e-02,-4.075364807455673644e-01,-1.099321917358109246e-01,-4.087833648294287858e-01,-8.098756595285268312e-02,-4.274888834117465120e-01,-5.591192283428914056e-02,-4.457247521914685651e-01,-4.352694533238270214e-02,-4.366374684118434768e-01,-4.102112015639899911e-02,-4.319762623906961974e-01,-8.065152793378069229e-02,-4.297996512086517118e-01,-5.111939254684898237e-02
-4.314471247532806197e-01,-5.000970949773054369e-02,-4.344804668096393097e-01,-4.762455534023990467e-02,-4.190733400346002835e-01,-7.449025257085606366e-02,-4.111185158739323331e-01,-1.036611880415568843e-01,-4.123178325803509292e-01,-7.477625044672217558e-02,-4.306531337785129976e-01,-5.032672350661667598e-02,-4.485466816707210924e-01,-3.802875937132829676e-02,-4.396409964867018516e-01,-3.502726686001032125e-02,-4.351147206835073167e-01,-7.493022451639488879e-02,-4.329870875289678622e-01,-4.503363852990592553e-02
-4.347031361312802544e-01,-4.423653836465202965e-02,-4.376890877934395685e-01,-4.164366704737675756e-02,-4.225454379966190332e-01,-6.818736963761444503e-02,-4.147480769222994801e-01,-9.738975692342061175e-02,-4.159004523509177709e-01,-6.856076894464446791e-02,-4.338774372749165664e-01,-4.472580831664760281e-02,-4.514378807176817054e-01,-3.251266258430409589e-02,-4.427098413565409007e-01,-2.902335443902871390e-02,-4.383116641236401434e-01,-6.919895059868302889e-02,-4.362316193282491095e-01,-3.894052899067389217e-02
-4.380170513647404507e-01,-3.845323641575344037e-02,-4.409573182830508475e-01,-3.565540561092760824e-02,-4.260716218325628635e-01,-6.188402530231185139e-02,-4.184227253104899624e-01,-9.111958039791190345e-02,-4.195288030463626416e-01,-6.234287738456084638e-02,-4.371591376556783759e-01,-3.911107689850662483e-02,-4.543955372260518044e-01,-2.698056702838525292e-02,-4.458412719429189486e-01,-2.301117219130542624e-02,-4.415645498217051212e-01,-6.345941879398345198e-02,-4.395307159666489993e-01,-3.284182724554606664e-02
-4.413861737921457862e-01,-3.266166038852669901e-02,-4.442823893164595805e-01,-2.966163462144491558e-02,-4.296491958355131424e-01,-5.558196906486471967e-02,-4.221400253671805380e-01,-8.485233279219683844e-02,-4.232004637195587171e-01,-5.612432906450530445e-02,-4.404955718928730835e-01,-3.348443452237851586e-02,-4.574168257160085571e-01,-2.143439553146070375e-02,-4.490325424331862436e-01,-1.699252096405286933e-02,-4.448708206833626999e-01,-5.771335079226880271e-02,-4.428818351775099527e-01,-2.673930302369326856e-02
-4.448078041828182894e-01,-2.686366653855428929e-02,-4.476615331458830283e-01,-2.366421264117535284e-02,-4.332754698723377818e-01,-4.928294128592493328e-02,-4.258975475914554276e-01,-7.858967887336049118e-02,-4.269130170695631388e-01,-4.990687211531142503e-02,-4.438840748255936663e-01,-2.784778845826805030e-02,-4.604989129469033715e-01,-1.587607751120705124e-02,-4.522808979206885960e-01,-1.096920915139572641e-02,-4.482279106003231872e-01,-5.196247380442257924e-02,-4.462824279684776685e-01,-2.063472905985918454e-02
-4.482792454358880962e-01,-2.106110746119111560e-02,-4.510919876926527960e-01,-1.766499046104304943e-02,-4.369477632443691251e-01,-4.298867109259701252e-02,-4.296928718929869939e-01,-7.233327195169048096e-02,-4.306640529019836183e-01,-4.369224698732819545e-02,-4.473219836992194387e-01,-2.220304442664827738e-02,-4.636389633580101366e-01,-1.030754491439397381e-02,-4.555835798699215955e-01,-4.943048792931455104e-03,-4.516332494961221578e-01,-4.620851708071004038e-02,-4.497299433976318372e-01,-1.452987774476164305e-02
-4.517978070788426503e-01,-1.525582904054111240e-02,-4.545710008178241446e-01,-1.166580845573070291e-02,-4.406634084043975497e-01,-3.670087434076003963e-02,-4.335235907296065005e-01,-6.608475203107949669e-02,-4.344511714710387884e-01,-3.748218402517019404e-02,-4.508066425136491584e-01,-1.655210320857068013e-02,-4.668341442576245948e-01,-4.730728349163444701e-03,-4.589378313271220700e-01,1.084148151134800911e-03,-4.550842681482292762e-01,-4.045320857653558755e-02,-4.532218331453212734e-01,-8.426517911566603139e-03
-4.553608095964598590e-01,-9.449667490933937736e-03,-4.580958344370344437e-01,-5.668494003309394041e-03,-4.444197545594150700e-01,-3.042125159810057933e-02,-4.373873121726329916e-01,-5.984574396878244995e-02,-4.382719867379553103e-01,-3.127840108717341167e-02,-4.543354062209439270e-01,-1.089685736770783578e-02,-4.700816308034849733e-01,8.524466389316347897e-04,-4.623409019186519586e-01,7.110573396335197541e-03,-4.585784028235085907e-01,-3.469827172507911062e-02,-4.567555559142958410e-01,-2.326411719036127965e-03
-4.589655885871558039e-01,-3.644446489405405928e-03,-4.616637684785495632e-01,3.251410323686148782e-04,-4.482141711543512486e-01,-2.415148615190140097e-02,-4.412816628893977966e-01,-5.361785565357662930e-02,-4.421241295295594287e-01,-2.508260122317514107e-02,-4.579056447525465812e-01,-5.239188100671024126e-03,-4.733786107545594479e-01,6.440063131163985266e-03,-4.657900526197393254e-01,1.313442578868948343e-02,-4.621130997147684383e-01,-2.894542232428123918e-02,-4.603285816511327178e-01,3.768688365805260287e-03
-4.626094986883435567e-01,2.158025543689569975e-03,-4.652721046234751245e-01,6.313302696865219846e-03,-4.520440511760324132e-01,-1.789324209837924590e-02,-4.452042909878942134e-01,-4.740267625262944984e-02,-4.460052505482651197e-01,-1.889647045621181687e-02,-4.615147468319387158e-01,4.190377444690512182e-04,-4.767222889522580997e-01,1.203021620083986713e-02,-4.692825602499373083e-01,1.915391457400280467e-02,-4.656858191312036599e-01,-2.319636558467256041e-02,-4.639383955363319822e-01,9.857042431206892996e-03
-4.662899173754879167e-01,7.955958120922743126e-03,-4.689181699323173302e-01,1.229421732364108059e-02,-4.559068143795144690e-01,-1.164816241027558444e-02,-4.491528688187537699e-01,-4.120177442932154710e-02,-4.499130233263577971e-01,-1.272167556796836158e-02,-4.651601236705231734e-01,6.075970583183197896e-03,-4.801098916330402422e-01,1.762101618421565291e-02,-4.728157217990502370e-01,2.516726258921061707e-02,-4.692940395427135369e-01,-1.745279323790675102e-02,-4.675825018437173020e-01,1.593692593726655712e-02
-4.700042485292215133e-01,1.374758121690879825e-02,-4.725993202529404913e-01,1.826613378911294897e-02,-4.597999103295908885e-01,-5.417867092582667049e-03,-4.531250956283726095e-01,-3.501669664030387930e-02,-4.538451470177765623e-01,-6.559862000137695048e-03,-4.688392124361622226e-01,1.172978083159915801e-02,-4.835386704601892238e-01,2.321059174472536041e-02,-4.763868584713915610e-01,3.117270926157929625e-02,-4.729352613717838771e-01,-1.171638081016371236e-02,-4.712584275647778709e-01,2.200663237768974226e-02
-4.737499257889085658e-01,1.953114766547376507e-02,-4.763129434252952876e-01,2.422732565868283838e-02,-4.637208212718771927e-01,7.960485901398056674e-04,-4.571187000799674105e-01,-2.884896549104859487e-02,-4.577993490497971329e-01,-4.126518432155390492e-04,-4.725494795253919467e-01,1.737866150075363658e-02,-4.870059063119392406e-01,2.879709276816511815e-02,-4.799933194848158280e-01,3.716851344982073646e-02,-4.766070105619050201e-01,-5.988785035860776963e-03,-4.749637258207279888e-01,2.806447580564409502e-02
-4.775244157537814060e-01,2.530493548658909603e-02,-4.800564623455231272e-01,3.017609328491473869e-02,-4.676670648937700792e-01,6.992015870436549957e-03,-4.611314426943587952e-01,-2.270007810166949080e-02,-4.617733876813012173e-01,5.718358132746376166e-03,-4.762884236857409248e-01,2.302083069260889986e-02,-4.905089128724937630e-01,3.437869313470754556e-02,-4.836324856728168031e-01,4.315295617700368180e-02,-4.803068419730962546e-01,-2.716413598477353600e-04,-4.786959791173559520e-01,3.410879328432342428e-02
-4.819808465914136031e-01,3.205620769074264687e-02,-4.844779220351299598e-01,3.712908034451132405e-02,-4.723204078655095506e-01,1.422782857185116503e-02,-4.658551508166379196e-01,-1.552048037469505593e-02,-4.664526251295789683e-01,1.288023646202041822e-02,-4.807030699917003158e-01,2.962168857390988508e-02,-4.946558556553306563e-01,4.091081730184531473e-02,-4.879351743513987150e-01,5.014906976997175747e-02,-4.846749682037556628e-01,6.412506766778003180e-03,-4.831007021151807468e-01,4.117239272845503451e-02
-4.951924504456342024e-01,5.169706642002509095e-02,-4.975948160619685368e-01,5.733992404389680331e-02,-4.860820500123664845e-01,3.522570867362782160e-02,-4.797792407548819305e-01,5.307428517080436947e-03,-4.802519970793283632e-01,3.367486617443080782e-02,-4.937920359958736793e-01,4.884521016784111602e-02,-5.070131862483705509e-01,5.994643555238392263e-02,-5.007255746255118156e-01,7.049387814670934893e-02,-4.976242582978223084e-01,2.585344784039577890e-02,-4.961488433733931003e-01,6.169892286536078629e-02
-5.101832709551565870e-01,7.340482794337949146e-02,-5.124917843046923327e-01,7.965057269713063381e-02,-5.016442280827073663e-01,5.835002602684385975e-02,-4.954550289223971227e-01,2.823447715694452076e-02,-4.957975969919010129e-01,5.659372673711338814e-02,-5.086461186383197663e-01,7.012411264384094123e-02,-5.211332475606842429e-01,8.103668972486451072e-02,-5.152924435047802065e-01,9.296676671309944684e-02,-5.123174791671178951e-01,4.733409762027347700e-02,-5.109391972287568029e-01,8.434948635486957946e-02
-5.271853631091288905e-01,9.741947806564582590e-02,-5.294013970709963157e-01,1.043022163967328164e-01,-5.192381934770748941e-01,8.384166749179072786e-02,-5.131047461262696618e-01,5.349901934915429758e-02,-5.133120058151329212e-01,8.187954771058761350e-02,-5.254965087957325087e-01,9.370003226445905442e-02,-5.372523290648283378e-01,1.044243300327914181e-01,-5.318710161166514405e-01,1.178141368558093538e-01,-5.289833232212135528e-01,7.109266694724478142e-02,-5.276992937007871642e-01,1.093683059216853382e-01
-5.464402741870882929e-01,1.239891951933370928e-01,-5.485657769974903175e-01,1.315438001408915647e-01,-5.391042169293713826e-01,1.119492311376881627e-01,-5.329594255071481435e-01,8.134772932321873706e-02,-5.330268437801654047e-01,1.097833096177107393e-01,-5.445843021397778205e-01,1.198235050174291938e-01,-5.556173641783042072e-01,1.303609704469257946e-01,-5.507066069366399752e-01,1.452905161380362298e-01,-5.478602361479667504e-01,9.737623695657293688e-02,-5.466662776415924796e-01,1.370075396625091702e-01
-5.681845560901574999e-01,1.533556625033161702e-01,-5.702220843757834778e-01,1.616170471378649276e-01,-5.614769694023713509e-01,1.429141601103419978e-01,-5.552449810232058525e-01,1.120213105814010235e-01,-5.551689339477028362e-01,1.405495013640916391e-01,-5.661462872827124349e-01,1.487394941198214304e-01,-5.764715871239758371e-01,1.590924695864000538e-01,-5.720401174421563262e-01,1.756433353589838819e-01,-5.691823368714690190e-01,1.264265970774147152e-01,-5.680728645364887530e-01,1.675121626122287877e-01
-5.926255390354167041e-01,1.857297353972971188e-01,-5.945782371233072627e-01,1.947317043646085988e-01,-5.865611208018501888e-01,1.769461432551318325e-01,-5.801589086055782829e-01,1.457307328222076648e-01,-5.799371131018474790e-01,1.743916619340809826e-01,-5.903910935225084033e-01,1.806633250839066729e-01,-6.000304140393396546e-01,1.908346521373387727e-01,-5.960837516260192315e-01,2.090877585414859241e-01,-5.931558066741584589e-01,1.584566701106494002e-01,-5.921237956620983844e-01,2.010949713698130248e-01
-6.199040147823722258e-01,2.212541868340633933e-01,-6.217755024451820933e-01,2.310276973818332358e-01,-6.144937941793107150e-01,2.141854605049723081e-01,-6.078343528031735499e-01,1.826207241578145513e-01,-6.074664323042677783e-01,2.114548728456840665e-01,-6.174623491228252714e-01,2.157437439105755472e-01,-6.264441535958426011e-01,2.257360790332040845e-01,-6.229835613997942723e-01,2.457681966339181345e-01,-6.199224457060630300e-01,1.936142900694250713e-01,-6.189595005712473785e-01,2.378983626210608437e-01
-6.500412708100753445e-01,2.599510717068720389e-01,-6.518353922278028456e-01,2.705217183486863242e-01,-6.452913150865399183e-01,2.546497643752449469e-01,-6.382890244273429214e-01,2.227180062744647526e-01,-6.377772222467599228e-01,2.517626641987207869e-01,-6.473862619500589943e-01,2.540106068622471902e-01,-6.557449239354904424e-01,2.638253845591601032e-01,-6.527662332959685010e-01,2.857039834128373146e-01,-6.495078533966951451e-01,2.319308687777948130e-01,-6.486044310448814132e-01,2.779403772348437718e-01
-6.828710923843306357e-01,3.016544478076751412e-01,-6.845914788513773885e-01,3.130390211446512083e-01,-6.787808954389564775e-01,2.981660015026648680e-01,-6.713594933523121533e-01,2.658648496330358046e-01,-6.707095183411586614e-01,2.951489823388842582e-01,-6.800041483553815880e-01,2.953078605357764008e-01,-6.877783062334010822e-01,3.049438830102406683e-01,-6.852707067904875160e-01,3.287199875927644399e-01,-6.817547738044902328e-01,2.732555712112104129e-01,-6.809006071437815333e-01,3.210457758615254953e-01
-7.179644604230692728e-01,3.459363026359659754e-01,-7.196138807048763075e-01,3.581384168098334375e-01,-7.145250498710409293e-01,3.442953513313334324e-01,-7.066282286592938666e-01,3.116454804219316310e-01,-7.058501595455120015e-01,3.411830048290981909e-01,-7.148974534458566454e-01,3.392195157071516420e-01,-7.221273676407458098e-01,3.486712467130374526e-01,-7.200723448442820640e-01,3.743702578081830046e-01,-7.162490857985090997e-01,3.171825316562548180e-01,-7.154338372803930035e-01,3.667701911560578010e-01
-7.545663708635038658e-01,3.920451875562367960e-01,-7.561459010695366079e-01,4.050502778659934577e-01,-7.517583113237240600e-01,3.922708413188781273e-01,-7.433620731117099867e-01,3.593243585634348092e-01,-7.424711571947449906e-01,3.891063417957148496e-01,-7.513243993680043253e-01,3.850079020313749156e-01,-7.580484162286890149e-01,3.942637053672877201e-01,-7.564191205342813973e-01,4.218747845775681071e-01,-7.522573689267813002e-01,3.629900257258087404e-01,-7.514714965353391785e-01,4.143373219137065355e-01
-7.915776087520862703e-01,4.388903465151531291e-01,-7.930857545738807524e-01,4.526608114403560257e-01,-7.893692890252812511e-01,4.409807747577593751e-01,-7.804938792078910392e-01,4.078285820271255191e-01,-7.795109562603731446e-01,4.378156513938650241e-01,-7.882007609131376213e-01,4.315967613762784483e-01,-7.944513655379576988e-01,4.406375245599149504e-01,-7.932127657105552121e-01,4.701031167013976497e-01,-7.887081554089236946e-01,4.096235791956661099e-01,-7.879438938549271354e-01,4.626227155999805829e-01
-8.276201211575199279e-01,4.851097297475508441e-01,-8.290521451007804021e-01,4.995814883749321589e-01,-8.259669211307951731e-01,4.890368724435892323e-01,-8.166848254629160975e-01,4.558125382487273614e-01,-8.156360482177470450e-01,4.859295691883906421e-01,-8.241632127888679493e-01,4.776374671875639466e-01,-8.299635920521269972e-01,4.864361908995045169e-01,-8.290737184914307445e-01,5.176442986083021891e-01,-8.242548040311127311e-01,4.557606886351429631e-01,-8.235070696074135999e-01,5.102233941244108673e-01
-8.612086669770608882e-01,5.292440909289990447e-01,-8.625564583031989363e-01,5.443260361015943571e-01,-8.600536779639293972e-01,5.349498067141874591e-01,-8.504897185883126820e-01,5.018273980471741336e-01,-8.494052908990235018e-01,5.319627812294048796e-01,-8.577381310241016799e-01,5.216807996616219523e-01,-8.631004373019472986e-01,5.302036781572696533e-01,-8.625127894242297089e-01,5.629858967629542965e-01,-8.574425003694661207e-01,4.999792971278995690e-01,-8.567094524314091686e-01,5.556359576302076775e-01
-8.910066151377259436e-01,5.699944050325633782e-01,-8.922593484165137756e-01,5.855716970077562422e-01,-8.902832706499508308e-01,5.773893531438663018e-01,-8.806043528240574680e-01,5.445740940374721450e-01,-8.795163076764913601e-01,5.745850138052268630e-01,-8.875945080082455751e-01,5.624321666854211754e-01,-8.925207512314574654e-01,5.706412553737610915e-01,-8.921875150625390161e-01,6.047785853800983213e-01,-8.869581579475742661e-01,5.410085312925849710e-01,-8.862412175639844403e-01,5.975198212462945468e-01
-9.160880468668147758e-01,6.064843198967164728e-01,-9.172336744473579273e-01,6.224252584981668779e-01,-9.157244782716342790e-01,6.154502139428734697e-01,-9.061199455168824635e-01,5.831632548909411184e-01,-9.050593005952036751e-01,6.128863383728377912e-01,-9.128042881895191973e-01,5.990129063764154660e-01,-9.172899863706421852e-01,6.068698933953923236e-01,-9.171653175591112372e-01,6.421056884052767089e-01,-9.118873714146409348e-01,5.779856946158802300e-01,-9.111906183841790297e-01,6.349653517152983317e-01
-9.361038193574899857e-01,6.384252180968864598e-01,-9.371310900225495732e-01,6.545899171443737563e-01,-9.360280112301967437e-01,6.488197645526770918e-01,-9.266854670860047438e-01,6.172810009111120433e-01,-9.256794410522620753e-01,6.465454471817336790e-01,-9.330086654769216281e-01,6.311258656240450460e-01,-9.370482679172852380e-01,6.385959056833552250e-01,-9.370907516451826291e-01,6.746523066337751784e-01,-9.318782225774332462e-01,6.106195002434573471e-01,-9.312073548612606055e-01,6.676621307414882800e-01
-9.512863016225450163e-01,6.661190396311094108e-01,-9.521868092156846597e-01,6.823673906563667568e-01,-9.514308345915694076e-01,6.777817747443004581e-01,-9.425140725209102399e-01,6.471954408227569289e-01,-9.415840114479843148e-01,6.758346603713956124e-01,-9.484250237046757404e-01,6.590603000356198837e-01,-9.520174624175580247e-01,6.661148519649320310e-01,-9.521911674970859885e-01,7.027074348975811402e-01,-9.471475859904476824e-01,6.391954649537487931e-01,-9.465087569530490352e-01,6.959010258688395067e-01
-9.623055186682204498e-01,6.903122393766503162e-01,-9.630752829292648087e-01,7.065090178667591259e-01,-9.626108810008876526e-01,7.030691294835922367e-01,-9.542452051469422214e-01,6.736156061995123290e-01,-9.534056098218903763e-01,7.014742697682528894e-01,-9.597063107960399631e-01,6.835486346873780317e-01,-9.628591485541210249e-01,6.901666536508804795e-01,-9.631332404345426257e-01,7.270129177472566262e-01,-9.583417672073496485e-01,6.644355868903180085e-01,-9.577406373274787166e-01,7.204239040585910248e-01
-9.700517642037222998e-01,7.119764997207057577e-01,-9.706921060595049555e-01,7.279928031411213585e-01,-9.704679180481861067e-01,7.256419148262827079e-01,-9.627346333624906549e-01,6.974764297984437089e-01,-9.619932109040729706e-01,7.244118231530772833e-01,-9.677266531157409091e-01,7.055497059182842534e-01,-9.704580971126133271e-01,7.117172703829184321e-01,-9.708054892681956538e-01,7.485372081029924018e-01,-9.663245208978927803e-01,6.872854795276610584e-01,-9.657656720515851445e-01,7.421984322149955959e-01
-9.754294708206590059e-01,7.321011336154757965e-01,-9.759471701945826583e-01,7.478125624671739802e-01,-9.759159223625748503e-01,7.464768362819036440e-01,-9.688545337944760583e-01,7.197335967555116287e-01,-9.682129598418087735e-01,7.456121467200991226e-01,-9.733771706183460548e-01,7.260427624842643590e-01,-9.757160393543006238e-01,7.317516319034093053e-01,-9.761117469531639390e-01,7.682613112306929670e-01,-9.719753646821754911e-01,7.087118625525798965e-01,-9.714620792415841199e-01,7.622049845365186371e-01
-9.792150680807850671e-01,7.515496439840165799e-01,-9.796219471620789543e-01,7.668323332149249438e-01,-9.797400097636554950e-01,7.664213282834823060e-01,-9.733550120117712146e-01,7.412206673378590738e-01,-9.728100261138322713e-01,7.659115003764241925e-01,-9.774245501127588609e-01,7.458845927316672952e-01,-9.794087870952455921e-01,7.511303225604909484e-01,-9.798285594727659253e-01,7.870309328409208494e-01,-9.760500160897400690e-01,7.295620112817644554e-01,-9.755843040352216722e-01,7.812894050047692884e-01
-9.819910719109194996e-01,7.709921099302227132e-01,-9.823032005581658899e-01,7.857178606809243071e-01,-9.825302075086118636e-01,7.861245410450745652e-01,-9.767993263973236973e-01,7.625808044206866532e-01,-9.763438527443045745e-01,7.859482062334315344e-01,-9.804449025430460596e-01,7.657416849699868466e-01,-9.821193391053225641e-01,7.705218226182288799e-01,-9.825389207366551636e-01,8.054869145156354771e-01,-9.791152295848588594e-01,7.504970016632198648e-01,-9.786979501853897423e-01,8.000936195704478893e-01
-9.841419682589521711e-01,7.908979685347831134e-01,-9.843786194360066855e-01,8.049294160605076076e-01,-9.846774115555001483e-01,8.060297886118604760e-01,-9.795590591740672703e-01,7.842584640180541022e-01,-9.791832191728219170e-01,8.061547101189692199e-01,-9.828189082010524436e-01,7.860823509312537816e-01,-9.842328173950007919e-01,7.903949967962543566e-01,-9.846279538726618874e-01,8.240582502888079697e-01,-9.815441367521372529e-01,7.719840365611547739e-01,-9.811751022306097747e-01,8.190485075569958751e-01
-9.858877060715631746e-01,8.115636653508035980e-01,-9.860701415815228410e-01,8.247501677741270187e-01,-9.864071563620127048e-01,8.264029330180873156e-01,-9.818459094496289064e-01,8.065261634634061094e-01,-9.815378917155876959e-01,8.267857061879403391e-01,-9.847644257789829325e-01,8.072035525430161229e-01,-9.859692029000191038e-01,8.110464090931401859e-01,-9.863163393616738439e-01,8.429918002606047178e-01,-9.835485209692768072e-01,7.943229539823212226e-01,-9.832265181473665017e-01,8.384032351173871245e-01
-9.873313900306704971e-01,8.331497629732581567e-01,-9.874815217350079166e-01,8.453245875374062468e-01,-9.878276079253848208e-01,8.473713432555552982e-01,-9.837573268687737071e-01,8.295213263036537166e-01,-9.835041594509870144e-01,8.479571987116178988e-01,-9.863833818980792811e-01,8.292671628771864922e-01,-9.874305165720310695e-01,8.326370875902304736e-01,-9.877080308317306434e-01,8.623933116733428772e-01,-9.852250836216615015e-01,8.176818286998958074e-01,-9.849478066540547916e-01,8.582657186535069815e-01
