-1.000000000000000000e+00,-1.000000000000000000e+00
-8.372075224072458299e-01,-8.372075224072459410e-01
-4.396060886723881511e-01,-4.396060886723881511e-01
-3.778930212146341949e-02,-3.778930212146347500e-02
-1.477272399321959417e-01,-1.477272399321959417e-01
-7.017468486843239095e-01,-7.017468486843237985e-01
-9.950123428935314651e-01,-9.950123428935313541e-01
-8.814615400255108035e-01,-8.814615400255109146e-01
-5.116306817442984878e-01,-5.116306817442985988e-01
-7.991703879677697353e-02,-7.991703879677702904e-02
-8.539164862226200636e-02,-8.539164862226206187e-02
-6.185182665707377181e-01,-6.185182665707376071e-01
-9.796521776112476765e-01,-9.796521776112476765e-01
-9.193076554978213411e-01,-9.193076554978212300e-01
-5.818469945777113850e-01,-5.818469945777113850e-01
-1.327662530248022721e-01,-1.327662530248022721e-01
-3.898626442406799564e-02,-3.898626442406794013e-02
-5.290682520007796708e-01,-5.290682520007796708e-01
-9.532577693990765821e-01,-9.532577693990765821e-01
-9.506848422243193708e-01,-9.506848422243192598e-01
-6.482389035666202837e-01,-6.482389035666202837e-01
-1.954161003981829681e-01,-1.954161003981829403e-01
-8.317527627760779030e-03,-8.317527627760779030e-03
-4.374821437313197725e-01,-4.374821437313198280e-01
-9.152676215394590642e-01,-9.152676215394590642e-01
-9.746361073123311902e-01,-9.746361073123310792e-01
-7.108642131981190992e-01,-7.108642131981192103e-01
-2.635646927330185241e-01,-2.635646927330184686e-01
3.540096908927148345e-03,3.540096908927092834e-03
-3.456681877706718753e-01,-3.456681877706718753e-01
-8.659097438895363430e-01,-8.659097438895362320e-01
-9.908624288077139131e-01,-9.908624288077139131e-01
-7.681851529908845233e-01,-7.681851529908844123e-01
-3.364361654653401645e-01,-3.364361654653401645e-01
-9.626601872761431089e-04,-9.626601872761431089e-04
-2.590333944058677007e-01,-2.590333944058677007e-01
-8.050013673322754526e-01,-8.050013673322753416e-01
-9.984381720175824482e-01,-9.984381720175823371e-01
-8.204369589826544518e-01,-8.204369589826543407e-01
-4.102669542687129023e-01,-4.102669542687129023e-01
-2.318761977281758035e-02,-2.318761977281758035e-02
-1.793011554409564834e-01,-1.793011554409564556e-01
-7.341084642271499261e-01,-7.341084642271499261e-01
-9.967368869523040020e-01,-9.967368869523040020e-01
-8.665642309978666136e-01,-8.665642309978665025e-01
-4.843889718739128325e-01,-4.843889718739128325e-01
-5.944428624323022659e-02,-5.944428624323022659e-02
-1.117232215397077066e-01,-1.117232215397077622e-01
-6.539106601779974826e-01,-6.539106601779974826e-01
-9.850332195235674826e-01,-9.850332195235674826e-01
-9.065991028925379780e-01,-9.065991028925380890e-01
-5.562153308314560229e-01,-5.562153308314561340e-01
-1.091805242372036466e-01,-1.091805242372037021e-01
-5.751874678259077944e-02,-5.751874678259077944e-02
-5.673151591598026844e-01,-5.673151591598026844e-01
-9.625826733104967392e-01,-9.625826733104967392e-01
-9.398347729560886377e-01,-9.398347729560886377e-01
-6.251034814307644405e-01,-6.251034814307644405e-01
-1.687232281723825555e-01,-1.687232281723825000e-01
-2.008155685726820128e-02,-2.008155685726820128e-02
-4.763451740946341717e-01,-4.763451740946341717e-01
-9.290390041918505926e-01,-9.290390041918504815e-01
-9.659262195902769133e-01,-9.659262195902768022e-01
-6.897012630650574128e-01,-6.897012630650574128e-01
-2.360372140831639709e-01,-2.360372140831639154e-01
1.611973246429254658e-05,1.611973246434805773e-05
-3.846167900818719954e-01,-3.846167900818719954e-01
-8.840631350769735386e-01,-8.840631350769735386e-01
-9.843206706502034553e-01,-9.843206706502034553e-01
-7.493243404994800461e-01,-7.493243404994799350e-01
-3.083741274811407362e-01,-3.083741274811407362e-01
2.323242177073969739e-03,2.323242177073914227e-03
-2.956448976214510749e-01,-2.956448976214510749e-01
-8.278409079026471939e-01,-8.278409079026471939e-01
-9.943467208272177560e-01,-9.943467208272178670e-01
-8.035304251419734811e-01,-8.035304251419733701e-01
-3.829943509711762339e-01,-3.829943509711762895e-01
-1.311943705426565909e-02,-1.311943705426571460e-02
-2.126198253867977450e-01,-2.126198253867977728e-01
-7.611593357656928349e-01,-7.611593357656927239e-01
-9.954358049607974213e-01,-9.954358049607973102e-01
-8.515673728946594467e-01,-8.515673728946593357e-01
-4.583739486800508245e-01,-4.583739486800508245e-01
-4.388155549435235336e-02,-4.388155549435235336e-02
-1.400752528760048077e-01,-1.400752528760048077e-01
-6.848159032692059389e-01,-6.848159032692060499e-01
-9.868482330828975968e-01,-9.868482330828975968e-01
-8.934323515272799554e-01,-8.934323515272799554e-01
-5.318221573620041109e-01,-5.318221573620041109e-01
-8.945110302033965066e-02,-8.945110302033965066e-02
-7.962336815075982122e-02,-7.962336815075987673e-02
-6.013300890418875611e-01,-6.013300890418875611e-01
-9.679479683329018647e-01,-9.679479683329017536e-01
-9.283223777314374425e-01,-9.283223777314374425e-01
-6.028315515245049605e-01,-6.028315515245049605e-01
-1.455968635845700243e-01,-1.455968635845700798e-01
-3.574111628609155655e-02,-3.574111628609150104e-02
-5.120807533781563947e-01,-5.120807533781563947e-01
-9.383417257718228432e-01,-9.383417257718228432e-01
-9.562443120596813007e-01,-9.562443120596813007e-01
-6.692408393454699622e-01,-6.692408393454700732e-01
