-1.000000000000000000e+00,-1.000000000000000000e+00
-7.403427419176979996e-01,-7.403427419176979996e-01
-1.812250742081131794e-01,-1.812250742081131516e-01
-2.496573600119267322e-02,-2.496573600119267322e-02
-4.605614216218215096e-01,-4.605614216218215096e-01
-9.061018055538807570e-01,-9.061018055538806459e-01
-9.822820975574696467e-01,-9.822820975574696467e-01
-7.329244777911290143e-01,-7.329244777911289033e-01
-3.205423832384626803e-01,-3.205423832384626248e-01
-1.192824263123870576e-02,-1.192824263123870576e-02
-1.749558882231264101e-01,-1.749558882231264378e-01
-7.422305945177833930e-01,-7.422305945177833930e-01
-9.942668837303956231e-01,-9.942668837303955121e-01
-6.456618379226658488e-01,-6.456618379226657378e-01
-1.833593710180771441e-01,-1.833593710180771996e-01
1.264531151490055905e-03,1.264531151490055905e-03
-1.457091816694540687e-01,-1.457091816694540687e-01
-5.461237035940019746e-01,-5.461237035940019746e-01
-9.464942436300463058e-01,-9.464942436300461948e-01
-8.879090318058382447e-01,-8.879090318058381337e-01
-3.343861702190638052e-01,-3.343861702190638052e-01
2.325019797909666508e-03,2.325019797909666508e-03
-2.439638754950552713e-01,-2.439638754950552435e-01
-6.960941345672274627e-01,-6.960941345672274627e-01
-9.726650375259852099e-01,-9.726650375259852099e-01
-9.400535209775072731e-01,-9.400535209775073842e-01
-5.804539077015818949e-01,-5.804539077015820059e-01
-1.080444262463034488e-01,-1.080444262463034488e-01
-5.848447670548584387e-02,-5.848447670548584387e-02
-5.752199870289108619e-01,-5.752199870289109729e-01
-9.844829537976891309e-01,-9.844829537976890199e-01
-8.523726577455010833e-01,-8.523726577455010833e-01
-4.410731549154125464e-01,-4.410731549154124909e-01
-9.600051763535766280e-02,-9.600051763535771832e-02
-9.008122922821604206e-03,-9.008122922821659717e-03
-3.006248393901964078e-01,-3.006248393901964078e-01
-8.179473246374077133e-01,-8.179473246374077133e-01
-9.737365658817165315e-01,-9.737365658817164205e-01
-5.133299832413054098e-01,-5.133299832413054098e-01
-5.079167215286445325e-02,-5.079167215286445325e-02
-6.594869895195637488e-02,-6.594869895195637488e-02
-4.097075967232598481e-01,-4.097075967232599036e-01
-7.973391561157388008e-01,-7.973391561157388008e-01
-9.989286879818168874e-01,-9.989286879818168874e-01
-7.966865846156415687e-01,-7.966865846156415687e-01
-2.580156490713302886e-01,-2.580156490713302886e-01
-1.749210972539716469e-03,-1.749210972539771980e-03
-3.887562071813188136e-01,-3.887562071813188136e-01
-8.824377949398634069e-01,-8.824377949398634069e-01
-9.843095548513273174e-01,-9.843095548513273174e-01
-7.304531065456731920e-01,-7.304531065456730810e-01
-3.307526377805461437e-01,-3.307526377805461437e-01
-2.444178297738069938e-02,-2.444178297738069938e-02
-1.204074187262537121e-01,-1.204074187262537121e-01
-6.551804468696673656e-01,-6.551804468696672545e-01
-9.996804131718159958e-01,-9.996804131718159958e-01
-7.043183481579338157e-01,-7.043183481579338157e-01
-2.053266378808405457e-01,-2.053266378808405457e-01
1.483644553050555981e-03,1.483644553050500470e-03
-1.467941104105532357e-01,-1.467941104105532357e-01
-5.268753748324574993e-01,-5.268753748324574993e-01
-9.200380661922374914e-01,-9.200380661922376024e-01
-9.353679877579996749e-01,-9.353679877579996749e-01
-4.280810803199543435e-01,-4.280810803199543990e-01
-8.075135067941996425e-03,-8.075135067941996425e-03
-2.000462494495754973e-01,-2.000462494495755528e-01
-6.791592292327086611e-01,-6.791592292327085501e-01
-9.731389989647180050e-01,-9.731389989647178940e-01
-9.413927075110736231e-01,-9.413927075110737341e-01
-6.089892008277846269e-01,-6.089892008277846269e-01
-1.518149628006268403e-01,-1.518149628006268959e-01
-2.244488782135323213e-02,-2.244488782135323213e-02
-4.803113235389946389e-01,-4.803113235389945834e-01
-9.605046874160341197e-01,-9.605046874160342307e-01
-8.803163170629584311e-01,-8.803163170629584311e-01
-4.510768258102119677e-01,-4.510768258102119121e-01
-9.409425667015941519e-02,-9.409425667015941519e-02
-7.626210808894640092e-03,-7.626210808894640092e-03
-2.650179898716401028e-01,-2.650179898716401583e-01
-7.578750598436544417e-01,-7.578750598436545527e-01
-9.953853863864333684e-01,-9.953853863864332574e-01
-6.036787239359675539e-01,-6.036787239359675539e-01
-8.425068112103217821e-02,-8.425068112103217821e-02
-5.078474358296281022e-02,-5.078474358296281022e-02
-4.062493203892625915e-01,-4.062493203892625360e-01
-7.988223236476246214e-01,-7.988223236476246214e-01
-9.975727122763139443e-01,-9.975727122763138333e-01
-8.359501264927367004e-01,-8.359501264927368114e-01
-3.329808091929245539e-01,-3.329808091929246094e-01
2.780739144918165096e-03,2.780739144918220607e-03
-3.066737338476660524e-01,-3.066737338476659969e-01
-8.445968444669627040e-01,-8.445968444669627040e-01
-9.891325882346881926e-01,-9.891325882346883036e-01
-7.295692070112607119e-01,-7.295692070112607119e-01
-3.324416159297629569e-01,-3.324416159297630124e-01
-3.330100043978345692e-02,-3.330100043978345692e-02
-8.387396796559026813e-02,-8.387396796559021261e-02
-5.682424602709292838e-01,-5.682424602709291728e-01
-9.878420885062128010e-01,-9.878420885062128010e-01
-7.728439946178207176e-01,-7.728439946178206066e-01
-2.417582591191021479e-01,-2.417582591191021479e-01
