-1.000000000000000000e+00,-1.000000000000000000e+00
-7.643342640527253096e-01,-7.643342640527253096e-01
-1.330230928803246560e-01,-1.330230928803246837e-01
5.374068221684946689e-01,5.374068221684946689e-01
9.509536726815317476e-01,9.509536726815317476e-01
9.217757872272183128e-01,9.217757872272182018e-01
4.667194731621704396e-01,4.667194731621703285e-01
-2.156564520649822958e-01,-2.156564520649822958e-01
-8.172686553090509065e-01,-8.172686553090509065e-01
-9.944877148096603614e-01,-9.944877148096604724e-01
-6.990411358106618511e-01,-6.990411358106618511e-01
-4.922602204357551248e-02,-4.922602204357554023e-02
6.069054221427716556e-01,6.069054221427717666e-01
9.768563898661855038e-01,9.768563898661853928e-01
8.753089882658602328e-01,8.753089882658601217e-01
3.073839656971259493e-01,3.073839656971259493e-01
-4.189434512971663138e-01,-4.189434512971663138e-01
-9.000787089055191093e-01,-9.000787089055189982e-01
-9.640833497325128620e-01,-9.640833497325127510e-01
-5.318591770612084435e-01,-5.318591770612085545e-01
1.901215595356187116e-01,1.901215595356186561e-01
7.985811549688339728e-01,7.985811549688338618e-01
9.991498698848593207e-01,9.991498698848593207e-01
7.263432480013336523e-01,7.263432480013336523e-01
9.545115989601526962e-02,9.545115989601532513e-02
-5.694973431525967023e-01,-5.694973431525967023e-01
-9.719806808086359773e-01,-9.719806808086359773e-01
-8.738981083281910367e-01,-8.738981083281910367e-01
-3.058230587325322380e-01,-3.058230587325322380e-01
3.957973490188582133e-01,3.957973490188582688e-01
9.154416066905977090e-01,9.154416066905977090e-01
9.467429005937944009e-01,9.467429005937944009e-01
4.873316291920907206e-01,4.873316291920906651e-01
-2.189063590747950538e-01,-2.189063590747950538e-01
-8.123570127380488337e-01,-8.123570127380488337e-01
-9.916284430194961530e-01,-9.916284430194961530e-01
-6.648253385655740200e-01,-6.648253385655742420e-01
-7.935459100298358770e-04,-7.935459100298081214e-04
6.718551150678905293e-01,6.718551150678906403e-01
9.968872842067162399e-01,9.968872842067162399e-01
8.191311556216295253e-01,8.191311556216296363e-01
2.214642019435331677e-01,2.214642019435331399e-01
-4.508102705996385184e-01,-4.508102705996384629e-01
-9.286374243518722427e-01,-9.286374243518722427e-01
-9.427766874833541921e-01,-9.427766874833541921e-01
-4.866473800222665957e-01,-4.866473800222665957e-01
1.951708405400004454e-01,1.951708405400004454e-01
7.726562605350627555e-01,7.726562605350628665e-01
9.975757763029131642e-01,9.975757763029131642e-01
6.984111982594198853e-01,6.984111982594198853e-01
7.839428675771398236e-02,7.839428675771389909e-02
-6.001352454181639873e-01,-6.001352454181639873e-01
-9.789604609294569881e-01,-9.789604609294570992e-01
-8.675766031300085057e-01,-8.675766031300085057e-01
-3.097892233423495956e-01,-3.097892233423495956e-01
3.847023942754584369e-01,3.847023942754584369e-01
9.111300413208356375e-01,9.111300413208355264e-01
9.649776732146176927e-01,9.649776732146178038e-01
5.599606680928549407e-01,5.599606680928548297e-01
-1.321799816059335830e-01,-1.321799816059336385e-01
-7.719627845299831259e-01,-7.719627845299831259e-01
-9.989475245093227818e-01,-9.989475245093226707e-01
-7.331253403790877199e-01,-7.331253403790878309e-01
-8.045700896715135553e-02,-8.045700896715130002e-02
5.698696303808051811e-01,5.698696303808050700e-01
9.720801733962187718e-01,9.720801733962187718e-01
8.782262564464606847e-01,8.782262564464606847e-01
3.420479227957820001e-01,3.420479227957819446e-01
-3.734578234719724832e-01,-3.734578234719725387e-01
-9.091015625423978230e-01,-9.091015625423979341e-01
-9.604023264863910114e-01,-9.604023264863910114e-01
-5.598282873876851973e-01,-5.598282873876853083e-01
9.439822349742410523e-02,9.439822349742407748e-02
7.386163791428479453e-01,7.386163791428479453e-01
9.999975371188434270e-01,9.999975371188434270e-01
7.382190973743651963e-01,7.382190973743651963e-01
9.210048747355104037e-02,9.210048747355104037e-02
-5.794344545778179478e-01,-5.794344545778179478e-01
-9.795451801537016223e-01,-9.795451801537016223e-01
-8.803750969741981347e-01,-8.803750969741980237e-01
-3.424413159213944846e-01,-3.424413159213944846e-01
3.792692913024364731e-01,3.792692913024364176e-01
8.902920688756479350e-01,8.902920688756479350e-01
9.720885779892529666e-01,9.720885779892529666e-01
5.820469035169790750e-01,5.820469035169791860e-01
-8.267114452831880733e-02,-8.267114452831877958e-02
-7.074185379545939734e-01,-7.074185379545938623e-01
-9.975544308768607982e-01,-9.975544308768606871e-01
-7.947215706629171539e-01,-7.947215706629171539e-01
-1.782878830471482656e-01,-1.782878830471483211e-01
5.409219439107957328e-01,5.409219439107957328e-01
9.684197555205357189e-01,9.684197555205356078e-01
8.764325704976257958e-01,8.764325704976259068e-01
3.670227698083110002e-01,3.670227698083110002e-01
-3.123901361277746647e-01,-3.123901361277746647e-01
-8.498125102692442034e-01,-8.498125102692440924e-01
-9.850942487254489288e-01,-9.850942487254490398e-01
-5.975209853522102099e-01,-5.975209853522102099e-01
4.753124559934918114e-02,4.753124559934918114e-02
7.073985216265387121e-01,7.073985216265387121e-01
9.955692956965661589e-01,9.955692956965660478e-01
