-1.000000000000000000e+00,-1.000000000000000000e+00
-6.806776580113114150e-01,-6.806776580113114150e-01
1.149351890003505461e-01,1.149351890003505461e-01
7.743446922819174905e-01,7.743446922819174905e-01
9.985503370581381155e-01,9.985503370581380045e-01
8.650660135844662202e-01,8.650660135844663312e-01
3.717116138197077424e-01,3.717116138197076869e-01
-4.116334937841904518e-01,-4.116334937841903407e-01
-9.611323036919201535e-01,-9.611323036919202645e-01
-8.723248298328241113e-01,-8.723248298328242223e-01
-3.992115576443659997e-01,-3.992115576443659442e-01
1.666364261223793886e-01,1.666364261223793608e-01
7.259976267647147985e-01,7.259976267647147985e-01
9.996116332380401426e-01,9.996116332380400316e-01
6.260455972794949364e-01,6.260455972794949364e-01
-1.322437122260423648e-01,-1.322437122260422815e-01
-7.184822936501755741e-01,-7.184822936501755741e-01
-9.821805296286285625e-01,-9.821805296286285625e-01
-9.054208693039705880e-01,-9.054208693039706990e-01
-3.584140984230069216e-01,-3.584140984230068661e-01
4.760801179506350400e-01,4.760801179506350955e-01
9.691659783077319901e-01,9.691659783077319901e-01
9.043452472286289678e-01,9.043452472286288568e-01
5.179079879013192000e-01,5.179079879013192000e-01
-6.765173485955783272e-02,-6.765173485955783272e-02
-7.257515409319305055e-01,-7.257515409319305055e-01
-9.952833062241608353e-01,-9.952833062241607243e-01
-5.922516620908769847e-01,-5.922516620908769847e-01
7.769085053862845314e-02,7.769085053862842538e-02
6.223147749355373293e-01,6.223147749355375513e-01
9.553870162846932468e-01,9.553870162846933578e-01
9.119801655705856991e-01,9.119801655705856991e-01
2.976701275920419221e-01,2.976701275920419776e-01
-5.218158824855644307e-01,-5.218158824855644307e-01
-9.587421020153541473e-01,-9.587421020153541473e-01
-9.501346490349894536e-01,-9.501346490349895646e-01
-6.165783356753075095e-01,-6.165783356753075095e-01
3.626061949220860114e-02,3.626061949220857339e-02
7.638516435398010618e-01,7.638516435398010618e-01
9.875166267107511331e-01,9.875166267107510221e-01
6.110331373258495180e-01,6.110331373258495180e-01
3.781781857740484920e-02,3.781781857740487696e-02
-5.180183033978317253e-01,-5.180183033978316143e-01
-9.404029565058520390e-01,-9.404029565058519280e-01
-8.912876056782322864e-01,-8.912876056782323975e-01
-2.329885801385123689e-01,-2.329885801385123967e-01
5.150331475104412693e-01,5.150331475104412693e-01
9.235040710666673203e-01,9.235040710666673203e-01
9.829371926410663818e-01,9.829371926410664928e-01
6.645559438261072760e-01,6.645559438261072760e-01
-7.305699121837516685e-02,-7.305699121837513910e-02
-8.076651292529850590e-01,-8.076651292529850590e-01
-9.863718827605565398e-01,-9.863718827605566508e-01
-6.823081227753406974e-01,-6.823081227753408085e-01
-1.717525159143069580e-01,-1.717525159143069857e-01
4.505516679340083597e-01,4.505516679340083597e-01
9.483640090066701722e-01,9.483640090066702832e-01
8.561621423861607294e-01,8.561621423861607294e-01
2.122608104451386701e-01,2.122608104451386146e-01
-4.446696714595973488e-01,-4.446696714595972932e-01
-8.634513075155272332e-01,-8.634513075155271222e-01
-9.955607129586969695e-01,-9.955607129586969695e-01
-6.568153198908275314e-01,-6.568153198908275314e-01
1.440662719909266976e-01,1.440662719909267531e-01
8.273544216191386358e-01,8.273544216191386358e-01
9.950562363652928344e-01,9.950562363652928344e-01
7.731761862389487927e-01,7.731761862389486817e-01
2.720845196474142025e-01,2.720845196474142580e-01
-4.464734949419749688e-01,-4.464734949419750243e-01
-9.677596723976235049e-01,-9.677596723976233939e-01
-8.317050359033815177e-01,-8.317050359033814066e-01
-2.613931105387259923e-01,-2.613931105387259368e-01
3.262685652519807800e-01,3.262685652519806689e-01
8.007552616675603918e-01,8.007552616675603918e-01
9.972481309308274255e-01,9.972481309308274255e-01
6.084044140633371178e-01,6.084044140633371178e-01
-1.985139627705787557e-01,-1.985139627705787002e-01
-8.072477736477809973e-01,-8.072477736477809973e-01
-9.997520306913223465e-01,-9.997520306913223465e-01
-8.447108256624931144e-01,-8.447108256624930034e-01
-3.063644321776327062e-01,-3.063644321776327062e-01
4.947876654595022017e-01,4.947876654595021462e-01
9.816823767274781565e-01,9.816823767274780455e-01
8.421877244956940123e-01,8.421877244956939013e-01
3.685273823488194322e-01,3.685273823488193767e-01
-2.021796419863075567e-01,-2.021796419863075844e-01
-7.688799975733064951e-01,-7.688799975733064951e-01
-9.929019550217978995e-01,-9.929019550217978995e-01
-5.527448748652257215e-01,-5.527448748652257215e-01
1.948977013572961159e-01,1.948977013572960881e-01
7.427601553278518898e-01,7.427601553278520008e-01
9.879535113532155188e-01,9.879535113532154078e-01
8.784860949775494809e-01,8.784860949775493699e-01
2.743144605217043286e-01,2.743144605217042731e-01
-5.556595109297034485e-01,-5.556595109297034485e-01
-9.837439108252490350e-01,-9.837439108252490350e-01
-8.872345923990347938e-01,-8.872345923990347938e-01
-4.903744410768328121e-01,-4.903744410768328121e-01
1.222376073068497937e-01,1.222376073068498215e-01
7.818118333606147718e-01,7.818118333606148829e-01
9.817046199444789956e-01,9.817046199444789956e-01
