-1.000000000000000000e+00,-1.000000000000000000e+00
-6.686976520288430148e-01,-6.686976520288430148e-01
-1.317494640716140863e-01,-1.317494640716140863e-01
-1.905717692204139668e-02,-1.905717692204145219e-02
-3.126612278016047686e-01,-3.126612278016047131e-01
-7.121903116531533851e-01,-7.121903116531533851e-01
-9.791102656646114566e-01,-9.791102656646114566e-01
-8.934293631850944717e-01,-8.934293631850943607e-01
-4.034525569084919661e-01,-4.034525569084919105e-01
-5.054787484518541429e-03,-5.054787484518596941e-03
-2.451031365339708668e-01,-2.451031365339708668e-01
-7.834766820616146932e-01,-7.834766820616148042e-01
-9.997502696589434246e-01,-9.997502696589434246e-01
-8.130019887617916385e-01,-8.130019887617916385e-01
-4.300214485040446122e-01,-4.300214485040446122e-01
-7.543541260147457184e-02,-7.543541260147451633e-02
-4.450602139524018064e-02,-4.450602139524018064e-02
-4.983629356062988514e-01,-4.983629356062989069e-01
-9.691507795851739271e-01,-9.691507795851738161e-01
-8.298986669075339995e-01,-8.298986669075341105e-01
-3.162358387908490998e-01,-3.162358387908491553e-01
-1.424056187696998155e-02,-1.424056187696992604e-02
-8.416781051863647667e-02,-8.416781051863647667e-02
-4.219882797101939254e-01,-4.219882797101938698e-01
-8.390955182256458755e-01,-8.390955182256458755e-01
-9.880691654655497924e-01,-9.880691654655497924e-01
-5.901106060979394163e-01,-5.901106060979394163e-01
-6.523600754066011254e-02,-6.523600754066011254e-02
-9.941125439018794196e-02,-9.941125439018794196e-02
-5.625354024253031993e-01,-5.625354024253030882e-01
-9.304435166865735463e-01,-9.304435166865734352e-01
-9.788484133498762674e-01,-9.788484133498762674e-01
-7.135059437631585677e-01,-7.135059437631584567e-01
-2.598415596012784157e-01,-2.598415596012784157e-01
3.050150521670125237e-03,3.050150521670125237e-03
-3.219523535018901095e-01,-3.219523535018901095e-01
-8.783414140181593499e-01,-8.783414140181593499e-01
-9.534477395154749013e-01,-9.534477395154750123e-01
-5.649440539024855878e-01,-5.649440539024855878e-01
-1.600167166244674255e-01,-1.600167166244674255e-01
7.194759376406567597e-04,7.194759376406567597e-04
-1.687609616329073248e-01,-1.687609616329073803e-01
-6.300848285993005948e-01,-6.300848285993005948e-01
-9.917028753399064200e-01,-9.917028753399065311e-01
-7.544155833870260786e-01,-7.544155833870260786e-01
-1.874177216012313241e-01,-1.874177216012313241e-01
-8.113462217717748448e-03,-8.113462217717748448e-03
-3.034058553452023688e-01,-3.034058553452023133e-01
-7.146646442773663122e-01,-7.146646442773660901e-01
-9.766640697595633247e-01,-9.766640697595633247e-01
-9.164549996775045448e-01,-9.164549996775046559e-01
-4.765672732244357057e-01,-4.765672732244356502e-01
-3.075090340074088102e-02,-3.075090340074082551e-02
-1.703123572258953278e-01,-1.703123572258953000e-01
-7.269253934780390836e-01,-7.269253934780391946e-01
-9.995636467285939908e-01,-9.995636467285939908e-01
-8.158731795966243094e-01,-8.158731795966241984e-01
-4.280965687346385273e-01,-4.280965687346385273e-01
-8.467923641972657789e-02,-8.467923641972652238e-02
-2.608879276723630181e-02,-2.608879276723630181e-02
-4.165659853949302827e-01,-4.165659853949302827e-01
-9.275635000864812518e-01,-9.275635000864812518e-01
-8.889899613516525356e-01,-8.889899613516525356e-01
-3.689394644257911748e-01,-3.689394644257911748e-01
-1.948592172021706981e-02,-1.948592172021706981e-02
-8.453692036482884919e-02,-8.453692036482884919e-02
-4.207307546153717381e-01,-4.207307546153717936e-01
-8.196848002762606722e-01,-8.196848002762607832e-01
-9.976669989433907260e-01,-9.976669989433908370e-01
-6.754668433255982540e-01,-6.754668433255982540e-01
-1.215067774408246648e-01,-1.215067774408246648e-01
-5.681664525773083563e-02,-5.681664525773078012e-02
-5.179884992555352508e-01,-5.179884992555353618e-01
-9.239904474805522572e-01,-9.239904474805523682e-01
-9.779531256997023858e-01,-9.779531256997023858e-01
-7.198459008238397017e-01,-7.198459008238398127e-01
-2.921160348770981408e-01,-2.921160348770981963e-01
-1.855137258200856287e-03,-1.855137258200856287e-03
-2.375241822891102639e-01,-2.375241822891102916e-01
-8.117252572968159940e-01,-8.117252572968159940e-01
-9.782118347415029724e-01,-9.782118347415029724e-01
-5.979009423160805969e-01,-5.979009423160807080e-01
-1.643016906941638378e-01,-1.643016906941638378e-01
1.161949296021203004e-03,1.161949296021147493e-03
-1.589186523800559248e-01,-1.589186523800559248e-01
-5.838581539709136736e-01,-5.838581539709137846e-01
-9.712104856973482470e-01,-9.712104856973482470e-01
-8.322963068563811184e-01,-8.322963068563811184e-01
-2.595960051964399939e-01,-2.595960051964400495e-01
1.259715692827345634e-04,1.259715692826790523e-04
-2.810796170096993007e-01,-2.810796170096992452e-01
-7.145847189939394939e-01,-7.145847189939394939e-01
-9.765490670508298887e-01,-9.765490670508298887e-01
-9.286247629465861353e-01,-9.286247629465860243e-01
-5.351362819612528465e-01,-5.351362819612528465e-01
-6.818808683949439953e-02,-6.818808683949439953e-02
-1.047283724977881580e-01,-1.047283724977881025e-01
-6.521392638614547099e-01,-6.521392638614547099e-01
-9.956185314395420427e-01,-9.956185314395419317e-01
-8.273769148274702223e-01,-8.273769148274703333e-01
-4.252433163907902713e-01,-4.252433163907902713e-01
