-1.000000000000000000e+00,-1.000000000000000000e+00
-6.782511100204472454e-01,-6.782511100204472454e-01
-1.868405122126339246e-01,-1.868405122126339801e-01
6.367004811546617127e-04,6.367004811546617127e-04
-1.475115992312919788e-01,-1.475115992312919788e-01
-6.012780613558380560e-01,-6.012780613558381670e-01
-9.907289860318151398e-01,-9.907289860318152508e-01
-7.591763728640767983e-01,-7.591763728640766873e-01
-2.482004334594035133e-01,-2.482004334594034578e-01
-6.193094686653188852e-03,-6.193094686653188852e-03
-1.018652459189396398e-01,-1.018652459189396398e-01
-5.180828189437124420e-01,-5.180828189437123310e-01
-9.639275624160041911e-01,-9.639275624160043021e-01
-8.325327508909678986e-01,-8.325327508909678986e-01
-3.178752796609348730e-01,-3.178752796609348730e-01
-2.087156684883029190e-02,-2.087156684883023638e-02
-6.503254776503258894e-02,-6.503254776503253343e-02
-4.363000493921260214e-01,-4.363000493921259659e-01
-9.207989299166264852e-01,-9.207989299166264852e-01
-8.963133801164543391e-01,-8.963133801164543391e-01
-3.932747571774425910e-01,-3.932747571774425910e-01
-4.487966207363558446e-02,-4.487966207363558446e-02
-3.573222999152703139e-02,-3.573222999152708690e-02
-3.593035797924720165e-01,-3.593035797924719610e-01
-8.632916100495711120e-01,-8.632916100495710010e-01
-9.461623747644829496e-01,-9.461623747644829496e-01
-4.749488918823811523e-01,-4.749488918823811523e-01
-7.639794505750840958e-02,-7.639794505750840958e-02
-1.582610580457355365e-02,-1.582610580457355365e-02
-2.868784536004733154e-01,-2.868784536004733710e-01
-7.950081145721942244e-01,-7.950081145721942244e-01
-9.810052656232768342e-01,-9.810052656232768342e-01
-5.582753268794025114e-01,-5.582753268794025114e-01
-1.179802315542360369e-01,-1.179802315542360369e-01
-2.864970633100816233e-03,-2.864970633100760722e-03
-2.227339698019620839e-01,-2.227339698019620562e-01
-7.175205574172142109e-01,-7.175205574172140999e-01
-9.980681224244534189e-01,-9.980681224244534189e-01
-6.435437541744645218e-01,-6.435437541744646328e-01
-1.667365924777641228e-01,-1.667365924777640951e-01
4.939714519523463743e-04,4.939714519524018854e-04
-1.648680741241345116e-01,-1.648680741241344838e-01
-6.361176487857970185e-01,-6.361176487857970185e-01
-9.970343918893366242e-01,-9.970343918893365132e-01
-7.250928015295645679e-01,-7.250928015295645679e-01
-2.254429112091077547e-01,-2.254429112091077547e-01
-2.894640746718302182e-03,-2.894640746718246671e-03
-1.167888454456111891e-01,-1.167888454456111336e-01
-5.513428279201932902e-01,-5.513428279201931792e-01
-9.780319721322643378e-01,-9.780319721322643378e-01
-8.022644887760063126e-01,-8.022644887760064236e-01
-2.905554594982915906e-01,-2.905554594982915351e-01
-1.590735185947722563e-02,-1.590735185947722563e-02
-7.576354530082746175e-02,-7.576354530082746175e-02
-4.687516538682406919e-01,-4.687516538682407474e-01
-9.414282511678006005e-01,-9.414282511678007115e-01
-8.698439858091620014e-01,-8.698439858091620014e-01
-3.639538842283933096e-01,-3.639538842283932540e-01
-3.600729364940363775e-02,-3.600729364940363775e-02
-4.457314208555424040e-02,-4.457314208555424040e-02
-3.880454212780654055e-01,-3.880454212780654055e-01
-8.901655266828768509e-01,-8.901655266828768509e-01
-9.261276392049613282e-01,-9.261276392049613282e-01
-4.419758086190624380e-01,-4.419758086190623825e-01
-6.555648453081980298e-02,-6.555648453081980298e-02
-2.084007664709619512e-02,-2.084007664709625063e-02
-3.135983749351947125e-01,-3.135983749351947680e-01
-8.254053572003482442e-01,-8.254053572003482442e-01
-9.677178618462920490e-01,-9.677178618462921600e-01
-5.245681749374431213e-01,-5.245681749374431213e-01
-1.028864654310118198e-01,-1.028864654310118198e-01
-6.225447653009308357e-03,-6.225447653009252846e-03
-2.449757052721816541e-01,-2.449757052721816819e-01
-7.514671677961789475e-01,-7.514671677961790586e-01
-9.926294501092095546e-01,-9.926294501092095546e-01
-6.084698805595086801e-01,-6.084698805595085691e-01
-1.490871023207632207e-01,-1.490871023207632207e-01
4.970436708129355452e-04,4.970436708128800340e-04
-1.844662826741546580e-01,-1.844662826741546857e-01
-6.704863299816556932e-01,-6.704863299816556932e-01
-9.998787856036936983e-01,-9.998787856036936983e-01
-6.912537957181417170e-01,-6.912537957181417170e-01
-2.036120298165797760e-01,-2.036120298165797760e-01
-1.006366303730410472e-03,-1.006366303730354961e-03
-1.322251850419463026e-01,-1.322251850419463026e-01
-5.862162351339019750e-01,-5.862162351339019750e-01
-9.885518799708066240e-01,-9.885518799708065130e-01
-7.703982257885784168e-01,-7.703982257885783058e-01
-2.656689495524551248e-01,-2.656689495524551248e-01
-1.103057140315627516e-02,-1.103057140315621965e-02
-8.829698601591529084e-02,-8.829698601591529084e-02
-5.017933881064662316e-01,-5.017933881064662316e-01
-9.596271828788328628e-01,-9.596271828788328628e-01
-8.416873410204406269e-01,-8.416873410204406269e-01
-3.356839456018012036e-01,-3.356839456018012036e-01
-2.856934125678689540e-02,-2.856934125678689540e-02
-5.382435797366891261e-02,-5.382435797366885710e-02
-4.189840527906238954e-01,-4.189840527906238399e-01
-9.144515567786736243e-01,-9.144515567786735133e-01
-9.034084121806125189e-01,-9.034084121806126300e-01
-4.107432234721905551e-01,-4.107432234721904996e-01
