-1.000000000000000000e+00,-1.000000000000000000e+00
-7.813297257228096759e-01,-7.813297257228097870e-01
-3.401157065281394942e-01,-3.401157065281395497e-01
-1.913865610807852224e-02,-1.913865610807857776e-02
-1.399013260685006421e-01,-1.399013260685006421e-01
-5.905673204176371538e-01,-5.905673204176371538e-01
-9.811418544976859835e-01,-9.811418544976859835e-01
-8.764499973530034405e-01,-8.764499973530033294e-01
-4.180587307516256956e-01,-4.180587307516256956e-01
-2.329071254464581964e-02,-2.329071254464587515e-02
-1.311690094032548770e-01,-1.311690094032548770e-01
-5.865209197027687615e-01,-5.865209197027686505e-01
-9.520668007544945688e-01,-9.520668007544944578e-01
-9.060744172836600052e-01,-9.060744172836601162e-01
-4.356044277907796247e-01,-4.356044277907795692e-01
-5.232838462986139083e-02,-5.232838462986144634e-02
-9.264760328632837272e-02,-9.264760328632837272e-02
-5.390444083532007769e-01,-5.390444083532008879e-01
-9.351675849336307245e-01,-9.351675849336306134e-01
-9.277585713070687357e-01,-9.277585713070686246e-01
-5.517013616349895067e-01,-5.517013616349895067e-01
-1.220434824274093111e-01,-1.220434824274093111e-01
-2.717331725360849770e-02,-2.717331725360849770e-02
-4.232450516064239499e-01,-4.232450516064238943e-01
-9.042889930457083114e-01,-9.042889930457083114e-01
-9.650840539480918245e-01,-9.650840539480917135e-01
-5.430821248374150256e-01,-5.430821248374149146e-01
-9.697154945238062318e-02,-9.697154945238062318e-02
-1.995956410192745167e-02,-1.995956410192745167e-02
-4.136351088301380985e-01,-4.136351088301380985e-01
-8.841486004966541135e-01,-8.841486004966541135e-01
-9.616340576319851730e-01,-9.616340576319851730e-01
-6.072489357644041963e-01,-6.072489357644041963e-01
-1.714838329689128971e-01,-1.714838329689128971e-01
-8.571814932949728405e-03,-8.571814932949728405e-03
-3.402228625306515375e-01,-3.402228625306514820e-01
-8.337049511887513198e-01,-8.337049511887513198e-01
-9.920042106888876665e-01,-9.920042106888876665e-01
-6.511815518518011547e-01,-6.511815518518011547e-01
-1.904786166519482626e-01,-1.904786166519482626e-01
-4.819817519666758088e-04,-4.819817519667313199e-04
-2.979519493119255347e-01,-2.979519493119255347e-01
-8.155735774832204577e-01,-8.155735774832204577e-01
-9.902173969314254087e-01,-9.902173969314252977e-01
-6.247554487697883907e-01,-6.247554487697883907e-01
-1.903787741302916392e-01,-1.903787741302916114e-01
4.195633148944499791e-03,4.195633148944555302e-03
-2.786263966439240236e-01,-2.786263966439240236e-01
-7.950307418904943857e-01,-7.950307418904943857e-01
-9.962780260176844482e-01,-9.962780260176845593e-01
-7.445612814941469093e-01,-7.445612814941469093e-01
-2.821790308712067152e-01,-2.821790308712067152e-01
-6.355854386258630306e-03,-6.355854386258630306e-03
-1.888405106703551217e-01,-1.888405106703551217e-01
-7.244620607816577573e-01,-7.244620607816576463e-01
-9.949994240274034896e-01,-9.949994240274036006e-01
-7.646917164935969069e-01,-7.646917164935969069e-01
-2.677219242334742955e-01,-2.677219242334743510e-01
6.015910457669748634e-03,6.015910457669748634e-03
-1.912154484117720155e-01,-1.912154484117720155e-01
-6.852142463131404293e-01,-6.852142463131405403e-01
-9.877218772660670831e-01,-9.877218772660669721e-01
-8.581461024987251385e-01,-8.581461024987251385e-01
-3.583527322902687606e-01,-3.583527322902688161e-01
-1.547546556743245594e-02,-1.547546556743245594e-02
-1.111052944473313042e-01,-1.111052944473312487e-01
-5.712314013887425102e-01,-5.712314013887425102e-01
-9.606641240509962154e-01,-9.606641240509962154e-01
-8.838270691355881725e-01,-8.838270691355882835e-01
-4.482566609046100825e-01,-4.482566609046101380e-01
-5.569592868390327300e-02,-5.569592868390332852e-02
-7.538334204464242072e-02,-7.538334204464242072e-02
-4.544538889982361329e-01,-4.544538889982360774e-01
-9.217405229840333059e-01,-9.217405229840333059e-01
-9.474081731113711546e-01,-9.474081731113711546e-01
-5.868447367619624710e-01,-5.868447367619624710e-01
-1.114825333557859510e-01,-1.114825333557860065e-01
-4.032479500949853746e-02,-4.032479500949848195e-02
-4.114163314847103514e-01,-4.114163314847103514e-01
-9.014764541601436587e-01,-9.014764541601436587e-01
-9.535639150656027851e-01,-9.535639150656027851e-01
-5.614650011539310537e-01,-5.614650011539309427e-01
-1.370284921997265148e-01,-1.370284921997265148e-01
-1.486195008592916533e-02,-1.486195008592922084e-02
-3.728114893520265150e-01,-3.728114893520265150e-01
-8.244221944579103178e-01,-8.244221944579102068e-01
-9.829740080206860187e-01,-9.829740080206860187e-01
-6.483709423608512434e-01,-6.483709423608513545e-01
-1.516449186902039115e-01,-1.516449186902039115e-01
-4.850028439069564712e-03,-4.850028439069564712e-03
-2.649158352452928300e-01,-2.649158352452928300e-01
-7.848020039408289961e-01,-7.848020039408289961e-01
-9.976028280584883223e-01,-9.976028280584884333e-01
-7.790892445006823985e-01,-7.790892445006825096e-01
-3.210968444497811491e-01,-3.210968444497812047e-01
-8.154371756612432964e-03,-8.154371756612432964e-03
-1.529660693808435057e-01,-1.529660693808435057e-01
-6.026561505808033514e-01,-6.026561505808033514e-01
-9.827817788194574966e-01,-9.827817788194574966e-01
-8.458145737886517690e-01,-8.458145737886517690e-01
-3.914487293233969156e-01,-3.914487293233968601e-01
