-1.000000000000000000e+00,-1.000000000000000000e+00
-6.574521580671546239e-01,-6.574521580671547349e-01
1.433881237952909782e-01,1.433881237952909504e-01
8.097986295654464595e-01,8.097986295654463484e-01
9.973451754084443621e-01,9.973451754084443621e-01
7.750239582132507632e-01,7.750239582132506522e-01
3.037496600794754031e-01,3.037496600794754587e-01
-3.037786237814666945e-01,-3.037786237814666390e-01
-8.509082280425673828e-01,-8.509082280425674938e-01
-9.677900513310282449e-01,-9.677900513310282449e-01
-4.373776910850701305e-01,-4.373776910850701860e-01
3.861742498116932931e-01,3.861742498116933486e-01
9.199349839185400057e-01,9.199349839185401168e-01
9.647242369191748601e-01,9.647242369191748601e-01
6.523117641094613450e-01,6.523117641094614561e-01
1.276656038083434641e-01,1.276656038083434364e-01
-4.911390913119009216e-01,-4.911390913119009216e-01
-9.502895278696474879e-01,-9.502895278696475989e-01
-8.705907236025214324e-01,-8.705907236025214324e-01
-1.881931921570335620e-01,-1.881931921570335065e-01
5.984667380517809665e-01,5.984667380517809665e-01
9.822637992110272442e-01,9.822637992110272442e-01
8.992943174467973311e-01,8.992943174467973311e-01
5.103419016682356757e-01,5.103419016682356757e-01
-5.822947052330879059e-02,-5.822947052330881834e-02
-6.651637949425114327e-01,-6.651637949425113217e-01
-9.974463591195273926e-01,-9.974463591195272816e-01
-7.124822487476594191e-01,-7.124822487476594191e-01
7.049173174446010659e-02,7.049173174446013435e-02
7.694546244106788002e-01,7.694546244106789112e-01
9.998709167110357843e-01,9.998709167110357843e-01
8.061220684736076780e-01,8.061220684736076780e-01
3.517572320424312560e-01,3.517572320424312560e-01
-2.491731715338267872e-01,-2.491731715338268149e-01
-8.145043472345823155e-01,-8.145043472345823155e-01
-9.836364339065066797e-01,-9.836364339065066797e-01
-5.040449885394358009e-01,-5.040449885394356899e-01
3.193199638773610571e-01,3.193199638773610571e-01
8.934143410542962904e-01,8.934143410542962904e-01
9.776295497782241384e-01,9.776295497782241384e-01
6.894630424195351548e-01,6.894630424195353768e-01
1.791455450000295491e-01,1.791455450000294936e-01
-4.385153328143799323e-01,-4.385153328143799323e-01
-9.267531635423751357e-01,-9.267531635423751357e-01
-9.048813539206972401e-01,-9.048813539206972401e-01
-2.612345093809637087e-01,-2.612345093809636531e-01
5.416496780502220165e-01,5.416496780502220165e-01
9.691986187882122294e-01,9.691986187882122294e-01
9.210277272678863980e-01,9.210277272678863980e-01
5.527099547721325834e-01,5.527099547721326944e-01
-4.361650350562795708e-03,-4.361650350562823464e-03
-6.174354327915417828e-01,-6.174354327915418938e-01
-9.898856477416868582e-01,-9.898856477416869692e-01
-7.633694037525539100e-01,-7.633694037525539100e-01
-3.226921506311375420e-03,-3.226921506311375420e-03
7.252425115484498752e-01,7.252425115484499862e-01
9.991401491888844966e-01,9.991401491888843855e-01
8.353085065164125300e-01,8.353085065164124190e-01
3.986163800561490222e-01,3.986163800561489667e-01
-1.944508779175080915e-01,-1.944508779175080915e-01
-7.750705617544856318e-01,-7.750705617544857429e-01
-9.941418228333944729e-01,-9.941418228333944729e-01
-5.678857302036450783e-01,-5.678857302036449672e-01
2.502741563564201410e-01,2.502741563564201410e-01
8.629390948568138597e-01,8.629390948568138597e-01
9.877317677762451620e-01,9.877317677762451620e-01
7.249781517991388258e-01,7.249781517991388258e-01
2.297286238125805236e-01,2.297286238125805513e-01
-3.850540132056988751e-01,-3.850540132056989306e-01
-8.991932549440950773e-01,-8.991932549440950773e-01
-9.340067277248595978e-01,-9.340067277248595978e-01
-3.330320367384579927e-01,-3.330320367384580482e-01
4.816378832083721973e-01,4.816378832083721973e-01
9.523777608411898576e-01,9.523777608411898576e-01
9.403890994220156507e-01,9.403890994220156507e-01
5.936638680098085263e-01,5.936638680098084153e-01
4.895773716074508508e-02,4.895773716074511284e-02
-5.679785591059924865e-01,-5.679785591059924865e-01
-9.774918805250667475e-01,-9.774918805250667475e-01
-8.098134064079078875e-01,-8.098134064079078875e-01
-7.732696932124433209e-02,-7.732696932124430433e-02
6.772532229090566513e-01,6.772532229090567624e-01
9.950283562152228978e-01,9.950283562152227868e-01
8.624916052611111272e-01,8.624916052611112383e-01
4.442656163715174022e-01,4.442656163715174578e-01
-1.397841054468565991e-01,-1.397841054468565991e-01
-7.329020291954038147e-01,-7.329020291954037036e-01
-9.993535239520821012e-01,-9.993535239520821012e-01
-6.284875221795560574e-01,-6.284875221795560574e-01
1.793952670059073551e-01,1.793952670059073551e-01
8.285002298508237217e-01,8.285002298508236107e-01
9.949011065325872316e-01,9.949011065325872316e-01
7.587850161282416739e-01,7.587850161282416739e-01
2.793353747143056953e-01,2.793353747143056953e-01
-3.309796062107848158e-01,-3.309796062107847603e-01
-8.678821907361833343e-01,-8.678821907361833343e-01
-9.578606724667881878e-01,-9.578606724667881878e-01
-4.031191211465683932e-01,-4.031191211465683377e-01
4.186758219647169210e-01,4.186758219647168655e-01
9.317216162454715622e-01,9.317216162454715622e-01
9.572604589344746451e-01,9.572604589344746451e-01
