-1.000000000000000000e+00,-1.000000000000000000e+00
-7.640024570293674211e-01,-7.640024570293673101e-01
-1.105683787895411774e-01,-1.105683787895411496e-01
6.209704479739408534e-01,6.209704479739408534e-01
9.863444109690961970e-01,9.863444109690961970e-01
8.364356910319763472e-01,8.364356910319763472e-01
2.445802950750405325e-01,2.445802950750405602e-01
-4.140443360747430579e-01,-4.140443360747430579e-01
-8.841768466922528269e-01,-8.841768466922528269e-01
-9.633759043243178555e-01,-9.633759043243179665e-01
-5.771048606045454665e-01,-5.771048606045454665e-01
1.441928168604029725e-01,1.441928168604029725e-01
7.912981459934814721e-01,7.912981459934815831e-01
9.999860888543221638e-01,9.999860888543220527e-01
7.853527273502307615e-01,7.853527273502307615e-01
1.604665404241765181e-01,1.604665404241765458e-01
-5.843572332750679443e-01,-5.843572332750679443e-01
-9.577867648076103801e-01,-9.577867648076103801e-01
-8.760510041130243897e-01,-8.760510041130242787e-01
-3.893090587416545567e-01,-3.893090587416545567e-01
2.767475755120309966e-01,2.767475755120309966e-01
8.611094525754268147e-01,8.611094525754267037e-01
9.926855885554428660e-01,9.926855885554428660e-01
6.720276405148531973e-01,6.720276405148531973e-01
4.659404463894878390e-02,4.659404463894883941e-02
-6.769084202550172957e-01,-6.769084202550172957e-01
-9.992744610048345244e-01,-9.992744610048345244e-01
-8.167323280810268038e-01,-8.167323280810268038e-01
-2.005816798570848603e-01,-2.005816798570848880e-01
4.825548301037255183e-01,4.825548301037255738e-01
9.202642570554282475e-01,9.202642570554282475e-01
9.598666928362027395e-01,9.598666928362026285e-01
4.737985180137183061e-01,4.737985180137183061e-01
-2.500240380601038703e-01,-2.500240380601038703e-01
-7.974396208117161544e-01,-7.974396208117162654e-01
-9.994675659301857085e-01,-9.994675659301857085e-01
-7.263357821824930616e-01,-7.263357821824930616e-01
-5.308667971689451370e-02,-5.308667971689445819e-02
6.522201633471387261e-01,6.522201633471387261e-01
9.923810320236524651e-01,9.923810320236525762e-01
8.480165302909059566e-01,8.480165302909059566e-01
3.533982989081246306e-01,3.533982989081245751e-01
-3.304387400576830891e-01,-3.304387400576830336e-01
-8.937396097806193929e-01,-8.937396097806193929e-01
-9.730549899823770499e-01,-9.730549899823770499e-01
-6.147261698384164363e-01,-6.147261698384164363e-01
1.667420223980053962e-02,1.667420223980051186e-02
6.304171003326182188e-01,6.304171003326184408e-01
9.778512319381402751e-01,9.778512319381403861e-01
8.610876548324173374e-01,8.610876548324173374e-01
2.956624411798269292e-01,2.956624411798268737e-01
-3.929021065430726711e-01,-3.929021065430726156e-01
-9.257735064787545598e-01,-9.257735064787546708e-01
-9.510549087013440150e-01,-9.510549087013439040e-01
-4.971663258048072409e-01,-4.971663258048072964e-01
2.656127916345746298e-01,2.656127916345746298e-01
7.986406582180572977e-01,7.986406582180574087e-01
9.955062756738117802e-01,9.955062756738117802e-01
7.079297858391737641e-01,7.079297858391737641e-01
1.304343952795690154e-01,1.304343952795690154e-01
-5.310004538923345230e-01,-5.310004538923346340e-01
-9.553288352670763484e-01,-9.553288352670763484e-01
-9.039320704812847662e-01,-9.039320704812847662e-01
-4.466150747292622625e-01,-4.466150747292622070e-01
2.545810825734195482e-01,2.545810825734194927e-01
8.459161289772545445e-01,8.459161289772546555e-01
9.796242844710396636e-01,9.796242844710396636e-01
5.788613218102164337e-01,5.788613218102163227e-01
-1.429838382180489420e-01,-1.429838382180489420e-01
-7.945029768429335837e-01,-7.945029768429335837e-01
-9.922175173786995650e-01,-9.922175173786995650e-01
-6.399387417363273656e-01,-6.399387417363273656e-01
5.536330503174535789e-03,5.536330503174480278e-03
6.822412942273774483e-01,6.822412942273774483e-01
9.937308155666479959e-01,9.937308155666478848e-01
8.163291466901347881e-01,8.163291466901346771e-01
2.969374263676792802e-01,2.969374263676792247e-01
-3.469202535627348705e-01,-3.469202535627349260e-01
-8.982666056244433817e-01,-8.982666056244433817e-01
-9.783254015586884123e-01,-9.783254015586884123e-01
-5.443161334826984721e-01,-5.443161334826984721e-01
1.719058183893820702e-01,1.719058183893820424e-01
8.097349342166607622e-01,8.097349342166607622e-01
9.880688213761340544e-01,9.880688213761341654e-01
6.835130665290982677e-01,6.835130665290981566e-01
2.575310885797210680e-02,2.575310885797207905e-02
-5.997567565229282582e-01,-5.997567565229282582e-01
-9.713175324985610093e-01,-9.713175324985608983e-01
-9.106435267430729175e-01,-9.106435267430728064e-01
-4.127261860863192799e-01,-4.127261860863192799e-01
2.462978283941777979e-01,2.462978283941778257e-01
8.514774056050850026e-01,8.514774056050850026e-01
9.924257907120401789e-01,9.924257907120401789e-01
6.082210057512247303e-01,6.082210057512247303e-01
-7.050033197532823426e-02,-7.050033197532823426e-02
-7.580959994409243174e-01,-7.580959994409244285e-01
-9.965166441751713844e-01,-9.965166441751713844e-01
-6.730546093873841507e-01,-6.730546093873841507e-01
-2.341030949582101339e-02,-2.341030949582104115e-02
6.237562275640093912e-01,6.237562275640093912e-01
9.938319924485516932e-01,9.938319924485516932e-01
