-1.000000000000000000e+00,-1.000000000000000000e+00
-7.766754594496017017e-01,-7.766754594496017017e-01
-2.290815461991552726e-01,-2.290815461991553281e-01
4.998847736254408147e-01,4.998847736254407592e-01
9.287489720273345295e-01,9.287489720273346405e-01
9.433865323130856684e-01,9.433865323130856684e-01
4.364869042306807057e-01,4.364869042306806501e-01
-3.202986840444884686e-01,-3.202986840444885797e-01
-8.993294783141877469e-01,-8.993294783141878579e-01
-9.795107334753596628e-01,-9.795107334753596628e-01
-5.715969247659644648e-01,-5.715969247659644648e-01
1.539880047593761292e-01,1.539880047593761847e-01
7.901175395749520103e-01,7.901175395749520103e-01
9.943145322806538067e-01,9.943145322806536957e-01
7.080529842242428984e-01,7.080529842242428984e-01
7.424614357930370279e-02,7.424614357930364728e-02
-6.308585775792558969e-01,-6.308585775792558969e-01
-9.923756828484081582e-01,-9.923756828484082693e-01
-8.284187643155853653e-01,-8.284187643155853653e-01
-2.238526254944568361e-01,-2.238526254944567528e-01
4.536355595346964753e-01,4.536355595346964753e-01
9.157042268062454138e-01,9.157042268062454138e-01
9.363471295818450724e-01,9.363471295818451834e-01
4.073874158831796710e-01,4.073874158831797265e-01
-3.096826993481843204e-01,-3.096826993481843759e-01
-8.318003961194840867e-01,-8.318003961194841978e-01
-9.846120233196253846e-01,-9.846120233196252736e-01
-5.907499388016181907e-01,-5.907499388016181907e-01
1.018675163396402517e-01,1.018675163396402239e-01
7.541746343999192748e-01,7.541746343999193858e-01
9.983581578051973215e-01,9.983581578051972105e-01
8.249748893153252549e-01,8.249748893153251439e-01
2.416324352297389289e-01,2.416324352297389566e-01
-4.292922108163842454e-01,-4.292922108163842454e-01
-9.233963712558930226e-01,-9.233963712558930226e-01
-9.377652089635948318e-01,-9.377652089635948318e-01
-5.279526044224098769e-01,-5.279526044224098769e-01
9.929016582265115520e-02,9.929016582265121071e-02
7.402296587261798511e-01,7.402296587261799621e-01
9.994708469204547363e-01,9.994708469204548473e-01
7.755806201648198783e-01,7.755806201648199893e-01
1.901228605270202654e-01,1.901228605270202654e-01
-4.636705506881937944e-01,-4.636705506881938499e-01
-9.269471224688349276e-01,-9.269471224688348165e-01
-9.181215188837386076e-01,-9.181215188837386076e-01
-4.489271435437904856e-01,-4.489271435437904856e-01
2.013712559728180751e-01,2.013712559728180751e-01
7.884533920318346212e-01,7.884533920318346212e-01
9.928784820670277789e-01,9.928784820670276678e-01
6.718142580032004929e-01,6.718142580032004929e-01
-5.386940808828832861e-02,-5.386940808828827310e-02
-6.869993918452014237e-01,-6.869993918452014237e-01
-9.965731024501875979e-01,-9.965731024501875979e-01
-8.242043394331211026e-01,-8.242043394331211026e-01
-1.844664971214619031e-01,-1.844664971214619031e-01
5.611269294742218250e-01,5.611269294742218250e-01
9.622563558942396345e-01,9.622563558942396345e-01
8.898054333680018857e-01,8.898054333680018857e-01
3.810555781231578787e-01,3.810555781231578232e-01
-3.243253058076189244e-01,-3.243253058076188688e-01
-8.920268590181948953e-01,-8.920268590181947843e-01
-9.633252976404648171e-01,-9.633252976404649282e-01
-4.867920531086267766e-01,-4.867920531086268321e-01
2.337401792606638162e-01,2.337401792606638717e-01
8.236515832403241699e-01,8.236515832403240589e-01
9.976831745886016733e-01,9.976831745886015623e-01
6.978127447911796066e-01,6.978127447911796066e-01
-1.754701301941014036e-02,-1.754701301941011260e-02
-6.539670412972261593e-01,-6.539670412972261593e-01
-9.942731195266312216e-01,-9.942731195266312216e-01
-8.094737796680901987e-01,-8.094737796680901987e-01
-2.448024615384771230e-01,-2.448024615384771507e-01
4.628113063772153479e-01,4.628113063772153479e-01
9.118409195162009429e-01,9.118409195162009429e-01
9.346486460864573687e-01,9.346486460864573687e-01
4.718024170450674792e-01,4.718024170450674237e-01
-2.395479480357860513e-01,-2.395479480357861068e-01
-8.195690566014607326e-01,-8.195690566014607326e-01
-9.990868681089284387e-01,-9.990868681089284387e-01
-7.309392263958262026e-01,-7.309392263958262026e-01
-6.018786388356534012e-02,-6.018786388356536787e-02
5.600319760931663504e-01,5.600319760931663504e-01
9.773272913011811225e-01,9.773272913011812335e-01
8.671085264236519929e-01,8.671085264236518819e-01
2.740233263268086472e-01,2.740233263268085917e-01
-4.164722342792260834e-01,-4.164722342792261389e-01
-9.042747316301329441e-01,-9.042747316301329441e-01
-9.567619991987081907e-01,-9.567619991987081907e-01
-5.358879197273669348e-01,-5.358879197273669348e-01
1.669726860521641987e-01,1.669726860521641987e-01
8.082940727265806036e-01,8.082940727265806036e-01
9.928571977071315446e-01,9.928571977071316557e-01
6.323965275082668036e-01,6.323965275082668036e-01
3.320774648105406790e-02,3.320774648105401239e-02
-6.628393449612605126e-01,-6.628393449612604016e-01
-9.935167998733952510e-01,-9.935167998733953620e-01
-7.968383421840254943e-01,-7.968383421840254943e-01
-2.031292944095887121e-01,-2.031292944095887398e-01
5.257393759470301298e-01,5.257393759470301298e-01
9.567133888110470608e-01,9.567133888110470608e-01
9.026782486991848931e-01,9.026782486991850041e-01
