-1.000000000000000000e+00,-1.000000000000000000e+00
-6.644545473843160854e-01,-6.644545473843161965e-01
-7.610490616953846654e-03,-7.610490616953874410e-03
5.563008758087879535e-01,5.563008758087879535e-01
9.266620566728434039e-01,9.266620566728434039e-01
9.461599787174762577e-01,9.461599787174763687e-01
3.888921583136756288e-01,3.888921583136756843e-01
-4.395150716892899934e-01,-4.395150716892900489e-01
-9.306289225821147149e-01,-9.306289225821148259e-01
-9.724479668414692801e-01,-9.724479668414691691e-01
-6.808813202468506631e-01,-6.808813202468505521e-01
-5.570195489423357404e-02,-5.570195489423354629e-02
6.977461511902587343e-01,6.977461511902587343e-01
9.979940518962207019e-01,9.979940518962205909e-01
6.778896483170638865e-01,6.778896483170637755e-01
1.196349963139794470e-01,1.196349963139794748e-01
-4.446658219045900862e-01,-4.446658219045901417e-01
-9.056655559242661191e-01,-9.056655559242661191e-01
-9.308942217328532998e-01,-9.308942217328534108e-01
-3.247560685733866803e-01,-3.247560685733866248e-01
4.370992257686059368e-01,4.370992257686058813e-01
8.887450528621456680e-01,8.887450528621456680e-01
9.948049924442705638e-01,9.948049924442705638e-01
7.288227735173644639e-01,7.288227735173644639e-01
2.304869379545471109e-02,2.304869379545473884e-02
-7.472657552237389478e-01,-7.472657552237390588e-01
-9.971560115420889936e-01,-9.971560115420889936e-01
-7.406347451764552225e-01,-7.406347451764552225e-01
-2.523078189596493770e-01,-2.523078189596493770e-01
3.698536195726119802e-01,3.698536195726119247e-01
9.137914470082693086e-01,9.137914470082693086e-01
9.020617721394360577e-01,9.020617721394361688e-01
3.001943359391984756e-01,3.001943359391985311e-01
-3.681110878176419021e-01,-3.681110878176419021e-01
-8.192013515446372462e-01,-8.192013515446372462e-01
-9.999763508015739877e-01,-9.999763508015739877e-01
-7.251868464365416322e-01,-7.251868464365416322e-01
4.750794579468931023e-02,4.750794579468933798e-02
7.721676681341462789e-01,7.721676681341462789e-01
9.998906525556638947e-01,9.998906525556638947e-01
8.224241996182973802e-01,8.224241996182972692e-01
3.539981389208942675e-01,3.539981389208943230e-01
-3.607014204766531007e-01,-3.607014204766531562e-01
-9.387528900748960403e-01,-9.387528900748960403e-01
-8.797675659760433309e-01,-8.797675659760433309e-01
-3.430143887064980857e-01,-3.430143887064980857e-01
2.479674178749947111e-01,2.479674178749947111e-01
7.468396854588720268e-01,7.468396854588719158e-01
9.998274159573761199e-01,9.998274159573761199e-01
6.825151023749980173e-01,6.825151023749980173e-01
-1.054634296615710176e-01,-1.054634296615710731e-01
-7.530969072715347767e-01,-7.530969072715346657e-01
-9.945795796349022888e-01,-9.945795796349021778e-01
-8.867906447850120166e-01,-8.867906447850119056e-01
-3.922360238837442892e-01,-3.922360238837443447e-01
4.083567803643858296e-01,4.083567803643857741e-01
9.591681634951465529e-01,9.591681634951465529e-01
8.862415683944118161e-01,8.862415683944118161e-01
4.436076604433482062e-01,4.436076604433482617e-01
-1.197750384281473512e-01,-1.197750384281473235e-01
-7.079153804299326280e-01,-7.079153804299325170e-01
-9.997431568139503177e-01,-9.997431568139503177e-01
-6.299205002827357180e-01,-6.299205002827356070e-01
1.069486480591034239e-01,1.069486480591033684e-01
6.849392170843449090e-01,6.849392170843450200e-01
9.717588835965782490e-01,9.717588835965782490e-01
9.176240143127584181e-01,9.176240143127584181e-01
3.652319560569042278e-01,3.652319560569042278e-01
-4.730611482493153330e-01,-4.730611482493152775e-01
-9.635766747695591050e-01,-9.635766747695591050e-01
-9.225368167045655543e-01,-9.225368167045655543e-01
-5.603824318781580605e-01,-5.603824318781580605e-01
3.432756136904324684e-02,3.432756136904327460e-02
7.189282691283404025e-01,7.189282691283404025e-01
9.955147725025117467e-01,9.955147725025118577e-01
6.067717689900732347e-01,6.067717689900733458e-01
-3.575648902058004008e-02,-3.575648902058009559e-02
-5.814549976131251352e-01,-5.814549976131251352e-01
-9.438428250149394350e-01,-9.438428250149393239e-01
-9.171593363028697210e-01,-9.171593363028697210e-01
-2.995415599022918096e-01,-2.995415599022918096e-01
5.091967246998591046e-01,5.091967246998591046e-01
9.469625187728996085e-01,9.469625187728996085e-01
9.648885452765856297e-01,9.648885452765857407e-01
6.477058882250952276e-01,6.477058882250952276e-01
-2.019979174681502121e-02,-2.019979174681504897e-02
-7.625106710895374063e-01,-7.625106710895375173e-01
-9.892753504771329975e-01,-9.892753504771328865e-01
-6.387475287227146747e-01,-6.387475287227146747e-01
-8.866274405528246083e-02,-8.866274405528240532e-02
4.806333334156405734e-01,4.806333334156405734e-01
9.335678416383935696e-01,9.335678416383934586e-01
8.925340090837946549e-01,8.925340090837945439e-01
2.415308419578728327e-01,2.415308419578728605e-01
-4.874246447903321511e-01,-4.874246447903322066e-01
-9.031814202617142184e-01,-9.031814202617142184e-01
-9.903211561747322644e-01,-9.903211561747321534e-01
-6.817395232454308562e-01,-6.817395232454307452e-01
6.907878603025258135e-02,6.907878603025258135e-02
8.038677665207992762e-01,8.038677665207992762e-01
9.906176856992517932e-01,9.906176856992516822e-01
