-1.000000000000000000e+00,-1.000000000000000000e+00
-7.185392284932764495e-01,-7.185392284932765605e-01
-9.108047825011400533e-02,-9.108047825011400533e-02
5.334420574332174869e-01,5.334420574332174869e-01
9.611870280298832059e-01,9.611870280298830949e-01
8.796042946199016388e-01,8.796042946199015278e-01
2.895789591377878613e-01,2.895789591377879169e-01
-3.497632061988816821e-01,-3.497632061988816821e-01
-8.654276547662508312e-01,-8.654276547662509422e-01
-9.863365167989621707e-01,-9.863365167989621707e-01
-6.118419771901991711e-01,-6.118419771901991711e-01
1.263909567931279510e-01,1.263909567931279787e-01
7.218547960074013226e-01,7.218547960074013226e-01
9.986219610892819176e-01,9.986219610892819176e-01
7.960386601655977667e-01,7.960386601655977667e-01
1.504517056345416326e-01,1.504517056345415771e-01
-5.813203270231539488e-01,-5.813203270231539488e-01
-9.821398395125100489e-01,-9.821398395125100489e-01
-8.280403815104944165e-01,-8.280403815104944165e-01
-2.357688666728943727e-01,-2.357688666728944005e-01
4.414484995566143599e-01,4.414484995566144709e-01
9.430976790297200818e-01,9.430976790297199708e-01
9.101755575727212833e-01,9.101755575727212833e-01
4.074700007675952640e-01,4.074700007675952085e-01
-3.565977444879075975e-01,-3.565977444879076530e-01
-8.495467971513797067e-01,-8.495467971513797067e-01
-9.808919575909180733e-01,-9.808919575909180733e-01
-5.730672650802527412e-01,-5.730672650802527412e-01
1.447420786863182207e-01,1.447420786863182485e-01
7.596738144144064009e-01,7.596738144144064009e-01
9.995056396210899585e-01,9.995056396210899585e-01
7.376389113744410420e-01,7.376389113744410420e-01
6.353922940477541026e-02,6.353922940477543801e-02
-6.171900354001094158e-01,-6.171900354001094158e-01
-9.908706528230397659e-01,-9.908706528230397659e-01
-8.558048443349466350e-01,-8.558048443349466350e-01
-3.542780586399923437e-01,-3.542780586399923992e-01
3.305861663060026268e-01,3.305861663060026823e-01
8.585209107990634525e-01,8.585209107990634525e-01
9.873739442241147302e-01,9.873739442241147302e-01
6.760721569592195168e-01,6.760721569592194058e-01
-2.312122516672077133e-02,-2.312122516672071582e-02
-6.700326562802494390e-01,-6.700326562802494390e-01
-9.833189265645310151e-01,-9.833189265645310151e-01
-8.721440710573471478e-01,-8.721440710573470367e-01
-3.342085020078690016e-01,-3.342085020078690016e-01
3.968665893262597333e-01,3.968665893262598443e-01
8.849210104736273674e-01,8.849210104736272564e-01
9.640491118022924688e-01,9.640491118022924688e-01
5.869876274125467308e-01,5.869876274125467308e-01
-1.143558313277163174e-01,-1.143558313277162619e-01
-7.306527299754015381e-01,-7.306527299754015381e-01
-9.997160698804659074e-01,-9.997160698804659074e-01
-7.241538844515621465e-01,-7.241538844515620355e-01
-1.484915552273550210e-01,-1.484915552273549655e-01
5.383981859100251954e-01,5.383981859100251954e-01
9.702553758397600703e-01,9.702553758397599593e-01
8.892364171687332508e-01,8.892364171687333618e-01
3.289659993955156292e-01,3.289659993955155737e-01
-3.991713022961032031e-01,-3.991713022961032031e-01
-8.909638916123487906e-01,-8.909638916123486796e-01
-9.690839516005633758e-01,-9.690839516005633758e-01
-6.058964268831790179e-01,-6.058964268831790179e-01
9.600271029570228709e-02,9.600271029570225934e-02
7.662534136076619706e-01,7.662534136076619706e-01
9.973004771945682689e-01,9.973004771945681579e-01
6.772267668632980797e-01,6.772267668632980797e-01
7.470837444123695770e-02,7.470837444123692994e-02
-6.334787063911595517e-01,-6.334787063911597738e-01
-9.831242963101023413e-01,-9.831242963101022303e-01
-8.745418267816488234e-01,-8.745418267816489344e-01
-3.719897620280430139e-01,-3.719897620280429584e-01
3.615382660471895271e-01,3.615382660471894161e-01
8.675286459454588650e-01,8.675286459454588650e-01
9.733833172069467077e-01,9.733833172069465967e-01
6.187321945526647049e-01,6.187321945526645939e-01
-8.341356454368398232e-02,-8.341356454368403783e-02
-7.060711453719112907e-01,-7.060711453719111796e-01
-9.998770370943954600e-01,-9.998770370943953489e-01
-7.965749428166836177e-01,-7.965749428166835067e-01
-1.925652616896039171e-01,-1.925652616896038893e-01
5.264684900362694986e-01,5.264684900362694986e-01
9.420509824291113388e-01,9.420509824291114498e-01
9.412943544589126299e-01,9.412943544589126299e-01
4.395144844629074177e-01,4.395144844629073622e-01
-1.968613893134529280e-01,-1.968613893134529003e-01
-8.288034201493723607e-01,-8.288034201493723607e-01
-9.858867562620634573e-01,-9.858867562620633462e-01
-6.285681095883915992e-01,-6.285681095883915992e-01
-7.251105654264233813e-03,-7.251105654264233813e-03
6.703279448433101528e-01,6.703279448433100418e-01
9.921090666150240711e-01,9.921090666150239601e-01
8.633288609573713801e-01,8.633288609573712691e-01
3.765559836336208610e-01,3.765559836336208610e-01
-3.818143950107656948e-01,-3.818143950107656392e-01
-9.037492938040262436e-01,-9.037492938040261325e-01
-9.389360522041941826e-01,-9.389360522041941826e-01
-5.089781138080528011e-01,-5.089781138080526901e-01
2.017274236061181725e-01,2.017274236061182002e-01
8.216730977606806485e-01,8.216730977606805375e-01
9.853497353477820297e-01,9.853497353477819187e-01
