-1.000000000000000000e+00,-1.000000000000000000e+00
-7.697448209559112353e-01,-7.697448209559112353e-01
-2.896616606353921153e-01,-2.896616606353921153e-01
-5.800162720198231980e-03,-5.800162720198231980e-03
-1.339459141876526149e-01,-1.339459141876526149e-01
-5.836964126536900999e-01,-5.836964126536900999e-01
-9.700830816804372203e-01,-9.700830816804371093e-01
-8.883544500894587914e-01,-8.883544500894587914e-01
-4.486483509153430527e-01,-4.486483509153430527e-01
-2.803829552065001396e-02,-2.803829552065001396e-02
-9.226800448497501916e-02,-9.226800448497501916e-02
-5.789465324684458514e-01,-5.789465324684458514e-01
-9.503167996853968402e-01,-9.503167996853967292e-01
-9.125375203922087008e-01,-9.125375203922088119e-01
-4.362721590166460106e-01,-4.362721590166460106e-01
-3.681426862478270889e-02,-3.681426862478270889e-02
-1.135201919898066736e-01,-1.135201919898066736e-01
-5.819883912270384929e-01,-5.819883912270384929e-01
-9.464103869542611625e-01,-9.464103869542611625e-01
-9.024251708728144861e-01,-9.024251708728144861e-01
-4.666918719071758148e-01,-4.666918719071757593e-01
-5.598662415739313891e-02,-5.598662415739313891e-02
-5.634599636374654219e-02,-5.634599636374654219e-02
-4.579867846694802846e-01,-4.579867846694802846e-01
-8.998849976151198637e-01,-8.998849976151199748e-01
-9.510894497961364102e-01,-9.510894497961364102e-01
-5.803375509697790147e-01,-5.803375509697790147e-01
-1.032242065462097846e-01,-1.032242065462097846e-01
-3.178124123189135508e-02,-3.178124123189135508e-02
-3.690677046651331672e-01,-3.690677046651331672e-01
-8.728190195672735907e-01,-8.728190195672735907e-01
-9.690837586634338807e-01,-9.690837586634337697e-01
-5.623842379626964316e-01,-5.623842379626963206e-01
-9.000290661843607376e-02,-9.000290661843601825e-02
-4.557488172308343799e-02,-4.557488172308349350e-02
-4.670569956160696146e-01,-4.670569956160696146e-01
-8.887073331604563586e-01,-8.887073331604563586e-01
-9.725425016244736431e-01,-9.725425016244736431e-01
-6.384076879744775557e-01,-6.384076879744775557e-01
-1.679698527162126198e-01,-1.679698527162125643e-01
2.998067411051352771e-03,2.998067411051352771e-03
-2.950659090613271807e-01,-2.950659090613271807e-01
-8.143958715837580353e-01,-8.143958715837580353e-01
-9.873712545774685490e-01,-9.873712545774685490e-01
-6.944988778590209799e-01,-6.944988778590209799e-01
-1.788982853715097021e-01,-1.788982853715097576e-01
-5.658624539062517833e-03,-5.658624539062573344e-03
-3.481925870936536938e-01,-3.481925870936536938e-01
-8.387444805379561386e-01,-8.387444805379562496e-01
-9.753620462042962291e-01,-9.753620462042962291e-01
-5.768183149829069212e-01,-5.768183149829069212e-01
-8.979502168080005786e-02,-8.979502168080005786e-02
-5.113055544346423176e-02,-5.113055544346428727e-02
-4.482732782441865571e-01,-4.482732782441865016e-01
-9.093648284233509793e-01,-9.093648284233510903e-01
-9.661964721864757522e-01,-9.661964721864758632e-01
-5.497474014791140506e-01,-5.497474014791140506e-01
-1.118226965847934351e-01,-1.118226965847934351e-01
-2.100288394268573500e-02,-2.100288394268579051e-02
-4.060961739157176176e-01,-4.060961739157176176e-01
-8.685036229780794814e-01,-8.685036229780793704e-01
-9.628342089471557674e-01,-9.628342089471557674e-01
-5.647224149860066156e-01,-5.647224149860066156e-01
-1.058504427478843546e-01,-1.058504427478843546e-01
-2.982400617456698599e-02,-2.982400617456698599e-02
-4.477083727757396603e-01,-4.477083727757396048e-01
-9.056538475521865861e-01,-9.056538475521865861e-01
-9.668697017397570592e-01,-9.668697017397570592e-01
-5.608881454923371201e-01,-5.608881454923371201e-01
-9.846663341058364827e-02,-9.846663341058364827e-02
-3.703776960128302154e-02,-3.703776960128302154e-02
-3.927888881673312627e-01,-3.927888881673312627e-01
-8.245661628804650256e-01,-8.245661628804650256e-01
-9.812115369006427779e-01,-9.812115369006427779e-01
-6.817590541641420643e-01,-6.817590541641420643e-01
-2.336987573743867230e-01,-2.336987573743867230e-01
-1.470428031375980993e-04,-1.470428031375980993e-04
-2.951677500201368987e-01,-2.951677500201368431e-01
-8.092177087648060319e-01,-8.092177087648060319e-01
-9.915676910847758263e-01,-9.915676910847757153e-01
-6.556512294916645445e-01,-6.556512294916645445e-01
-1.606894257291689443e-01,-1.606894257291688888e-01
3.081667815091448936e-03,3.081667815091393425e-03
-2.947735173469919201e-01,-2.947735173469919201e-01
-7.744583371785724868e-01,-7.744583371785725978e-01
-9.970270597919679290e-01,-9.970270597919678179e-01
-7.557659446231727030e-01,-7.557659446231725919e-01
-2.465641684560828661e-01,-2.465641684560829217e-01
-4.884277032075667879e-03,-4.884277032075667879e-03
-2.097664863486156661e-01,-2.097664863486156384e-01
-6.631009942681898028e-01,-6.631009942681898028e-01
-9.818357935653488910e-01,-9.818357935653487800e-01
-8.066646813769738911e-01,-8.066646813769738911e-01
-3.593295528906629843e-01,-3.593295528906629843e-01
-1.942664933635812607e-02,-1.942664933635807056e-02
-8.512485092032773260e-02,-8.512485092032778811e-02
-4.982103433217859312e-01,-4.982103433217859312e-01
-9.167387886846929401e-01,-9.167387886846929401e-01
-9.591902912755917443e-01,-9.591902912755917443e-01
-6.023711475469076815e-01,-6.023711475469075705e-01
-1.727145064866668078e-01,-1.727145064866667523e-01
