-1.000000000000000000e+00,-1.000000000000000000e+00
-7.916604094287803539e-01,-7.916604094287802429e-01
-3.222529895171957204e-01,-3.222529895171957204e-01
-1.001978179890344878e-02,-1.001978179890339327e-02
-1.259704159642566212e-01,-1.259704159642566212e-01
-6.174219997592217402e-01,-6.174219997592218512e-01
-9.773275074625887848e-01,-9.773275074625887848e-01
-8.623156263166061875e-01,-8.623156263166060764e-01
-4.099013333626940203e-01,-4.099013333626939648e-01
-3.907221234505686702e-02,-3.907221234505686702e-02
-9.837778480983866425e-02,-9.837778480983860874e-02
-5.436111311704059368e-01,-5.436111311704059368e-01
-9.235885398538031810e-01,-9.235885398538031810e-01
-9.292488968042710296e-01,-9.292488968042710296e-01
-4.823644860881951546e-01,-4.823644860881951546e-01
-6.192920179541672177e-02,-6.192920179541666625e-02
-5.303649198589110991e-02,-5.303649198589110991e-02
-4.360431334207563459e-01,-4.360431334207563459e-01
-8.834677289032535352e-01,-8.834677289032535352e-01
-9.661201851426208798e-01,-9.661201851426208798e-01
-5.911180099414949929e-01,-5.911180099414951039e-01
-1.618285261907010941e-01,-1.618285261907010941e-01
3.023608550843936982e-04,3.023608550843936982e-04
-2.587875932029692905e-01,-2.587875932029692350e-01
-7.066317173461742485e-01,-7.066317173461742485e-01
-9.994216357432931241e-01,-9.994216357432931241e-01
-7.897263638957112697e-01,-7.897263638957112697e-01
-2.616915483366805129e-01,-2.616915483366805129e-01
8.949949520521971458e-04,8.949949520521971458e-04
-2.248092853056041229e-01,-2.248092853056040952e-01
-6.761772535661637606e-01,-6.761772535661638717e-01
-9.789069487636170575e-01,-9.789069487636170575e-01
-8.794068843466794627e-01,-8.794068843466794627e-01
-4.011581184581084480e-01,-4.011581184581083925e-01
-3.542897035309433562e-02,-3.542897035309433562e-02
-6.891839796176602029e-02,-6.891839796176607580e-02
-4.681721412840632590e-01,-4.681721412840632035e-01
-9.270309554353797221e-01,-9.270309554353796111e-01
-9.442152273651793770e-01,-9.442152273651794880e-01
-5.055027269874550200e-01,-5.055027269874550200e-01
-5.451389279988150260e-02,-5.451389279988144709e-02
-6.972457307753476830e-02,-6.972457307753476830e-02
-5.149604199288047024e-01,-5.149604199288045914e-01
-9.547557603205877319e-01,-9.547557603205876209e-01
-9.144326548656247500e-01,-9.144326548656247500e-01
-5.149098364878345047e-01,-5.149098364878345047e-01
-8.870733213462400624e-02,-8.870733213462406175e-02
-5.265949306828238141e-02,-5.265949306828243692e-02
-4.653754081979467050e-01,-4.653754081979467050e-01
-9.113176211232135726e-01,-9.113176211232134616e-01
-9.528077204912979159e-01,-9.528077204912979159e-01
-5.653928392430093153e-01,-5.653928392430093153e-01
-1.056114313617358413e-01,-1.056114313617358413e-01
-1.714176174680920317e-02,-1.714176174680920317e-02
-3.928920714587738616e-01,-3.928920714587738061e-01
-8.720334586462573645e-01,-8.720334586462573645e-01
-9.739854092398688712e-01,-9.739854092398687602e-01
-6.187572329180567321e-01,-6.187572329180566211e-01
-1.566916713562040431e-01,-1.566916713562040431e-01
1.526087462336289668e-04,1.526087462335734557e-04
-3.423251446591826230e-01,-3.423251446591826230e-01
-8.137629163756379125e-01,-8.137629163756381345e-01
-9.969718974163657155e-01,-9.969718974163658265e-01
-6.993035473701734173e-01,-6.993035473701733062e-01
-2.111096051487240666e-01,-2.111096051487240666e-01
-3.561781813581299527e-03,-3.561781813581299527e-03
-3.156114586159036728e-01,-3.156114586159036728e-01
-8.287483858131116099e-01,-8.287483858131117209e-01
-9.929003126981187366e-01,-9.929003126981187366e-01
-7.241044693976743662e-01,-7.241044693976743662e-01
-2.518635530410754941e-01,-2.518635530410754386e-01
2.012575337241528928e-03,2.012575337241528928e-03
-2.780624043333068673e-01,-2.780624043333068673e-01
-8.047837837642490832e-01,-8.047837837642490832e-01
-9.977296646424258508e-01,-9.977296646424258508e-01
-7.518374412859186728e-01,-7.518374412859187839e-01
-2.208965141395192178e-01,-2.208965141395191900e-01
2.418082598411586126e-04,2.418082598411031015e-04
-2.050495785925814940e-01,-2.050495785925814940e-01
-7.265654953851499176e-01,-7.265654953851499176e-01
-9.930900133515937478e-01,-9.930900133515937478e-01
-7.956173191274343859e-01,-7.956173191274343859e-01
-3.305693949205474325e-01,-3.305693949205473769e-01
-1.421816187409497001e-02,-1.421816187409502552e-02
-1.424586703956474132e-01,-1.424586703956474132e-01
-5.786267019879582918e-01,-5.786267019879582918e-01
-9.539116897970921771e-01,-9.539116897970922881e-01
-9.220115510612653109e-01,-9.220115510612651999e-01
-5.371195446223555603e-01,-5.371195446223555603e-01
-1.086927622521713932e-01,-1.086927622521713932e-01
-4.140188483584494872e-02,-4.140188483584494872e-02
-4.497037563219274947e-01,-4.497037563219275502e-01
-8.879462507647039038e-01,-8.879462507647039038e-01
-9.550203365565208546e-01,-9.550203365565208546e-01
-6.103924053260162408e-01,-6.103924053260162408e-01
-1.747637229080020171e-01,-1.747637229080020171e-01
-5.913225456421922210e-03,-5.913225456421977722e-03
-3.618943631634559122e-01,-3.618943631634559677e-01
-8.698705396020521841e-01,-8.698705396020522951e-01
-9.885565596204992644e-01,-9.885565596204993755e-01
-6.163536106052771579e-01,-6.163536106052771579e-01
