-1.000000000000000000e+00,-1.000000000000000000e+00
-7.258449795396668680e-01,-7.258449795396668680e-01
-6.328753274199178103e-02,-6.328753274199178103e-02
5.934264827865247671e-01,5.934264827865246561e-01
9.880960048751431524e-01,9.880960048751430413e-01
8.460558485261273631e-01,8.460558485261273631e-01
3.444698632317528264e-01,3.444698632317528264e-01
-3.072187714776323242e-01,-3.072187714776322687e-01
-8.693281748137990927e-01,-8.693281748137990927e-01
-9.870395549069300722e-01,-9.870395549069301833e-01
-6.781739162625262107e-01,-6.781739162625262107e-01
4.850722892051478885e-02,4.850722892051481661e-02
7.087424046147283718e-01,7.087424046147284828e-01
9.967537752379220795e-01,9.967537752379219684e-01
8.348230341928127851e-01,8.348230341928128961e-01
2.722620020403713759e-01,2.722620020403713204e-01
-3.951446837394821943e-01,-3.951446837394821943e-01
-8.885389168875719168e-01,-8.885389168875719168e-01
-9.556952198209074378e-01,-9.556952198209073268e-01
-5.148427416161828196e-01,-5.148427416161829306e-01
1.586694558298655244e-01,1.586694558298655244e-01
7.819404372408070847e-01,7.819404372408070847e-01
9.995990408871640032e-01,9.995990408871641142e-01
6.977783127597295687e-01,6.977783127597294577e-01
3.148657741033622504e-03,3.148657741033594748e-03
-6.453975355567932448e-01,-6.453975355567931338e-01
-9.825104213678010900e-01,-9.825104213678010900e-01
-8.737166604324388963e-01,-8.737166604324388963e-01
-2.709202589269024131e-01,-2.709202589269024131e-01
4.720162192748407759e-01,4.720162192748407204e-01
9.583184753261202449e-01,9.583184753261202449e-01
8.903003478925637371e-01,8.903003478925636260e-01
3.985270962870324229e-01,3.985270962870324229e-01
-3.299423203547972028e-01,-3.299423203547972028e-01
-8.994730441451889158e-01,-8.994730441451890268e-01
-9.678443398315905721e-01,-9.678443398315906832e-01
-5.456123543732180892e-01,-5.456123543732180892e-01
9.751330232751520555e-02,9.751330232751517779e-02
7.520964633496803886e-01,7.520964633496803886e-01
9.999585409151798832e-01,9.999585409151798832e-01
7.675987401595107951e-01,7.675987401595107951e-01
8.572687239275267324e-02,8.572687239275272875e-02
-5.369123780669786683e-01,-5.369123780669786683e-01
-9.413463528043048978e-01,-9.413463528043048978e-01
-9.307253058556026470e-01,-9.307253058556026470e-01
-4.216878605008865244e-01,-4.216878605008865244e-01
3.124753728743776549e-01,3.124753728743776549e-01
8.351561887026502928e-01,8.351561887026501818e-01
9.863046379036568556e-01,9.863046379036568556e-01
6.734431893589946094e-01,6.734431893589946094e-01
-5.254297434381849374e-02,-5.254297434381846599e-02
-6.824917459537083175e-01,-6.824917459537083175e-01
-9.967231370448182970e-01,-9.967231370448181860e-01
-7.594979203460946460e-01,-7.594979203460946460e-01
-1.888352550905690874e-01,-1.888352550905690319e-01
5.510079914920396060e-01,5.510079914920396060e-01
9.572436972529972943e-01,9.572436972529974053e-01
9.070001000630815158e-01,9.070001000630816268e-01
3.668194788061272527e-01,3.668194788061271971e-01
-3.360478141146380771e-01,-3.360478141146381326e-01
-8.526442337008610650e-01,-8.526442337008610650e-01
-9.843085803145538160e-01,-9.843085803145539270e-01
-5.869712848115639092e-01,-5.869712848115639092e-01
1.391774477767920848e-01,1.391774477767920570e-01
7.458989393900720133e-01,7.458989393900719023e-01
9.987791078614167706e-01,9.987791078614168816e-01
7.601111908490374436e-01,7.601111908490375546e-01
8.075286061048803088e-02,8.075286061048794761e-02
-5.803386480438161854e-01,-5.803386480438160744e-01
-9.754572749032902612e-01,-9.754572749032903722e-01
-9.088320118483587118e-01,-9.088320118483587118e-01
-3.461484667257905823e-01,-3.461484667257905823e-01
3.623844249496956937e-01,3.623844249496956937e-01
8.861548571725914591e-01,8.861548571725915702e-01
9.659386592953518313e-01,9.659386592953517203e-01
5.977238281196970426e-01,5.977238281196971537e-01
-1.094862846213346952e-01,-1.094862846213346674e-01
-7.617953555386705045e-01,-7.617953555386703934e-01
-9.999764039295913065e-01,-9.999764039295913065e-01
-7.201803009668549249e-01,-7.201803009668549249e-01
-5.255239728566518664e-02,-5.255239728566518664e-02
5.801831301475814939e-01,5.801831301475814939e-01
9.695645875858073248e-01,9.695645875858073248e-01
8.677716536032685779e-01,8.677716536032684669e-01
3.226755772985681059e-01,3.226755772985681059e-01
-3.880182005535728895e-01,-3.880182005535728340e-01
-9.245065985588293289e-01,-9.245065985588294399e-01
-9.413367463914524835e-01,-9.413367463914524835e-01
-4.951026947388011967e-01,-4.951026947388010857e-01
2.012722662466323031e-01,2.012722662466323031e-01
7.773811730942328246e-01,7.773811730942328246e-01
9.944351785757674644e-01,9.944351785757674644e-01
6.269699504234966803e-01,6.269699504234965692e-01
-9.012168273425141818e-02,-9.012168273425139042e-02
-7.547488437479187295e-01,-7.547488437479187295e-01
-9.998716371549764004e-01,-9.998716371549762894e-01
-7.711399104278470196e-01,-7.711399104278470196e-01
-1.390608556017730035e-01,-1.390608556017730590e-01
4.912681510465131685e-01,4.912681510465131685e-01
9.570015496598743843e-01,9.570015496598743843e-01
8.865714951699966706e-01,8.865714951699966706e-01
