-1.000000000000000000e+00,-1.000000000000000000e+00
-7.771741191120393744e-01,-7.771741191120392633e-01
-2.644577589853744914e-01,-2.644577589853744914e-01
-4.549625439619675582e-03,-4.549625439619731093e-03
-1.647652649146250647e-01,-1.647652649146250925e-01
-6.532178691895279554e-01,-6.532178691895279554e-01
-9.778023371787426532e-01,-9.778023371787425422e-01
-8.412783981845846082e-01,-8.412783981845846082e-01
-3.382023831311999906e-01,-3.382023831311999351e-01
-5.537851044131347766e-03,-5.537851044131403278e-03
-1.656198083822660316e-01,-1.656198083822659761e-01
-6.308295418449176850e-01,-6.308295418449176850e-01
-9.826578098880441869e-01,-9.826578098880442980e-01
-8.572770148277715219e-01,-8.572770148277715219e-01
-3.744993472782757737e-01,-3.744993472782757737e-01
-3.699665595415613240e-02,-3.699665595415613240e-02
-8.355585549063826445e-02,-8.355585549063826445e-02
-4.979186427615060473e-01,-4.979186427615059918e-01
-9.473955617956058006e-01,-9.473955617956059116e-01
-9.448423431549569651e-01,-9.448423431549569651e-01
-5.791509939501698900e-01,-5.791509939501698900e-01
-1.208568665701051925e-01,-1.208568665701052480e-01
-1.327639182666606743e-02,-1.327639182666606743e-02
-3.377817498819049025e-01,-3.377817498819048470e-01
-7.882587002085394978e-01,-7.882587002085393868e-01
-9.957395188472988323e-01,-9.957395188472988323e-01
-7.095790617487365282e-01,-7.095790617487365282e-01
-1.907305521980975915e-01,-1.907305521980975638e-01
3.883482469660359815e-03,3.883482469660415326e-03
-2.243625618529953569e-01,-2.243625618529953847e-01
-7.135104088874203443e-01,-7.135104088874204553e-01
-9.967234150301668150e-01,-9.967234150301669260e-01
-7.688220409882975392e-01,-7.688220409882975392e-01
-3.035012128904581163e-01,-3.035012128904581163e-01
-1.279307667458201569e-02,-1.279307667458207121e-02
-1.536159951637688925e-01,-1.536159951637688370e-01
-6.299069756844423162e-01,-6.299069756844424273e-01
-9.833743919172523995e-01,-9.833743919172525105e-01
-8.336509576187154380e-01,-8.336509576187154380e-01
-3.231254471912682336e-01,-3.231254471912682336e-01
-1.788614926932496907e-03,-1.788614926932496907e-03
-1.998662409332078727e-01,-1.998662409332079004e-01
-6.758324705859443116e-01,-6.758324705859443116e-01
-9.961044374316029293e-01,-9.961044374316029293e-01
-7.732982013676739097e-01,-7.732982013676740207e-01
-2.994965876506698876e-01,-2.994965876506698321e-01
-6.485338533683659978e-03,-6.485338533683715490e-03
-1.318983822632263658e-01,-1.318983822632263103e-01
-6.053059559488394026e-01,-6.053059559488394026e-01
-9.542894468115917794e-01,-9.542894468115918905e-01
-8.893369265644254229e-01,-8.893369265644255339e-01
-3.842564976405805632e-01,-3.842564976405805077e-01
-3.994709289739217795e-02,-3.994709289739223346e-02
-9.528934378148468110e-02,-9.528934378148468110e-02
-5.983778143723593734e-01,-5.983778143723594845e-01
-9.602127675855796074e-01,-9.602127675855796074e-01
-8.820359549770607765e-01,-8.820359549770608876e-01
-4.806151708386276478e-01,-4.806151708386276478e-01
-6.015933624924851841e-02,-6.015933624924851841e-02
-8.519532082171038523e-02,-8.519532082171032972e-02
-5.405417710714228718e-01,-5.405417710714227608e-01
-9.574111270206885349e-01,-9.574111270206885349e-01
-9.206020330958507580e-01,-9.206020330958507580e-01
-4.773980412881946300e-01,-4.773980412881946300e-01
-6.090962322294063425e-02,-6.090962322294068976e-02
-5.813178876969965492e-02,-5.813178876969965492e-02
-4.330923419886227865e-01,-4.330923419886228420e-01
-8.857163854760052857e-01,-8.857163854760052857e-01
-9.750900106432504044e-01,-9.750900106432502934e-01
-6.153022151690830110e-01,-6.153022151690830110e-01
-1.314330777044986354e-01,-1.314330777044986354e-01
-1.375928383874280847e-02,-1.375928383874280847e-02
-2.987490248370916479e-01,-2.987490248370916479e-01
-7.606670201756664529e-01,-7.606670201756664529e-01
-9.958219016749539909e-01,-9.958219016749541019e-01
-7.496819501866506252e-01,-7.496819501866507363e-01
-2.654488062499741896e-01,-2.654488062499741896e-01
1.028515591866724366e-02,1.028515591866724366e-02
-2.918964807915210846e-01,-2.918964807915210291e-01
-7.981656558108999322e-01,-7.981656558108998212e-01
-9.921134108927648354e-01,-9.921134108927649464e-01
-7.525227568159461589e-01,-7.525227568159460478e-01
-2.414114666444844293e-01,-2.414114666444843738e-01
-2.295137764730670327e-04,-2.295137764730115215e-04
-2.328686943645110197e-01,-2.328686943645110197e-01
-7.247700930756346693e-01,-7.247700930756346693e-01
-9.935500816622582221e-01,-9.935500816622581111e-01
-7.373730992387025340e-01,-7.373730992387025340e-01
-2.405372480177228045e-01,-2.405372480177227490e-01
4.689285598002634892e-03,4.689285598002634892e-03
-1.769394841909464056e-01,-1.769394841909463501e-01
-6.907665359980755815e-01,-6.907665359980755815e-01
-9.802559147417383434e-01,-9.802559147417383434e-01
-8.591580664623107433e-01,-8.591580664623108543e-01
-4.337885955848333475e-01,-4.337885955848334030e-01
-2.592592834847912142e-02,-2.592592834847912142e-02
-9.200952036619414187e-02,-9.200952036619408636e-02
-5.432274765251607906e-01,-5.432274765251607906e-01
-9.336280092354181104e-01,-9.336280092354181104e-01
-9.496064457001013315e-01,-9.496064457001014425e-01
-6.040106654566117506e-01,-6.040106654566117506e-01
