-1.000000000000000000e+00,-1.000000000000000000e+00
-7.530738226173999683e-01,-7.530738226173999683e-01
-3.068686332432010166e-01,-3.068686332432010722e-01
-5.893481331730232586e-03,-5.893481331730232586e-03
-1.400768683658979996e-01,-1.400768683658980551e-01
-5.852634755760338647e-01,-5.852634755760337537e-01
-9.786347394465758631e-01,-9.786347394465758631e-01
-8.607050926709028937e-01,-8.607050926709028937e-01
-4.196009255345462541e-01,-4.196009255345462541e-01
-1.944542686816186361e-02,-1.944542686816186361e-02
-1.409472232872346353e-01,-1.409472232872346908e-01
-5.784531697059904776e-01,-5.784531697059904776e-01
-9.530660866393787511e-01,-9.530660866393787511e-01
-9.397163967968619191e-01,-9.397163967968618081e-01
-4.890823437398778006e-01,-4.890823437398778006e-01
-4.641825043716268917e-02,-4.641825043716268917e-02
-7.300864923233485460e-02,-7.300864923233479908e-02
-5.358881883931124746e-01,-5.358881883931124746e-01
-9.606018139715254422e-01,-9.606018139715254422e-01
-9.152152464571139401e-01,-9.152152464571139401e-01
-4.665591783181842755e-01,-4.665591783181842755e-01
-3.838544874679089558e-02,-3.838544874679084007e-02
-1.025885110867524319e-01,-1.025885110867524319e-01
-5.616562815395549357e-01,-5.616562815395549357e-01
-9.605724527792954826e-01,-9.605724527792954826e-01
-8.764420067679098425e-01,-8.764420067679098425e-01
-4.641687193054959137e-01,-4.641687193054959137e-01
-5.473054537639338024e-02,-5.473054537639338024e-02
-7.228240171116773194e-02,-7.228240171116773194e-02
-4.561594368679330325e-01,-4.561594368679330880e-01
-9.132904755506671135e-01,-9.132904755506671135e-01
-9.670703690576627487e-01,-9.670703690576626377e-01
-6.334280450599819590e-01,-6.334280450599818479e-01
-1.844365826076286297e-01,-1.844365826076286019e-01
-6.613118204043089143e-03,-6.613118204043089143e-03
-3.509081710417338296e-01,-3.509081710417338296e-01
-8.403243271532354619e-01,-8.403243271532354619e-01
-9.869182962990860064e-01,-9.869182962990858954e-01
-6.876738289314126007e-01,-6.876738289314126007e-01
-2.044081863625376028e-01,-2.044081863625375750e-01
-2.282271040148386998e-03,-2.282271040148331487e-03
-2.899811154777456879e-01,-2.899811154777456879e-01
-7.476279145978830254e-01,-7.476279145978830254e-01
-9.962047515653721375e-01,-9.962047515653721375e-01
-8.138886248354905151e-01,-8.138886248354905151e-01
-3.025777091565535759e-01,-3.025777091565535204e-01
1.388771391315157810e-03,1.388771391315213322e-03
-2.378616432685028981e-01,-2.378616432685029258e-01
-7.279471946570135188e-01,-7.279471946570135188e-01
-9.950211868506573243e-01,-9.950211868506572133e-01
-7.983201708594203083e-01,-7.983201708594201973e-01
-2.781415024815174775e-01,-2.781415024815174775e-01
-8.255372591550569350e-03,-8.255372591550624861e-03
-1.333225570186423181e-01,-1.333225570186423181e-01
-6.330654846700536353e-01,-6.330654846700537464e-01
-9.892927439803212986e-01,-9.892927439803212986e-01
-8.726070793692307648e-01,-8.726070793692308758e-01
-4.503784239289156388e-01,-4.503784239289156388e-01
-2.790676064149738567e-02,-2.790676064149738567e-02
-1.263983681224613576e-01,-1.263983681224613576e-01
-6.319300505175118321e-01,-6.319300505175119431e-01
-9.660901335440300608e-01,-9.660901335440301718e-01
-8.727437821460024558e-01,-8.727437821460024558e-01
-3.658700694331630809e-01,-3.658700694331630809e-01
-1.760396767298061382e-02,-1.760396767298066933e-02
-1.178118683534248312e-01,-1.178118683534248312e-01
-6.240780150547999838e-01,-6.240780150547999838e-01
-9.870128192234560727e-01,-9.870128192234559616e-01
-8.449934835294290458e-01,-8.449934835294290458e-01
-3.627699222992057382e-01,-3.627699222992057382e-01
-3.950749634782702024e-03,-3.950749634782702024e-03
-1.339426554036469152e-01,-1.339426554036469152e-01
-5.613386662473570654e-01,-5.613386662473571764e-01
-9.627274233142978366e-01,-9.627274233142978366e-01
-9.123384463839517844e-01,-9.123384463839518954e-01
-4.439013497026837451e-01,-4.439013497026837451e-01
-3.612713301697106916e-02,-3.612713301697112467e-02
-7.398165733823802714e-02,-7.398165733823808266e-02
-5.190588340972698278e-01,-5.190588340972699388e-01
-9.492381665189896234e-01,-9.492381665189896234e-01
-9.143489390106859238e-01,-9.143489390106860348e-01
-4.845948870649209872e-01,-4.845948870649209317e-01
-9.271072389882700771e-02,-9.271072389882700771e-02
-3.532956234798612094e-02,-3.532956234798612094e-02
-4.107082051449662541e-01,-4.107082051449663096e-01
-8.560837293069493148e-01,-8.560837293069494258e-01
-9.920978114178014007e-01,-9.920978114178012897e-01
-6.547479815632935018e-01,-6.547479815632935018e-01
-1.602145463579421891e-01,-1.602145463579421891e-01
-9.283759757521936606e-03,-9.283759757521936606e-03
-3.363728211329762297e-01,-3.363728211329762297e-01
-7.796086954839414052e-01,-7.796086954839414052e-01
-9.989427296737739548e-01,-9.989427296737740658e-01
-7.547028346426181145e-01,-7.547028346426182255e-01
-3.014577596076341570e-01,-3.014577596076341015e-01
-9.728410156949751642e-03,-9.728410156949751642e-03
-1.339103233020842443e-01,-1.339103233020842443e-01
-5.527479703646562825e-01,-5.527479703646562825e-01
-9.612237220243674551e-01,-9.612237220243673441e-01
-9.023006342121988599e-01,-9.023006342121987489e-01
-4.362908541493877856e-01,-4.362908541493877856e-01
