-1.000000000000000000e+00,-1.000000000000000000e+00
-7.628792880087653661e-01,-7.628792880087653661e-01
-1.041144602605696967e-01,-1.041144602605696967e-01
5.861817079188325064e-01,5.861817079188325064e-01
9.828005308443674704e-01,9.828005308443674704e-01
8.876491560953910787e-01,8.876491560953910787e-01
4.059179679604643098e-01,4.059179679604643654e-01
-2.811916111132133356e-01,-2.811916111132133356e-01
-8.376170668767708438e-01,-8.376170668767708438e-01
-9.854934602660134768e-01,-9.854934602660134768e-01
-6.264322263651571632e-01,-6.264322263651572742e-01
4.696754950979975529e-02,4.696754950979969978e-02
7.206783912277244797e-01,7.206783912277244797e-01
9.958056864241345840e-01,9.958056864241346950e-01
8.104186621931351864e-01,8.104186621931350754e-01
2.708390829536084787e-01,2.708390829536084787e-01
-4.507387292430813375e-01,-4.507387292430812820e-01
-9.265687436267815436e-01,-9.265687436267815436e-01
-9.312745913925528640e-01,-9.312745913925528640e-01
-4.295847524814512264e-01,-4.295847524814512819e-01
2.415671292386697422e-01,2.415671292386697144e-01
8.351519227065907769e-01,8.351519227065908879e-01
9.965873988418241236e-01,9.965873988418241236e-01
6.639535860498033681e-01,6.639535860498034792e-01
2.215412490850665606e-02,2.215412490850671157e-02
-6.829926681248252862e-01,-6.829926681248253972e-01
-9.967243269648382586e-01,-9.967243269648383697e-01
-7.563559020647085962e-01,-7.563559020647087072e-01
-1.095099909306229691e-01,-1.095099909306229136e-01
5.553167349150197607e-01,5.553167349150198717e-01
9.689230679079808839e-01,9.689230679079807729e-01
9.119761817324228970e-01,9.119761817324228970e-01
4.414766095607115526e-01,4.414766095607114971e-01
-1.997908126602826462e-01,-1.997908126602827017e-01
-7.803903791407926782e-01,-7.803903791407927892e-01
-9.999351273003784790e-01,-9.999351273003784790e-01
-7.506706193007521843e-01,-7.506706193007522954e-01
-1.653520336410505553e-01,-1.653520336410505553e-01
5.153564452192983536e-01,5.153564452192984646e-01
9.291741280248426715e-01,9.291741280248426715e-01
9.213282272910984227e-01,9.213282272910984227e-01
4.866371977182443742e-01,4.866371977182444297e-01
-2.800934425805974293e-01,-2.800934425805974293e-01
-8.274002828876434457e-01,-8.274002828876434457e-01
-9.934396927218527296e-01,-9.934396927218528406e-01
-6.742507861195279339e-01,-6.742507861195277119e-01
-7.805052816952295913e-02,-7.805052816952295913e-02
5.928553339122470955e-01,5.928553339122472066e-01
9.857581209758767837e-01,9.857581209758766727e-01
8.146123548795758396e-01,8.146123548795758396e-01
2.507785794832350090e-01,2.507785794832350090e-01
-4.530485550396563532e-01,-4.530485550396564642e-01
-9.355825677573383903e-01,-9.355825677573382793e-01
-9.568977291039705291e-01,-9.568977291039706401e-01
-5.366770988673321696e-01,-5.366770988673320586e-01
1.531182429113920884e-01,1.531182429113920884e-01
7.970926054025883056e-01,7.970926054025881946e-01
9.898094862335433675e-01,9.898094862335432564e-01
6.990036600255178367e-01,6.990036600255180588e-01
1.220533290779955982e-01,1.220533290779955704e-01
-5.219157517692194492e-01,-5.219157517692194492e-01
-9.726271410499685022e-01,-9.726271410499683912e-01
-9.127453346548964896e-01,-9.127453346548964896e-01
-4.351584800610655557e-01,-4.351584800610655557e-01
2.965012855629344246e-01,2.965012855629344246e-01
8.175027091407590651e-01,8.175027091407591762e-01
9.974310418963656666e-01,9.974310418963656666e-01
7.100378402141792611e-01,7.100378402141792611e-01
1.724708460340929062e-02,1.724708460340934613e-02
-6.102271387729630847e-01,-6.102271387729630847e-01
-9.717437985497645592e-01,-9.717437985497644481e-01
-8.566987160789295563e-01,-8.566987160789294453e-01
-3.531822933235899686e-01,-3.531822933235899686e-01
3.748481890379613546e-01,3.748481890379613546e-01
9.031987493034941972e-01,9.031987493034941972e-01
9.741260016195493199e-01,9.741260016195494309e-01
5.312844512469038216e-01,5.312844512469038216e-01
-1.276225761657728830e-01,-1.276225761657729108e-01
-7.139670022853363829e-01,-7.139670022853362719e-01
-9.944912484802831409e-01,-9.944912484802832520e-01
-7.732933200914562377e-01,-7.732933200914562377e-01
-1.024602755503726814e-01,-1.024602755503726537e-01
6.090349286591270062e-01,6.090349286591270062e-01
9.773204482145425587e-01,9.773204482145425587e-01
8.946943771217140684e-01,8.946943771217140684e-01
3.728989474069633325e-01,3.728989474069632770e-01
-2.792889675512072456e-01,-2.792889675512072456e-01
-8.336688243922250052e-01,-8.336688243922250052e-01
-9.955515318235137467e-01,-9.955515318235137467e-01
-6.822488485887557852e-01,-6.822488485887556742e-01
-8.614097917022323081e-02,-8.614097917022325857e-02
5.904144496438865630e-01,5.904144496438865630e-01
9.842537632647478940e-01,9.842537632647478940e-01
8.334502958007693474e-01,8.334502958007692364e-01
2.336848314585430186e-01,2.336848314585429909e-01
-5.054768517270300521e-01,-5.054768517270300521e-01
-9.330753608619082318e-01,-9.330753608619081207e-01
-9.113222635014966988e-01,-9.113222635014965878e-01
-4.228327650689253092e-01,-4.228327650689253092e-01
3.050564479319415878e-01,3.050564479319415878e-01
8.725843804574716644e-01,8.725843804574716644e-01
