-1.000000000000000000e+00,-1.000000000000000000e+00
-7.260560261284936256e-01,-7.260560261284937367e-01
-2.388429010678859710e-01,-2.388429010678859432e-01
1.458889887470449231e-03,1.458889887470393720e-03
-2.043810765860878398e-01,-2.043810765860878675e-01
-6.710214822008012669e-01,-6.710214822008013780e-01
-9.863965999508776950e-01,-9.863965999508776950e-01
-8.287317267615579297e-01,-8.287317267615580407e-01
-3.049483591280049977e-01,-3.049483591280049422e-01
-5.792270498262530598e-03,-5.792270498262475087e-03
-1.495682442874463614e-01,-1.495682442874463614e-01
-5.798238629927269239e-01,-5.798238629927269239e-01
-9.756484982607891432e-01,-9.756484982607891432e-01
-9.065422201883476250e-01,-9.065422201883476250e-01
-4.620454486685325324e-01,-4.620454486685324769e-01
-6.879675322953171523e-02,-6.879675322953171523e-02
-5.732861914776021806e-02,-5.732861914776021806e-02
-5.175892631438090419e-01,-5.175892631438089309e-01
-9.503459133444258633e-01,-9.503459133444258633e-01
-9.361939479583407664e-01,-9.361939479583407664e-01
-5.177116455667080119e-01,-5.177116455667080119e-01
-9.753562479157845688e-02,-9.753562479157840137e-02
-3.772131851224747034e-02,-3.772131851224741483e-02
-3.998698473138602716e-01,-3.998698473138603271e-01
-8.654493898707922295e-01,-8.654493898707923405e-01
-9.848106665316030961e-01,-9.848106665316030961e-01
-6.897474616355615540e-01,-6.897474616355614430e-01
-1.977364016140126246e-01,-1.977364016140126246e-01
-2.772319086268404398e-03,-2.772319086268404398e-03
-2.961721599880715594e-01,-2.961721599880715594e-01
-7.553667144699804936e-01,-7.553667144699806046e-01
-9.974982903389695288e-01,-9.974982903389695288e-01
-7.877705490247071118e-01,-7.877705490247072229e-01
-3.426300364875110582e-01,-3.426300364875111137e-01
-1.235445313261196443e-02,-1.235445313261196443e-02
-1.049055173582167377e-01,-1.049055173582167377e-01
-5.949298861449643372e-01,-5.949298861449642262e-01
-9.605220764854669468e-01,-9.605220764854669468e-01
-8.875934529989871757e-01,-8.875934529989871757e-01
-4.008633781012307939e-01,-4.008633781012307939e-01
-3.387003972422097942e-02,-3.387003972422097942e-02
-1.177124603218844823e-01,-1.177124603218844823e-01
-5.733980799765310277e-01,-5.733980799765311387e-01
-9.532569417857986727e-01,-9.532569417857986727e-01
-8.865039929556546294e-01,-8.865039929556546294e-01
-4.585989990242480552e-01,-4.585989990242479997e-01
-3.265992267484024714e-02,-3.265992267484024714e-02
-6.087056427666281966e-02,-6.087056427666287517e-02
-4.555681474639121098e-01,-4.555681474639120543e-01
-9.128898704415188137e-01,-9.128898704415187026e-01
-9.527989537294510036e-01,-9.527989537294510036e-01
-5.384303037454720720e-01,-5.384303037454721830e-01
-1.054061991704604573e-01,-1.054061991704604573e-01
-2.506422578671657631e-02,-2.506422578671663182e-02
-3.917104110683765072e-01,-3.917104110683764517e-01
-8.260992216709602820e-01,-8.260992216709601710e-01
-9.724790688036583086e-01,-9.724790688036581976e-01
-6.028412611636435603e-01,-6.028412611636435603e-01
-1.215549211025879206e-01,-1.215549211025879206e-01
-1.895002348165591988e-02,-1.895002348165591988e-02
-4.130805538906488494e-01,-4.130805538906487939e-01
-8.749404965409453006e-01,-8.749404965409454116e-01
-9.436433506382444492e-01,-9.436433506382444492e-01
-5.754724567647289124e-01,-5.754724567647290234e-01
-9.268573526166035137e-02,-9.268573526166040688e-02
-3.435006912983240568e-02,-3.435006912983246119e-02
-4.162593603376223972e-01,-4.162593603376223972e-01
-8.699791290322022030e-01,-8.699791290322022030e-01
-9.715716544131494103e-01,-9.715716544131495214e-01
-6.721954172868225275e-01,-6.721954172868225275e-01
-1.848939243029585899e-01,-1.848939243029585622e-01
3.283563290353064268e-03,3.283563290353008757e-03
-2.486182764000279821e-01,-2.486182764000279821e-01
-7.553040100166820148e-01,-7.553040100166820148e-01
-9.856652713852205316e-01,-9.856652713852206427e-01
-7.959931603107640585e-01,-7.959931603107640585e-01
-3.434967796325184564e-01,-3.434967796325184564e-01
-2.287829403853675059e-02,-2.287829403853669508e-02
-8.888177744193637153e-02,-8.888177744193637153e-02
-5.114002983777001798e-01,-5.114002983777001798e-01
-9.380501064257930066e-01,-9.380501064257931176e-01
-9.024272619935158612e-01,-9.024272619935158612e-01
-5.212831699341857750e-01,-5.212831699341857750e-01
-4.784369464495080715e-02,-4.784369464495086266e-02
-5.591689000311050872e-02,-5.591689000311050872e-02
-4.967189592961828715e-01,-4.967189592961829270e-01
-9.139166177517716871e-01,-9.139166177517716871e-01
-9.045874291140497681e-01,-9.045874291140496570e-01
-5.172080911290275473e-01,-5.172080911290275473e-01
-9.923721330013651754e-02,-9.923721330013651754e-02
-2.531569872634376051e-02,-2.531569872634376051e-02
-4.472023075211022380e-01,-4.472023075211022936e-01
-8.872982433301941363e-01,-8.872982433301941363e-01
-9.495219590004317922e-01,-9.495219590004316812e-01
-6.173076517197438884e-01,-6.173076517197439994e-01
-1.664174802198722380e-01,-1.664174802198722380e-01
-1.064313938195377007e-02,-1.064313938195377007e-02
-2.931022930358185286e-01,-2.931022930358185286e-01
-7.754151992426350226e-01,-7.754151992426350226e-01
-9.853808423316264831e-01,-9.853808423316264831e-01
-7.096333835140675728e-01,-7.096333835140676838e-01
