-1.000000000000000000e+00,-1.000000000000000000e+00
-8.073986871981921887e-01,-8.073986871981921887e-01
-3.520593998005203118e-01,-3.520593998005203118e-01
2.380458805747115991e-01,2.380458805747115991e-01
7.967124701797443365e-01,7.967124701797443365e-01
9.909801173060033275e-01,9.909801173060033275e-01
5.492846961035496856e-01,5.492846961035496856e-01
-2.751475496301654111e-01,-2.751475496301654111e-01
-8.798558010454181622e-01,-8.798558010454182732e-01
-9.798606049386729966e-01,-9.798606049386731076e-01
-6.895682812415383500e-01,-6.895682812415383500e-01
-1.815893969529933094e-01,-1.815893969529933649e-01
4.234177454181848876e-01,4.234177454181847766e-01
9.127273067126069339e-01,9.127273067126070449e-01
9.250529296779597122e-01,9.250529296779597122e-01
3.115338804513821946e-01,3.115338804513821946e-01
-5.060100343492706099e-01,-5.060100343492706099e-01
-9.631651189792850287e-01,-9.631651189792851397e-01
-9.235172151216712866e-01,-9.235172151216712866e-01
-5.522017705491926165e-01,-5.522017705491926165e-01
-1.432317166513596973e-03,-1.432317166513596973e-03
5.996207275331303377e-01,5.996207275331304487e-01
9.832320721014637943e-01,9.832320721014639053e-01
7.960714968362658794e-01,7.960714968362657684e-01
5.371899574234406671e-02,5.371899574234403896e-02
-6.995102348295789696e-01,-6.995102348295789696e-01
-9.982527038105493133e-01,-9.982527038105492023e-01
-8.369298319688703858e-01,-8.369298319688704968e-01
-3.985540108451807173e-01,-3.985540108451807173e-01
1.845422139901575775e-01,1.845422139901576331e-01
7.568433968359002950e-01,7.568433968359001840e-01
9.980352638212328653e-01,9.980352638212328653e-01
6.108520820299181420e-01,6.108520820299181420e-01
-2.041540249584419819e-01,-2.041540249584419542e-01
-8.468601665198871586e-01,-8.468601665198872697e-01
-9.895775727620529372e-01,-9.895775727620528261e-01
-7.253882721052558047e-01,-7.253882721052558047e-01
-2.314258283509791903e-01,-2.314258283509792180e-01
3.710096412369043861e-01,3.710096412369043306e-01
8.837229812965692322e-01,8.837229812965692322e-01
9.504564508548110080e-01,9.504564508548108970e-01
3.823721800595476505e-01,3.823721800595475950e-01
-4.433447836310488999e-01,-4.433447836310487888e-01
-9.444224916351070531e-01,-9.444224916351069421e-01
-9.429535698376522168e-01,-9.429535698376521058e-01
-5.932406285469682405e-01,-5.932406285469682405e-01
-5.369115612940245086e-02,-5.369115612940242310e-02
5.507495990977460121e-01,5.507495990977461231e-01
9.683750227025211821e-01,9.683750227025211821e-01
8.390830300438736344e-01,8.390830300438735234e-01
1.282601524644750302e-01,1.282601524644749746e-01
-6.486492905638601147e-01,-6.486492905638600037e-01
-9.929246823835342628e-01,-9.929246823835342628e-01
-8.644300527326447270e-01,-8.644300527326447270e-01
-4.439477933443565227e-01,-4.439477933443565782e-01
1.310908679010186484e-01,1.310908679010186484e-01
7.145010617255529439e-01,7.145010617255528329e-01
9.999645340769431900e-01,9.999645340769431900e-01
6.688581745465044248e-01,6.688581745465043138e-01
-1.316125503835397503e-01,-1.316125503835397503e-01
-8.097725781850291238e-01,-8.097725781850291238e-01
-9.961955091754478575e-01,-9.961955091754477465e-01
-7.595318836516447014e-01,-7.595318836516447014e-01
-2.803921451120423569e-01,-2.803921451120423569e-01
3.180654748013691524e-01,3.180654748013691524e-01
8.512652506287516907e-01,8.512652506287518017e-01
9.706116382269984744e-01,9.706116382269983633e-01
4.511037571738110707e-01,4.511037571738111263e-01
-3.778817468730202300e-01,-3.778817468730202300e-01
-9.216555009575299051e-01,-9.216555009575299051e-01
-9.597894811965093087e-01,-9.597894811965093087e-01
-6.328836400334374446e-01,-6.328836400334374446e-01
-1.053665188549808285e-01,-1.053665188549808285e-01
5.005846137229934545e-01,5.005846137229934545e-01
9.491678524948905515e-01,9.491678524948905515e-01
8.772494805833309650e-01,8.772494805833309650e-01
2.023344762291457988e-01,2.023344762291457710e-01
-5.941482402990331257e-01,-5.941482402990332368e-01
-9.838936805041316180e-01,-9.838936805041316180e-01
-8.897831492501365735e-01,-8.897831492501364625e-01
-4.881779122226707068e-01,-4.881779122226707623e-01
7.782991497164248873e-02,7.782991497164248873e-02
6.699616384805183733e-01,6.699616384805184843e-01
9.968884067230086021e-01,9.968884067230084911e-01
7.229509923519428227e-01,7.229509923519428227e-01
-5.794137123141318568e-02,-5.794137123141315793e-02
-7.686358048990848957e-01,-7.686358048990848957e-01
-9.995715454354757723e-01,-9.995715454354756613e-01
-7.919060264400566984e-01,-7.919060264400565874e-01
-3.284189972369586097e-01,-3.284189972369586097e-01
2.647706665938702741e-01,2.647706665938702186e-01
8.156320474797101872e-01,8.156320474797100761e-01
9.855024008617014886e-01,9.855024008617014886e-01
5.172843638647214304e-01,5.172843638647215414e-01
-3.099397420619764976e-01,-3.099397420619764421e-01
-8.948139189051979026e-01,-8.948139189051980136e-01
-9.738850032491359610e-01,-9.738850032491359610e-01
-6.710570349069553409e-01,-6.710570349069553409e-01
-1.563677744976059714e-01,-1.563677744976059436e-01
4.493589818988226736e-01,4.493589818988226181e-01
9.258493015604978282e-01,9.258493015604978282e-01
