-1.000000000000000000e+00,-1.000000000000000000e+00
-7.017468771806170125e-01,-7.017468771806169014e-01
-1.366332718810823743e-01,-1.366332718810823743e-01
-4.192474993995642940e-02,-4.192474993995648491e-02
-4.629956770429390356e-01,-4.629956770429390911e-01
-8.783400589430132577e-01,-8.783400589430132577e-01
-9.963028182531412646e-01,-9.963028182531412646e-01
-7.912769537978758816e-01,-7.912769537978758816e-01
-3.520776610765911085e-01,-3.520776610765911085e-01
-8.356376745787541527e-03,-8.356376745787541527e-03
-2.161545379410169665e-01,-2.161545379410169110e-01
-7.924074867225141539e-01,-7.924074867225141539e-01
-9.881659919255464386e-01,-9.881659919255464386e-01
-6.580902422302004062e-01,-6.580902422302002952e-01
-2.294271546109755699e-01,-2.294271546109755422e-01
-6.835779372514727559e-03,-6.835779372514783070e-03
-1.053242046525507680e-01,-1.053242046525507680e-01
-5.267609162613726692e-01,-5.267609162613725582e-01
-9.584091380609680577e-01,-9.584091380609681687e-01
-8.490143718309709486e-01,-8.490143718309709486e-01
-2.838809218342847607e-01,-2.838809218342847607e-01
2.187460819839559534e-03,2.187460819839559534e-03
-2.210291560430334146e-01,-2.210291560430333591e-01
-6.343630576926981846e-01,-6.343630576926981846e-01
-9.431530085893744531e-01,-9.431530085893744531e-01
-9.615319978469401008e-01,-9.615319978469402118e-01
-5.845760404975562929e-01,-5.845760404975561819e-01
-8.390159553372228407e-02,-8.390159553372228407e-02
-9.090270842298037168e-02,-9.090270842298037168e-02
-6.215654508914618681e-01,-6.215654508914617571e-01
-9.860176325799114849e-01,-9.860176325799114849e-01
-8.804570309415005180e-01,-8.804570309415005180e-01
-5.130178731446068952e-01,-5.130178731446067841e-01
-1.415719037706981154e-01,-1.415719037706980599e-01
-2.204213711877400783e-03,-2.204213711877345272e-03
-3.101586707570064272e-01,-3.101586707570064827e-01
-8.545077130674302301e-01,-8.545077130674302301e-01
-9.512013302123752956e-01,-9.512013302123752956e-01
-4.768065273458389486e-01,-4.768065273458390041e-01
-5.525442488827642107e-02,-5.525442488827636556e-02
-4.212948081478218310e-02,-4.212948081478218310e-02
-3.369908649678382551e-01,-3.369908649678383106e-01
-7.442638541509823957e-01,-7.442638541509823957e-01
-9.968530182976870213e-01,-9.968530182976871323e-01
-7.765558998007818792e-01,-7.765558998007819902e-01
-2.102074219814432654e-01,-2.102074219814432654e-01
-1.347728104412687644e-02,-1.347728104412693195e-02
-4.130919188082573523e-01,-4.130919188082573523e-01
-8.669964789639215130e-01,-8.669964789639214020e-01
-9.960731476375408455e-01,-9.960731476375407345e-01
-7.943405676378511027e-01,-7.943405676378511027e-01
-3.816931782434478393e-01,-3.816931782434478948e-01
-2.699131672172805363e-02,-2.699131672172810914e-02
-1.453523349466546155e-01,-1.453523349466545600e-01
-7.111352107781665488e-01,-7.111352107781664378e-01
-9.987007527451691180e-01,-9.987007527451690070e-01
-6.948651755233568039e-01,-6.948651755233568039e-01
-2.369047754466609423e-01,-2.369047754466609701e-01
-6.160772691035154569e-03,-6.160772691035210080e-03
-9.954208347469822860e-02,-9.954208347469817308e-02
-4.854050358510045293e-01,-4.854050358510045293e-01
-9.234304304608722536e-01,-9.234304304608723646e-01
-9.103341551456292091e-01,-9.103341551456292091e-01
-3.687681872455773613e-01,-3.687681872455774168e-01
-1.798901438807953834e-03,-1.798901438807953834e-03
-1.970819432730324117e-01,-1.970819432730324117e-01
-6.317136312378441865e-01,-6.317136312378440755e-01
-9.438438789288794428e-01,-9.438438789288793318e-01
-9.682912890175747744e-01,-9.682912890175747744e-01
-6.355634751211526323e-01,-6.355634751211526323e-01
-1.369407745057425463e-01,-1.369407745057426018e-01
-4.245444379851848193e-02,-4.245444379851842642e-02
-5.382456184803203758e-01,-5.382456184803202648e-01
-9.707654283116011751e-01,-9.707654283116011751e-01
-8.925506570947462359e-01,-8.925506570947462359e-01
-5.118880337351132681e-01,-5.118880337351131571e-01
-1.429888028842435377e-01,-1.429888028842435377e-01
2.061786719135816348e-04,2.061786719135816348e-04
-2.534822347604070991e-01,-2.534822347604071546e-01
-7.858693045123795740e-01,-7.858693045123795740e-01
-9.839366635288657736e-01,-9.839366635288658847e-01
-5.526799092766009336e-01,-5.526799092766009336e-01
-7.675891511066473827e-02,-7.675891511066468276e-02
-3.726441484453030251e-02,-3.726441484453024700e-02
-3.400032353289169640e-01,-3.400032353289169640e-01
-7.371200878879404783e-01,-7.371200878879404783e-01
-9.911797090745565475e-01,-9.911797090745565475e-01
-8.343362382428111124e-01,-8.343362382428111124e-01
-2.915606206133870559e-01,-2.915606206133870559e-01
1.555703365461180709e-03,1.555703365461180709e-03
-3.473980805440298747e-01,-3.473980805440298192e-01
-8.446849032228932463e-01,-8.446849032228932463e-01
-9.966433192795877138e-01,-9.966433192795876028e-01
-7.923509997996061038e-01,-7.923509997996062149e-01
-3.975916612951376217e-01,-3.975916612951376217e-01
-4.550194292873793733e-02,-4.550194292873788182e-02
-9.318903101009157197e-02,-9.318903101009157197e-02
-6.200751012925884709e-01,-6.200751012925884709e-01
-9.972859863958918325e-01,-9.972859863958917215e-01
-7.459010440841205014e-01,-7.459010440841205014e-01
-2.551598342704476385e-01,-2.551598342704476385e-01
