-1.000000000000000000e+00,-1.000000000000000000e+00,-1.000000000000000000e+00,-1.000000000000000000e+00,-1.000000000000000000e+00,-1.000000000000000000e+00,-1.000000000000000000e+00,-1.000000000000000000e+00
-9.998594574767372123e-01,-9.998594574767373233e-01,-9.998594574767372123e-01,-9.998594574767371013e-01,-9.998594574767373233e-01,-9.998594574767369902e-01,-9.998594574767372123e-01,-9.998594574767372123e-01
-9.986491548868366985e-01,-9.986491548868366985e-01,-9.986491548868366985e-01,-9.986491548868366985e-01,-9.986491548868364765e-01,-9.986491548868366985e-01,-9.986491548868368096e-01,-9.986491548868368096e-01
-9.968148908119582874e-01,-9.968148908119582874e-01,-9.968148908119581764e-01,-9.968148908119580653e-01,-9.968148908119582874e-01,-9.968148908119582874e-01,-9.968148908119582874e-01,-9.968148908119583984e-01
-9.960873653306151487e-01,-9.960873653306150377e-01,-9.960873653306149267e-01,-9.960873653306150377e-01,-9.960873653306150377e-01,-9.960873653306150377e-01,-9.960873653306151487e-01,-9.960873653306151487e-01
-9.945269477337447261e-01,-9.945269477337447261e-01,-9.945269477337448372e-01,-9.945269477337447261e-01,-9.945269477337448372e-01,-9.945269477337447261e-01,-9.945269477337448372e-01,-9.945269477337448372e-01
-9.899330217872021054e-01,-9.899330217872021054e-01,-9.899330217872019944e-01,-9.899330217872021054e-01,-9.899330217872022164e-01,-9.899330217872021054e-01,-9.899330217872022164e-01,-9.899330217872022164e-01
-9.861358475480669350e-01,-9.861358475480667130e-01,-9.861358475480668240e-01,-9.861358475480669350e-01,-9.861358475480668240e-01,-9.861358475480667130e-01,-9.861358475480668240e-01,-9.861358475480669350e-01
-9.852301263478185911e-01,-9.852301263478183690e-01,-9.852301263478183690e-01,-9.852301263478184801e-01,-9.852301263478185911e-01,-9.852301263478185911e-01,-9.852301263478185911e-01,-9.852301263478185911e-01
-9.813469423026994765e-01,-9.813469423026995875e-01,-9.813469423026994765e-01,-9.813469423026995875e-01,-9.813469423026994765e-01,-9.813469423026993654e-01,-9.813469423026994765e-01,-9.813469423026995875e-01
-9.737236141815018842e-01,-9.737236141815018842e-01,-9.737236141815018842e-01,-9.737236141815019952e-01,-9.737236141815017731e-01,-9.737236141815017731e-01,-9.737236141815019952e-01,-9.737236141815019952e-01
-9.675525608277887324e-01,-9.675525608277885103e-01,-9.675525608277886214e-01,-9.675525608277886214e-01,-9.675525608277886214e-01,-9.675525608277888434e-01,-9.675525608277887324e-01,-9.675525608277888434e-01
-9.582229617719072445e-01,-9.582229617719070225e-01,-9.582229617719069115e-01,-9.582229617719069115e-01,-9.582229617719071335e-01,-9.582229617719069115e-01,-9.582229617719070225e-01,-9.582229617719072445e-01
-9.412363187768333361e-01,-9.412363187768334472e-01,-9.412363187768328920e-01,-9.412363187768328920e-01,-9.412363187768330031e-01,-9.412363187768327810e-01,-9.412363187768327810e-01,-9.412363187768330031e-01
-9.201315839138803909e-01,-9.201315839138801689e-01,-9.201315839138795027e-01,-9.201315839138797248e-01,-9.201315839138792807e-01,-9.201315839138796138e-01,-9.201315839138795027e-01,-9.201315839138797248e-01
-8.997180805973481466e-01,-8.997180805973472584e-01,-8.997180805973468143e-01,-8.997180805973475914e-01,-8.997180805973469253e-01,-8.997180805973474804e-01,-8.997180805973471474e-01,-8.997180805973475914e-01
-8.814677793341159084e-01,-8.814677793341143541e-01,-8.814677793341143541e-01,-8.814677793341153533e-01,-8.814677793341146872e-01,-8.814677793341151313e-01,-8.814677793341147982e-01,-8.814677793341153533e-01
-8.637068624692390006e-01,-8.637068624692375574e-01,-8.637068624692376684e-01,-8.637068624692390006e-01,-8.637068624692385566e-01,-8.637068624692385566e-01,-8.637068624692383345e-01,-8.637068624692390006e-01
-8.438945871367102836e-01,-8.438945871367093954e-01,-8.438945871367098395e-01,-8.438945871367109497e-01,-8.438945871367103946e-01,-8.438945871367100615e-01,-8.438945871367102836e-01,-8.438945871367110607e-01
-8.205891376389767844e-01,-8.205891376389768954e-01,-8.205891376389771175e-01,-8.205891376389783387e-01,-8.205891376389774505e-01,-8.205891376389768954e-01,-8.205891376389775616e-01,-8.205891376389783387e-01
-7.942071217245593173e-01,-7.942071217245595394e-01,-7.942071217245594283e-01,-7.942071217245603165e-01,-7.942071217245592063e-01,-7.942071217245589843e-01,-7.942071217245600945e-01,-7.942071217245607606e-01
-7.666774312378881184e-01,-7.666774312378882295e-01,-7.666774312378876743e-01,-7.666774312378883405e-01,-7.666774312378864531e-01,-7.666774312378867862e-01,-7.666774312378881184e-01,-7.666774312378887846e-01
-7.404850578551784857e-01,-7.404850578551781526e-01,-7.404850578551769313e-01,-7.404850578551774865e-01,-7.404850578551751550e-01,-7.404850578551765983e-01,-7.404850578551773754e-01,-7.404850578551780416e-01
-7.176406922796159105e-01,-7.176406922796148002e-01,-7.176406922796133570e-01,-7.176406922796139121e-01,-7.176406922796114696e-01,-7.176406922796138010e-01,-7.176406922796136900e-01,-7.176406922796142451e-01
-6.989743848260830950e-01,-6.989743848260812076e-01,-6.989743848260798753e-01,-6.989743848260804304e-01,-6.989743848260780990e-01,-6.989743848260813186e-01,-6.989743848260799863e-01,-6.989743848260803194e-01
-6.839495299153897090e-01,-6.839495299153871555e-01,-6.839495299153863783e-01,-6.839495299153870445e-01,-6.839495299153846020e-01,-6.839495299153888208e-01,-6.839495299153863783e-01,-6.839495299153866004e-01
-6.709948560314598076e-01,-6.709948560314568100e-01,-6.709948560314569210e-01,-6.709948560314579202e-01,-6.709948560314552557e-01,-6.709948560314601407e-01,-6.709948560314564769e-01,-6.709948560314566990e-01
-6.581832114214247742e-01,-6.581832114214214435e-01,-6.581832114214223317e-01,-6.581832114214236640e-01,-6.581832114214209994e-01,-6.581832114214261065e-01,-6.581832114214218876e-01,-6.581832114214219986e-01
-6.439855425946485745e-01,-6.439855425946453549e-01,-6.439855425946470202e-01,-6.439855425946486855e-01,-6.439855425946456879e-01,-6.439855425946506839e-01,-6.439855425946460210e-01,-6.439855425946467982e-01
-6.278258603933195570e-01,-6.278258603933167814e-01,-6.278258603933190019e-01,-6.278258603933202231e-01,-6.278258603933168924e-01,-6.278258603933215554e-01,-6.278258603933173365e-01,-6.278258603933186688e-01
-6.102329575692604369e-01,-6.102329575692584385e-01,-6.102329575692607699e-01,-6.102329575692615471e-01,-6.102329575692576613e-01,-6.102329575692622132e-01,-6.102329575692583274e-01,-6.102329575692603258e-01
-5.925321274906247826e-01,-5.925321274906237834e-01,-5.925321274906260038e-01,-5.925321274906258928e-01,-5.925321274906218960e-01,-5.925321274906260038e-01,-5.925321274906230062e-01,-5.925321274906258928e-01
-5.762396373084917034e-01,-5.762396373084917034e-01,-5.762396373084932577e-01,-5.762396373084928136e-01,-5.762396373084884837e-01,-5.762396373084923695e-01,-5.762396373084899270e-01,-5.762396373084935908e-01
-5.624683252085136420e-01,-5.624683252085147522e-01,-5.624683252085158625e-01,-5.624683252085151963e-01,-5.624683252085105334e-01,-5.624683252085145302e-01,-5.624683252085125318e-01,-5.624683252085168617e-01
-5.516084983727023161e-01,-5.516084983727045365e-01,-5.516084983727047586e-01,-5.516084983727040925e-01,-5.516084983726996516e-01,-5.516084983727036484e-01,-5.516084983727018720e-01,-5.516084983727066460e-01
-5.433417930627957304e-01,-5.433417930627988390e-01,-5.433417930627980619e-01,-5.433417930627977288e-01,-5.433417930627938430e-01,-5.433417930627977288e-01,-5.433417930627958414e-01,-5.433417930628007264e-01
-5.368181862621759226e-01,-5.368181862621790312e-01,-5.368181862621776990e-01,-5.368181862621781431e-01,-5.368181862621748124e-01,-5.368181862621786982e-01,-5.368181862621762557e-01,-5.368181862621810296e-01
-5.308584523627287721e-01,-5.308584523627314367e-01,-5.308584523627295493e-01,-5.308584523627311036e-01,-5.308584523627282170e-01,-5.308584523627319918e-01,-5.308584523627289942e-01,-5.308584523627337681e-01
-5.242186125343964997e-01,-5.242186125343984981e-01,-5.242186125343961667e-01,-5.242186125343988312e-01,-5.242186125343962777e-01,-5.242186125344000525e-01,-5.242186125343966108e-01,-5.242186125344010517e-01
-5.159624995877918341e-01,-5.159624995877931664e-01,-5.159624995877907239e-01,-5.159624995877942766e-01,-5.159624995877917231e-01,-5.159624995877956088e-01,-5.159624995877917231e-01,-5.159624995877956088e-01
-5.058681648522836971e-01,-5.058681648522845853e-01,-5.058681648522816987e-01,-5.058681648522864727e-01,-5.058681648522833640e-01,-5.058681648522874719e-01,-5.058681648522831420e-01,-5.058681648522868057e-01
-4.945889312694199402e-01,-4.945889312694203843e-01,-4.945889312694170536e-01,-4.945889312694227713e-01,-4.945889312694188300e-01,-4.945889312694233819e-01,-4.945889312694187190e-01,-4.945889312694222717e-01
-4.833525310746104031e-01,-4.833525310746105141e-01,-4.833525310746071835e-01,-4.833525310746132342e-01,-4.833525310746082937e-01,-4.833525310746131787e-01,-4.833525310746085712e-01,-4.833525310746116799e-01
-4.733719431614515916e-01,-4.733719431614520357e-01,-4.733719431614485940e-01,-4.733719431614548667e-01,-4.733719431614486495e-01,-4.733719431614541451e-01,-4.733719431614493711e-01,-4.733719431614523687e-01
-4.653660786181865738e-01,-4.653660786181876841e-01,-4.653660786181844644e-01,-4.653660786181903486e-01,-4.653660786181830211e-01,-4.653660786181891273e-01,-4.653660786181846309e-01,-4.653660786181872955e-01
-4.594743771661322640e-01,-4.594743771661337073e-01,-4.594743771661307097e-01,-4.594743771661363163e-01,-4.594743771661279341e-01,-4.594743771661347620e-01,-4.594743771661303766e-01,-4.594743771661328191e-01
-4.553857697348696609e-01,-4.553857697348712708e-01,-4.553857697348682176e-01,-4.553857697348735467e-01,-4.553857697348643319e-01,-4.553857697348718814e-01,-4.553857697348680511e-01,-4.553857697348700495e-01
-4.523630312031655665e-01,-4.523630312031675649e-01,-4.523630312031640122e-01,-4.523630312031692857e-01,-4.523630312031592937e-01,-4.523630312031675649e-01,-4.523630312031641232e-01,-4.523630312031660106e-01
-4.492441959610664615e-01,-4.492441959610685709e-01,-4.492441959610645741e-01,-4.492441959610699032e-01,-4.492441959610594115e-01,-4.492441959610684044e-01,-4.492441959610652957e-01,-4.492441959610669611e-01
-4.447272752455204703e-01,-4.447272752455228573e-01,-4.447272752455184164e-01,-4.447272752455237455e-01,-4.447272752455131428e-01,-4.447272752455229128e-01,-4.447272752455198042e-01,-4.447272752455215805e-01
-4.380163581788046878e-01,-4.380163581788072413e-01,-4.380163581788026339e-01,-4.380163581788079075e-01,-4.380163581787976934e-01,-4.380163581788078520e-01,-4.380163581788045213e-01,-4.380163581788061866e-01
-4.293208484072070785e-01,-4.293208484072094100e-01,-4.293208484072049691e-01,-4.293208484072102427e-01,-4.293208484072005282e-01,-4.293208484072107423e-01,-4.293208484072070785e-01,-4.293208484072085218e-01
-4.197222698977803867e-01,-4.197222698977827182e-01,-4.197222698977784994e-01,-4.197222698977839395e-01,-4.197222698977750577e-01,-4.197222698977848832e-01,-4.197222698977804978e-01,-4.197222698977823852e-01
-4.105347253351259718e-01,-4.105347253351284142e-01,-4.105347253351245840e-01,-4.105347253351300241e-01,-4.105347253351221415e-01,-4.105347253351314674e-01,-4.105347253351264714e-01,-4.105347253351286918e-01
-4.027444581670202028e-01,-4.027444581670226453e-01,-4.027444581670193702e-01,-4.027444581670248658e-01,-4.027444581670177604e-01,-4.027444581670263091e-01,-4.027444581670209800e-01,-4.027444581670236445e-01
-3.969237472029999436e-01,-3.969237472030029412e-01,-3.969237472029997216e-01,-3.969237472030053837e-01,-3.969237472029991665e-01,-3.969237472030068270e-01,-3.969237472030008318e-01,-3.969237472030044955e-01
-3.932772810179112621e-01,-3.932772810179149259e-01,-3.932772810179115952e-01,-3.932772810179171463e-01,-3.932772810179118173e-01,-3.932772810179183121e-01,-3.932772810179118173e-01,-3.932772810179167022e-01
-3.914866021514997740e-01,-3.914866021515043815e-01,-3.914866021515007732e-01,-3.914866021515057692e-01,-3.914866021515013284e-01,-3.914866021515067129e-01,-3.914866021514999406e-01,-3.914866021515061578e-01
-3.904619104381091832e-01,-3.904619104381144568e-01,-3.904619104381105155e-01,-3.904619104381150119e-01,-3.904619104381112371e-01,-3.904619104381157335e-01,-3.904619104381085726e-01,-3.904619104381160111e-01
-3.884946646263095493e-01,-3.884946646263154335e-01,-3.884946646263111036e-01,-3.884946646263146564e-01,-3.884946646263114367e-01,-3.884946646263153780e-01,-3.884946646263079950e-01,-3.884946646263166548e-01
-3.841122607568609459e-01,-3.841122607568672742e-01,-3.841122607568623337e-01,-3.841122607568651093e-01,-3.841122607568622782e-01,-3.841122607568659975e-01,-3.841122607568585035e-01,-3.841122607568681624e-01
-3.768055300326611512e-01,-3.768055300326675350e-01,-3.768055300326620949e-01,-3.768055300326641488e-01,-3.768055300326614843e-01,-3.768055300326652590e-01,-3.768055300326579871e-01,-3.768055300326683121e-01
-3.669271494971076963e-01,-3.669271494971141911e-01,-3.669271494971081959e-01,-3.669271494971098058e-01,-3.669271494971072523e-01,-3.669271494971113046e-01,-3.669271494971043102e-01,-3.669271494971149683e-01
-3.552270518148423761e-01,-3.552270518148484824e-01,-3.552270518148427092e-01,-3.552270518148438749e-01,-3.552270518148412659e-01,-3.552270518148459288e-01,-3.552270518148394340e-01,-3.552270518148496481e-01
-3.426920007060036411e-01,-3.426920007060093032e-01,-3.426920007060035300e-01,-3.426920007060051954e-01,-3.426920007060021423e-01,-3.426920007060077489e-01,-3.426920007060013651e-01,-3.426920007060111351e-01
-3.305402689079345313e-01,-3.305402689079390832e-01,-3.305402689079337542e-01,-3.305402689079362522e-01,-3.305402689079326994e-01,-3.305402689079388612e-01,-3.305402689079329770e-01,-3.305402689079418588e-01
-3.198191801996328465e-01,-3.198191801996366213e-01,-3.198191801996314587e-01,-3.198191801996352890e-01,-3.198191801996309591e-01,-3.198191801996378980e-01,-3.198191801996317918e-01,-3.198191801996400074e-01
-3.106262000855554151e-01,-3.106262000855590788e-01,-3.106262000855539718e-01,-3.106262000855591343e-01,-3.106262000855539718e-01,-3.106262000855616323e-01,-3.106262000855552485e-01,-3.106262000855626870e-01
-3.018599660993797618e-01,-3.018599660993834810e-01,-3.018599660993788181e-01,-3.018599660993848688e-01,-3.018599660993788181e-01,-3.018599660993867562e-01,-3.018599660993800948e-01,-3.018599660993869782e-01
-2.918870487035241101e-01,-2.918870487035285510e-01,-2.918870487035237771e-01,-2.918870487035306605e-01,-2.918870487035238326e-01,-2.918870487035319927e-01,-2.918870487035249428e-01,-2.918870487035313821e-01
-2.793358735477475818e-01,-2.793358735477526889e-01,-2.793358735477476928e-01,-2.793358735477554089e-01,-2.793358735477476928e-01,-2.793358735477558530e-01,-2.793358735477484145e-01,-2.793358735477546317e-01
-2.633016000692485203e-01,-2.633016000692535163e-01,-2.633016000692484093e-01,-2.633016000692565695e-01,-2.633016000692479652e-01,-2.633016000692563474e-01,-2.633016000692487979e-01,-2.633016000692543490e-01
-2.433464210251178317e-01,-2.433464210251227167e-01,-2.433464210251168325e-01,-2.433464210251258808e-01,-2.433464210251162496e-01,-2.433464210251251036e-01,-2.433464210251171100e-01,-2.433464210251227722e-01
-2.199261874803510042e-01,-2.199261874803556671e-01,-2.199261874803486172e-01,-2.199261874803586370e-01,-2.199261874803479233e-01,-2.199261874803576933e-01,-2.199261874803490613e-01,-2.199261874803550565e-01
-1.946419423975532803e-01,-1.946419423975574159e-01,-1.946419423975496166e-01,-1.946419423975602747e-01,-1.946419423975487839e-01,-1.946419423975594698e-01,-1.946419423975503382e-01,-1.946419423975562224e-01
-1.695609210380498444e-01,-1.695609210380540355e-01,-1.695609210380456533e-01,-1.695609210380564502e-01,-1.695609210380447651e-01,-1.695609210380558673e-01,-1.695609210380466525e-01,-1.695609210380526477e-01
-1.461558440760435951e-01,-1.461558440760481470e-01,-1.461558440760393207e-01,-1.461558440760500344e-01,-1.461558440760383215e-01,-1.461558440760495903e-01,-1.461558440760407640e-01,-1.461558440760467592e-01
-1.251184986508292185e-01,-1.251184986508344088e-01,-1.251184986508256936e-01,-1.251184986508360741e-01,-1.251184986508247499e-01,-1.251184986508356856e-01,-1.251184986508271368e-01,-1.251184986508337982e-01
-1.066615625177903814e-01,-1.066615625177967097e-01,-1.066615625177881194e-01,-1.066615625177980142e-01,-1.066615625177871896e-01,-1.066615625177977922e-01,-1.066615625177895210e-01,-1.066615625177967375e-01
-9.047192057825624578e-02,-9.047192057826414224e-02,-9.047192057825539924e-02,-9.047192057826519695e-02,-9.047192057825444167e-02,-9.047192057826471123e-02,-9.047192057825613476e-02,-9.047192057826468348e-02
-7.578547410242812699e-02,-7.578547410243705040e-02,-7.578547410242819637e-02,-7.578547410243770266e-02,-7.578547410242744697e-02,-7.578547410243724469e-02,-7.578547410242834903e-02,-7.578547410243789695e-02
-6.231794989781686001e-02,-6.231794989782662997e-02,-6.231794989781726246e-02,-6.231794989782692140e-02,-6.231794989781690164e-02,-6.231794989782657446e-02,-6.231794989781692939e-02,-6.231794989782747651e-02
-5.097151763092971910e-02,-5.097151763093984989e-02,-5.097151763092956644e-02,-5.097151763094012744e-02,-5.097151763092985788e-02,-5.097151763094000254e-02,-5.097151763092944154e-02,-5.097151763094009969e-02
-4.340387130418494471e-02,-4.340387130419493672e-02,-4.340387130418395245e-02,-4.340387130419529060e-02,-4.340387130418452838e-02,-4.340387130419525591e-02,-4.340387130418427858e-02,-4.340387130419438161e-02
-4.059899506179209805e-02,-4.059899506180253415e-02,-4.059899506179085599e-02,-4.059899506180310313e-02,-4.059899506179113354e-02,-4.059899506180292966e-02,-4.059899506179159845e-02,-4.059899506180159046e-02
-4.036456399932530914e-02,-4.036456399933537054e-02,-4.036456399932421280e-02,-4.036456399933620320e-02,-4.036456399932398381e-02,-4.036456399933585626e-02,-4.036456399932515648e-02,-4.036456399933448236e-02
-3.651513851405424615e-02,-3.651513851406418959e-02,-3.651513851405362165e-02,-3.651513851406526512e-02,-3.651513851405269184e-02,-3.651513851406448796e-02,-3.651513851405414207e-02,-3.651513851406380101e-02
