-1.000000000000000000e+00,-1.000000000000000000e+00
-8.069974105837525169e-01,-8.069974105837525169e-01
-4.186743452478758898e-01,-4.186743452478759453e-01
-7.771043945035588374e-02,-7.771043945035588374e-02
-3.199198349188048240e-02,-3.199198349188042689e-02
-4.420512580405116521e-01,-4.420512580405116521e-01
-9.419747228332439049e-01,-9.419747228332440159e-01
-8.705208369793606682e-01,-8.705208369793606682e-01
-3.468735370248828276e-01,-3.468735370248828276e-01
-1.497946927578874821e-02,-1.497946927578880372e-02
-9.010320839083207911e-02,-9.010320839083207911e-02
-4.301161130839674107e-01,-4.301161130839674107e-01
-8.303571062701977645e-01,-8.303571062701976535e-01
-9.951757889559743608e-01,-9.951757889559744719e-01
-6.494783577171893141e-01,-6.494783577171893141e-01
-1.018705651762675801e-01,-1.018705651762675246e-01
-7.001967065427261439e-02,-7.001967065427255887e-02
-5.383008444772771073e-01,-5.383008444772771073e-01
-9.310562707069792721e-01,-9.310562707069793831e-01
-9.752569228841022619e-01,-9.752569228841021509e-01
-7.101784258981321818e-01,-7.101784258981321818e-01
-2.775823915470730929e-01,-2.775823915470730929e-01
1.408231242741087019e-03,1.408231242741087019e-03
-2.623687049946568650e-01,-2.623687049946568650e-01
-8.340322040354949396e-01,-8.340322040354949396e-01
-9.700531739552945565e-01,-9.700531739552944455e-01
-5.801229720707133941e-01,-5.801229720707132831e-01
-1.550052318306106569e-01,-1.550052318306107124e-01
1.116345634041615575e-03,1.116345634041560064e-03
-1.670291135130350657e-01,-1.670291135130350657e-01
-6.018820478560101828e-01,-6.018820478560101828e-01
-9.789986658846208112e-01,-9.789986658846207002e-01
-8.092652137756878306e-01,-8.092652137756878306e-01
-2.349538222333694137e-01,-2.349538222333694693e-01
-1.564111052286432102e-03,-1.564111052286376591e-03
-2.958929530185625545e-01,-2.958929530185625545e-01
-7.238399633921598353e-01,-7.238399633921597243e-01
-9.794820173428588905e-01,-9.794820173428587795e-01
-9.217476113699313300e-01,-9.217476113699313300e-01
-5.140763410490134522e-01,-5.140763410490135632e-01
-5.512725448449645738e-02,-5.512725448449640187e-02
-1.227480057839369088e-01,-1.227480057839369088e-01
-6.783204146903053511e-01,-6.783204146903054621e-01
-9.979846347206696722e-01,-9.979846347206696722e-01
-8.163867076062236716e-01,-8.163867076062236716e-01
-4.159233580437040612e-01,-4.159233580437040612e-01
-8.165371135274196446e-02,-8.165371135274196446e-02
-2.034017049831304824e-02,-2.034017049831304824e-02
-3.720109687893121686e-01,-3.720109687893122241e-01
-8.908190554944539485e-01,-8.908190554944539485e-01
-9.258962731965628690e-01,-9.258962731965628690e-01
-4.132925041070324435e-01,-4.132925041070324990e-01
-2.429762533150431336e-02,-2.429762533150436887e-02
-8.702154601386735688e-02,-8.702154601386735688e-02
-4.325627064868127758e-01,-4.325627064868127758e-01
-8.194187050097330172e-01,-8.194187050097330172e-01
-9.995343989214443559e-01,-9.995343989214444669e-01
-7.237034141353542172e-01,-7.237034141353541061e-01
-1.680903415249558330e-01,-1.680903415249558608e-01
-3.098732884599875170e-02,-3.098732884599869619e-02
-4.799728086704814767e-01,-4.799728086704814212e-01
-9.187033687210371946e-01,-9.187033687210371946e-01
-9.752621055483481349e-01,-9.752621055483482460e-01
-7.105646558591056650e-01,-7.105646558591056650e-01
-2.988707682129917997e-01,-2.988707682129918553e-01
-7.409739451239572006e-03,-7.409739451239572006e-03
-1.890485957370121040e-01,-1.890485957370120762e-01
-7.569230671634507024e-01,-7.569230671634505914e-01
-9.912538101058253615e-01,-9.912538101058254725e-01
-6.261088873210995942e-01,-6.261088873210995942e-01
-1.657070692014442903e-01,-1.657070692014442903e-01
1.414086430910899139e-03,1.414086430910899139e-03
-1.635824985516906027e-01,-1.635824985516906582e-01
-5.686662701809329645e-01,-5.686662701809329645e-01
-9.550512234526207234e-01,-9.550512234526207234e-01
-8.765735602969945139e-01,-8.765735602969946250e-01
-3.183619132665763685e-01,-3.183619132665763685e-01
2.862259813639744799e-03,2.862259813639800310e-03
-2.624382535919146386e-01,-2.624382535919146386e-01
-7.177360875540206298e-01,-7.177360875540207408e-01
-9.802291009994699156e-01,-9.802291009994698046e-01
-9.280569624508635540e-01,-9.280569624508635540e-01
-5.588258336229481316e-01,-5.588258336229481316e-01
-9.640573829179621690e-02,-9.640573829179621690e-02
-6.696243970695842096e-02,-6.696243970695842096e-02
-5.922758723489989219e-01,-5.922758723489988109e-01
-9.888571972956115008e-01,-9.888571972956116118e-01
-8.363718175835849200e-01,-8.363718175835849200e-01
-4.169357079538976718e-01,-4.169357079538976718e-01
-8.168459705631558876e-02,-8.168459705631558876e-02
-1.449456984829217143e-02,-1.449456984829222694e-02
-3.200273631273913844e-01,-3.200273631273913844e-01
-8.318652777910648943e-01,-8.318652777910648943e-01
-9.680372635085703337e-01,-9.680372635085702226e-01
-4.955689113801003964e-01,-4.955689113801003964e-01
-4.208091054589979674e-02,-4.208091054589979674e-02
-7.782715188725625177e-02,-7.782715188725625177e-02
-4.341852401812508200e-01,-4.341852401812508755e-01
-8.168665455605169656e-01,-8.168665455605169656e-01
-9.998801287041078067e-01,-9.998801287041078067e-01
-7.803041973424547084e-01,-7.803041973424548194e-01
