-1.000000000000000000e+00,-1.000000000000000000e+00
-7.790290628829004138e-01,-7.790290628829004138e-01
-3.046027424147569329e-01,-3.046027424147568774e-01
-9.043584933903503487e-03,-9.043584933903503487e-03
-1.848281147832888105e-01,-1.848281147832887827e-01
-6.298440216579488382e-01,-6.298440216579487272e-01
-9.706057501247455921e-01,-9.706057501247454811e-01
-8.635804397060689030e-01,-8.635804397060689030e-01
-4.173067564256375261e-01,-4.173067564256374706e-01
-1.518827625635349454e-02,-1.518827625635349454e-02
-1.084379722387548428e-01,-1.084379722387547873e-01
-5.165841212197664900e-01,-5.165841212197666010e-01
-9.524983670761361099e-01,-9.524983670761361099e-01
-9.367432375431828939e-01,-9.367432375431830049e-01
-5.186031717021086784e-01,-5.186031717021086784e-01
-1.040375511748651838e-01,-1.040375511748652393e-01
-1.847356959674556487e-02,-1.847356959674550936e-02
-3.961977445426003164e-01,-3.961977445426003164e-01
-8.535325946504309647e-01,-8.535325946504310757e-01
-9.810360865102919492e-01,-9.810360865102918382e-01
-6.756143047869931362e-01,-6.756143047869931362e-01
-1.911483475185092318e-01,-1.911483475185092595e-01
-5.106606505180688593e-03,-5.106606505180744104e-03
-3.209384828643485621e-01,-3.209384828643486176e-01
-8.234272576197323446e-01,-8.234272576197323446e-01
-9.904788451002541905e-01,-9.904788451002543015e-01
-6.394179022751972363e-01,-6.394179022751972363e-01
-1.879488828724597549e-01,-1.879488828724597826e-01
2.789872682106009361e-03,2.789872682106009361e-03
-2.239596432704280549e-01,-2.239596432704280826e-01
-7.138924492480369643e-01,-7.138924492480368533e-01
-9.923612606071849918e-01,-9.923612606071849918e-01
-8.420075364059939060e-01,-8.420075364059940171e-01
-3.290049762633348585e-01,-3.290049762633348029e-01
-1.391814825083009799e-02,-1.391814825083004248e-02
-1.542550736566162262e-01,-1.542550736566162262e-01
-6.646590162255093803e-01,-6.646590162255092693e-01
-9.886999355700036851e-01,-9.886999355700037961e-01
-8.248520921388542426e-01,-8.248520921388542426e-01
-3.966238935720769465e-01,-3.966238935720769465e-01
-3.140054027120242619e-02,-3.140054027120242619e-02
-9.433995618314278131e-02,-9.433995618314283682e-02
-5.280604249358237245e-01,-5.280604249358238356e-01
-9.541452563465101511e-01,-9.541452563465101511e-01
-9.333776997625269356e-01,-9.333776997625269356e-01
-5.253658910892187173e-01,-5.253658910892187173e-01
-6.007685981340915582e-02,-6.007685981340915582e-02
-7.245882817805943121e-02,-7.245882817805943121e-02
-4.568390625578840347e-01,-4.568390625578840902e-01
-8.921189944932247373e-01,-8.921189944932246263e-01
-9.524666643872725658e-01,-9.524666643872725658e-01
-5.069827855909808667e-01,-5.069827855909808667e-01
-9.456690724011390659e-02,-9.456690724011390659e-02
-4.750798863693989071e-02,-4.750798863693989071e-02
-4.261767422265237970e-01,-4.261767422265237970e-01
-8.674923632360014292e-01,-8.674923632360014292e-01
-9.866651936833248371e-01,-9.866651936833248371e-01
-6.921175453891067475e-01,-6.921175453891066365e-01
-2.106636526180193925e-01,-2.106636526180193925e-01
-7.907621926228625142e-05,-7.907621926228625142e-05
-2.232893349288595508e-01,-2.232893349288595786e-01
-7.199286191811982150e-01,-7.199286191811982150e-01
-9.937811050726418349e-01,-9.937811050726419460e-01
-7.952195789275775528e-01,-7.952195789275776638e-01
-3.216511108542162156e-01,-3.216511108542161601e-01
-8.686459528845669187e-03,-8.686459528845669187e-03
-1.224815216021971076e-01,-1.224815216021971076e-01
-6.009605810636262646e-01,-6.009605810636262646e-01
-9.669950655228706227e-01,-9.669950655228706227e-01
-9.094473369357087833e-01,-9.094473369357088943e-01
-5.010543630699432205e-01,-5.010543630699433315e-01
-7.433913833877892063e-02,-7.433913833877892063e-02
-6.523220845976462900e-02,-6.523220845976462900e-02
-4.508382368269925888e-01,-4.508382368269925888e-01
-8.888779088105301929e-01,-8.888779088105301929e-01
-9.616922528549494142e-01,-9.616922528549493032e-01
-6.053564592453265503e-01,-6.053564592453265503e-01
-1.309669674750528201e-01,-1.309669674750528201e-01
-1.659545045547783371e-02,-1.659545045547783371e-02
-3.617732651940134825e-01,-3.617732651940134825e-01
-8.663988993927423943e-01,-8.663988993927423943e-01
-9.829021455708726318e-01,-9.829021455708726318e-01
-6.716232325575529627e-01,-6.716232325575530737e-01
-1.616304690598786564e-01,-1.616304690598786009e-01
-9.801330061203761268e-03,-9.801330061203761268e-03
-3.524501966226303851e-01,-3.524501966226303296e-01
-7.889381840477304175e-01,-7.889381840477304175e-01
-9.963428535624990756e-01,-9.963428535624991866e-01
-8.031066982246084507e-01,-8.031066982246084507e-01
-3.545862981700727001e-01,-3.545862981700727001e-01
-1.511876878174234218e-02,-1.511876878174234218e-02
-1.120529651940261884e-01,-1.120529651940261884e-01
-5.571373922532631973e-01,-5.571373922532631973e-01
-9.569641594899714887e-01,-9.569641594899715997e-01
-8.911350259904478044e-01,-8.911350259904478044e-01
-4.484042208561545562e-01,-4.484042208561545007e-01
-4.999316645459889186e-02,-4.999316645459889186e-02
-9.311993657000866564e-02,-9.311993657000861013e-02
-5.783702897459687131e-01,-5.783702897459687131e-01
-9.720937802947943185e-01,-9.720937802947944295e-01
-8.841191963207729598e-01,-8.841191963207730709e-01
