-1.000000000000000000e+00,-1.000000000000000000e+00
-6.955399613388771884e-01,-6.955399613388771884e-01
-1.336133998926697375e-01,-1.336133998926697930e-01
-2.449330924353265715e-02,-2.449330924353265715e-02
-3.224484366244914635e-01,-3.224484366244914635e-01
-7.210178085618901278e-01,-7.210178085618901278e-01
-9.929084247585500123e-01,-9.929084247585500123e-01
-7.787748968697856267e-01,-7.787748968697856267e-01
-2.031902161920860483e-01,-2.031902161920860483e-01
-5.742160840884691364e-03,-5.742160840884746875e-03
-2.636314691635506802e-01,-2.636314691635506802e-01
-6.593608685256583390e-01,-6.593608685256582280e-01
-9.731594907847839204e-01,-9.731594907847838094e-01
-8.511508777609843035e-01,-8.511508777609843035e-01
-2.837595227864722069e-01,-2.837595227864722069e-01
8.586490228527643431e-04,8.586490228528198543e-04
-2.078450859817427276e-01,-2.078450859817427554e-01
-5.962907747914382162e-01,-5.962907747914382162e-01
-9.419770011649869490e-01,-9.419770011649870600e-01
-9.104893823248239038e-01,-9.104893823248237927e-01
-3.725143705247593306e-01,-3.725143705247593306e-01
-5.962185261334462805e-03,-5.962185261334518316e-03
-1.561778103848575627e-01,-1.561778103848576182e-01
-5.326100250317036267e-01,-5.326100250317036267e-01
-9.014516059717088137e-01,-9.014516059717087026e-01
-9.545842782323764597e-01,-9.545842782323764597e-01
-4.670004965930402707e-01,-4.670004965930402707e-01
-2.632049268697977951e-02,-2.632049268697983502e-02
-1.103557988982576399e-01,-1.103557988982576954e-01
-4.687985914853317615e-01,-4.687985914853317615e-01
-8.534197744365730198e-01,-8.534197744365730198e-01
-9.834027862149350430e-01,-9.834027862149351540e-01
-5.618229647655175185e-01,-5.618229647655175185e-01
-6.238717824857425986e-02,-6.238717824857425986e-02
-7.049357555159013744e-02,-7.049357555159019295e-02
-4.063796733712095599e-01,-4.063796733712096154e-01
-7.992458210989407119e-01,-7.992458210989406009e-01
-9.963256247217474604e-01,-9.963256247217475714e-01
-6.552050040111510043e-01,-6.552050040111510043e-01
-1.114862967289318441e-01,-1.114862967289318996e-01
-3.985915486027019616e-02,-3.985915486027019616e-02
-3.448177577428382379e-01,-3.448177577428382379e-01
-7.412716626382163110e-01,-7.412716626382162000e-01
-9.944376145607231043e-01,-9.944376145607231043e-01
-7.411045709138105453e-01,-7.411045709138105453e-01
-1.758236787914499444e-01,-1.758236787914499721e-01
-1.752181555275833524e-02,-1.752181555275833524e-02
-2.865043704013598425e-01,-2.865043704013598980e-01
-6.797745330059019597e-01,-6.797745330059019597e-01
-9.790019317559098821e-01,-9.790019317559099932e-01
-8.183511051948305637e-01,-8.183511051948304527e-01
-2.502529325550569839e-01,-2.502529325550570394e-01
-7.807615441211446239e-03,-7.807615441211446239e-03
-2.302552678159576760e-01,-2.302552678159576482e-01
-6.173706617519650885e-01,-6.173706617519649775e-01
-9.512232232694468603e-01,-9.512232232694467493e-01
-8.824034359387186166e-01,-8.824034359387187276e-01
-3.358577622591475964e-01,-3.358577622591476519e-01
-8.884569299720479485e-03,-8.884569299720423974e-03
-1.791910370804695174e-01,-1.791910370804694896e-01
-5.534605159236053451e-01,-5.534605159236052341e-01
-9.137469682279687477e-01,-9.137469682279686367e-01
-9.325659534299525211e-01,-9.325659534299526321e-01
-4.263040576597563192e-01,-4.263040576597563747e-01
-2.499210365820242474e-02,-2.499210365820236923e-02
-1.320522407492369377e-01,-1.320522407492368822e-01
-4.906221909611284682e-01,-4.906221909611284682e-01
-8.674025435864211042e-01,-8.674025435864212152e-01
-9.670614124753009744e-01,-9.670614124753008634e-01
-5.207309935030116632e-01,-5.207309935030117742e-01
-5.376879859491934255e-02,-5.376879859491934255e-02
-9.222367692784899651e-02,-9.222367692784899651e-02
-4.279520595657692050e-01,-4.279520595657692050e-01
-8.152732433530317513e-01,-8.152732433530318623e-01
-9.856621730007379956e-01,-9.856621730007379956e-01
-6.133812703851553305e-01,-6.133812703851552195e-01
-9.780378912043913298e-02,-9.780378912043913298e-02
-5.902913010185961706e-02,-5.902913010185961706e-02
-3.676485624565694055e-01,-3.676485624565694055e-01
-7.578680920759662820e-01,-7.578680920759661710e-01
-9.892260262878542765e-01,-9.892260262878542765e-01
-7.015444851188957776e-01,-7.015444851188957776e-01
-1.547036760997061444e-01,-1.547036760997061999e-01
-3.535010723629206097e-02,-3.535010723629206097e-02
-3.092139517012390537e-01,-3.092139517012390537e-01
-6.977812161104935962e-01,-6.977812161104934852e-01
-9.781439684237949184e-01,-9.781439684237950294e-01
-7.814640504229943829e-01,-7.814640504229942719e-01
-2.240562862972925728e-01,-2.240562862972925173e-01
-2.164021630792012374e-02,-2.164021630792006823e-02
-2.541476474826033227e-01,-2.541476474826032672e-01
-6.355737415475873897e-01,-6.355737415475872787e-01
-9.547200534625325252e-01,-9.547200534625324142e-01
-8.496773090811861051e-01,-8.496773090811861051e-01
-3.038510216278819120e-01,-3.038510216278819120e-01
-1.934161916775095635e-02,-1.934161916775090084e-02
-2.030039375142345115e-01,-2.030039375142345393e-01
-5.727517688014311936e-01,-5.727517688014311936e-01
-9.201374720299713150e-01,-9.201374720299713150e-01
-9.048629375147407838e-01,-9.048629375147408949e-01
-3.903251600432085522e-01,-3.903251600432085522e-01
