-1.000000000000000000e+00,-1.000000000000000000e+00
-6.797522328706598893e-01,-6.797522328706600003e-01
-1.299187712412523954e-01,-1.299187712412523954e-01
-1.805084747405161227e-02,-1.805084747405161227e-02
-2.844494988159159687e-01,-2.844494988159159687e-01
-6.914764552094718741e-01,-6.914764552094718741e-01
-9.921677004867355265e-01,-9.921677004867355265e-01
-7.652998631891341219e-01,-7.652998631891342329e-01
-1.960651140591337938e-01,-1.960651140591337938e-01
-3.294027198323390415e-03,-3.294027198323334904e-03
-2.289717767292653861e-01,-2.289717767292654138e-01
-6.252627449519089220e-01,-6.252627449519088110e-01
-9.702721173410904232e-01,-9.702721173410904232e-01
-8.407361641925148454e-01,-8.407361641925149565e-01
-2.733202012890362242e-01,-2.733202012890361687e-01
5.685509177259517877e-04,5.685509177260072988e-04
-1.775277208835527865e-01,-1.775277208835527865e-01
-5.585148668531481064e-01,-5.585148668531481064e-01
-9.356218853735941421e-01,-9.356218853735941421e-01
-9.035442073892558934e-01,-9.035442073892557824e-01
-3.591446223354149980e-01,-3.591446223354149980e-01
-7.769454036655909501e-03,-7.769454036655909501e-03
-1.307965286277813499e-01,-1.307965286277813499e-01
-4.923519706830531417e-01,-4.923519706830530862e-01
-8.905394519930637243e-01,-8.905394519930637243e-01
-9.508261030321130125e-01,-9.508261030321130125e-01
-4.517736860965618773e-01,-4.517736860965618773e-01
-2.817479227781877205e-02,-2.817479227781871653e-02
-9.037512845378548043e-02,-9.037512845378542492e-02
-4.272152621894080848e-01,-4.272152621894080848e-01
-8.372913870161274863e-01,-8.372913870161274863e-01
-9.822113594438443007e-01,-9.822113594438444117e-01
-5.458235180120349916e-01,-5.458235180120349916e-01
-6.310382508220935271e-02,-6.310382508220935271e-02
-5.585308270372318917e-02,-5.585308270372324468e-02
-3.649206390587600435e-01,-3.649206390587600435e-01
-7.774484115458459854e-01,-7.774484115458459854e-01
-9.965315212780063714e-01,-9.965315212780063714e-01
-6.399344858340977327e-01,-6.399344858340978437e-01
-1.099547372369092946e-01,-1.099547372369092946e-01
-3.031201694322871454e-02,-3.031201694322865903e-02
-3.046560441981603362e-01,-3.046560441981603362e-01
-7.140033511501138186e-01,-7.140033511501137076e-01
-9.946652194224363530e-01,-9.946652194224363530e-01
-7.276635507343460763e-01,-7.276635507343461873e-01
-1.714529236127234624e-01,-1.714529236127234901e-01
-1.236113462710530797e-02,-1.236113462710530797e-02
-2.489792880800760777e-01,-2.489792880800760777e-01
-6.472930789454948153e-01,-6.472930789454948153e-01
-9.777698685776463616e-01,-9.777698685776463616e-01
-8.078553246413737732e-01,-8.078553246413736622e-01
-2.427719383818812693e-01,-2.427719383818812693e-01
-6.110857906747979573e-03,-6.110857906748035084e-03
-1.963159608578111115e-01,-1.963159608578111393e-01
-5.805952616229586027e-01,-5.805952616229586027e-01
-9.470032991639437681e-01,-9.470032991639436570e-01
-8.752747295462184329e-01,-8.752747295462184329e-01
-3.256125808599504845e-01,-3.256125808599504290e-01
-9.499367390330137884e-03,-9.499367390330193395e-03
-1.497445093291241425e-01,-1.497445093291241425e-01
-5.132399217920902146e-01,-5.132399217920902146e-01
-9.053750748052376007e-01,-9.053750748052377118e-01
-9.289050829559259981e-01,-9.289050829559259981e-01
-4.139725776964540138e-01,-4.139725776964540138e-01
-2.663293695341173439e-02,-2.663293695341167888e-02
-1.076162222427083370e-01,-1.076162222427083370e-01
-4.482776100824799048e-01,-4.482776100824799048e-01
-8.538026268345391134e-01,-8.538026268345391134e-01
-9.663102515467694165e-01,-9.663102515467694165e-01
-5.074439096736675925e-01,-5.074439096736675925e-01
-5.524185992845237481e-02,-5.524185992845231929e-02
-7.305215658663327671e-02,-7.305215658663327671e-02
-3.846858381156851858e-01,-3.846858381156851858e-01
-7.959751712878143648e-01,-7.959751712878142538e-01
-9.868339046986026597e-01,-9.868339046986026597e-01
-6.003780185275091608e-01,-6.003780185275091608e-01
-9.799078343943079528e-02,-9.799078343943085079e-02
-4.506441517197101732e-02,-4.506441517197107283e-02
-3.248319232185212235e-01,-3.248319232185211680e-01
-7.326051610592116958e-01,-7.326051610592116958e-01
-9.910006147026281242e-01,-9.910006147026282353e-01
-6.900944764074964377e-01,-6.900944764074965487e-01
-1.528801861950187524e-01,-1.528801861950187524e-01
-2.613719392032864963e-02,-2.613719392032859412e-02
-2.681106836971156593e-01,-2.681106836971157148e-01
-6.668255375471847657e-01,-6.668255375471848767e-01
-9.789407006665810096e-01,-9.789407006665810096e-01
-7.726464697948444149e-01,-7.726464697948444149e-01
-2.197885991567334885e-01,-2.197885991567334607e-01
-1.653358308919378183e-02,-1.653358308919383735e-02
-2.158802096146245075e-01,-2.158802096146244798e-01
-5.994999766901919491e-01,-5.994999766901919491e-01
-9.530008307487586316e-01,-9.530008307487586316e-01
-8.441220339663096928e-01,-8.441220339663096928e-01
-2.972698917899488369e-01,-2.972698917899488924e-01
-1.733949535049977841e-02,-1.733949535049977841e-02
-1.685991684952060088e-01,-1.685991684952059810e-01
-5.323967064194092824e-01,-5.323967064194092824e-01
-9.144609458980810235e-01,-9.144609458980809125e-01
-9.028259907950326735e-01,-9.028259907950326735e-01
-3.818773068107879087e-01,-3.818773068107878532e-01
