-1.000000000000000000e+00,-1.000000000000000000e+00
-6.612982021879398875e-01,-6.612982021879398875e-01
4.744874763049133914e-03,4.744874763049106159e-03
5.700459908640871376e-01,5.700459908640870266e-01
9.314555196307463536e-01,9.314555196307463536e-01
9.445802420383286879e-01,9.445802420383286879e-01
3.888426266260570641e-01,3.888426266260570641e-01
-4.423570156061153447e-01,-4.423570156061152892e-01
-9.346716695734124114e-01,-9.346716695734125224e-01
-9.684730962575791580e-01,-9.684730962575791580e-01
-6.705968885208108965e-01,-6.705968885208107855e-01
-4.967895902210672787e-02,-4.967895902210670012e-02
6.979596810418806641e-01,6.979596810418806641e-01
9.978500038381857840e-01,9.978500038381856729e-01
6.705105842244758474e-01,6.705105842244758474e-01
1.035891664640888887e-01,1.035891664640888610e-01
-4.578862463653363690e-01,-4.578862463653362580e-01
-9.087238373859803930e-01,-9.087238373859802820e-01
-9.306282453233263308e-01,-9.306282453233263308e-01
-3.233882847145710393e-01,-3.233882847145710393e-01
4.449411194360378130e-01,4.449411194360377575e-01
8.958003781975791835e-01,8.958003781975791835e-01
9.931044011311063180e-01,9.931044011311063180e-01
7.229544927965163570e-01,7.229544927965162460e-01
2.171718620606433170e-02,2.171718620606430394e-02
-7.478065382783655179e-01,-7.478065382783656290e-01
-9.965648868471255195e-01,-9.965648868471254085e-01
-7.305130610919609024e-01,-7.305130610919609024e-01
-2.367213426095739481e-01,-2.367213426095740036e-01
3.789309502920762407e-01,3.789309502920762962e-01
9.146413481027071413e-01,9.146413481027070302e-01
9.019082465585634978e-01,9.019082465585634978e-01
2.942459490982595738e-01,2.942459490982596293e-01
-3.811857758670498808e-01,-3.811857758670498253e-01
-8.285200301865112138e-01,-8.285200301865112138e-01
-9.998399732004690232e-01,-9.998399732004690232e-01
-7.231135504780179524e-01,-7.231135504780179524e-01
4.758848196279741316e-02,4.758848196279746867e-02
7.753565874781632727e-01,7.753565874781633838e-01
9.996103358244539105e-01,9.996103358244537995e-01
8.128546530616390653e-01,8.128546530616389543e-01
3.425862470383440606e-01,3.425862470383440606e-01
-3.644644812982214543e-01,-3.644644812982213988e-01
-9.387513944294687551e-01,-9.387513944294687551e-01
-8.779001638527839102e-01,-8.779001638527839102e-01
-3.316756366275443457e-01,-3.316756366275444012e-01
2.640255331522399773e-01,2.640255331522398663e-01
7.555830385851135533e-01,7.555830385851134423e-01
9.999100749470997140e-01,9.999100749470997140e-01
6.824400885287091878e-01,6.824400885287091878e-01
-1.083421224369027214e-01,-1.083421224369027491e-01
-7.602069932291688481e-01,-7.602069932291688481e-01
-9.961518379322873429e-01,-9.961518379322873429e-01
-8.801359905969301511e-01,-8.801359905969301511e-01
-3.863677245110135328e-01,-3.863677245110134773e-01
4.087210325578305992e-01,4.087210325578305437e-01
9.597324154391182471e-01,9.597324154391183582e-01
8.817321012624320664e-01,8.817321012624319554e-01
4.291932501070568340e-01,4.291932501070567785e-01
-1.346813671411650204e-01,-1.346813671411650482e-01
-7.132758491680788460e-01,-7.132758491680789570e-01
-9.997228695429503098e-01,-9.997228695429503098e-01
-6.289461253160907317e-01,-6.289461253160907317e-01
1.152833124252874986e-01,1.152833124252874708e-01
6.961169108470356415e-01,6.961169108470355305e-01
9.753431113432706745e-01,9.753431113432706745e-01
9.140574657046733886e-01,9.140574657046733886e-01
3.638083240313279565e-01,3.638083240313279565e-01
-4.736504665030438765e-01,-4.736504665030439321e-01
-9.654578020879073241e-01,-9.654578020879072131e-01
-9.167552443800563999e-01,-9.167552443800563999e-01
-5.468962301301033557e-01,-5.468962301301032447e-01
4.445319075272058384e-02,4.445319075272058384e-02
7.205500723896430815e-01,7.205500723896431925e-01
9.954900927322349879e-01,9.954900927322350990e-01
6.020778406744169420e-01,6.020778406744168310e-01
-4.958812944218571328e-02,-4.958812944218568552e-02
-5.948085842310970595e-01,-5.948085842310970595e-01
-9.475295652043320693e-01,-9.475295652043320693e-01
-9.158467407552872697e-01,-9.158467407552872697e-01
-2.995054605289334537e-01,-2.995054605289334537e-01
5.132485245084413839e-01,5.132485245084413839e-01
9.510098338545948105e-01,9.510098338545949215e-01
9.603847530066126348e-01,9.603847530066127458e-01
6.381458281614054151e-01,6.381458281614054151e-01
-2.454136981968685349e-02,-2.454136981968688125e-02
-7.625146359182400913e-01,-7.625146359182400913e-01
-9.887401295733683204e-01,-9.887401295733682094e-01
-6.296803049718902034e-01,-6.296803049718904255e-01
-7.214179778504492546e-02,-7.214179778504500873e-02
4.924495690588019392e-01,4.924495690588019392e-01
9.355234108570773532e-01,9.355234108570773532e-01
8.924590809084762544e-01,8.924590809084763654e-01
2.389741444065479614e-01,2.389741444065479892e-01
-4.965994069568636093e-01,-4.965994069568636093e-01
-9.100663711197909400e-01,-9.100663711197909400e-01
-9.882124888451677691e-01,-9.882124888451677691e-01
-6.768123310777076629e-01,-6.768123310777076629e-01
6.959166447951953272e-02,6.959166447951950496e-02
8.049245545591363626e-01,8.049245545591363626e-01
9.893041359219779673e-01,9.893041359219780784e-01
