-1.000000000000000000e+00,-1.000000000000000000e+00
-7.122284320423850623e-01,-7.122284320423850623e-01
-1.137819379276927556e-02,-1.137819379276924781e-02
6.175566369303397973e-01,6.175566369303397973e-01
9.931635402749956487e-01,9.931635402749956487e-01
8.464750712677060474e-01,8.464750712677060474e-01
3.266117392864135160e-01,3.266117392864135716e-01
-4.186464868443902088e-01,-4.186464868443902088e-01
-9.042136228061974368e-01,-9.042136228061973258e-01
-9.510267858566492372e-01,-9.510267858566492372e-01
-4.577146853383820546e-01,-4.577146853383821101e-01
2.026957701366877140e-01,2.026957701366877140e-01
7.814683950390005629e-01,7.814683950390004519e-01
9.981610374478775416e-01,9.981610374478775416e-01
6.965427077221493235e-01,6.965427077221492125e-01
8.068026913275128109e-02,8.068026913275130885e-02
-5.934550765743216161e-01,-5.934550765743216161e-01
-9.826516291270546155e-01,-9.826516291270546155e-01
-8.448099209134667387e-01,-8.448099209134667387e-01
-2.409015641104200189e-01,-2.409015641104199634e-01
4.257137347056375587e-01,4.257137347056376142e-01
9.020341147329837828e-01,9.020341147329838938e-01
9.518543100810903379e-01,9.518543100810904489e-01
5.357653892456323286e-01,5.357653892456324396e-01
-1.777409470655263446e-01,-1.777409470655263724e-01
-8.089908571272422799e-01,-8.089908571272422799e-01
-9.982134887151433711e-01,-9.982134887151432601e-01
-6.627666941682948121e-01,-6.627666941682948121e-01
1.119758733066988921e-02,1.119758733066986145e-02
6.877251265285370119e-01,6.877251265285370119e-01
9.959275733142707310e-01,9.959275733142707310e-01
8.020177619270559832e-01,8.020177619270559832e-01
2.367002209861799322e-01,2.367002209861799322e-01
-4.500146269213826100e-01,-4.500146269213826655e-01
-9.213405152487330607e-01,-9.213405152487330607e-01
-9.276238884030676424e-01,-9.276238884030675313e-01
-4.342128382619908633e-01,-4.342128382619907523e-01
2.765612750434517375e-01,2.765612750434517375e-01
8.367649323659280824e-01,8.367649323659283045e-01
9.938022101485791682e-01,9.938022101485790571e-01
6.346862703342478484e-01,6.346862703342477374e-01
-8.491524915450143762e-02,-8.491524915450146538e-02
-6.962361585824596855e-01,-6.962361585824595744e-01
-9.998702300359721962e-01,-9.998702300359723072e-01
-7.884954155948116217e-01,-7.884954155948116217e-01
-1.317007638577175621e-01,-1.317007638577175621e-01
5.797003087655610010e-01,5.797003087655608899e-01
9.697086955998885927e-01,9.697086955998884816e-01
9.010637282364807321e-01,9.010637282364807321e-01
3.534174947527344290e-01,3.534174947527344290e-01
-4.071085852954872131e-01,-4.071085852954871021e-01
-9.180557274800477119e-01,-9.180557274800478229e-01
-9.688421149844055336e-01,-9.688421149844055336e-01
-5.899911496471834660e-01,-5.899911496471834660e-01
9.266284298887028648e-02,9.266284298887031423e-02
6.804985422084566249e-01,6.804985422084567359e-01
9.953161231782257090e-01,9.953161231782257090e-01
8.485833964566995569e-01,8.485833964566995569e-01
2.671575622413410733e-01,2.671575622413411288e-01
-4.858941773438822942e-01,-4.858941773438823497e-01
-9.193880697428578053e-01,-9.193880697428578053e-01
-9.403791102289316139e-01,-9.403791102289316139e-01
-4.738753829240022752e-01,-4.738753829240023308e-01
1.950251659764317136e-01,1.950251659764317413e-01
8.344463430601871679e-01,8.344463430601871679e-01
9.950489191853335580e-01,9.950489191853334470e-01
6.938045726047035178e-01,6.938045726047035178e-01
8.954302900956001565e-03,8.954302900955973810e-03
-6.538831145039327719e-01,-6.538831145039326609e-01
-9.787700743626902566e-01,-9.787700743626901456e-01
-8.349996553791179110e-01,-8.349996553791179110e-01
-2.329663405580397195e-01,-2.329663405580397195e-01
5.025650157274568208e-01,5.025650157274568208e-01
9.516198833246588551e-01,9.516198833246589661e-01
9.118898038044707111e-01,9.118898038044707111e-01
3.698242035438857878e-01,3.698242035438857878e-01
-3.251183905419553488e-01,-3.251183905419553488e-01
-8.644717749784370797e-01,-8.644717749784369687e-01
-9.868272564395648150e-01,-9.868272564395648150e-01
-5.878286021391688765e-01,-5.878286021391688765e-01
2.675500849735962250e-02,2.675500849735965025e-02
6.889840170219249105e-01,6.889840170219249105e-01
9.921945631065627325e-01,9.921945631065627325e-01
8.410778663641259589e-01,8.410778663641258479e-01
3.051225377430378805e-01,3.051225377430379360e-01
-3.959542675945955104e-01,-3.959542675945955104e-01
-9.256923827092949919e-01,-9.256923827092948809e-01
-9.551783979408355885e-01,-9.551783979408354774e-01
-5.249781365136921840e-01,-5.249781365136921840e-01
1.458694793495975972e-01,1.458694793495976250e-01
7.973108910880511990e-01,7.973108910880513100e-01
9.959994073858566832e-01,9.959994073858566832e-01
7.024415131970296322e-01,7.024415131970295212e-01
8.785075161749600348e-02,8.785075161749605899e-02
-5.652727041826732801e-01,-5.652727041826732801e-01
-9.841355790354293642e-01,-9.841355790354292532e-01
-8.506639614533275662e-01,-8.506639614533275662e-01
-2.931440861648919038e-01,-2.931440861648919594e-01
3.839717041946596465e-01,3.839717041946596465e-01
9.184200645594093881e-01,9.184200645594093881e-01
9.465904944153292755e-01,9.465904944153291645e-01
