-1.000000000000000000e+00,-1.000000000000000000e+00
-6.956744349730038524e-01,-6.956744349730039634e-01
9.750786773847885947e-02,9.750786773847883171e-02
7.783946117686237898e-01,7.783946117686237898e-01
9.996729786105946758e-01,9.996729786105946758e-01
8.511406419105969068e-01,8.511406419105969068e-01
3.679238010708445472e-01,3.679238010708444362e-01
-3.944022429165743304e-01,-3.944022429165743859e-01
-9.555129172347376354e-01,-9.555129172347376354e-01
-8.711806800593839828e-01,-8.711806800593838718e-01
-3.750904955708056487e-01,-3.750904955708056487e-01
1.951679468779627946e-01,1.951679468779627669e-01
7.315830950364355934e-01,7.315830950364355934e-01
9.999348297343353398e-01,9.999348297343353398e-01
6.424989655194838223e-01,6.424989655194837113e-01
-1.305470739846111838e-01,-1.305470739846111283e-01
-7.346561757584431085e-01,-7.346561757584429975e-01
-9.874271178617343159e-01,-9.874271178617344269e-01
-9.001976321220731547e-01,-9.001976321220732657e-01
-3.710795821153098362e-01,-3.710795821153098362e-01
4.563549290360497945e-01,4.563549290360497945e-01
9.677655550971917542e-01,9.677655550971917542e-01
8.954170299096275709e-01,8.954170299096274599e-01
4.911153542372160841e-01,4.911153542372160841e-01
-8.356001587519779061e-02,-8.356001587519773510e-02
-7.185992559719336370e-01,-7.185992559719335260e-01
-9.972288486882078251e-01,-9.972288486882079361e-01
-5.997224923610360303e-01,-5.997224923610359193e-01
9.466291736842846749e-02,9.466291736842849525e-02
6.463739187712461698e-01,6.463739187712462808e-01
9.609619458847222795e-01,9.609619458847221685e-01
9.147250770437553857e-01,9.147250770437552747e-01
3.190554541825824098e-01,3.190554541825824098e-01
-5.109623397937457234e-01,-5.109623397937457234e-01
-9.624380345141753113e-01,-9.624380345141754223e-01
-9.401496885763211964e-01,-9.401496885763210853e-01
-5.985689563173411942e-01,-5.985689563173411942e-01
3.337226826647854416e-02,3.337226826647857192e-02
7.497030083011899659e-01,7.497030083011900770e-01
9.898614117411782543e-01,9.898614117411783653e-01
6.036012075071368610e-01,6.036012075071368610e-01
8.364819465543238408e-03,8.364819465543182897e-03
-5.396047528337527543e-01,-5.396047528337527543e-01
-9.407851410553396132e-01,-9.407851410553396132e-01
-9.002714381386124343e-01,-9.002714381386124343e-01
-2.506259960537273734e-01,-2.506259960537273734e-01
5.195616812711917332e-01,5.195616812711917332e-01
9.337895305567267545e-01,9.337895305567266435e-01
9.774644593138626103e-01,9.774644593138624993e-01
6.606516461923355177e-01,6.606516461923355177e-01
-5.487384864292288444e-02,-5.487384864292280118e-02
-7.956009886517253493e-01,-7.956009886517253493e-01
-9.861731032078340231e-01,-9.861731032078340231e-01
-6.634585385368154675e-01,-6.634585385368154675e-01
-1.426854215123635194e-01,-1.426854215123634917e-01
4.588146545857992864e-01,4.588146545857993974e-01
9.432648889737580422e-01,9.432648889737579312e-01
8.671348755047745271e-01,8.671348755047745271e-01
2.150100069827651783e-01,2.150100069827651228e-01
-4.649147862004660570e-01,-4.649147862004660570e-01
-8.784716650567389040e-01,-8.784716650567390150e-01
-9.942288589051901937e-01,-9.942288589051901937e-01
-6.663650289247792236e-01,-6.663650289247792236e-01
1.217949972022448479e-01,1.217949972022448479e-01
8.235897951857896748e-01,8.235897951857896748e-01
9.929239672512143455e-01,9.929239672512144566e-01
7.530677818645937771e-01,7.530677818645936661e-01
2.557198701400857921e-01,2.557198701400857921e-01
-4.380681526451708496e-01,-4.380681526451707941e-01
-9.617928099984418555e-01,-9.617928099984418555e-01
-8.373653152252987786e-01,-8.373653152252988896e-01
-2.458924340777034478e-01,-2.458924340777034201e-01
3.554495104653485615e-01,3.554495104653486170e-01
8.128149736086347499e-01,8.128149736086348609e-01
9.976541233093081384e-01,9.976541233093081384e-01
6.259581899409383254e-01,6.259581899409382144e-01
-1.852220084677648204e-01,-1.852220084677647649e-01
-8.144009723159378877e-01,-8.144009723159377767e-01
-9.999674156198081754e-01,-9.999674156198081754e-01
-8.319082252419467416e-01,-8.319082252419468526e-01
-3.080661730520639074e-01,-3.080661730520639074e-01
4.761594352705184052e-01,4.761594352705184607e-01
9.784251534530442607e-01,9.784251534530443717e-01
8.377190081818111089e-01,8.377190081818112199e-01
3.413778327414889180e-01,3.413778327414889180e-01
-2.276850113066259951e-01,-2.276850113066260228e-01
-7.703209947600173635e-01,-7.703209947600173635e-01
-9.950538480086433824e-01,-9.950538480086432713e-01
-5.683031178665809424e-01,-5.683031178665809424e-01
1.989718707380175866e-01,1.989718707380176421e-01
7.606749464357399626e-01,7.606749464357399626e-01
9.919293536979838510e-01,9.919293536979838510e-01
8.754359223118948208e-01,8.754359223118949318e-01
2.911701584558036848e-01,2.911701584558036848e-01
-5.383812766356016466e-01,-5.383812766356016466e-01
-9.837578695611040036e-01,-9.837578695611040036e-01
-8.755382938842696250e-01,-8.755382938842696250e-01
-4.641785066504486856e-01,-4.641785066504486856e-01
1.325417430444156830e-01,1.325417430444157663e-01
7.724182447416410024e-01,7.724182447416411135e-01
9.856423541485948014e-01,9.856423541485948014e-01
