-1.000000000000000000e+00,-1.000000000000000000e+00
-7.426340683386133401e-01,-7.426340683386134511e-01
-2.124622841576889742e-01,-2.124622841576890298e-01
-6.621549290125594567e-04,-6.621549290125594567e-04
-2.909202210725482241e-01,-2.909202210725482241e-01
-7.492864653137329967e-01,-7.492864653137329967e-01
-9.997514188880075592e-01,-9.997514188880075592e-01
-8.002552128929063535e-01,-8.002552128929063535e-01
-2.964454346522368833e-01,-2.964454346522368833e-01
-1.469415314434507902e-03,-1.469415314434507902e-03
-1.644162856130966244e-01,-1.644162856130966244e-01
-6.098540869868355196e-01,-6.098540869868355196e-01
-9.670031979986686288e-01,-9.670031979986686288e-01
-9.083790431755205397e-01,-9.083790431755205397e-01
-4.275346355965784495e-01,-4.275346355965784495e-01
-4.152013078811478408e-02,-4.152013078811472857e-02
-8.733522758250950035e-02,-8.733522758250955587e-02
-4.858794594768977571e-01,-4.858794594768977571e-01
-9.148238258271872425e-01,-9.148238258271872425e-01
-9.352546976871098927e-01,-9.352546976871097817e-01
-4.736894363535341657e-01,-4.736894363535342212e-01
-5.168674663488642684e-02,-5.168674663488642684e-02
-5.744711489566778351e-02,-5.744711489566772800e-02
-5.004978109022248933e-01,-5.004978109022248933e-01
-9.011198170741387958e-01,-9.011198170741389069e-01
-9.683257503965566615e-01,-9.683257503965567725e-01
-6.024277818337931967e-01,-6.024277818337931967e-01
-1.338479636994336919e-01,-1.338479636994337474e-01
-8.014849409772317745e-03,-8.014849409772317745e-03
-3.180924596903345614e-01,-3.180924596903345059e-01
-8.175751006836847745e-01,-8.175751006836847745e-01
-9.839974499726857893e-01,-9.839974499726856783e-01
-6.271172199365586675e-01,-6.271172199365586675e-01
-1.199286823455608664e-01,-1.199286823455608664e-01
-3.233056515652227292e-02,-3.233056515652221741e-02
-3.588187207415326485e-01,-3.588187207415326485e-01
-8.031942874961899292e-01,-8.031942874961899292e-01
-9.873982450711241698e-01,-9.873982450711241698e-01
-6.291787160696351577e-01,-6.291787160696351577e-01
-1.358379987528664512e-01,-1.358379987528664512e-01
-4.784775975147148586e-03,-4.784775975147204097e-03
-3.214498172003540932e-01,-3.214498172003540932e-01
-7.976170196770770993e-01,-7.976170196770770993e-01
-9.947928906900815882e-01,-9.947928906900815882e-01
-6.796041854464448528e-01,-6.796041854464449639e-01
-2.056867461104388561e-01,-2.056867461104388284e-01
2.542891735906271933e-03,2.542891735906271933e-03
-2.445529270094316532e-01,-2.445529270094315977e-01
-7.243077617598430162e-01,-7.243077617598432383e-01
-9.959119782557929179e-01,-9.959119782557929179e-01
-7.698283110936813278e-01,-7.698283110936813278e-01
-2.587223649056324959e-01,-2.587223649056324959e-01
-2.825141843617040571e-04,-2.825141843616485460e-04
-2.532827338704618514e-01,-2.532827338704618514e-01
-7.091065304658163981e-01,-7.091065304658163981e-01
-9.906369102280994099e-01,-9.906369102280994099e-01
-8.490793599270052283e-01,-8.490793599270053393e-01
-3.384824890500999217e-01,-3.384824890500998662e-01
-3.489558923599422879e-03,-3.489558923599478391e-03
-1.663521551185314640e-01,-1.663521551185314085e-01
-6.519845045423900975e-01,-6.519845045423899865e-01
-9.785588067846424654e-01,-9.785588067846425764e-01
-8.881588806671514291e-01,-8.881588806671515401e-01
-4.147027697697557858e-01,-4.147027697697557858e-01
-3.701513885915669322e-02,-3.701513885915669322e-02
-9.686735827266457211e-02,-9.686735827266457211e-02
-5.308116526427828497e-01,-5.308116526427829607e-01
-9.374232332173669802e-01,-9.374232332173668691e-01
-9.210652129283175560e-01,-9.210652129283175560e-01
-4.891037394117122017e-01,-4.891037394117121462e-01
-7.366544937122615488e-02,-7.366544937122615488e-02
-5.848812100617634124e-02,-5.848812100617634124e-02
-5.049722075083544759e-01,-5.049722075083545869e-01
-9.339075149449057589e-01,-9.339075149449057589e-01
-9.376020263893175555e-01,-9.376020263893175555e-01
-4.724806955706367662e-01,-4.724806955706367662e-01
-4.552636464052217669e-02,-4.552636464052217669e-02
-5.870675772563987982e-02,-5.870675772563993533e-02
-4.736484516588391203e-01,-4.736484516588391758e-01
-9.129481505297917243e-01,-9.129481505297918353e-01
-9.686961268370042344e-01,-9.686961268370041234e-01
-6.439546051758647804e-01,-6.439546051758648915e-01
-1.768405090471834584e-01,-1.768405090471834307e-01
-4.112453038244701098e-03,-4.112453038244645587e-03
-3.018572046925601660e-01,-3.018572046925601660e-01
-8.182548199652185383e-01,-8.182548199652185383e-01
-9.910676320747343615e-01,-9.910676320747344725e-01
-7.167798164337970679e-01,-7.167798164337970679e-01
-1.913546950462266527e-01,-1.913546950462266527e-01
-1.789310967234225558e-03,-1.789310967234281069e-03
-2.636156627308153810e-01,-2.636156627308153810e-01
-7.564803480292818794e-01,-7.564803480292819904e-01
-9.968581034723221768e-01,-9.968581034723222878e-01
-8.162614189046457636e-01,-8.162614189046456525e-01
-3.022069100143899845e-01,-3.022069100143900400e-01
-5.704508142022723938e-03,-5.704508142022779449e-03
-1.381620389805466309e-01,-1.381620389805466309e-01
-6.423934408242525373e-01,-6.423934408242525373e-01
-9.726092968749714407e-01,-9.726092968749715517e-01
-8.474943226570942345e-01,-8.474943226570942345e-01
-4.148177377380485864e-01,-4.148177377380485309e-01
