-1.000000000000000000e+00,-1.000000000000000000e+00
-7.250658843699204770e-01,-7.250658843699205880e-01
-2.378520540292466401e-01,-2.378520540292465846e-01
3.458267639779299962e-04,3.458267639779855074e-04
-2.008374819701173597e-01,-2.008374819701173597e-01
-6.555655597807269475e-01,-6.555655597807268364e-01
-9.930328909312514662e-01,-9.930328909312513552e-01
-8.566186481929853880e-01,-8.566186481929854990e-01
-4.197977456724434342e-01,-4.197977456724433787e-01
-3.995809900790842084e-02,-3.995809900790842084e-02
-1.046171614940590300e-01,-1.046171614940590300e-01
-6.038393595645705769e-01,-6.038393595645705769e-01
-9.849292137320910800e-01,-9.849292137320910800e-01
-8.226894408593768970e-01,-8.226894408593767860e-01
-3.635370638282231504e-01,-3.635370638282231504e-01
-7.233502238726041700e-03,-7.233502238726097211e-03
-1.450984155225328864e-01,-1.450984155225328864e-01
-5.729604379814179360e-01,-5.729604379814179360e-01
-9.696420148764283153e-01,-9.696420148764283153e-01
-8.820375098425394800e-01,-8.820375098425393690e-01
-4.168837317600353476e-01,-4.168837317600353476e-01
-5.350747442517178598e-02,-5.350747442517178598e-02
-9.005963104159248056e-02,-9.005963104159253607e-02
-5.199156995002242043e-01,-5.199156995002240933e-01
-9.481621529804985515e-01,-9.481621529804985515e-01
-8.995883748340772756e-01,-8.995883748340772756e-01
-4.808528547214332427e-01,-4.808528547214332427e-01
-8.172638390052450186e-02,-8.172638390052455737e-02
-3.803137508441289949e-02,-3.803137508441289949e-02
-4.402884610919527431e-01,-4.402884610919527431e-01
-9.194198355763717467e-01,-9.194198355763718578e-01
-9.519242221579373719e-01,-9.519242221579373719e-01
-5.818723470990867508e-01,-5.818723470990867508e-01
-1.075846294163141370e-01,-1.075846294163141370e-01
-2.567955111262520962e-02,-2.567955111262520962e-02
-4.447669112429432636e-01,-4.447669112429433191e-01
-8.617445119382122209e-01,-8.617445119382122209e-01
-9.926811886062044676e-01,-9.926811886062043566e-01
-6.487396297331253781e-01,-6.487396297331254891e-01
-2.009248517815666046e-01,-2.009248517815666046e-01
9.998877834286878930e-04,9.998877834286878930e-04
-3.003627484669840753e-01,-3.003627484669840197e-01
-8.140631297042640879e-01,-8.140631297042639769e-01
-9.972986566106846196e-01,-9.972986566106846196e-01
-7.015569389383398136e-01,-7.015569389383398136e-01
-1.740077956702430484e-01,-1.740077956702429929e-01
-7.758994871648883240e-04,-7.758994871648328129e-04
-2.952996252898332785e-01,-2.952996252898332785e-01
-7.773172385176787547e-01,-7.773172385176787547e-01
-9.975358781357558380e-01,-9.975358781357558380e-01
-8.054833448605420720e-01,-8.054833448605421831e-01
-2.801799983849487252e-01,-2.801799983849487252e-01
-7.011917683754642638e-04,-7.011917683754087527e-04
-1.566039905560987489e-01,-1.566039905560987489e-01
-6.387910333419307696e-01,-6.387910333419307696e-01
-9.742589710645076506e-01,-9.742589710645075396e-01
-8.929167950668289722e-01,-8.929167950668290832e-01
-4.031385965309174924e-01,-4.031385965309174368e-01
-2.750847238065290412e-02,-2.750847238065290412e-02
-1.060962067453371516e-01,-1.060962067453370961e-01
-5.908867612633897926e-01,-5.908867612633899036e-01
-9.762059547821908545e-01,-9.762059547821908545e-01
-8.547657379822527490e-01,-8.547657379822526380e-01
-4.122527869698207059e-01,-4.122527869698207059e-01
-4.037474496329152007e-02,-4.037474496329152007e-02
-8.440225030773729209e-02,-8.440225030773729209e-02
-5.323465742603796791e-01,-5.323465742603796791e-01
-9.484760237442654285e-01,-9.484760237442653175e-01
-9.263743698072354205e-01,-9.263743698072354205e-01
-4.840572824887718895e-01,-4.840572824887718340e-01
-8.039062179288147814e-02,-8.039062179288147814e-02
-5.048528202095714512e-02,-5.048528202095714512e-02
-5.058054740709666541e-01,-5.058054740709665431e-01
-9.488846934566680380e-01,-9.488846934566679270e-01
-8.878839468991314154e-01,-8.878839468991314154e-01
-4.131549628755832315e-01,-4.131549628755832315e-01
-2.860731914547964827e-02,-2.860731914547964827e-02
-1.294176020727932364e-01,-1.294176020727932364e-01
-5.725331807800981831e-01,-5.725331807800981831e-01
-9.376815504026252412e-01,-9.376815504026252412e-01
-9.355666779619064011e-01,-9.355666779619064011e-01
-5.441844743442196819e-01,-5.441844743442196819e-01
-7.821255638029550594e-02,-7.821255638029550594e-02
-3.438114069746178725e-02,-3.438114069746184276e-02
-3.718642546098629986e-01,-3.718642546098629431e-01
-8.360647266283521839e-01,-8.360647266283520729e-01
-9.872055687416149139e-01,-9.872055687416148029e-01
-6.443413232904020571e-01,-6.443413232904020571e-01
-1.721057570822562277e-01,-1.721057570822562277e-01
-9.803175001254216259e-03,-9.803175001254216259e-03
-3.751336074465626003e-01,-3.751336074465626558e-01
-8.152533887607363861e-01,-8.152533887607364971e-01
-9.897077526338219355e-01,-9.897077526338218245e-01
-7.214877128588503830e-01,-7.214877128588504940e-01
-1.900101619799363095e-01,-1.900101619799362540e-01
-1.973137256153945085e-03,-1.973137256153945085e-03
-3.152987063431277326e-01,-3.152987063431277326e-01
-7.627595699527651707e-01,-7.627595699527650597e-01
-9.946103330719325841e-01,-9.946103330719325841e-01
-7.415666158792033613e-01,-7.415666158792033613e-01
-2.927961159972137239e-01,-2.927961159972137795e-01
