-1.000000000000000000e+00,-1.000000000000000000e+00
-7.377324778544385175e-01,-7.377324778544386286e-01
-1.600910589500117442e-01,-1.600910589500117442e-01
5.657697503747877166e-01,5.657697503747876056e-01
9.718742295049234148e-01,9.718742295049235258e-01
8.658349615341072170e-01,8.658349615341072170e-01
2.998205280497749370e-01,2.998205280497749370e-01
-4.329130735949880404e-01,-4.329130735949880959e-01
-9.020681730973658663e-01,-9.020681730973659773e-01
-9.551595583663969879e-01,-9.551595583663969879e-01
-4.730238881183141397e-01,-4.730238881183140842e-01
2.473826977783887271e-01,2.473826977783887549e-01
8.288833276884604029e-01,8.288833276884604029e-01
9.966673822465599297e-01,9.966673822465599297e-01
7.012020848939273243e-01,7.012020848939272133e-01
8.479736631468803854e-02,8.479736631468809405e-02
-6.447175557174352756e-01,-6.447175557174351646e-01
-9.795639657718062665e-01,-9.795639657718062665e-01
-8.727665071835417621e-01,-8.727665071835416510e-01
-3.085944039705783570e-01,-3.085944039705783570e-01
4.548126027169494545e-01,4.548126027169495100e-01
9.306310546291169938e-01,9.306310546291171049e-01
9.501570295266701383e-01,9.501570295266701383e-01
5.261034953878300779e-01,5.261034953878300779e-01
-1.186415502812939726e-01,-1.186415502812939171e-01
-7.008992116811111339e-01,-7.008992116811110229e-01
-9.943406493374575827e-01,-9.943406493374575827e-01
-8.454732403111226979e-01,-8.454732403111226979e-01
-3.040978232079476484e-01,-3.040978232079476484e-01
4.642690660048195972e-01,4.642690660048196527e-01
9.396162854938759912e-01,9.396162854938758802e-01
9.050400282721300371e-01,9.050400282721300371e-01
3.634577474940624553e-01,3.634577474940624553e-01
-3.953200213715423739e-01,-3.953200213715423184e-01
-9.253091146091394492e-01,-9.253091146091393382e-01
-9.430701102541199088e-01,-9.430701102541199088e-01
-5.480113564845384699e-01,-5.480113564845383589e-01
1.904888402819020499e-01,1.904888402819019666e-01
7.687184383144141098e-01,7.687184383144141098e-01
9.993220443385684160e-01,9.993220443385684160e-01
7.890178989353794359e-01,7.890178989353795469e-01
2.393047890648157261e-01,2.393047890648157261e-01
-4.475836917305798246e-01,-4.475836917305798246e-01
-9.167096704474850810e-01,-9.167096704474850810e-01
-9.392519022017133956e-01,-9.392519022017133956e-01
-4.626498955852912376e-01,-4.626498955852911821e-01
1.771785005993332662e-01,1.771785005993332662e-01
7.474764890611371726e-01,7.474764890611371726e-01
9.983662910293784609e-01,9.983662910293783499e-01
7.398091354449005674e-01,7.398091354449004564e-01
9.389198317520908166e-02,9.389198317520916492e-02
-5.672914156967844290e-01,-5.672914156967845400e-01
-9.704192488365555036e-01,-9.704192488365555036e-01
-9.020847641091138680e-01,-9.020847641091137570e-01
-3.456292377367613522e-01,-3.456292377367613522e-01
3.338575746522514653e-01,3.338575746522514098e-01
9.033123525474264781e-01,9.033123525474264781e-01
9.731355399330376965e-01,9.731355399330375855e-01
5.364049856635699776e-01,5.364049856635699776e-01
-2.258093786567463290e-01,-2.258093786567463568e-01
-8.361243959659772074e-01,-8.361243959659770963e-01
-9.891770382277988993e-01,-9.891770382277988993e-01
-6.895303113989305066e-01,-6.895303113989303956e-01
-9.452858198913466348e-02,-9.452858198913469123e-02
5.405469167122829433e-01,5.405469167122829433e-01
9.490150817257189120e-01,9.490150817257189120e-01
9.407926748952605278e-01,9.407926748952605278e-01
5.003824322530087132e-01,5.003824322530087132e-01
-1.324429567544805897e-01,-1.324429567544805619e-01
-7.179648632403159425e-01,-7.179648632403159425e-01
-9.954382681895931340e-01,-9.954382681895932450e-01
-8.204225389528645440e-01,-8.204225389528645440e-01
-2.752586155121125588e-01,-2.752586155121125588e-01
4.280463588725771373e-01,4.280463588725771373e-01
9.262311325754816194e-01,9.262311325754817304e-01
9.569666650657920881e-01,9.569666650657921991e-01
5.484931134239265926e-01,5.484931134239265926e-01
-1.856102673672303527e-01,-1.856102673672304082e-01
-7.932103115391836434e-01,-7.932103115391835324e-01
-9.913047223759564597e-01,-9.913047223759563487e-01
-6.051742009894131025e-01,-6.051742009894131025e-01
1.363245086015807406e-01,1.363245086015807406e-01
7.712323296080719759e-01,7.712323296080719759e-01
9.985739980387647874e-01,9.985739980387648984e-01
7.224530115035969757e-01,7.224530115035969757e-01
9.464676121211790250e-02,9.464676121211781923e-02
-6.207613375277398760e-01,-6.207613375277398760e-01
-9.811980085663396522e-01,-9.811980085663396522e-01
-8.608197885839493635e-01,-8.608197885839493635e-01
-3.743073774614513183e-01,-3.743073774614512628e-01
2.782388661594191737e-01,2.782388661594191182e-01
8.510140389565631347e-01,8.510140389565631347e-01
9.753953663902255045e-01,9.753953663902255045e-01
5.522178008153511009e-01,5.522178008153509898e-01
-1.426253666452289570e-01,-1.426253666452289570e-01
-7.771060825285329710e-01,-7.771060825285329710e-01
-9.986263036924547531e-01,-9.986263036924547531e-01
-7.159645682761826002e-01,-7.159645682761826002e-01
-8.465212616262601797e-02,-8.465212616262596246e-02
6.437747728284987092e-01,6.437747728284987092e-01
9.805314557021600486e-01,9.805314557021600486e-01
