-1.000000000000000000e+00,-1.000000000000000000e+00
-7.679684486170745839e-01,-7.679684486170745839e-01
-2.844674253387174945e-01,-2.844674253387174945e-01
3.148506975983689782e-01,3.148506975983689782e-01
8.720846344921205917e-01,8.720846344921207027e-01
9.419733718976952552e-01,9.419733718976952552e-01
3.761575520004133422e-01,3.761575520004133422e-01
-3.252615370097670100e-01,-3.252615370097670655e-01
-8.002595204888827141e-01,-8.002595204888827141e-01
-9.989195318237592547e-01,-9.989195318237591437e-01
-7.833695970118925711e-01,-7.833695970118924601e-01
-5.706498652379998759e-02,-5.706498652379998759e-02
7.148919498761574509e-01,7.148919498761574509e-01
9.993712935713610079e-01,9.993712935713611190e-01
8.402166820932375213e-01,8.402166820932375213e-01
3.989492153630335158e-01,3.989492153630335713e-01
-2.811970237624947244e-01,-2.811970237624947244e-01
-8.977014432997518778e-01,-8.977014432997518778e-01
-9.190933612881433401e-01,-9.190933612881433401e-01
-3.943436901279659956e-01,-3.943436901279659401e-01
2.162643919657002423e-01,2.162643919657002700e-01
7.167647494071511804e-01,7.167647494071511804e-01
9.952591559200472116e-01,9.952591559200472116e-01
7.543611143591619772e-01,7.543611143591619772e-01
-1.114379099178919308e-02,-1.114379099178919308e-02
-7.119322120120907815e-01,-7.119322120120907815e-01
-9.904714666353073849e-01,-9.904714666353072738e-01
-9.046998897522346983e-01,-9.046998897522346983e-01
-4.586785301943477333e-01,-4.586785301943476778e-01
3.135870413959794267e-01,3.135870413959794267e-01
9.268818954503903473e-01,9.268818954503903473e-01
9.148515523670275318e-01,9.148515523670274208e-01
4.757343762831328648e-01,4.757343762831328648e-01
-8.282628455581309002e-02,-8.282628455581306226e-02
-6.583322616155893314e-01,-6.583322616155893314e-01
-9.970788435824733398e-01,-9.970788435824733398e-01
-7.049166813510798768e-01,-7.049166813510798768e-01
3.565698049321230911e-02,3.565698049321233687e-02
6.559285216653212292e-01,6.559285216653212292e-01
9.629918207625689508e-01,9.629918207625688398e-01
9.406382794751814158e-01,9.406382794751815268e-01
4.526408375070575807e-01,4.526408375070576362e-01
-3.800312274102597421e-01,-3.800312274102597976e-01
-9.401725507530398485e-01,-9.401725507530398485e-01
-9.381733064237172126e-01,-9.381733064237171016e-01
-5.874038004707318184e-01,-5.874038004707318184e-01
-2.274915610750016803e-02,-2.274915610750019579e-02
6.520815753270389203e-01,6.520815753270389203e-01
9.999552219912840600e-01,9.999552219912841711e-01
6.699720290181025995e-01,6.699720290181027105e-01
1.114197484179568765e-02,1.114197484179568765e-02
-5.550179136436915739e-01,-5.550179136436915739e-01
-9.253999824217556958e-01,-9.253999824217556958e-01
-9.484696541680998072e-01,-9.484696541680998072e-01
-3.975777769403486817e-01,-3.975777769403487372e-01
4.323946352439497209e-01,4.323946352439498320e-01
9.291299514574171692e-01,9.291299514574170582e-01
9.728209816703912161e-01,9.728209816703911050e-01
6.829772727431916435e-01,6.829772727431916435e-01
6.234034440336466698e-02,6.234034440336461147e-02
-6.910258137598256356e-01,-6.910258137598256356e-01
-9.984884738757622280e-01,-9.984884738757621170e-01
-6.813015754555246106e-01,-6.813015754555247216e-01
-1.213799438357302529e-01,-1.213799438357302252e-01
4.424715259468959827e-01,4.424715259468960382e-01
9.030785716423941345e-01,9.030785716423940235e-01
9.341951125712739668e-01,9.341951125712738557e-01
3.330136395587308673e-01,3.330136395587308673e-01
-4.323740908542842987e-01,-4.323740908542843542e-01
-8.878281041533564455e-01,-8.878281041533565565e-01
-9.950167314162969845e-01,-9.950167314162970955e-01
-7.325515136144263861e-01,-7.325515136144263861e-01
-3.190838684745761489e-02,-3.190838684745764264e-02
7.412196256921691484e-01,7.412196256921692594e-01
9.975797437693478820e-01,9.975797437693479930e-01
7.421889354995623300e-01,7.421889354995623300e-01
2.540813386812472152e-01,2.540813386812471597e-01
-3.653319392905810536e-01,-3.653319392905810536e-01
-9.103035724572011711e-01,-9.103035724572010601e-01
-9.060277971969176170e-01,-9.060277971969176170e-01
-3.063335400903113848e-01,-3.063335400903114403e-01
3.655907735386549895e-01,3.655907735386549340e-01
8.182541641151637180e-01,8.182541641151637180e-01
9.999966198336945888e-01,9.999966198336944778e-01
7.307259684454234794e-01,7.307259684454235904e-01
-3.809795520035930139e-02,-3.809795520035935690e-02
-7.676913148534156850e-01,-7.676913148534157960e-01
-9.999324693260212005e-01,-9.999324693260213115e-01
-8.233077554929024711e-01,-8.233077554929023600e-01
-3.574756132596565994e-01,-3.574756132596565994e-01
3.536091692834852918e-01,3.536091692834852918e-01
9.354482841920895853e-01,9.354482841920895853e-01
8.833328486024826232e-01,8.833328486024825121e-01
3.464672436847791026e-01,3.464672436847791581e-01
-2.464642838213724763e-01,-2.464642838213724485e-01
-7.447041436921180146e-01,-7.447041436921180146e-01
-9.996713668116138374e-01,-9.996713668116137264e-01
-6.893737955417915675e-01,-6.893737955417916785e-01
9.746241054595539133e-02,9.746241054595539133e-02
7.503058970973336406e-01,7.503058970973337516e-01
9.944078412295569436e-01,9.944078412295569436e-01
