-1.000000000000000000e+00,-1.000000000000000000e+00
-7.534851212775932616e-01,-7.534851212775932616e-01
-1.701622727741564645e-01,-1.701622727741565200e-01
5.527899504395425989e-01,5.527899504395425989e-01
9.482155781693932806e-01,9.482155781693932806e-01
9.110615272356968886e-01,9.110615272356969996e-01
4.355407575365980999e-01,4.355407575365980999e-01
-2.239012855151316650e-01,-2.239012855151317205e-01
-8.440905775228106922e-01,-8.440905775228106922e-01
-9.898855808510147458e-01,-9.898855808510147458e-01
-6.667061297560753497e-01,-6.667061297560753497e-01
4.051729407970472430e-02,4.051729407970469654e-02
6.852528261883331639e-01,6.852528261883330529e-01
9.949786678027485731e-01,9.949786678027484621e-01
8.151437529360981982e-01,8.151437529360983092e-01
2.959937497402394535e-01,2.959937497402395090e-01
-4.253197182364898410e-01,-4.253197182364897300e-01
-9.092828498509201163e-01,-9.092828498509202273e-01
-9.530023683574196935e-01,-9.530023683574198046e-01
-5.611174390209323626e-01,-5.611174390209323626e-01
8.050459924015351820e-02,8.050459924015351820e-02
7.626611600945175651e-01,7.626611600945174541e-01
9.965233622000905234e-01,9.965233622000906344e-01
7.261499273761380380e-01,7.261499273761380380e-01
5.800155857248867619e-02,5.800155857248864844e-02
-6.035116597637986136e-01,-6.035116597637986136e-01
-9.740462704764467627e-01,-9.740462704764467627e-01
-8.716831472336500353e-01,-8.716831472336501463e-01
-2.947999714811140315e-01,-2.947999714811140315e-01
3.783638989767277305e-01,3.783638989767277860e-01
9.156936751343692782e-01,9.156936751343693892e-01
9.636716130593701024e-01,9.636716130593701024e-01
4.956232106690692807e-01,4.956232106690692252e-01
-1.847999337318160240e-01,-1.847999337318160795e-01
-7.981514897499583094e-01,-7.981514897499584205e-01
-9.985505485471870557e-01,-9.985505485471869447e-01
-7.428682841494772537e-01,-7.428682841494771427e-01
-1.184785814257712788e-01,-1.184785814257712511e-01
6.075736251658400144e-01,6.075736251658400144e-01
9.747855211880130932e-01,9.747855211880132043e-01
8.936895403176030594e-01,8.936895403176030594e-01
3.073359238775955626e-01,3.073359238775956181e-01
-4.382018240153588984e-01,-4.382018240153588984e-01
-9.277884290295999037e-01,-9.277884290295999037e-01
-9.641801412267578808e-01,-9.641801412267578808e-01
-5.793789819698357269e-01,-5.793789819698357269e-01
1.615527867738133505e-01,1.615527867738133783e-01
7.710742347016953380e-01,7.710742347016954490e-01
9.975149991293914553e-01,9.975149991293914553e-01
6.519621657275369575e-01,6.519621657275369575e-01
4.611142370257448331e-02,4.611142370257448331e-02
-6.112459474443343588e-01,-6.112459474443343588e-01
-9.927618735331971145e-01,-9.927618735331972255e-01
-8.111676184305938175e-01,-8.111676184305938175e-01
-1.759828464165890671e-01,-1.759828464165890116e-01
5.382479932263024569e-01,5.382479932263024569e-01
9.677022892723856629e-01,9.677022892723857739e-01
8.577469404214659310e-01,8.577469404214660420e-01
2.480375684239723433e-01,2.480375684239723155e-01
-4.444438641514941724e-01,-4.444438641514941168e-01
-9.236432596200272460e-01,-9.236432596200272460e-01
-9.620798174005726899e-01,-9.620798174005726899e-01
-5.888093751707720314e-01,-5.888093751707720314e-01
1.632852364329124839e-01,1.632852364329124284e-01
7.661404772458276780e-01,7.661404772458277890e-01
9.997741225415146538e-01,9.997741225415147648e-01
7.451789261033230360e-01,7.451789261033230360e-01
1.658078585573082853e-01,1.658078585573082853e-01
-5.295137250842607557e-01,-5.295137250842607557e-01
-9.482317384236951252e-01,-9.482317384236951252e-01
-9.352841680337609098e-01,-9.352841680337607988e-01
-4.111267746657757405e-01,-4.111267746657757960e-01
2.733732321499912077e-01,2.733732321499912077e-01
8.191303258193836090e-01,8.191303258193836090e-01
9.922367158772873452e-01,9.922367158772873452e-01
6.462732819026788533e-01,6.462732819026788533e-01
-5.083553894752129709e-02,-5.083553894752129709e-02
-7.440140654249547403e-01,-7.440140654249547403e-01
-9.982384415384724097e-01,-9.982384415384724097e-01
-7.177861553939499650e-01,-7.177861553939500761e-01
-6.318636442320696434e-02,-6.318636442320693658e-02
6.383583656171953891e-01,6.383583656171952780e-01
9.960362886448168585e-01,9.960362886448168585e-01
8.367954771082625198e-01,8.367954771082625198e-01
3.216289787018805635e-01,3.216289787018805635e-01
-4.156490970123794537e-01,-4.156490970123795092e-01
-9.227424727258347614e-01,-9.227424727258346504e-01
-9.390175175194320767e-01,-9.390175175194319657e-01
-4.230725393597719042e-01,-4.230725393597719597e-01
2.811084406564285376e-01,2.811084406564284821e-01
8.361979860206874005e-01,8.361979860206874005e-01
9.922852090367738631e-01,9.922852090367739741e-01
6.243013825371441783e-01,6.243013825371442893e-01
-4.649808433053331802e-02,-4.649808433053329026e-02
-6.896670137376911258e-01,-6.896670137376911258e-01
-9.987814440201243649e-01,-9.987814440201242538e-01
-7.937027880725157081e-01,-7.937027880725155971e-01
-2.197717832250725145e-01,-2.197717832250724590e-01
4.245061890321004672e-01,4.245061890321004672e-01
9.031159181010988135e-01,9.031159181010989245e-01
9.745459560535527643e-01,9.745459560535527643e-01
