-1.000000000000000000e+00,-1.000000000000000000e+00
-6.598136443230626647e-01,-6.598136443230626647e-01
5.293960332324842977e-02,5.293960332324837426e-02
6.626382088625747402e-01,6.626382088625748512e-01
9.684987868714084458e-01,9.684987868714083348e-01
9.459101374002121254e-01,9.459101374002121254e-01
5.653184763748075881e-01,5.653184763748075881e-01
-1.372901557876653467e-01,-1.372901557876653467e-01
-8.233332538541089374e-01,-8.233332538541089374e-01
-9.654773811493240210e-01,-9.654773811493240210e-01
-4.572435384813521297e-01,-4.572435384813521297e-01
2.647219045333951137e-01,2.647219045333951692e-01
7.901414994680986403e-01,7.901414994680985293e-01
9.970666317938384760e-01,9.970666317938385870e-01
8.696866185996676712e-01,8.696866185996675602e-01
3.775897558672857701e-01,3.775897558672857146e-01
-3.730544531321035029e-01,-3.730544531321035029e-01
-9.426403999981280979e-01,-9.426403999981279869e-01
-8.659697990499117815e-01,-8.659697990499116704e-01
-2.356117464703971764e-01,-2.356117464703971487e-01
4.557899594261345944e-01,4.557899594261345388e-01
8.875330772232431498e-01,8.875330772232431498e-01
9.950664127430666195e-01,9.950664127430666195e-01
7.588610419287883380e-01,7.588610419287882269e-01
1.629927106623675903e-01,1.629927106623675903e-01
-5.927379227625801938e-01,-5.927379227625801938e-01
-9.971424951286832483e-01,-9.971424951286831373e-01
-7.118899052326059795e-01,-7.118899052326059795e-01
-1.025995333775264751e-02,-1.025995333775267526e-02
6.207492499141952225e-01,6.207492499141952225e-01
9.547991723507814887e-01,9.547991723507815998e-01
9.614928396363844332e-01,9.614928396363844332e-01
6.131790180772105359e-01,6.131790180772105359e-01
-6.936005100940745294e-02,-6.936005100940739743e-02
-7.787290774905233359e-01,-7.787290774905233359e-01
-9.822892997514285351e-01,-9.822892997514285351e-01
-5.177791010505596869e-01,-5.177791010505595759e-01
2.060147027218910964e-01,2.060147027218911242e-01
7.567725914545406773e-01,7.567725914545406773e-01
9.919932076293269674e-01,9.919932076293269674e-01
8.949530533415704925e-01,8.949530533415704925e-01
4.342704390907423662e-01,4.342704390907422551e-01
-3.065703378634765386e-01,-3.065703378634765386e-01
-9.147972243717110707e-01,-9.147972243717109597e-01
-9.005210036378770155e-01,-9.005210036378769045e-01
-2.999478444138440891e-01,-2.999478444138440336e-01
4.036818671821089666e-01,4.036818671821088556e-01
8.627863776011862607e-01,8.627863776011862607e-01
9.988060194025258909e-01,9.988060194025258909e-01
7.940981793241336240e-01,7.940981793241336240e-01
2.265893646128939176e-01,2.265893646128939176e-01
-5.326431757438525594e-01,-5.326431757438525594e-01
-9.885785768921542260e-01,-9.885785768921542260e-01
-7.606873891621370731e-01,-7.606873891621371842e-01
-7.422150894641199592e-02,-7.422150894641196817e-02
5.764872183326752442e-01,5.764872183326752442e-01
9.386471653727386233e-01,9.386471653727386233e-01
9.743843606957551806e-01,9.743843606957551806e-01
6.583093879596850773e-01,6.583093879596849662e-01
-1.846551041942201543e-03,-1.846551041942229299e-03
-7.300250074992283844e-01,-7.300250074992282734e-01
-9.935977935235287273e-01,-9.935977935235287273e-01
-5.763818079842025766e-01,-5.763818079842025766e-01
1.457676316331858457e-01,1.457676316331858735e-01
7.209482224883881907e-01,7.209482224883880797e-01
9.844432993360809903e-01,9.844432993360809903e-01
9.174138640528373134e-01,9.174138640528372024e-01
4.885796979673882046e-01,4.885796979673883156e-01
-2.391873782100718548e-01,-2.391873782100718826e-01
-8.818317839238465350e-01,-8.818317839238464240e-01
-9.303020259736523023e-01,-9.303020259736521913e-01
-3.636538001453948898e-01,-3.636538001453948898e-01
3.495267044733753048e-01,3.495267044733752493e-01
8.355769308205523993e-01,8.355769308205525103e-01
9.999989775670530268e-01,9.999989775670530268e-01
8.264735674959931000e-01,8.264735674959929890e-01
2.884672007548558792e-01,2.884672007548558792e-01
-4.702023751775795679e-01,-4.702023751775796789e-01
-9.743571015511397482e-01,-9.743571015511396372e-01
-8.058391349371379908e-01,-8.058391349371379908e-01
-1.386716530117297896e-01,-1.386716530117298452e-01
5.298988610998229820e-01,5.298988610998229820e-01
9.200427504649766330e-01,9.200427504649766330e-01
9.846197183295506417e-01,9.846197183295506417e-01
7.006529498702772640e-01,7.006529498702773751e-01
6.491817400467558841e-02,6.491817400467556065e-02
-6.775804324748511132e-01,-6.775804324748512242e-01
-9.992866918362468542e-01,-9.992866918362468542e-01
-6.326639638742324045e-01,-6.326639638742325156e-01
8.417433542574492833e-02,8.417433542574492833e-02
6.826814178232517571e-01,6.826814178232517571e-01
9.744282365441283567e-01,9.744282365441283567e-01
9.370986269166842186e-01,9.370986269166843297e-01
5.403872418951587431e-01,5.403872418951587431e-01
-1.713016786266391422e-01,-1.713016786266390867e-01
-8.439926261479300251e-01,-8.439926261479300251e-01
-9.550560057176047390e-01,-9.550560057176047390e-01
-4.263711499759168522e-01,-4.263711499759169077e-01
2.934436738768135267e-01,2.934436738768135267e-01
8.059027832347048781e-01,8.059027832347049891e-01
9.986700581209031480e-01,9.986700581209031480e-01
