-1.000000000000000000e+00,-1.000000000000000000e+00
-8.337312971951914564e-01,-8.337312971951914564e-01
-4.534571894913044798e-01,-4.534571894913044798e-01
-7.785010551595483719e-02,-7.785010551595483719e-02
-5.211448448363598107e-02,-5.211448448363598107e-02
-5.358272907312388034e-01,-5.358272907312388034e-01
-9.815690549852219560e-01,-9.815690549852219560e-01
-8.091692500764264828e-01,-8.091692500764264828e-01
-3.136013148194092826e-01,-3.136013148194092826e-01
-1.884499439514519814e-02,-1.884499439514514263e-02
-6.893978067032924262e-02,-6.893978067032924262e-02
-4.023117178585141063e-01,-4.023117178585141063e-01
-8.405938693325312183e-01,-8.405938693325313293e-01
-9.817954035294738091e-01,-9.817954035294738091e-01
-5.495290743157488222e-01,-5.495290743157488222e-01
-4.706127595611903081e-02,-4.706127595611903081e-02
-1.113620027739042895e-01,-1.113620027739043450e-01
-5.580563568978489375e-01,-5.580563568978489375e-01
-9.180781436999936318e-01,-9.180781436999936318e-01
-9.860420851773968876e-01,-9.860420851773969986e-01
-7.260800455960987332e-01,-7.260800455960987332e-01
-2.507019897869042779e-01,-2.507019897869042779e-01
2.091094812376903533e-03,2.091094812376903533e-03
-3.609200974807989515e-01,-3.609200974807990070e-01
-8.996683942588704630e-01,-8.996683942588703520e-01
-9.480630909547488328e-01,-9.480630909547488328e-01
-5.761311691590605966e-01,-5.761311691590604855e-01
-1.798914593334229317e-01,-1.798914593334228762e-01
5.245289306584632882e-04,5.245289306584632882e-04
-1.628686582235501223e-01,-1.628686582235501779e-01
-6.462107116037427712e-01,-6.462107116037427712e-01
-9.969659646534684283e-01,-9.969659646534684283e-01
-7.180879531525797832e-01,-7.180879531525797832e-01
-1.650855386983814954e-01,-1.650855386983815509e-01
-9.167986687645068855e-03,-9.167986687645068855e-03
-2.871138903820279475e-01,-2.871138903820278920e-01
-6.891993654083859999e-01,-6.891993654083858889e-01
-9.699988764548481690e-01,-9.699988764548480580e-01
-9.165139632355296939e-01,-9.165139632355296939e-01
-4.521383053818931463e-01,-4.521383053818931463e-01
-1.715173441677264599e-02,-1.715173441677259047e-02
-2.006256490700982220e-01,-2.006256490700982220e-01
-7.461656134730392242e-01,-7.461656134730392242e-01
-9.995635771875307496e-01,-9.995635771875308606e-01
-8.329643999022015022e-01,-8.329643999022015022e-01
-4.552952665068478733e-01,-4.552952665068479288e-01
-9.327337465715185294e-02,-9.327337465715179743e-02
-2.778852410205884249e-02,-2.778852410205878698e-02
-4.463990262100245299e-01,-4.463990262100245854e-01
-9.474230646831950375e-01,-9.474230646831951486e-01
-8.658042642844701042e-01,-8.658042642844701042e-01
-3.545880553393236934e-01,-3.545880553393236934e-01
-2.201957170047036394e-02,-2.201957170047036394e-02
-7.040776347445348859e-02,-7.040776347445343308e-02
-3.951598260428406117e-01,-3.951598260428406673e-01
-8.124249507583373164e-01,-8.124249507583373164e-01
-9.960087953947415196e-01,-9.960087953947415196e-01
-6.416147277841746099e-01,-6.416147277841746099e-01
-9.495802567558686569e-02,-9.495802567558686569e-02
-7.151111952962863061e-02,-7.151111952962863061e-02
-5.251771280556234434e-01,-5.251771280556234434e-01
-9.154100116371182150e-01,-9.154100116371182150e-01
-9.854448745183773672e-01,-9.854448745183774783e-01
-7.395050723751935839e-01,-7.395050723751935839e-01
-2.937572749223726354e-01,-2.937572749223726354e-01
1.275060072445488579e-03,1.275060072445433068e-03
-2.712155010064169480e-01,-2.712155010064170035e-01
-8.416893372494720360e-01,-8.416893372494721470e-01
-9.706287493223849649e-01,-9.706287493223849649e-01
-5.982928413663424205e-01,-5.982928413663424205e-01
-1.799971613138805493e-01,-1.799971613138804938e-01
6.094873079273699368e-04,6.094873079273699368e-04
-1.458803517876036127e-01,-1.458803517876036127e-01
-5.888682545600506524e-01,-5.888682545600507634e-01
-9.799824114720881996e-01,-9.799824114720880885e-01
-8.001638824435405306e-01,-8.001638824435404196e-01
-2.279465652989597912e-01,-2.279465652989597357e-01
-1.257491898546791997e-03,-1.257491898546791997e-03
-2.741969119336301053e-01,-2.741969119336301608e-01
-6.917108566045204743e-01,-6.917108566045203633e-01
-9.680238546788492160e-01,-9.680238546788492160e-01
-9.344135114093989891e-01,-9.344135114093989891e-01
-5.217951981512195525e-01,-5.217951981512194415e-01
-5.118344349506609436e-02,-5.118344349506603885e-02
-1.311337618254604931e-01,-1.311337618254604931e-01
-6.820680138490010647e-01,-6.820680138490010647e-01
-9.968214393041302523e-01,-9.968214393041302523e-01
-8.379220521230731356e-01,-8.379220521230732466e-01
-4.523405720063022883e-01,-4.523405720063022328e-01
-1.013484732949213596e-01,-1.013484732949213596e-01
-1.427243827083851668e-02,-1.427243827083851668e-02
-3.698877852036160374e-01,-3.698877852036159819e-01
-8.966406923782680449e-01,-8.966406923782680449e-01
-9.200132061046215615e-01,-9.200132061046215615e-01
-4.136867414514256436e-01,-4.136867414514255881e-01
-2.979616181549959997e-02,-2.979616181549965548e-02
-6.999322231690957574e-02,-6.999322231690957574e-02
-3.955335227146606347e-01,-3.955335227146605792e-01
-7.957084098483294676e-01,-7.957084098483294676e-01
-9.999117579310747850e-01,-9.999117579310746740e-01
-7.214594267048570764e-01,-7.214594267048570764e-01
