-1.000000000000000000e+00,-1.000000000000000000e+00
-8.165552639734674489e-01,-8.165552639734674489e-01
-3.684616925829062306e-01,-3.684616925829062861e-01
2.334420377197606866e-01,2.334420377197606589e-01
8.065335926152432666e-01,8.065335926152432666e-01
9.856268559204379720e-01,9.856268559204380830e-01
5.132521065451639553e-01,5.132521065451639553e-01
-3.080809361109539957e-01,-3.080809361109539957e-01
-8.869177033777880803e-01,-8.869177033777880803e-01
-9.810158648761098110e-01,-9.810158648761098110e-01
-7.024376563920591288e-01,-7.024376563920590177e-01
-1.963845002134004258e-01,-1.963845002134004813e-01
4.245709517107802977e-01,4.245709517107802977e-01
9.218550402758356466e-01,9.218550402758356466e-01
9.095064427494730097e-01,9.095064427494728987e-01
2.716966777233650321e-01,2.716966777233650321e-01
-5.311115602365300559e-01,-5.311115602365300559e-01
-9.653762016295371895e-01,-9.653762016295371895e-01
-9.276369348863555686e-01,-9.276369348863555686e-01
-5.677129566548795303e-01,-5.677129566548794193e-01
-1.268279345246237089e-02,-1.268279345246234313e-02
6.058417859595583987e-01,6.058417859595583987e-01
9.880909495085166139e-01,9.880909495085166139e-01
7.702689924555267131e-01,7.702689924555266021e-01
1.441258139178513975e-02,1.441258139178516751e-02
-7.160716391233035161e-01,-7.160716391233035161e-01
-9.983572017278393718e-01,-9.983572017278394828e-01
-8.449376897036702250e-01,-8.449376897036702250e-01
-4.150380880706172615e-01,-4.150380880706172060e-01
1.783278755109147795e-01,1.783278755109147795e-01
7.662520160672499081e-01,7.662520160672499081e-01
9.953235884762510199e-01,9.953235884762510199e-01
5.766445075197623726e-01,5.766445075197622616e-01
-2.389564683586102301e-01,-2.389564683586102023e-01
-8.557665957210653929e-01,-8.557665957210652818e-01
-9.901832354707487127e-01,-9.901832354707488237e-01
-7.372741539956041423e-01,-7.372741539956040313e-01
-2.468884131512210089e-01,-2.468884131512209812e-01
3.705364108458094607e-01,3.705364108458095163e-01
8.934065850081389648e-01,8.934065850081389648e-01
9.379129228945461971e-01,9.379129228945461971e-01
3.431873036008495914e-01,3.431873036008496469e-01
-4.708312636078955116e-01,-4.708312636078954005e-01
-9.477470625310235874e-01,-9.477470625310235874e-01
-9.460911040613539935e-01,-9.460911040613539935e-01
-6.081457817858357817e-01,-6.081457817858357817e-01
-6.613274493701665202e-02,-6.613274493701659651e-02
5.556632074164252755e-01,5.556632074164252755e-01
9.748170664035247235e-01,9.748170664035247235e-01
8.161033931802452734e-01,8.161033931802453845e-01
8.836365350036667898e-02,8.836365350036665123e-02
-6.676247779617310307e-01,-6.676247779617310307e-01
-9.933493426083807032e-01,-9.933493426083808142e-01
-8.712878043802717576e-01,-8.712878043802718686e-01
-4.603488330852786303e-01,-4.603488330852786858e-01
1.233253480804523683e-01,1.233253480804523683e-01
7.232567134878983284e-01,7.232567134878984394e-01
9.997058204828203065e-01,9.997058204828204175e-01
6.367602281510112983e-01,6.367602281510111872e-01
-1.680515912573248838e-01,-1.680515912573248560e-01
-8.206965239331016626e-01,-8.206965239331016626e-01
-9.964189989059537567e-01,-9.964189989059538677e-01
-7.703629982775196394e-01,-7.703629982775197504e-01
-2.963567797150082339e-01,-2.963567797150081784e-01
3.159377737117572971e-01,3.159377737117572971e-01
8.612134244384632709e-01,8.612134244384632709e-01
9.610199842113320567e-01,9.610199842113319457e-01
4.129254944841045383e-01,4.129254944841045938e-01
-4.076554446192209302e-01,-4.076554446192209857e-01
-9.263162934498000434e-01,-9.263162934498000434e-01
-9.620423914243847463e-01,-9.620423914243846353e-01
-6.470567901530547283e-01,-6.470567901530546173e-01
-1.188618925400204418e-01,-1.188618925400204418e-01
5.040641746787495325e-01,5.040641746787496436e-01
9.569057028895081585e-01,9.569057028895081585e-01
8.572015706616563646e-01,8.572015706616562536e-01
1.621938230492039890e-01,1.621938230492039890e-01
-6.155774755453649050e-01,-6.155774755453649050e-01
-9.848618866049902998e-01,-9.848618866049902998e-01
-8.955111123926194905e-01,-8.955111123926194905e-01
-5.043362372521640324e-01,-5.043362372521640324e-01
6.859364989695149184e-02,6.859364989695151960e-02
6.778458326190783811e-01,6.778458326190783811e-01
9.988633391015828700e-01,9.988633391015828700e-01
6.932148237950306324e-01,6.932148237950305214e-01
-9.575149981619746065e-02,-9.575149981619751616e-02
-7.817268158711053738e-01,-7.817268158711052628e-01
-9.995969347808026928e-01,-9.995969347808026928e-01
-8.016298193253001969e-01,-8.016298193253003079e-01
-3.447175682106158323e-01,-3.447175682106158323e-01
2.609871901976663633e-01,2.609871901976663633e-01
8.255631557571738721e-01,8.255631557571737611e-01
9.787684021150303559e-01,9.787684021150304670e-01
4.804547501795415343e-01,4.804547501795415898e-01
-3.418626300709244337e-01,-3.418626300709244892e-01
-9.010246556231935600e-01,-9.010246556231935600e-01
-9.753721520610677542e-01,-9.753721520610678652e-01
-6.843859177766234980e-01,-6.843859177766234980e-01
-1.707685820323999737e-01,-1.707685820323999737e-01
4.513062692639079332e-01,4.513062692639079332e-01
9.345880729833201395e-01,9.345880729833201395e-01
