-1.000000000000000000e+00,-1.000000000000000000e+00
-8.012371060834856396e-01,-8.012371060834857506e-01
-2.871476278475026955e-01,-2.871476278475027510e-01
2.246034370044613926e-03,2.246034370044613926e-03
-2.261091494332027607e-01,-2.261091494332027330e-01
-6.895781939016897288e-01,-6.895781939016898399e-01
-9.876790198380833719e-01,-9.876790198380832608e-01
-8.401745440806335230e-01,-8.401745440806335230e-01
-3.928828180910169388e-01,-3.928828180910169388e-01
-2.433699038049819130e-02,-2.433699038049819130e-02
-1.248180752824256667e-01,-1.248180752824256667e-01
-5.609559246321289550e-01,-5.609559246321289550e-01
-9.493918096394257100e-01,-9.493918096394257100e-01
-8.965181910964127310e-01,-8.965181910964126200e-01
-4.476296178573969664e-01,-4.476296178573969109e-01
-3.190663566178442156e-02,-3.190663566178442156e-02
-8.704709617312944570e-02,-8.704709617312939018e-02
-5.172782989346784710e-01,-5.172782989346784710e-01
-9.496412338230618699e-01,-9.496412338230617589e-01
-9.353572094280981908e-01,-9.353572094280981908e-01
-5.009870651644539041e-01,-5.009870651644539041e-01
-6.899565081022335233e-02,-6.899565081022335233e-02
-6.733016070980918366e-02,-6.733016070980918366e-02
-4.940330318115410124e-01,-4.940330318115409569e-01
-9.181106003389716275e-01,-9.181106003389716275e-01
-9.434995974677506947e-01,-9.434995974677506947e-01
-4.899336938066764513e-01,-4.899336938066763958e-01
-6.593151009549530484e-02,-6.593151009549530484e-02
-4.830478377702007720e-02,-4.830478377702002168e-02
-4.697326633633744364e-01,-4.697326633633744364e-01
-9.309310998863766784e-01,-9.309310998863766784e-01
-9.461413824316292631e-01,-9.461413824316292631e-01
-5.150974769860623415e-01,-5.150974769860623415e-01
-7.192385744237078660e-02,-7.192385744237073109e-02
-7.227639549251008155e-02,-7.227639549251008155e-02
-4.711107286149691653e-01,-4.711107286149692208e-01
-8.796735288694464971e-01,-8.796735288694466082e-01
-9.828522864298006034e-01,-9.828522864298006034e-01
-6.541976536209308524e-01,-6.541976536209307413e-01
-2.018732679661749407e-01,-2.018732679661749407e-01
-4.332906315707152345e-05,-4.332906315712703460e-05
-2.735158934080646476e-01,-2.735158934080647031e-01
-7.455211850146055141e-01,-7.455211850146055141e-01
-9.933631400701424807e-01,-9.933631400701425918e-01
-8.339805377510117745e-01,-8.339805377510117745e-01
-3.583821821483890169e-01,-3.583821821483889614e-01
-1.383307069284445134e-02,-1.383307069284439583e-02
-1.073219297933348249e-01,-1.073219297933347693e-01
-5.979660450427566332e-01,-5.979660450427566332e-01
-9.604415731452500271e-01,-9.604415731452501381e-01
-9.039362731541251694e-01,-9.039362731541251694e-01
-5.044321107952145500e-01,-5.044321107952146610e-01
-6.872138173300473829e-02,-6.872138173300468278e-02
-4.588547288314559491e-02,-4.588547288314559491e-02
-5.017257092458422552e-01,-5.017257092458422552e-01
-9.167864543035064706e-01,-9.167864543035063596e-01
-9.675113914261032066e-01,-9.675113914261033177e-01
-5.711907459244109919e-01,-5.711907459244108809e-01
-8.493639815075987309e-02,-8.493639815075987309e-02
-6.253444312218037204e-02,-6.253444312218042755e-02
-4.730322141087035526e-01,-4.730322141087034971e-01
-8.837085843758857306e-01,-8.837085843758857306e-01
-9.826911704942348225e-01,-9.826911704942348225e-01
-6.408853513877112995e-01,-6.408853513877112995e-01
-1.268624909321440231e-01,-1.268624909321440231e-01
-1.339902396806408325e-02,-1.339902396806413876e-02
-3.279376120636239289e-01,-3.279376120636239289e-01
-8.262279917589876455e-01,-8.262279917589875344e-01
-9.852754880695459017e-01,-9.852754880695459017e-01
-6.170516224873868749e-01,-6.170516224873869859e-01
-1.329968750970694225e-01,-1.329968750970694225e-01
-4.541762426972573152e-03,-4.541762426972573152e-03
-2.960429414734309650e-01,-2.960429414734309650e-01
-7.559276879181318076e-01,-7.559276879181319186e-01
-9.960860556517158182e-01,-9.960860556517158182e-01
-7.124942983954841713e-01,-7.124942983954841713e-01
-2.537930731495235959e-01,-2.537930731495236514e-01
1.470955664717332745e-03,1.470955664717388256e-03
-1.949312419757398551e-01,-1.949312419757399106e-01
-7.126790208710838126e-01,-7.126790208710837016e-01
-9.986831421264568132e-01,-9.986831421264568132e-01
-7.379858393697944496e-01,-7.379858393697943386e-01
-2.643249744787183331e-01,-2.643249744787183331e-01
2.053372608439185676e-03,2.053372608439241187e-03
-2.329293952308081339e-01,-2.329293952308081617e-01
-6.891951575610069103e-01,-6.891951575610069103e-01
-9.967714347842130396e-01,-9.967714347842130396e-01
-7.694051494440750094e-01,-7.694051494440751204e-01
-2.674270801260161257e-01,-2.674270801260161257e-01
5.679822778467125133e-04,5.679822778466570021e-04
-1.760529931894983524e-01,-1.760529931894983247e-01
-6.132013187911161678e-01,-6.132013187911161678e-01
-9.795003129555526211e-01,-9.795003129555526211e-01
-8.818346867153862290e-01,-8.818346867153862290e-01
-3.878763278506182632e-01,-3.878763278506182632e-01
-2.813577036770514850e-02,-2.813577036770509299e-02
-1.272749703053719372e-01,-1.272749703053719372e-01
-5.471067238425375567e-01,-5.471067238425375567e-01
-9.595981365069767843e-01,-9.595981365069767843e-01
-9.264632837136744792e-01,-9.264632837136744792e-01
-5.458727054836214343e-01,-5.458727054836213233e-01
