-1.000000000000000000e+00,-1.000000000000000000e+00
-7.458857338692623795e-01,-7.458857338692624905e-01
-1.770324856416069514e-01,-1.770324856416069237e-01
-2.106153826809881169e-02,-2.106153826809875618e-02
-3.696854020501294524e-01,-3.696854020501294524e-01
-7.720921514518116480e-01,-7.720921514518117590e-01
-9.945382313275904496e-01,-9.945382313275905606e-01
-8.188374160523187451e-01,-8.188374160523186340e-01
-2.563510653006242368e-01,-2.563510653006241813e-01
-2.104286783963682517e-03,-2.104286783963682517e-03
-3.024462790097449671e-01,-3.024462790097449671e-01
-7.165996384476590597e-01,-7.165996384476591707e-01
-9.792024556547402891e-01,-9.792024556547404002e-01
-8.802418586972815540e-01,-8.802418586972815540e-01
-3.441579929735869015e-01,-3.441579929735869570e-01
1.488683743732455156e-03,1.488683743732399645e-03
-2.373852422190797506e-01,-2.373852422190797784e-01
-6.575640894613197229e-01,-6.575640894613196119e-01
-9.548926895513324409e-01,-9.548926895513324409e-01
-9.291126732730337068e-01,-9.291126732730337068e-01
-4.367889061542600260e-01,-4.367889061542600260e-01
-1.138737582323440245e-02,-1.138737582323445796e-02
-1.762913626962484548e-01,-1.762913626962485103e-01
-5.955421872743061895e-01,-5.955421872743061895e-01
-9.228826756982664303e-01,-9.228826756982663193e-01
-9.646051126359138639e-01,-9.646051126359139749e-01
-5.311313220143375480e-01,-5.311313220143375480e-01
-4.037313676165937837e-02,-4.037313676165937837e-02
-1.216333452707127338e-01,-1.216333452707126783e-01
-5.309607467591144214e-01,-5.309607467591144214e-01
-8.842235040946817559e-01,-8.842235040946817559e-01
-9.872443809844062557e-01,-9.872443809844062557e-01
-6.223391486089051572e-01,-6.223391486089051572e-01
-8.651433501078259480e-02,-8.651433501078265031e-02
-7.445953170969565882e-02,-7.445953170969571433e-02
-4.651699126215001479e-01,-4.651699126215001479e-01
-8.396364017382491607e-01,-8.396364017382490497e-01
-9.972415078730292315e-01,-9.972415078730291205e-01
-7.084575059564242050e-01,-7.084575059564240940e-01
-1.464391880320422001e-01,-1.464391880320422001e-01
-3.854193186581139630e-02,-3.854193186581134078e-02
-3.981548103889365198e-01,-3.981548103889365753e-01
-7.903933190545896492e-01,-7.903933190545896492e-01
-9.956885680785041437e-01,-9.956885680785041437e-01
-7.851860798197856095e-01,-7.851860798197856095e-01
-2.205144738038389285e-01,-2.205144738038388730e-01
-1.378566415374476994e-02,-1.378566415374476994e-02
-3.323005137151868182e-01,-3.323005137151868182e-01
-7.365474022889314520e-01,-7.365474022889313410e-01
-9.837092733844793324e-01,-9.837092733844792214e-01
-8.516679687867396709e-01,-8.516679687867396709e-01
-3.032119892314291687e-01,-3.032119892314291687e-01
-4.470130120139581553e-03,-4.470130120139581553e-03
-2.673760314970231033e-01,-2.673760314970231033e-01
-6.796323612900920796e-01,-6.796323612900919686e-01
-9.622577761763220217e-01,-9.622577761763220217e-01
-9.053947789464895646e-01,-9.053947789464896756e-01
-3.937450406411931447e-01,-3.937450406411931447e-01
-9.200389535998332313e-03,-9.200389535998387824e-03
-2.067178432777648789e-01,-2.067178432777648511e-01
-6.192393510138115564e-01,-6.192393510138116675e-01
-9.329803488714700777e-01,-9.329803488714700777e-01
-9.462835383700104464e-01,-9.462835383700103353e-01
-4.861311981764098733e-01,-4.861311981764098733e-01
-3.138028940417836310e-02,-3.138028940417836310e-02
-1.502386049589531369e-01,-1.502386049589531369e-01
-5.571213557649254966e-01,-5.571213557649254966e-01
-8.964226902074380332e-01,-8.964226902074380332e-01
-9.739018321863792682e-01,-9.739018321863791572e-01
-5.784417858670147794e-01,-5.784417858670147794e-01
-6.853864304081791481e-02,-6.853864304081785930e-02
-1.016896428414082454e-01,-1.016896428414081899e-01
-4.928598625444777226e-01,-4.928598625444777781e-01
-8.542950707400628341e-01,-8.542950707400629451e-01
-9.886228996014849724e-01,-9.886228996014850834e-01
-6.659640256347059140e-01,-6.659640256347059140e-01
-1.217688461471099215e-01,-1.217688461471099215e-01
-6.151230570484300664e-02,-6.151230570484295113e-02
-4.282781854915929665e-01,-4.282781854915929109e-01
-8.068471961459676711e-01,-8.068471961459675601e-01
-9.915217799096363027e-01,-9.915217799096361917e-01
-7.462026475142455872e-01,-7.462026475142454762e-01
-1.880845653736522016e-01,-1.880845653736521739e-01
-3.288433472532287238e-02,-3.288433472532287238e-02
-3.635338793022536708e-01,-3.635338793022537263e-01
-7.554647712195504683e-01,-7.554647712195503573e-01
-9.832593376920838457e-01,-9.832593376920838457e-01
-8.166549471094131096e-01,-8.166549471094132207e-01
-2.655554409250495684e-01,-2.655554409250496239e-01
-1.699086673424932137e-02,-1.699086673424937688e-02
-3.002733854988995921e-01,-3.002733854988995921e-01
-7.004433404615246772e-01,-7.004433404615246772e-01
-9.654810155906110580e-01,-9.654810155906111691e-01
-8.751345231204004094e-01,-8.751345231204004094e-01
-3.513462249799825798e-01,-3.513462249799825798e-01
-1.525134702701758105e-02,-1.525134702701758105e-02
-2.397821588087115097e-01,-2.397821588087115652e-01
-6.425993906653819643e-01,-6.425993906653819643e-01
-9.391016714971853752e-01,-9.391016714971853752e-01
-9.212326071370341429e-01,-9.212326071370342540e-01
-4.410264285061668565e-01,-4.410264285061668565e-01
