-1.000000000000000000e+00,-1.000000000000000000e+00
-7.721426503082330361e-01,-7.721426503082331472e-01
-2.208481165737616880e-01,-2.208481165737616603e-01
4.759089322029586011e-01,4.759089322029586566e-01
9.336505863125308391e-01,9.336505863125307281e-01
9.217251010909628395e-01,9.217251010909629505e-01
4.195881404388315250e-01,4.195881404388315250e-01
-2.857120807234307946e-01,-2.857120807234307946e-01
-8.647903174810980254e-01,-8.647903174810980254e-01
-9.783450623803037205e-01,-9.783450623803038315e-01
-6.235747133705800138e-01,-6.235747133705800138e-01
1.157240761193010781e-01,1.157240761193010781e-01
7.557779166011773242e-01,7.557779166011772132e-01
9.991563130383818159e-01,9.991563130383818159e-01
7.135490260378113403e-01,7.135490260378113403e-01
1.468894864151693014e-02,1.468894864151690238e-02
-6.350026883924964061e-01,-6.350026883924962950e-01
-9.919640551389266037e-01,-9.919640551389264926e-01
-8.012591402734067225e-01,-8.012591402734067225e-01
-1.826255691249492052e-01,-1.826255691249492330e-01
5.450179300997477494e-01,5.450179300997477494e-01
9.527546583269828062e-01,9.527546583269828062e-01
9.146843408688681842e-01,9.146843408688681842e-01
4.439094890065413135e-01,4.439094890065412580e-01
-3.178061558435708034e-01,-3.178061558435707479e-01
-8.308341763858290152e-01,-8.308341763858291262e-01
-9.943110112716706528e-01,-9.943110112716706528e-01
-6.488774524571931934e-01,-6.488774524571933044e-01
5.878797422630976932e-02,5.878797422630976932e-02
7.011640636857063846e-01,7.011640636857063846e-01
9.934294140582559107e-01,9.934294140582557997e-01
7.989833268232069408e-01,7.989833268232068297e-01
1.899932502385222044e-01,1.899932502385222599e-01
-4.520982205946081356e-01,-4.520982205946080801e-01
-9.273080091835791405e-01,-9.273080091835791405e-01
-9.496021707881006080e-01,-9.496021707881006080e-01
-5.611279378983150545e-01,-5.611279378983150545e-01
6.309717568260503340e-02,6.309717568260497789e-02
7.437603969526364045e-01,7.437603969526362935e-01
9.983981158610271134e-01,9.983981158610271134e-01
7.830506381328761201e-01,7.830506381328762311e-01
1.175461448027272926e-01,1.175461448027272371e-01
-5.659187551565738605e-01,-5.659187551565738605e-01
-9.497447795179655428e-01,-9.497447795179656538e-01
-9.115152433892294015e-01,-9.115152433892295125e-01
-4.344409380856811831e-01,-4.344409380856811831e-01
2.282120903671779333e-01,2.282120903671779610e-01
8.287970457551855352e-01,8.287970457551854242e-01
9.972441553795692304e-01,9.972441553795691194e-01
6.927377811211083980e-01,6.927377811211083980e-01
9.711703571167162874e-02,9.711703571167160098e-02
-5.483564412650144826e-01,-5.483564412650144826e-01
-9.576430270790963206e-01,-9.576430270790962096e-01
-9.180311246681177595e-01,-9.180311246681178705e-01
-4.500181073280122290e-01,-4.500181073280121735e-01
2.053987349761841608e-01,2.053987349761841608e-01
8.207084170923989452e-01,8.207084170923988342e-01
9.943939412412229339e-01,9.943939412412228229e-01
6.336887055306318350e-01,6.336887055306317240e-01
-8.230916923931208551e-02,-8.230916923931203000e-02
-6.831268151364411345e-01,-6.831268151364411345e-01
-9.967173921068894771e-01,-9.967173921068893661e-01
-7.844192237530640543e-01,-7.844192237530640543e-01
-2.145192041380856729e-01,-2.145192041380855896e-01
4.509900002798096774e-01,4.509900002798096774e-01
9.171206625731154194e-01,9.171206625731153084e-01
9.441138268803759281e-01,9.441138268803759281e-01
5.237083965998674540e-01,5.237083965998673429e-01
-1.262623429106876083e-01,-1.262623429106875805e-01
-7.596699470779363361e-01,-7.596699470779363361e-01
-9.996956320642584881e-01,-9.996956320642583771e-01
-7.497939192024197785e-01,-7.497939192024196675e-01
-9.415982538222344989e-02,-9.415982538222347764e-02
5.452684069114542842e-01,5.452684069114543952e-01
9.679565299401047263e-01,9.679565299401047263e-01
8.933295710498926345e-01,8.933295710498927455e-01
3.268344834073179106e-01,3.268344834073179106e-01
-3.836845824441230124e-01,-3.836845824441229569e-01
-9.000077086335475096e-01,-9.000077086335475096e-01
-9.490140711288709285e-01,-9.490140711288709285e-01
-5.421270442710957038e-01,-5.421270442710957038e-01
1.080260753894201065e-01,1.080260753894200509e-01
7.842729232681362461e-01,7.842729232681362461e-01
9.922109401777128301e-01,9.922109401777128301e-01
6.425649212091679718e-01,6.425649212091679718e-01
-7.198623316967911467e-02,-7.198623316967914243e-02
-7.533220351079852328e-01,-7.533220351079853438e-01
-9.985204101473403870e-01,-9.985204101473403870e-01
-6.627350901168680419e-01,-6.627350901168682640e-01
-2.047377072265355036e-02,-2.047377072265352260e-02
6.336236049278453075e-01,6.336236049278453075e-01
9.834822043660590429e-01,9.834822043660591540e-01
8.467850290908122135e-01,8.467850290908123245e-01
3.350705552607477489e-01,3.350705552607478044e-01
-3.508303842510580028e-01,-3.508303842510580028e-01
-8.659970877857263716e-01,-8.659970877857264826e-01
-9.832526761482325295e-01,-9.832526761482325295e-01
-5.976729064252426227e-01,-5.976729064252426227e-01
5.512861437660099284e-02,5.512861437660096509e-02
7.411852669426721718e-01,7.411852669426722828e-01
9.997928501546076152e-01,9.997928501546075042e-01
