-1.000000000000000000e+00,-1.000000000000000000e+00
-6.473804268987930488e-01,-6.473804268987929378e-01
1.188942219884607798e-01,1.188942219884606966e-01
7.504915292714267050e-01,7.504915292714267050e-01
9.959903464288510921e-01,9.959903464288510921e-01
8.820179878467716561e-01,8.820179878467715451e-01
4.625885384810229928e-01,4.625885384810229928e-01
-1.976072190119778638e-01,-1.976072190119779193e-01
-8.308974942100098016e-01,-8.308974942100098016e-01
-9.653296404843336731e-01,-9.653296404843336731e-01
-4.313035952631134040e-01,-4.313035952631133485e-01
3.451092153596580503e-01,3.451092153596579948e-01
8.675861401253537331e-01,8.675861401253536220e-01
9.959997725931402091e-01,9.959997725931402091e-01
7.852622519962412229e-01,7.852622519962413339e-01
2.806871165956512648e-01,2.806871165956511538e-01
-4.136531393081206986e-01,-4.136531393081207542e-01
-9.443435068701253599e-01,-9.443435068701253599e-01
-8.634021138899860004e-01,-8.634021138899861114e-01
-1.925429358738018903e-01,-1.925429358738018903e-01
5.445611181268308343e-01,5.445611181268309453e-01
9.468718080300404516e-01,9.468718080300404516e-01
9.649688880977591587e-01,9.649688880977591587e-01
6.610498737808802039e-01,6.610498737808802039e-01
7.912279824983659005e-02,7.912279824983664556e-02
-6.158540163351489127e-01,-6.158540163351489127e-01
-9.971859600205610352e-01,-9.971859600205610352e-01
-7.024036980281228582e-01,-7.024036980281227471e-01
5.083400028342344168e-02,5.083400028342341392e-02
7.100256149822372631e-01,7.100256149822372631e-01
9.899940207080062393e-01,9.899940207080063503e-01
9.045283219635984473e-01,9.045283219635984473e-01
5.103066605287492896e-01,5.103066605287492896e-01
-1.352877785407573530e-01,-1.352877785407573807e-01
-7.889587872979456629e-01,-7.889587872979456629e-01
-9.822904460074424193e-01,-9.822904460074424193e-01
-4.961611108697122074e-01,-4.961611108697121519e-01
2.827882258071551247e-01,2.827882258071550692e-01
8.380298535231542889e-01,8.380298535231542889e-01
9.992505448223046871e-01,9.992505448223047981e-01
8.157374721284416097e-01,8.157374721284416097e-01
3.348927976902961179e-01,3.348927976902961179e-01
-3.527042223506766661e-01,-3.527042223506766105e-01
-9.176607189435420642e-01,-9.176607189435420642e-01
-8.990302516152584023e-01,-8.990302516152582912e-01
-2.620002551946424840e-01,-2.620002551946424285e-01
4.908030040120289206e-01,4.908030040120289206e-01
9.280002893378079820e-01,9.280002893378079820e-01
9.768958020318221358e-01,9.768958020318221358e-01
6.992979751170755875e-01,6.992979751170755875e-01
1.383763316912536290e-01,1.383763316912535735e-01
-5.603661500547192365e-01,-5.603661500547191254e-01
-9.888006996182809871e-01,-9.888006996182809871e-01
-7.537113526042834577e-01,-7.537113526042834577e-01
-1.818145554103456352e-02,-1.818145554103464678e-02
6.664834714165979168e-01,6.664834714165979168e-01
9.812336554122591536e-01,9.812336554122591536e-01
9.247267738309162821e-01,9.247267738309162821e-01
5.560001580535308685e-01,5.560001580535309795e-01
-7.323253329124035371e-02,-7.323253329124032596e-02
-7.433820042238781234e-01,-7.433820042238780124e-01
-9.936260695215757277e-01,-9.936260695215757277e-01
-5.587339109545204074e-01,-5.587339109545205185e-01
2.184865721840702490e-01,2.184865721840702490e-01
8.053571399181030932e-01,8.053571399181029822e-01
9.999238995492825133e-01,9.999238995492825133e-01
8.439552650895806307e-01,8.439552650895805197e-01
3.873603810615367515e-01,3.873603810615367515e-01
-2.909729587636457060e-01,-2.909729587636457060e-01
-8.862510557854492710e-01,-8.862510557854491600e-01
-9.295533817479639804e-01,-9.295533817479638694e-01
-3.306788068435351224e-01,-3.306788068435352335e-01
4.343803957684999606e-01,4.343803957685000161e-01
9.061243976890024365e-01,9.061243976890024365e-01
9.863927729317382154e-01,9.863927729317383264e-01
7.353491293469016643e-01,7.353491293469016643e-01
1.963790329967869952e-01,1.963790329967870230e-01
-5.028706674143637034e-01,-5.028706674143635924e-01
-9.749626174885621666e-01,-9.749626174885620555e-01
-8.009386295034290892e-01,-8.009386295034290892e-01
-8.780130045534006999e-02,-8.780130045534012551e-02
6.199166663025543755e-01,6.199166663025543755e-01
9.696528746738516391e-01,9.696528746738517501e-01
9.425933015370342449e-01,9.425933015370342449e-01
5.996156640664400683e-01,5.996156640664400683e-01
-1.169718839481076467e-02,-1.169718839481079242e-02
-6.945188057612035060e-01,-6.945188057612035060e-01
-9.992929389057373379e-01,-9.992929389057374490e-01
-6.185960547735320780e-01,-6.185960547735319670e-01
1.524631094966902300e-01,1.524631094966902023e-01
7.695601689013183977e-01,7.695601689013182867e-01
9.979694804047452017e-01,9.979694804047453127e-01
8.699013920520669574e-01,8.699013920520670684e-01
4.379899987339616607e-01,4.379899987339616607e-01
-2.287805630746282404e-01,-2.287805630746282126e-01
-8.503964413755987772e-01,-8.503964413755987772e-01
-9.547664295416351532e-01,-9.547664295416350422e-01
-3.981529594191487997e-01,-3.981529594191488552e-01
3.754538059593375277e-01,3.754538059593374721e-01
8.812015133225780117e-01,8.812015133225779007e-01
9.934226897760386477e-01,9.934226897760387587e-01
