-1.000000000000000000e+00,-1.000000000000000000e+00
-6.568211260880689739e-01,-6.568211260880689739e-01
2.377916799257090430e-02,2.377916799257093206e-02
5.918072159291406509e-01,5.918072159291406509e-01
9.391276670329791187e-01,9.391276670329791187e-01
9.416812723426046805e-01,9.416812723426046805e-01
3.886250609570329750e-01,3.886250609570330306e-01
-4.462534820347852094e-01,-4.462534820347852094e-01
-9.406231502119651866e-01,-9.406231502119650756e-01
-9.615739431415636362e-01,-9.615739431415637473e-01
-6.532130392337558433e-01,-6.532130392337558433e-01
-3.901003255369417388e-02,-3.901003255369414613e-02
6.985152281969329024e-01,6.985152281969329024e-01
9.976519975878125335e-01,9.976519975878124225e-01
6.592080053295081843e-01,6.592080053295081843e-01
7.803546591407528599e-02,7.803546591407528599e-02
-4.795017101480693600e-01,-4.795017101480693045e-01
-9.139515479627366989e-01,-9.139515479627366989e-01
-9.300388330975697393e-01,-9.300388330975697393e-01
-3.216833408592875143e-01,-3.216833408592875143e-01
4.566315440306975559e-01,4.566315440306976114e-01
9.065000154210194339e-01,9.065000154210193228e-01
9.897933578419446654e-01,9.897933578419447764e-01
7.126941054583444402e-01,7.126941054583443291e-01
1.900708195952971469e-02,1.900708195952974244e-02
-7.484139441460881947e-01,-7.484139441460881947e-01
-9.955871761810375364e-01,-9.955871761810375364e-01
-7.142926756019669643e-01,-7.142926756019669643e-01
-2.111512258973966549e-01,-2.111512258973966549e-01
3.943727748149051249e-01,3.943727748149051804e-01
9.162754302347317914e-01,9.162754302347317914e-01
9.017710151977339494e-01,9.017710151977340605e-01
2.855414820355393624e-01,2.855414820355394179e-01
-4.014289800815614151e-01,-4.014289800815614151e-01
-8.431660071271623869e-01,-8.431660071271624979e-01
-9.993315980813559651e-01,-9.993315980813560762e-01
-7.192157917733998929e-01,-7.192157917733998929e-01
4.761022294842226499e-02,4.761022294842223723e-02
7.798963540587022791e-01,7.798963540587022791e-01
9.988359475403678633e-01,9.988359475403678633e-01
7.969380434257069545e-01,7.969380434257068435e-01
3.232728428575543100e-01,3.232728428575543100e-01
-3.713190305206080510e-01,-3.713190305206081065e-01
-9.387633289713845919e-01,-9.387633289713845919e-01
-8.752585959507870328e-01,-8.752585959507869218e-01
-3.141502251354735264e-01,-3.141502251354734709e-01
2.896423820193717580e-01,2.896423820193717580e-01
7.698915568377977525e-01,7.698915568377978635e-01
9.999913678925018701e-01,9.999913678925018701e-01
6.821798851222733440e-01,6.821798851222733440e-01
-1.122579814592502556e-01,-1.122579814592503111e-01
-7.708736905521120786e-01,-7.708736905521120786e-01
-9.981051479979629049e-01,-9.981051479979630159e-01
-8.687026118719367584e-01,-8.687026118719367584e-01
-3.759800834384382506e-01,-3.759800834384382506e-01
4.096136230710374915e-01,4.096136230710374360e-01
9.604621124283303502e-01,9.604621124283302391e-01
8.747658442646024657e-01,8.747658442646024657e-01
4.060985751384292852e-01,4.060985751384292297e-01
-1.591929255116839026e-01,-1.591929255116839304e-01
-7.225108795000887429e-01,-7.225108795000886319e-01
-9.996766628988140724e-01,-9.996766628988140724e-01
-6.277578084394629387e-01,-6.277578084394630498e-01
1.277216409877354186e-01,1.277216409877353909e-01
7.134071174291133355e-01,7.134071174291133355e-01
9.806978300997293285e-01,9.806978300997293285e-01
9.077454050612495662e-01,9.077454050612496772e-01
3.609545978261209931e-01,3.609545978261209376e-01
-4.742843446298076748e-01,-4.742843446298077303e-01
-9.681438499250742957e-01,-9.681438499250742957e-01
-9.072942170231592662e-01,-9.072942170231591552e-01
-5.246130512462465756e-01,-5.246130512462465756e-01
6.171816111211780864e-02,6.171816111211780864e-02
7.236458987297544887e-01,7.236458987297543777e-01
9.954706411895211104e-01,9.954706411895212215e-01
5.952188252397822010e-01,5.952188252397822010e-01
-7.110393966428674162e-02,-7.110393966428679713e-02
-6.161011855525175829e-01,-6.161011855525175829e-01
-9.534891373775520318e-01,-9.534891373775521428e-01
-9.133826809612151099e-01,-9.133826809612151099e-01
-2.995109282899647840e-01,-2.995109282899647840e-01
5.190076866327285599e-01,5.190076866327284488e-01
9.569580356391444997e-01,9.569580356391444997e-01
9.525686368936066017e-01,9.525686368936066017e-01
6.218717920400519406e-01,6.218717920400519406e-01
-3.242049127863144697e-02,-3.242049127863141922e-02
-7.625748437491012277e-01,-7.625748437491012277e-01
-9.879735069292501226e-01,-9.879735069292501226e-01
-6.156036088829898167e-01,-6.156036088829897057e-01
-4.562996692271370502e-02,-4.562996692271376054e-02
5.119488131664760022e-01,5.119488131664760022e-01
9.389396454825519323e-01,9.389396454825520433e-01
8.922338857280387447e-01,8.922338857280387447e-01
2.355281227964503010e-01,2.355281227964502455e-01
-5.104463544706439038e-01,-5.104463544706439038e-01
-9.205345251261675132e-01,-9.205345251261675132e-01
-9.842661382494306554e-01,-9.842661382494306554e-01
-6.680814630187905667e-01,-6.680814630187906777e-01
7.079121651477388033e-02,7.079121651477388033e-02
8.062770604420653742e-01,8.062770604420654852e-01
9.871644439165874196e-01,9.871644439165874196e-01
