-1.000000000000000000e+00,-1.000000000000000000e+00
-7.663995647391783628e-01,-7.663995647391783628e-01
-9.246179942258669904e-02,-9.246179942258667128e-02
5.723847139100451953e-01,5.723847139100453063e-01
9.641194320661695683e-01,9.641194320661696793e-01
8.775497578580961910e-01,8.775497578580961910e-01
3.096590434708932360e-01,3.096590434708932915e-01
-3.786197820882698517e-01,-3.786197820882697962e-01
-9.205769843935687202e-01,-9.205769843935687202e-01
-9.356715423047725633e-01,-9.356715423047726743e-01
-4.527651779335020166e-01,-4.527651779335021276e-01
3.048444343939608059e-01,3.048444343939608059e-01
8.578197969008443113e-01,8.578197969008442003e-01
9.741139032199026548e-01,9.741139032199025438e-01
6.246966333918378966e-01,6.246966333918380077e-01
1.954554706536970610e-02,1.954554706536976161e-02
-6.906794917654859312e-01,-6.906794917654860422e-01
-9.967536856561733938e-01,-9.967536856561732828e-01
-8.264005860697002381e-01,-8.264005860697002381e-01
-2.527290651260442611e-01,-2.527290651260443166e-01
4.750052331941830852e-01,4.750052331941831962e-01
9.199521030924751042e-01,9.199521030924751042e-01
9.556911216438856993e-01,9.556911216438856993e-01
5.808723939005033809e-01,5.808723939005034920e-01
-3.868358786199888044e-02,-3.868358786199890820e-02
-6.888977935966912325e-01,-6.888977935966912325e-01
-9.924763907217528658e-01,-9.924763907217528658e-01
-8.634002059124394890e-01,-8.634002059124394890e-01
-2.863743669492071486e-01,-2.863743669492071486e-01
4.547825864259252837e-01,4.547825864259252837e-01
9.117063480936909992e-01,9.117063480936911102e-01
9.418794698698886858e-01,9.418794698698885748e-01
4.205210830024118107e-01,4.205210830024117552e-01
-2.952940405524823175e-01,-2.952940405524823730e-01
-8.500744603134027244e-01,-8.500744603134026134e-01
-9.827985385289003117e-01,-9.827985385289004228e-01
-5.725051831584282436e-01,-5.725051831584282436e-01
9.728774419042657273e-02,9.728774419042662824e-02
7.282383345001991470e-01,7.282383345001990360e-01
9.999880614950046320e-01,9.999880614950047431e-01
7.108163802996086966e-01,7.108163802996085856e-01
8.836682397094169916e-02,8.836682397094172692e-02
-5.963495584669096239e-01,-5.963495584669096239e-01
-9.848266227010966656e-01,-9.848266227010967766e-01
-8.478752567169013377e-01,-8.478752567169013377e-01
-2.562432208307390269e-01,-2.562432208307390269e-01
4.973356849977506045e-01,4.973356849977505489e-01
9.452707456076108183e-01,9.452707456076108183e-01
9.462294108477434795e-01,9.462294108477434795e-01
5.253577245584107880e-01,5.253577245584107880e-01
-1.637122548455904880e-01,-1.637122548455905158e-01
-8.125333291616840814e-01,-8.125333291616841924e-01
-9.989406195785566211e-01,-9.989406195785565101e-01
-7.276224266273797481e-01,-7.276224266273796371e-01
-1.010365668219932456e-01,-1.010365668219933011e-01
5.883112855582092182e-01,5.883112855582092182e-01
9.866197276852040066e-01,9.866197276852038955e-01
8.207496879865872064e-01,8.207496879865870953e-01
1.742951907544711965e-01,1.742951907544711965e-01
-5.353217356207818911e-01,-5.353217356207818911e-01
-9.701105239629256305e-01,-9.701105239629257415e-01
-9.136302803920820503e-01,-9.136302803920821614e-01
-3.649887586636464398e-01,-3.649887586636463288e-01
3.378382792649246014e-01,3.378382792649244903e-01
9.081988258189537255e-01,9.081988258189537255e-01
9.534107326013201433e-01,9.534107326013201433e-01
5.016147119671958698e-01,5.016147119671959809e-01
-2.049648940236554195e-01,-2.049648940236554195e-01
-7.814793251244666061e-01,-7.814793251244664951e-01
-9.999670697387349483e-01,-9.999670697387350593e-01
-7.145015040863986755e-01,-7.145015040863987865e-01
-8.615606749752491300e-02,-8.615606749752496851e-02
5.921010583038445185e-01,5.921010583038446295e-01
9.793621380265287168e-01,9.793621380265287168e-01
8.515498659028308825e-01,8.515498659028308825e-01
2.988347007372894049e-01,2.988347007372893493e-01
-3.600352204344030582e-01,-3.600352204344030582e-01
-8.937457159147244035e-01,-8.937457159147244035e-01
-9.584432176379056312e-01,-9.584432176379056312e-01
-4.911637693529872783e-01,-4.911637693529873339e-01
2.608846141749612269e-01,2.608846141749611158e-01
8.687914890325487693e-01,8.687914890325486583e-01
9.680902375446105435e-01,9.680902375446106545e-01
5.105475159825700882e-01,5.105475159825700882e-01
-1.683717668442106241e-01,-1.683717668442106796e-01
-7.565392977518963225e-01,-7.565392977518962114e-01
-9.999826478961650889e-01,-9.999826478961650889e-01
-7.343330287191617289e-01,-7.343330287191617289e-01
-9.337167742777841006e-02,-9.337167742777843782e-02
5.811432339424571492e-01,5.811432339424571492e-01
9.864643586484123094e-01,9.864643586484121984e-01
8.229173072528835897e-01,8.229173072528835897e-01
2.479456035137521663e-01,2.479456035137521663e-01
-4.374511049540834584e-01,-4.374511049540834029e-01
-8.936953863519010444e-01,-8.936953863519010444e-01
-9.525960010122555000e-01,-9.525960010122553889e-01
-5.160743128045821582e-01,-5.160743128045820471e-01
1.462194676990579145e-01,1.462194676990579423e-01
7.293444352205291636e-01,7.293444352205292747e-01
9.996100553532267785e-01,9.996100553532267785e-01
7.877523168540906395e-01,7.877523168540907506e-01
