-1.000000000000000000e+00,-1.000000000000000000e+00
-7.950341186307829933e-01,-7.950341186307828822e-01
-2.802597091180278333e-01,-2.802597091180277777e-01
2.055857328554566710e-03,2.055857328554511199e-03
-3.620858602424544270e-01,-3.620858602424544270e-01
-8.824200567140203511e-01,-8.824200567140204621e-01
-9.760419633637865688e-01,-9.760419633637865688e-01
-6.864301763483068308e-01,-6.864301763483068308e-01
-2.885815966374134511e-01,-2.885815966374133956e-01
-1.732312621155562837e-02,-1.732312621155562837e-02
-1.162882300289782012e-01,-1.162882300289782567e-01
-6.251799526281387465e-01,-6.251799526281387465e-01
-9.973501822244867920e-01,-9.973501822244869031e-01
-7.224035942339896987e-01,-7.224035942339899208e-01
-1.972838328066386371e-01,-1.972838328066386371e-01
1.528067920767373078e-03,1.528067920767428589e-03
-1.837093888709568912e-01,-1.837093888709568634e-01
-5.676550369574961952e-01,-5.676550369574961952e-01
-9.276817497928760980e-01,-9.276817497928759870e-01
-9.429199769225997674e-01,-9.429199769225998784e-01
-4.629059147425848564e-01,-4.629059147425848564e-01
-1.579842573792594740e-02,-1.579842573792600291e-02
-1.903333401423243365e-01,-1.903333401423242810e-01
-6.964066937633592858e-01,-6.964066937633595078e-01
-9.853792151251195008e-01,-9.853792151251195008e-01
-9.160476192602978740e-01,-9.160476192602978740e-01
-5.755331837551653784e-01,-5.755331837551653784e-01
-1.483666136503447031e-01,-1.483666136503447031e-01
-1.574735449137065757e-02,-1.574735449137065757e-02
-4.434457880564045551e-01,-4.434457880564045551e-01
-9.485301417482013830e-01,-9.485301417482013830e-01
-8.821666944710351288e-01,-8.821666944710351288e-01
-4.233751177840912594e-01,-4.233751177840913149e-01
-6.802520186444888095e-02,-6.802520186444888095e-02
-1.863242349920518626e-02,-1.863242349920513075e-02
-2.886764458950090151e-01,-2.886764458950090151e-01
-7.540807842921951609e-01,-7.540807842921950499e-01
-9.984463975291433258e-01,-9.984463975291433258e-01
-6.393744717622029672e-01,-6.393744717622029672e-01
-9.654222285539859616e-02,-9.654222285539865167e-02
-5.366569381137975547e-02,-5.366569381137975547e-02
-4.409162938531506204e-01,-4.409162938531506759e-01
-8.371549556917512458e-01,-8.371549556917512458e-01
-9.999381095400778907e-01,-9.999381095400778907e-01
-8.229211977505838105e-01,-8.229211977505839215e-01
-3.460615113953442457e-01,-3.460615113953443012e-01
5.328129783017665488e-04,5.328129783017110377e-04
-2.754669060697215732e-01,-2.754669060697216287e-01
-8.338836172543346859e-01,-8.338836172543347969e-01
-9.854478444472128951e-01,-9.854478444472127840e-01
-6.918312880697214950e-01,-6.918312880697214950e-01
-2.861006329399893855e-01,-2.861006329399893300e-01
-2.163599457261800030e-02,-2.163599457261805581e-02
-8.810137147624930165e-02,-8.810137147624924614e-02
-5.474059492532633575e-01,-5.474059492532633575e-01
-9.785211118804398867e-01,-9.785211118804397756e-01
-7.972630968119318595e-01,-7.972630968119317485e-01
-2.465668352512311867e-01,-2.465668352512311312e-01
2.312853293715944059e-03,2.312853293715944059e-03
-1.832049377005456892e-01,-1.832049377005456892e-01
-5.677819966240016392e-01,-5.677819966240016392e-01
-9.156999520879689491e-01,-9.156999520879689491e-01
-9.664878644491942117e-01,-9.664878644491942117e-01
-5.497488102518460762e-01,-5.497488102518461872e-01
-5.083697515586377280e-02,-5.083697515586371729e-02
-1.304000972161208916e-01,-1.304000972161208916e-01
-6.507875218144139051e-01,-6.507875218144139051e-01
-9.814522407769642465e-01,-9.814522407769642465e-01
-9.147925876741259676e-01,-9.147925876741260787e-01
-5.800794241173202748e-01,-5.800794241173203858e-01
-1.727123175381728992e-01,-1.727123175381729547e-01
-2.181078251665746759e-03,-2.181078251665691248e-03
-3.532744680708944651e-01,-3.532744680708944651e-01
-8.993274982429662057e-01,-8.993274982429663167e-01
-9.244570411103620877e-01,-9.244570411103621987e-01
-4.607794062249348510e-01,-4.607794062249348510e-01
-7.163856055900830189e-02,-7.163856055900830189e-02
-1.961073178052025190e-02,-1.961073178052030741e-02
-2.784729082847740567e-01,-2.784729082847740567e-01
-7.161389974635139488e-01,-7.161389974635139488e-01
-9.984638908570824256e-01,-9.984638908570823146e-01
-7.278421569690989301e-01,-7.278421569690991522e-01
-1.565936874497746434e-01,-1.565936874497746434e-01
-2.792358664734639895e-02,-2.792358664734639895e-02
-4.139071721814265303e-01,-4.139071721814265303e-01
-8.356601811047551509e-01,-8.356601811047550399e-01
-9.999395721768512546e-01,-9.999395721768512546e-01
-8.379404446492519920e-01,-8.379404446492519920e-01
-3.984173818433636161e-01,-3.984173818433636161e-01
-1.661317231033310193e-02,-1.661317231033315744e-02
-1.932989223919230337e-01,-1.932989223919230337e-01
-7.677545737543912674e-01,-7.677545737543911564e-01
-9.952316203568153385e-01,-9.952316203568153385e-01
-7.078345623103400319e-01,-7.078345623103399209e-01
-2.847546597176684458e-01,-2.847546597176684458e-01
-2.240459943106193341e-02,-2.240459943106193341e-02
-7.249571185315306643e-02,-7.249571185315312194e-02
-4.826561284215879488e-01,-4.826561284215878933e-01
-9.446779226412854724e-01,-9.446779226412853614e-01
-8.679372367893205542e-01,-8.679372367893206652e-01
-3.133411849376078195e-01,-3.133411849376078750e-01
