-1.000000000000000000e+00,-1.000000000000000000e+00
-7.279664758771093869e-01,-7.279664758771093869e-01
-1.579841357556244219e-01,-1.579841357556243941e-01
5.705088285927133462e-01,5.705088285927133462e-01
9.767533936293868457e-01,9.767533936293868457e-01
8.867222148661648706e-01,8.867222148661648706e-01
2.967419911154450807e-01,2.967419911154451362e-01
-3.807637136327109983e-01,-3.807637136327109983e-01
-8.752349292245316104e-01,-8.752349292245316104e-01
-9.889723931244248645e-01,-9.889723931244247535e-01
-6.851190043581607547e-01,-6.851190043581607547e-01
-8.737562159065737077e-04,-8.737562159066292189e-04
7.100190104751662457e-01,7.100190104751661346e-01
9.974860771559741490e-01,9.974860771559741490e-01
8.180613205496554130e-01,8.180613205496554130e-01
2.077068544836041530e-01,2.077068544836041530e-01
-5.523989340613104648e-01,-5.523989340613104648e-01
-9.782302658004924378e-01,-9.782302658004924378e-01
-8.642648023229752008e-01,-8.642648023229753118e-01
-2.633187567415037345e-01,-2.633187567415037345e-01
3.830770574529130945e-01,3.830770574529131500e-01
9.043949269072534269e-01,9.043949269072535380e-01
9.481046848186669429e-01,9.481046848186669429e-01
5.573070001256137385e-01,5.573070001256137385e-01
-1.351099259005316133e-01,-1.351099259005315856e-01
-7.761954274946883947e-01,-7.761954274946883947e-01
-9.961179551411284416e-01,-9.961179551411285527e-01
-6.768037220595132242e-01,-6.768037220595132242e-01
3.715543528113718352e-02,3.715543528113718352e-02
6.511384040751961866e-01,6.511384040751961866e-01
9.919729821377772927e-01,9.919729821377771817e-01
8.478285229216159236e-01,8.478285229216160346e-01
2.678018918229104761e-01,2.678018918229104761e-01
-4.151860827489979866e-01,-4.151860827489979866e-01
-9.005416772928414026e-01,-9.005416772928414026e-01
-9.567379115296106296e-01,-9.567379115296105185e-01
-5.267479227107927375e-01,-5.267479227107927375e-01
1.890491795088502514e-01,1.890491795088503346e-01
7.884562020510272884e-01,7.884562020510272884e-01
9.999526281327122401e-01,9.999526281327122401e-01
7.143451483102792876e-01,7.143451483102793986e-01
5.121466169942889834e-02,5.121466169942898161e-02
-6.107733034598760158e-01,-6.107733034598760158e-01
-9.810751547600646827e-01,-9.810751547600647937e-01
-8.970597203905950057e-01,-8.970597203905950057e-01
-3.253781117765867648e-01,-3.253781117765868203e-01
4.423860534670700506e-01,4.423860534670701616e-01
9.493372955196125451e-01,9.493372955196126561e-01
9.367888344994463878e-01,9.367888344994463878e-01
4.942573538620664841e-01,4.942573538620664841e-01
-2.254703314113354895e-01,-2.254703314113354340e-01
-8.392786560120648609e-01,-8.392786560120648609e-01
-9.955376823349082471e-01,-9.955376823349083582e-01
-6.427628390027982919e-01,-6.427628390027981808e-01
8.711339674640555808e-02,8.711339674640558584e-02
6.875950070997203234e-01,6.875950070997204344e-01
9.995500519002111783e-01,9.995500519002110673e-01
7.384556628971592485e-01,7.384556628971593595e-01
1.262608913139557920e-01,1.262608913139558198e-01
-5.903724359300562829e-01,-5.903724359300563940e-01
-9.785229241536650413e-01,-9.785229241536650413e-01
-8.655096467947073213e-01,-8.655096467947073213e-01
-2.573480539959461799e-01,-2.573480539959462354e-01
4.417536358434484556e-01,4.417536358434484001e-01
9.479710038333253319e-01,9.479710038333252209e-01
9.388335552877405954e-01,9.388335552877407064e-01
4.953032742635892771e-01,4.953032742635892771e-01
-1.452945082818587474e-01,-1.452945082818587474e-01
-7.166297418896089289e-01,-7.166297418896088178e-01
-9.985512407083575459e-01,-9.985512407083574349e-01
-7.590356289729579542e-01,-7.590356289729579542e-01
-8.042150437631101489e-02,-8.042150437631101489e-02
6.407569041453172742e-01,6.407569041453173853e-01
9.918090682530882329e-01,9.918090682530882329e-01
8.541679888620791194e-01,8.541679888620791194e-01
3.051984252763309535e-01,3.051984252763309535e-01
-3.900722003758400058e-01,-3.900722003758400058e-01
-9.028363801479828421e-01,-9.028363801479828421e-01
-9.742395878316320035e-01,-9.742395878316321145e-01
-5.614801973122074408e-01,-5.614801973122074408e-01
1.367665012634033950e-01,1.367665012634033395e-01
7.865997922801488684e-01,7.865997922801488684e-01
9.985041874368425496e-01,9.985041874368425496e-01
6.748875466162551628e-01,6.748875466162551628e-01
5.980583555562790643e-02,5.980583555562798970e-02
-5.967133133355524421e-01,-5.967133133355524421e-01
-9.900248960922672925e-01,-9.900248960922672925e-01
-8.178030755876407598e-01,-8.178030755876407598e-01
-2.400062416322767955e-01,-2.400062416322768510e-01
4.013850483251123480e-01,4.013850483251123480e-01
9.274647472971219164e-01,9.274647472971219164e-01
9.574904579608520816e-01,9.574904579608519706e-01
5.606580077852573174e-01,5.606580077852573174e-01
-1.109094899006628498e-01,-1.109094899006629331e-01
-7.106216503723765676e-01,-7.106216503723766786e-01
-9.917429883133761503e-01,-9.917429883133760393e-01
-8.018675798625347628e-01,-8.018675798625348738e-01
-2.188255900772172469e-01,-2.188255900772173024e-01
5.068253257633821285e-01,5.068253257633821285e-01
9.402706568197685133e-01,9.402706568197685133e-01
9.093650456880258970e-01,9.093650456880258970e-01
