-1.000000000000000000e+00,-1.000000000000000000e+00
-7.738854285516398868e-01,-7.738854285516398868e-01
-1.652885911145226538e-01,-1.652885911145226538e-01
4.675778262105946825e-01,4.675778262105946270e-01
9.416475680493094913e-01,9.416475680493094913e-01
9.352616188338577219e-01,9.352616188338576109e-01
5.182340405174437059e-01,5.182340405174435949e-01
-1.318638225075728365e-01,-1.318638225075727810e-01
-7.961112625863649983e-01,-7.961112625863649983e-01
-9.978670620686571624e-01,-9.978670620686572734e-01
-7.438159134526007854e-01,-7.438159134526006744e-01
-1.410364413357197977e-01,-1.410364413357197977e-01
6.035636161858247695e-01,6.035636161858246584e-01
9.848136420692871207e-01,9.848136420692872317e-01
8.347163169753905043e-01,8.347163169753905043e-01
2.998928943691929194e-01,2.998928943691929194e-01
-4.025361865069190248e-01,-4.025361865069190803e-01
-9.294596554111562714e-01,-9.294596554111562714e-01
-9.628301226911525346e-01,-9.628301226911526456e-01
-5.510405241000088106e-01,-5.510405241000088106e-01
1.409917905936629579e-01,1.409917905936629579e-01
7.880395985209972531e-01,7.880395985209972531e-01
9.922452394862862901e-01,9.922452394862864011e-01
6.253198333789515839e-01,6.253198333789516949e-01
-3.611423427379323314e-02,-3.611423427379328865e-02
-6.907284772654267435e-01,-6.907284772654267435e-01
-9.953262352010148195e-01,-9.953262352010148195e-01
-8.128474089409487569e-01,-8.128474089409487569e-01
-1.680148067825164571e-01,-1.680148067825164848e-01
4.760288554301752573e-01,4.760288554301752573e-01
9.584537951236198339e-01,9.584537951236198339e-01
9.001813296076095483e-01,9.001813296076094373e-01
3.932254081296155390e-01,3.932254081296154835e-01
-2.542930710103588066e-01,-2.542930710103588066e-01
-7.987074337532097390e-01,-7.987074337532097390e-01
-9.939651784133480827e-01,-9.939651784133481938e-01
-6.222414952674716337e-01,-6.222414952674715227e-01
2.936480768475402403e-02,2.936480768475402403e-02
6.303448879788086101e-01,6.303448879788086101e-01
9.796169649816535152e-01,9.796169649816534042e-01
8.980387049148444989e-01,8.980387049148446099e-01
4.325198451706013247e-01,4.325198451706013802e-01
-2.750034535211855480e-01,-2.750034535211854925e-01
-8.078057762881136750e-01,-8.078057762881137860e-01
-9.978046135776278414e-01,-9.978046135776277303e-01
-7.479522312216986268e-01,-7.479522312216985158e-01
-1.384996632439902120e-01,-1.384996632439901565e-01
5.164663488122012147e-01,5.164663488122012147e-01
9.548956325387163435e-01,9.548956325387163435e-01
9.339240227514833403e-01,9.339240227514832293e-01
4.309309613279475593e-01,4.309309613279475037e-01
-3.010304304797876140e-01,-3.010304304797876140e-01
-8.245507716907886087e-01,-8.245507716907886087e-01
-9.850645266404137734e-01,-9.850645266404136624e-01
-6.460796389207814627e-01,-6.460796389207814627e-01
8.639925392584768549e-02,8.639925392584768549e-02
6.762585278525167221e-01,6.762585278525167221e-01
9.921521565138531340e-01,9.921521565138530230e-01
8.193817321790485275e-01,8.193817321790484165e-01
2.311447607605587873e-01,2.311447607605587873e-01
-4.100954471727456530e-01,-4.100954471727457085e-01
-9.141049927960021027e-01,-9.141049927960021027e-01
-9.715997404969864970e-01,-9.715997404969866080e-01
-5.488304698430546136e-01,-5.488304698430547246e-01
2.101898359823025086e-01,2.101898359823024531e-01
7.684013312338899837e-01,7.684013312338900947e-01
9.956643932616557890e-01,9.956643932616559001e-01
6.531037406026884984e-01,6.531037406026883874e-01
-3.720345550783066280e-02,-3.720345550783063504e-02
-6.594489170808757184e-01,-6.594489170808758294e-01
-9.868826939829207223e-01,-9.868826939829207223e-01
-8.177603603879520788e-01,-8.177603603879520788e-01
-2.133265469861506114e-01,-2.133265469861505559e-01
5.059095795623178571e-01,5.059095795623178571e-01
9.497536467358016488e-01,9.497536467358015377e-01
8.893720263032045548e-01,8.893720263032044437e-01
3.941146180748886230e-01,3.941146180748885675e-01
-2.594336381186989060e-01,-2.594336381186989060e-01
-8.396252205239069788e-01,-8.396252205239069788e-01
-9.938478844655562749e-01,-9.938478844655562749e-01
-6.208210617574373424e-01,-6.208210617574372314e-01
-1.745583492789404279e-02,-1.745583492789407054e-02
6.125924802655824397e-01,6.125924802655824397e-01
9.839586111300655524e-01,9.839586111300655524e-01
8.363034796476350730e-01,8.363034796476351840e-01
2.650938568013699870e-01,2.650938568013700980e-01
-4.460392997937384640e-01,-4.460392997937384640e-01
-9.209025011329005084e-01,-9.209025011329006194e-01
-9.344871019852284411e-01,-9.344871019852285521e-01
-5.280450415808277675e-01,-5.280450415808276565e-01
1.891171480353819323e-01,1.891171480353819878e-01
8.024635594908264835e-01,8.024635594908264835e-01
9.934453323199290420e-01,9.934453323199291530e-01
6.793740475166896164e-01,6.793740475166896164e-01
7.707154771270696703e-02,7.707154771270699478e-02
-5.959537894008994918e-01,-5.959537894008994918e-01
-9.860006023965712796e-01,-9.860006023965712796e-01
-8.097920887653068389e-01,-8.097920887653068389e-01
-2.170153233224358935e-01,-2.170153233224359213e-01
4.439163015647750177e-01,4.439163015647749067e-01
9.206964156836444646e-01,9.206964156836444646e-01
