-1.000000000000000000e+00,-1.000000000000000000e+00
-6.784127355145324056e-01,-6.784127355145324056e-01
-1.643381921376110832e-01,-1.643381921376110277e-01
-1.909602935066034846e-03,-1.909602935066090357e-03
-2.120568036703333048e-01,-2.120568036703333326e-01
-6.033234137048824053e-01,-6.033234137048825163e-01
-9.470954785029337408e-01,-9.470954785029337408e-01
-9.198605393168826083e-01,-9.198605393168827193e-01
-4.136896355097369748e-01,-4.136896355097370304e-01
-5.181419458863745220e-03,-5.181419458863689709e-03
-2.291092189218096875e-01,-2.291092189218097153e-01
-7.339598678303945745e-01,-7.339598678303945745e-01
-9.927781509048215769e-01,-9.927781509048214659e-01
-8.955216565498665959e-01,-8.955216565498667070e-01
-5.388358482909965108e-01,-5.388358482909965108e-01
-1.197920626070366756e-01,-1.197920626070367311e-01
-3.129788570289648852e-02,-3.129788570289654404e-02
-4.940346103848123338e-01,-4.940346103848123338e-01
-9.682170452248101133e-01,-9.682170452248102244e-01
-8.515323981150579868e-01,-8.515323981150578758e-01
-3.843584238967947542e-01,-3.843584238967947542e-01
-5.148276013268560103e-02,-5.148276013268560103e-02
-3.003167114352311984e-02,-3.003167114352317535e-02
-3.245070545441912646e-01,-3.245070545441912646e-01
-7.907440647823494873e-01,-7.907440647823493762e-01
-9.923730015558978046e-01,-9.923730015558978046e-01
-5.906242021837238010e-01,-5.906242021837236900e-01
-6.966898957327366526e-02,-6.966898957327360975e-02
-7.613070403198080038e-02,-7.613070403198080038e-02
-4.792786972787759781e-01,-4.792786972787759781e-01
-8.623083793882537762e-01,-8.623083793882537762e-01
-9.989961282454462577e-01,-9.989961282454463687e-01
-7.913493935473564500e-01,-7.913493935473563390e-01
-3.039578814124951900e-01,-3.039578814124952455e-01
3.310321907162072641e-03,3.310321907162128152e-03
-3.223395350238071888e-01,-3.223395350238071333e-01
-8.675477970882429224e-01,-8.675477970882429224e-01
-9.735961389371909913e-01,-9.735961389371911023e-01
-6.572919664412834040e-01,-6.572919664412832930e-01
-2.550772415689677164e-01,-2.550772415689677719e-01
-1.247447414962549184e-02,-1.247447414962549184e-02
-1.135078146159956836e-01,-1.135078146159956836e-01
-5.942859732511480697e-01,-5.942859732511480697e-01
-9.906236318884118486e-01,-9.906236318884118486e-01
-7.558665720287869316e-01,-7.558665720287870426e-01
-2.087068296049681693e-01,-2.087068296049681415e-01
7.479720668810974082e-04,7.479720668811529194e-04
-2.124789958161141801e-01,-2.124789958161141523e-01
-6.023841604835806773e-01,-6.023841604835805663e-01
-9.355916850418126707e-01,-9.355916850418126707e-01
-9.491924042618853363e-01,-9.491924042618853363e-01
-5.015939032255246621e-01,-5.015939032255246621e-01
-3.112514985649372790e-02,-3.112514985649367238e-02
-1.656968329897971492e-01,-1.656968329897970937e-01
-6.925449883715542043e-01,-6.925449883715542043e-01
-9.903206602118606039e-01,-9.903206602118607149e-01
-8.939166157568776416e-01,-8.939166157568776416e-01
-5.449094176895517005e-01,-5.449094176895517005e-01
-1.439581256255836883e-01,-1.439581256255837438e-01
-1.103269520869742948e-02,-1.103269520869748499e-02
-4.013968141533444944e-01,-4.013968141533444389e-01
-9.277628649811396899e-01,-9.277628649811396899e-01
-8.974749519910742990e-01,-8.974749519910742990e-01
-4.187563041710300471e-01,-4.187563041710300471e-01
-5.388666815549381095e-02,-5.388666815549386646e-02
-3.116289175546949064e-02,-3.116289175546949064e-02
-3.121485300394667983e-01,-3.121485300394667983e-01
-7.523988485727316489e-01,-7.523988485727316489e-01
-9.999242683447985280e-01,-9.999242683447984170e-01
-6.824162330581104996e-01,-6.824162330581104996e-01
-1.221802035389988883e-01,-1.221802035389988883e-01
-4.655337144182875031e-02,-4.655337144182880582e-02
-4.545749451550595843e-01,-4.545749451550595843e-01
-8.616569151348786315e-01,-8.616569151348786315e-01
-9.989262196853817555e-01,-9.989262196853818665e-01
-8.092517534462999595e-01,-8.092517534463000706e-01
-3.571203304274295776e-01,-3.571203304274296331e-01
-6.044686823123923691e-03,-6.044686823123923691e-03
-2.354441672852959910e-01,-2.354441672852959633e-01
-8.080409860106995135e-01,-8.080409860106994024e-01
-9.871260286266116957e-01,-9.871260286266116957e-01
-6.716249021751450332e-01,-6.716249021751450332e-01
-2.535389743471098134e-01,-2.535389743471097579e-01
-1.311464291733333010e-02,-1.311464291733327459e-02
-9.465687844789383298e-02,-9.465687844789383298e-02
-5.273515653503445533e-01,-5.273515653503445533e-01
-9.649430482817992205e-01,-9.649430482817993315e-01
-8.321598012281040679e-01,-8.321598012281040679e-01
-2.698523027092559201e-01,-2.698523027092558646e-01
1.654938310141351732e-03,1.654938310141407243e-03
-2.053561971103563533e-01,-2.053561971103563533e-01
-6.055938988989645333e-01,-6.055938988989645333e-01
-9.299136526425572091e-01,-9.299136526425570981e-01
-9.661664262892989408e-01,-9.661664262892988297e-01
-5.784818654619193756e-01,-5.784818654619193756e-01
-7.292073347781108383e-02,-7.292073347781108383e-02
-1.047595997358143349e-01,-1.047595997358143349e-01
-6.327174134499242708e-01,-6.327174134499242708e-01
-9.842781486757922194e-01,-9.842781486757921083e-01
-8.953835089118031831e-01,-8.953835089118031831e-01
-5.433633200755523252e-01,-5.433633200755524362e-01
