-1.000000000000000000e+00,-1.000000000000000000e+00
-7.526025483113432113e-01,-7.526025483113432113e-01
-8.537657725724295821e-02,-8.537657725724290270e-02
5.774603341718826943e-01,5.774603341718826943e-01
9.562204059845756943e-01,9.562204059845755832e-01
9.035377477758352871e-01,9.035377477758351761e-01
3.304366630901450774e-01,3.304366630901450774e-01
-4.291791439289702748e-01,-4.291791439289703303e-01
-9.004753293618485976e-01,-9.004753293618485976e-01
-9.732901000880560538e-01,-9.732901000880560538e-01
-5.613709273955159729e-01,-5.613709273955159729e-01
1.771208319882519033e-01,1.771208319882519033e-01
7.821226825383755799e-01,7.821226825383755799e-01
9.949392632706040018e-01,9.949392632706040018e-01
6.773835432658866784e-01,6.773835432658867894e-01
6.238608620015784201e-02,6.238608620015789752e-02
-5.582072171410455974e-01,-5.582072171410454864e-01
-9.724637396060804573e-01,-9.724637396060804573e-01
-8.509299741266419526e-01,-8.509299741266420636e-01
-2.778549266879365431e-01,-2.778549266879364321e-01
3.773402296939532552e-01,3.773402296939531997e-01
9.183109220049459065e-01,9.183109220049459065e-01
9.350097665820700232e-01,9.350097665820701343e-01
4.999244691471296798e-01,4.999244691471296242e-01
-1.628846177520431038e-01,-1.628846177520430760e-01
-7.992465509102251175e-01,-7.992465509102251175e-01
-9.946448711157543920e-01,-9.946448711157545031e-01
-6.851569343584293925e-01,-6.851569343584293925e-01
2.811498153408076295e-02,2.811498153408070744e-02
6.499870056693830556e-01,6.499870056693829445e-01
9.865929505506555452e-01,9.865929505506554342e-01
8.337782056081639581e-01,8.337782056081639581e-01
2.058737453845789211e-01,2.058737453845789489e-01
-4.997684364393871759e-01,-4.997684364393871204e-01
-9.460928529671983611e-01,-9.460928529671983611e-01
-8.961101393700191542e-01,-8.961101393700190432e-01
-4.363166781796694038e-01,-4.363166781796693483e-01
2.516480323082441184e-01,2.516480323082441739e-01
7.887816297104168761e-01,7.887816297104168761e-01
9.988819144012891504e-01,9.988819144012892615e-01
7.457120745401992767e-01,7.457120745401992767e-01
1.516991804297332935e-01,1.516991804297332658e-01
-5.519412356457039648e-01,-5.519412356457038538e-01
-9.708845302332395066e-01,-9.708845302332393956e-01
-8.965435291218243341e-01,-8.965435291218244451e-01
-3.239357031840827683e-01,-3.239357031840827683e-01
3.679252515294241244e-01,3.679252515294240133e-01
9.205331064400560370e-01,9.205331064400561480e-01
9.308951556129271276e-01,9.308951556129272387e-01
4.454672390187279785e-01,4.454672390187278674e-01
-2.773845471153624231e-01,-2.773845471153624231e-01
-8.264333657918023768e-01,-8.264333657918023768e-01
-9.895059229643146104e-01,-9.895059229643147214e-01
-6.862733005298534694e-01,-6.862733005298534694e-01
-1.552073212249877043e-02,-1.552073212249871492e-02
7.013810226323379249e-01,7.013810226323379249e-01
9.995204952567755541e-01,9.995204952567755541e-01
7.625065161815601789e-01,7.625065161815600678e-01
1.411334211519647552e-01,1.411334211519647830e-01
-5.891208348834262587e-01,-5.891208348834262587e-01
-9.771877273960700716e-01,-9.771877273960699606e-01
-8.679562338852738757e-01,-8.679562338852738757e-01
-3.736304655482834969e-01,-3.736304655482834969e-01
3.898618805973109724e-01,3.898618805973110280e-01
9.258356573975150550e-01,9.258356573975150550e-01
9.187873505024237719e-01,9.187873505024237719e-01
3.734110405712995351e-01,3.734110405712995906e-01
-3.764191332759009856e-01,-3.764191332759010411e-01
-8.809074564853919265e-01,-8.809074564853919265e-01
-9.770620606165090205e-01,-9.770620606165090205e-01
-5.741753278161061402e-01,-5.741753278161061402e-01
1.323290174572645528e-01,1.323290174572645528e-01
7.351001703245428898e-01,7.351001703245428898e-01
9.989764582720708219e-01,9.989764582720707109e-01
7.055714746463352949e-01,7.055714746463352949e-01
2.892631114827853844e-02,2.892631114827856620e-02
-6.362442223173963018e-01,-6.362442223173963018e-01
-9.825847625908086247e-01,-9.825847625908085137e-01
-8.824532560375345502e-01,-8.824532560375345502e-01
-3.778198587317939117e-01,-3.778198587317938562e-01
3.425193447922247891e-01,3.425193447922248446e-01
8.434840763263474761e-01,8.434840763263473651e-01
9.878087519114253645e-01,9.878087519114252535e-01
6.227932398161277749e-01,6.227932398161278860e-01
-6.295447268814957642e-02,-6.295447268814960418e-02
-7.499586111684513057e-01,-7.499586111684511947e-01
-9.986393307054554080e-01,-9.986393307054555191e-01
-7.545825902726683854e-01,-7.545825902726683854e-01
-8.729073998172837134e-02,-8.729073998172834359e-02
6.223655342129268409e-01,6.223655342129267298e-01
9.866419273074925611e-01,9.866419273074926721e-01
8.650316352397223740e-01,8.650316352397222630e-01
2.940716415866766464e-01,2.940716415866766464e-01
-3.665898602288462649e-01,-3.665898602288463204e-01
-8.953336883118285794e-01,-8.953336883118284684e-01
-9.519521331403688613e-01,-9.519521331403688613e-01
-5.685211221498485124e-01,-5.685211221498485124e-01
1.170068966852255699e-01,1.170068966852255143e-01
7.516304028393929748e-01,7.516304028393928638e-01
9.983195225390564254e-01,9.983195225390564254e-01
7.813498744522120454e-01,7.813498744522120454e-01
