-1.000000000000000000e+00,-1.000000000000000000e+00
-7.548614287955202062e-01,-7.548614287955202062e-01
-2.316136764004211868e-01,-2.316136764004212145e-01
3.379436354611229376e-01,3.379436354611229376e-01
8.145636056763938537e-01,8.145636056763938537e-01
9.972009079038881563e-01,9.972009079038882673e-01
6.453176310955632822e-01,6.453176310955632822e-01
-1.573237683926819175e-01,-1.573237683926819175e-01
-8.489014698541944570e-01,-8.489014698541945680e-01
-9.739198001924280756e-01,-9.739198001924280756e-01
-6.114316716682093311e-01,-6.114316716682094421e-01
-5.628008843605436518e-02,-5.628008843605433742e-02
4.996915618428606765e-01,4.996915618428606765e-01
9.136864302741644073e-01,9.136864302741644073e-01
9.533321626446085162e-01,9.533321626446085162e-01
4.295201908170359073e-01,4.295201908170358518e-01
-4.098498249971567198e-01,-4.098498249971566643e-01
-9.529596961712305525e-01,-9.529596961712306635e-01
-9.013296713955957218e-01,-9.013296713955956108e-01
-4.513197788119965859e-01,-4.513197788119966414e-01
1.187149553351374287e-01,1.187149553351374287e-01
6.491920922298322072e-01,6.491920922298320962e-01
9.782448162804555647e-01,9.782448162804554537e-01
8.537112841127638685e-01,8.537112841127638685e-01
1.810346660891468118e-01,1.810346660891468396e-01
-6.319938800878305285e-01,-6.319938800878305285e-01
-9.977464246011985560e-01,-9.977464246011986670e-01
-7.916554197448895103e-01,-7.916554197448895103e-01
-2.812625263968551170e-01,-2.812625263968552281e-01
2.900974435739754886e-01,2.900974435739754886e-01
7.810421891994475674e-01,7.810421891994476784e-01
9.999463217280394334e-01,9.999463217280393224e-01
6.989494420065793800e-01,6.989494420065793800e-01
-8.221353496876193656e-02,-8.221353496876196432e-02
-8.084198884092902437e-01,-8.084198884092901327e-01
-9.865035956278200846e-01,-9.865035956278199736e-01
-6.544481012917862106e-01,-6.544481012917862106e-01
-1.064920616920027596e-01,-1.064920616920027596e-01
4.545229421957276972e-01,4.545229421957276417e-01
8.885275944521782154e-01,8.885275944521782154e-01
9.714581599214240359e-01,9.714581599214240359e-01
4.951990862866139098e-01,4.951990862866138543e-01
-3.400150516605229267e-01,-3.400150516605229822e-01
-9.292968851502535488e-01,-9.292968851502535488e-01
-9.262795691727117031e-01,-9.262795691727117031e-01
-4.983457461816043765e-01,-4.983457461816043210e-01
6.894558911896542241e-02,6.894558911896542241e-02
6.080179971438568476e-01,6.080179971438568476e-01
9.638162318440769427e-01,9.638162318440768317e-01
8.879249872999698256e-01,8.879249872999699367e-01
2.543854657699531896e-01,2.543854657699531341e-01
-5.726110865427389562e-01,-5.726110865427389562e-01
-9.908950332126424954e-01,-9.908950332126424954e-01
-8.262079391884102897e-01,-8.262079391884105117e-01
-3.305341828750651967e-01,-3.305341828750651412e-01
2.416873585046818151e-01,2.416873585046818707e-01
7.455391580628236703e-01,7.455391580628236703e-01
9.985792072864709823e-01,9.985792072864709823e-01
7.485451944941019509e-01,7.485451944941018398e-01
-6.655805949224880003e-03,-6.655805949224852247e-03
-7.633646373675766483e-01,-7.633646373675766483e-01
-9.950760369585196496e-01,-9.950760369585197607e-01
-6.959315222848061477e-01,-6.959315222848061477e-01
-1.566539015234903465e-01,-1.566539015234903742e-01
4.084688975999378746e-01,4.084688975999378191e-01
8.607439389680066055e-01,8.607439389680064945e-01
9.850651006145311195e-01,9.850651006145312305e-01
5.578208213577824370e-01,5.578208213577824370e-01
-2.681026063302760498e-01,-2.681026063302760498e-01
-9.007593728358087581e-01,-9.007593728358086471e-01
-9.479737676474597752e-01,-9.479737676474597752e-01
-5.444257906001965797e-01,-5.444257906001964686e-01
1.895554129070931015e-02,1.895554129070933791e-02
5.655482835689552568e-01,5.655482835689552568e-01
9.460761451597572425e-01,9.460761451597571314e-01
9.175460293376690446e-01,9.175460293376690446e-01
3.260657586356568993e-01,3.260657586356569548e-01
-5.097796718083233980e-01,-5.097796718083235090e-01
-9.793295347262966910e-01,-9.793295347262968020e-01
-8.582993525765707510e-01,-8.582993525765708620e-01
-3.793187365912060183e-01,-3.793187365912059628e-01
1.927937821051949330e-01,1.927937821051949330e-01
7.082223021807008134e-01,7.082223021807007024e-01
9.932586049376539439e-01,9.932586049376539439e-01
7.939123549479936148e-01,7.939123549479935038e-01
6.886650533458038570e-02,6.886650533458035794e-02
-7.139147890614049308e-01,-7.139147890614050418e-01
-9.994460413367711737e-01,-9.994460413367710627e-01
-7.356907480644363506e-01,-7.356907480644364616e-01
-2.066799145908883029e-01,-2.066799145908882751e-01
3.616289944647373966e-01,3.616289944647373966e-01
8.305265935816092959e-01,8.305265935816092959e-01
9.942407079546978776e-01,9.942407079546977666e-01
6.170592270461037199e-01,6.170592270461037199e-01
-1.945608514492855878e-01,-1.945608514492856433e-01
-8.673826190073334885e-01,-8.673826190073335995e-01
-9.661872007642221538e-01,-9.661872007642222648e-01
-5.894055645674178834e-01,-5.894055645674178834e-01
-3.118078448380989798e-02,-3.118078448380992573e-02
5.219107328636596321e-01,5.219107328636595211e-01
9.252207297361102478e-01,9.252207297361102478e-01
