-1.000000000000000000e+00,-1.000000000000000000e+00
-8.418796679452934528e-01,-8.418796679452934528e-01
-4.382807578522502356e-01,-4.382807578522501801e-01
-4.563562550383992722e-02,-4.563562550383998273e-02
-1.148781463222366406e-01,-1.148781463222366406e-01
-6.704812024282766902e-01,-6.704812024282766902e-01
-9.997541644902446789e-01,-9.997541644902445679e-01
-7.427776518804225514e-01,-7.427776518804225514e-01
-2.888275551330995450e-01,-2.888275551330996005e-01
-2.105291061782821327e-02,-2.105291061782821327e-02
-6.535416075152505888e-02,-6.535416075152505888e-02
-4.303338499873635703e-01,-4.303338499873635703e-01
-8.953693086335836604e-01,-8.953693086335837714e-01
-9.337129041809772989e-01,-9.337129041809772989e-01
-4.120027596241331302e-01,-4.120027596241331302e-01
-9.775767058017303945e-03,-9.775767058017248434e-03
-1.551076047311015782e-01,-1.551076047311015782e-01
-5.719365485566576535e-01,-5.719365485566576535e-01
-9.117880638489213041e-01,-9.117880638489211931e-01
-9.858353151121854729e-01,-9.858353151121854729e-01
-6.857482231193856581e-01,-6.857482231193857691e-01
-1.710916215952195674e-01,-1.710916215952195951e-01
-2.531096960487316805e-02,-2.531096960487322356e-02
-4.933936914265890650e-01,-4.933936914265890650e-01
-9.513156902018293781e-01,-9.513156902018293781e-01
-9.252590700901932586e-01,-9.252590700901932586e-01
-5.735864728034942850e-01,-5.735864728034942850e-01
-1.889088121274604681e-01,-1.889088121274604959e-01
1.483542364481449383e-03,1.483542364481449383e-03
-2.096238620182650503e-01,-2.096238620182650780e-01
-7.475282291365508147e-01,-7.475282291365507037e-01
-9.929246451891531322e-01,-9.929246451891530212e-01
-5.982362427223293366e-01,-5.982362427223293366e-01
-1.073545847271887288e-01,-1.073545847271886733e-01
-1.739019360098037481e-02,-1.739019360098037481e-02
-2.821521887878112866e-01,-2.821521887878112866e-01
-6.813908195113731470e-01,-6.813908195113731470e-01
-9.777955343746964623e-01,-9.777955343746963512e-01
-8.691808182516587156e-01,-8.691808182516586045e-01
-3.324748971590112401e-01,-3.324748971590112401e-01
3.241697251170794214e-03,3.241697251170794214e-03
-3.021432148297805154e-01,-3.021432148297805154e-01
-8.032079850890760930e-01,-8.032079850890762041e-01
-9.999746713300828871e-01,-9.999746713300827761e-01
-8.407502618753774914e-01,-8.407502618753774914e-01
-4.568032687095652244e-01,-4.568032687095651689e-01
-7.082521804366026519e-02,-7.082521804366026519e-02
-6.681705648828395461e-02,-6.681705648828389910e-02
-5.770606630710154450e-01,-5.770606630710153340e-01
-9.907732539232397828e-01,-9.907732539232398938e-01
-7.878621941280471441e-01,-7.878621941280471441e-01
-3.061343431233097823e-01,-3.061343431233097823e-01
-2.062691189419663118e-02,-2.062691189419657567e-02
-6.434280982001483462e-02,-6.434280982001489013e-02
-4.029516346057521736e-01,-4.029516346057521736e-01
-8.537639089282981208e-01,-8.537639089282982319e-01
-9.712795307494369590e-01,-9.712795307494370700e-01
-5.069113910956208890e-01,-5.069113910956210001e-01
-3.231281612989012064e-02,-3.231281612989017615e-02
-1.251405242935229034e-01,-1.251405242935229589e-01
-5.611475776451312347e-01,-5.611475776451312347e-01
-9.134425469335526460e-01,-9.134425469335526460e-01
-9.876678807660858039e-01,-9.876678807660858039e-01
-7.210558325649972788e-01,-7.210558325649971678e-01
-2.297813848165623507e-01,-2.297813848165623785e-01
-2.416257882781103206e-03,-2.416257882781047694e-03
-4.018219609737705977e-01,-4.018219609737706532e-01
-9.185854886241707762e-01,-9.185854886241706652e-01
-9.411254725187438996e-01,-9.411254725187438996e-01
-5.775350043516126464e-01,-5.775350043516126464e-01
-1.873889390774352570e-01,-1.873889390774352848e-01
5.692263938152919422e-04,5.692263938152919422e-04
-1.712045115306632947e-01,-1.712045115306632947e-01
-6.737149492122285199e-01,-6.737149492122285199e-01
-9.996712215432597137e-01,-9.996712215432598247e-01
-6.810618432517919763e-01,-6.810618432517919763e-01
-1.444565809157561387e-01,-1.444565809157561387e-01
-1.177305820860552465e-02,-1.177305820860552465e-02
-2.822697650281030257e-01,-2.822697650281030812e-01
-6.806795058898335027e-01,-6.806795058898336137e-01
-9.697750806181609784e-01,-9.697750806181609784e-01
-9.068917861816574444e-01,-9.068917861816573334e-01
-4.186049799845463215e-01,-4.186049799845463215e-01
-6.459025229980985827e-03,-6.459025229980985827e-03
-2.323856454040486019e-01,-2.323856454040485742e-01
-7.655498512120906263e-01,-7.655498512120906263e-01
-9.997194699314864152e-01,-9.997194699314864152e-01
-8.388653593898159899e-01,-8.388653593898158789e-01
-4.629380659465538450e-01,-4.629380659465538450e-01
-9.093808835950306646e-02,-9.093808835950306646e-02
-3.537338317346644390e-02,-3.537338317346638839e-02
-4.842866708532002629e-01,-4.842866708532002629e-01
-9.646133587977516743e-01,-9.646133587977515633e-01
-8.415911764773782444e-01,-8.415911764773782444e-01
-3.387128724669872248e-01,-3.387128724669872248e-01
-2.194390676692298259e-02,-2.194390676692303810e-02
-6.593490964157028289e-02,-6.593490964157022738e-02
-3.896637874930301004e-01,-3.896637874930300449e-01
-8.198753593493184333e-01,-8.198753593493183223e-01
-9.917279511223837662e-01,-9.917279511223837662e-01
-6.020494560354687774e-01,-6.020494560354686664e-01
