-1.000000000000000000e+00,-1.000000000000000000e+00
-7.381682418718593652e-01,-7.381682418718593652e-01
-8.635360638281841528e-02,-8.635360638281838752e-02
5.844684737816157050e-01,5.844684737816157050e-01
9.833933348280350373e-01,9.833933348280349263e-01
8.859623290540081797e-01,8.859623290540081797e-01
4.173547867673633727e-01,4.173547867673633727e-01
-3.236438756747389012e-01,-3.236438756747389567e-01
-8.851131927073478955e-01,-8.851131927073478955e-01
-9.820728838943748595e-01,-9.820728838943749706e-01
-6.199726284075635085e-01,-6.199726284075633975e-01
8.049922616477789283e-02,8.049922616477792059e-02
7.487283892858997980e-01,7.487283892858999090e-01
9.990568413724622010e-01,9.990568413724620900e-01
8.204967531604849817e-01,8.204967531604849817e-01
1.905050907855957987e-01,1.905050907855958264e-01
-4.458028757448773693e-01,-4.458028757448774249e-01
-9.169080660807513716e-01,-9.169080660807514827e-01
-9.557423403229695635e-01,-9.557423403229694525e-01
-5.519997415105100114e-01,-5.519997415105099003e-01
1.172338859741575701e-01,1.172338859741576256e-01
6.958940880235859883e-01,6.958940880235860993e-01
9.959516805464740941e-01,9.959516805464740941e-01
8.048233111953522201e-01,8.048233111953522201e-01
2.543598725832588725e-01,2.543598725832588725e-01
-4.114588606228765100e-01,-4.114588606228763989e-01
-9.209643437060666127e-01,-9.209643437060666127e-01
-9.496947412410465805e-01,-9.496947412410465805e-01
-5.383138352658185521e-01,-5.383138352658185521e-01
9.770412855636545491e-02,9.770412855636553817e-02
7.531807716397969088e-01,7.531807716397969088e-01
9.998872739974405954e-01,9.998872739974404844e-01
7.999027938569598373e-01,7.999027938569597262e-01
1.893662913000326853e-01,1.893662913000327408e-01
-4.751703933921402334e-01,-4.751703933921402889e-01
-9.599881252513606800e-01,-9.599881252513606800e-01
-8.723020345599493686e-01,-8.723020345599493686e-01
-2.681684589814751218e-01,-2.681684589814750663e-01
4.928107851393607741e-01,4.928107851393607186e-01
9.457689809017839622e-01,9.457689809017838511e-01
9.060831746459164782e-01,9.060831746459164782e-01
4.413976160980178087e-01,4.413976160980178642e-01
-2.977066647290629864e-01,-2.977066647290629864e-01
-8.395445741183201749e-01,-8.395445741183202859e-01
-9.952189572408658425e-01,-9.952189572408658425e-01
-7.027072628049177982e-01,-7.027072628049179093e-01
-6.124633541663704328e-03,-6.124633541663621061e-03
6.536262830564522064e-01,6.536262830564522064e-01
9.805747570920129164e-01,9.805747570920129164e-01
8.910182252038734152e-01,8.910182252038733042e-01
3.188880383026231335e-01,3.188880383026230780e-01
-3.985581701122052345e-01,-3.985581701122052345e-01
-8.726418333523647819e-01,-8.726418333523648929e-01
-9.881552001369553473e-01,-9.881552001369553473e-01
-6.378081007486080534e-01,-6.378081007486080534e-01
2.612761084747727836e-03,2.612761084747783347e-03
6.419580628637635566e-01,6.419580628637634456e-01
9.932521417389751361e-01,9.932521417389750251e-01
8.542638543303165966e-01,8.542638543303167076e-01
2.406024584169149105e-01,2.406024584169149105e-01
-4.339581708748170841e-01,-4.339581708748171396e-01
-9.375962310362668806e-01,-9.375962310362668806e-01
-9.163525249118643634e-01,-9.163525249118643634e-01
-4.644753463131366944e-01,-4.644753463131368054e-01
2.185977435621722087e-01,2.185977435621722087e-01
7.901462837524080296e-01,7.901462837524080296e-01
9.996685872707151699e-01,9.996685872707151699e-01
6.934567140928824536e-01,6.934567140928824536e-01
8.026418412932923019e-02,8.026418412932923019e-02
-6.399329768455328526e-01,-6.399329768455328526e-01
-9.775083581798562626e-01,-9.775083581798561516e-01
-9.046399205935248267e-01,-9.046399205935248267e-01
-3.606379880086043044e-01,-3.606379880086042489e-01
3.566559834777597859e-01,3.566559834777597859e-01
8.680617606391770602e-01,8.680617606391771712e-01
9.633460668934179516e-01,9.633460668934179516e-01
5.452176115785786203e-01,5.452176115785785093e-01
-1.381626465309929719e-01,-1.381626465309929996e-01
-7.842534632098786540e-01,-7.842534632098787650e-01
-9.990151053597819963e-01,-9.990151053597818853e-01
-6.688176425024330296e-01,-6.688176425024328076e-01
-1.556971108097060519e-02,-1.556971108097054968e-02
6.601850668103289577e-01,6.601850668103289577e-01
9.860859731923103944e-01,9.860859731923105054e-01
8.810549757478828292e-01,8.810549757478828292e-01
3.871237262550513702e-01,3.871237262550513147e-01
-2.831917106788636729e-01,-2.831917106788637284e-01
-8.689210694656996914e-01,-8.689210694656995804e-01
-9.701926536344913643e-01,-9.701926536344913643e-01
-5.455308416745052735e-01,-5.455308416745051625e-01
1.291070228456364655e-01,1.291070228456364377e-01
7.649786298424442466e-01,7.649786298424443576e-01
9.976288573086669054e-01,9.976288573086669054e-01
7.086752271874370290e-01,7.086752271874368070e-01
8.873962277297553491e-02,8.873962277297553491e-02
-5.790871057942273969e-01,-5.790871057942272859e-01
-9.833250470055177050e-01,-9.833250470055177050e-01
-8.275362773814568529e-01,-8.275362773814568529e-01
-2.981928665776174547e-01,-2.981928665776173992e-01
4.568784636667722610e-01,4.568784636667722610e-01
9.125537336785183307e-01,9.125537336785182196e-01
