-1.000000000000000000e+00,-1.000000000000000000e+00
-7.208038323222886179e-01,-7.208038323222886179e-01
-2.332685685207244730e-01,-2.332685685207244730e-01
1.168020228142385708e-03,1.168020228142385708e-03
-2.405270334121403786e-01,-2.405270334121403508e-01
-6.894394318694153645e-01,-6.894394318694154755e-01
-9.973775599561597316e-01,-9.973775599561597316e-01
-8.129085863770438847e-01,-8.129085863770437737e-01
-3.427588638864088044e-01,-3.427588638864088599e-01
-5.315485351978066486e-03,-5.315485351978121997e-03
-1.706569860572589858e-01,-1.706569860572589858e-01
-6.877970164579152446e-01,-6.877970164579152446e-01
-9.834024971168152662e-01,-9.834024971168151552e-01
-8.652611481281269334e-01,-8.652611481281269334e-01
-3.910013672611805102e-01,-3.910013672611805102e-01
-4.291807383038104273e-02,-4.291807383038098722e-02
-5.874593962128604741e-02,-5.874593962128599189e-02
-4.796708803202914817e-01,-4.796708803202914817e-01
-9.107990537428017896e-01,-9.107990537428016786e-01
-9.579781585172262304e-01,-9.579781585172263414e-01
-5.357075489122876677e-01,-5.357075489122876677e-01
-9.331993376960096009e-02,-9.331993376960096009e-02
-5.024954569010459116e-02,-5.024954569010459116e-02
-4.987835577631378192e-01,-4.987835577631377637e-01
-9.387973528119127886e-01,-9.387973528119127886e-01
-9.526903369017678536e-01,-9.526903369017678536e-01
-5.999048171721551581e-01,-5.999048171721551581e-01
-1.321566639666936216e-01,-1.321566639666936216e-01
-2.322827757808343385e-02,-2.322827757808343385e-02
-3.665987786591474729e-01,-3.665987786591474729e-01
-8.671226207596319790e-01,-8.671226207596320901e-01
-9.903449976831147916e-01,-9.903449976831147916e-01
-6.334135913374081550e-01,-6.334135913374081550e-01
-1.385086150672068528e-01,-1.385086150672068528e-01
-8.280648473745211291e-03,-8.280648473745266802e-03
-3.475391754679346690e-01,-3.475391754679346690e-01
-8.576902719299270839e-01,-8.576902719299270839e-01
-9.867029447713043799e-01,-9.867029447713042689e-01
-6.229643203107602112e-01,-6.229643203107603222e-01
-1.510413650599703450e-01,-1.510413650599704005e-01
-2.740766509879533075e-03,-2.740766509879533075e-03
-2.933245525852109514e-01,-2.933245525852108959e-01
-7.537573482704028605e-01,-7.537573482704028605e-01
-9.999404914109131237e-01,-9.999404914109131237e-01
-7.358607319393264401e-01,-7.358607319393265511e-01
-2.261658048985458747e-01,-2.261658048985458469e-01
1.657212357092985311e-03,1.657212357092929800e-03
-2.965207698158287553e-01,-2.965207698158286997e-01
-7.955516995493522314e-01,-7.955516995493523424e-01
-9.944135868494462516e-01,-9.944135868494461405e-01
-7.237401592012878693e-01,-7.237401592012879803e-01
-2.424577700143144554e-01,-2.424577700143144832e-01
2.902662442834658130e-03,2.902662442834713641e-03
-2.553317344289121604e-01,-2.553317344289121049e-01
-7.053852562554968619e-01,-7.053852562554969730e-01
-9.978700879239847943e-01,-9.978700879239846833e-01
-7.917397032858179973e-01,-7.917397032858178862e-01
-2.655068000702734965e-01,-2.655068000702735520e-01
3.187926118553896515e-03,3.187926118553896515e-03
-2.171351289947595631e-01,-2.171351289947595353e-01
-7.038272476366036479e-01,-7.038272476366036479e-01
-9.992362660059105339e-01,-9.992362660059105339e-01
-7.619826975934282931e-01,-7.619826975934282931e-01
-2.372404357889973947e-01,-2.372404357889974502e-01
2.441149504887052402e-04,2.441149504886497290e-04
-2.312791854541760284e-01,-2.312791854541760284e-01
-7.525405184166980010e-01,-7.525405184166980010e-01
-9.993554682779047793e-01,-9.993554682779047793e-01
-7.438163962259307649e-01,-7.438163962259308759e-01
-2.798658915170461614e-01,-2.798658915170461614e-01
1.326635389107377883e-03,1.326635389107322371e-03
-2.090057613163915917e-01,-2.090057613163916195e-01
-6.544590479069091193e-01,-6.544590479069090083e-01
-9.896790296258251018e-01,-9.896790296258249908e-01
-8.143907886624788262e-01,-8.143907886624787151e-01
-2.947479646217376903e-01,-2.947479646217376348e-01
-8.229840317924952409e-03,-8.229840317924896897e-03
-1.688626825604312431e-01,-1.688626825604312154e-01
-6.982421146010406865e-01,-6.982421146010406865e-01
-9.891232611539650943e-01,-9.891232611539650943e-01
-8.532616545431783717e-01,-8.532616545431783717e-01
-3.965245125242029545e-01,-3.965245125242029545e-01
-4.613703660747203728e-02,-4.613703660747203728e-02
-8.548746528166034642e-02,-8.548746528166034642e-02
-5.605758543835360763e-01,-5.605758543835360763e-01
-9.654560737453973251e-01,-9.654560737453974362e-01
-8.939537163200096392e-01,-8.939537163200096392e-01
-4.443516945067883528e-01,-4.443516945067883528e-01
-3.271626374246416891e-02,-3.271626374246422442e-02
-1.111496032374735266e-01,-1.111496032374735266e-01
-6.021476047457109404e-01,-6.021476047457109404e-01
-9.711401684471991924e-01,-9.711401684471990814e-01
-8.773737846832998510e-01,-8.773737846832998510e-01
-4.518903878329840751e-01,-4.518903878329840751e-01
-3.792484548885810547e-02,-3.792484548885810547e-02
-7.265229007723450483e-02,-7.265229007723450483e-02
-4.660978165968980291e-01,-4.660978165968980291e-01
-9.277862258969414855e-01,-9.277862258969414855e-01
-9.297523686085406025e-01,-9.297523686085406025e-01
-5.233889135849228991e-01,-5.233889135849228991e-01
-1.144143412642780189e-01,-1.144143412642780189e-01
