-1.000000000000000000e+00,-1.000000000000000000e+00
-7.176496394906171084e-01,-7.176496394906172194e-01
-3.009048111698725547e-02,-3.009048111698719996e-02
6.565157278466865476e-01,6.565157278466866586e-01
9.930151054547105005e-01,9.930151054547105005e-01
8.527063822266403026e-01,8.527063822266403026e-01
3.306731163810066043e-01,3.306731163810065488e-01
-4.354827879156409898e-01,-4.354827879156409898e-01
-9.228855441505453561e-01,-9.228855441505454671e-01
-9.236689418264139029e-01,-9.236689418264139029e-01
-4.721699954381620157e-01,-4.721699954381620157e-01
2.829123872470653001e-01,2.829123872470652445e-01
8.257394507128364980e-01,8.257394507128363870e-01
9.824436817993930093e-01,9.824436817993931204e-01
6.376118853627342764e-01,6.376118853627343874e-01
3.908319798268117262e-02,3.908319798268120038e-02
-6.813719159919939816e-01,-6.813719159919939816e-01
-9.971374648802182605e-01,-9.971374648802182605e-01
-7.924933483926758226e-01,-7.924933483926759337e-01
-2.104473418061305612e-01,-2.104473418061305889e-01
5.226567357227397403e-01,5.226567357227396293e-01
9.359676936739508291e-01,9.359676936739507180e-01
9.561806735747446773e-01,9.561806735747446773e-01
5.459817601705169166e-01,5.459817601705169166e-01
-7.830116792135916048e-02,-7.830116792135918824e-02
-7.084416343167427854e-01,-7.084416343167427854e-01
-9.998800539545102950e-01,-9.998800539545102950e-01
-7.943084122459898033e-01,-7.943084122459896923e-01
-2.607577681718068474e-01,-2.607577681718067919e-01
3.896655999842371654e-01,3.896655999842372209e-01
8.687062948370080084e-01,8.687062948370081195e-01
9.835663346088601156e-01,9.835663346088600045e-01
6.492565511315285809e-01,6.492565511315285809e-01
7.663607655584825373e-03,7.663607655584797618e-03
-6.533021838882665522e-01,-6.533021838882665522e-01
-9.912392680764723352e-01,-9.912392680764723352e-01
-8.205187419175623553e-01,-8.205187419175623553e-01
-1.815275259813906583e-01,-1.815275259813906583e-01
4.730658548467130964e-01,4.730658548467131519e-01
9.397885077179450874e-01,9.397885077179450874e-01
9.342346699448444980e-01,9.342346699448443870e-01
5.046324335660509197e-01,5.046324335660509197e-01
-1.315921972094160619e-01,-1.315921972094161174e-01
-7.852483327341320818e-01,-7.852483327341321928e-01
-9.998583544753341101e-01,-9.998583544753339991e-01
-7.412787936354955365e-01,-7.412787936354955365e-01
-9.481943040298246306e-02,-9.481943040298237979e-02
5.330978328109304831e-01,5.330978328109304831e-01
9.593095058625746852e-01,9.593095058625746852e-01
9.294184290430584916e-01,9.294184290430584916e-01
5.065738660903839063e-01,5.065738660903839063e-01
-1.206620731330607654e-01,-1.206620731330607654e-01
-7.141345766814549689e-01,-7.141345766814549689e-01
-9.999867913826734345e-01,-9.999867913826734345e-01
-6.999852872807205140e-01,-6.999852872807204029e-01
1.687453670156380259e-02,1.687453670156383034e-02
6.911930733428137685e-01,6.911930733428136575e-01
9.968565006109701976e-01,9.968565006109701976e-01
7.587165842975532870e-01,7.587165842975532870e-01
9.474778312559872795e-02,9.474778312559872795e-02
-6.224236659878661371e-01,-6.224236659878662481e-01
-9.933567602187174383e-01,-9.933567602187173273e-01
-7.983307577858530513e-01,-7.983307577858531623e-01
-2.634705080493061624e-01,-2.634705080493062734e-01
5.018049222443450308e-01,5.018049222443451418e-01
9.321541242302815444e-01,9.321541242302815444e-01
9.332930729122015379e-01,9.332930729122016489e-01
4.463189363925109121e-01,4.463189363925109676e-01
-2.042017401158602308e-01,-2.042017401158602030e-01
-8.368509756298180280e-01,-8.368509756298181390e-01
-9.864906007370828345e-01,-9.864906007370828345e-01
-6.287716887886320993e-01,-6.287716887886322104e-01
6.748699477609826358e-02,6.748699477609820807e-02
6.640150892885648970e-01,6.640150892885648970e-01
9.949226668346753399e-01,9.949226668346753399e-01
8.448613115155558795e-01,8.448613115155558795e-01
2.250709645036772510e-01,2.250709645036773066e-01
-4.492245274351428508e-01,-4.492245274351428508e-01
-9.371085801928575876e-01,-9.371085801928574766e-01
-9.565534478976651656e-01,-9.565534478976651656e-01
-5.714572432510193201e-01,-5.714572432510192090e-01
1.483265725113731559e-01,1.483265725113730726e-01
7.744396992675419700e-01,7.744396992675420810e-01
9.999446653309305155e-01,9.999446653309304045e-01
7.207414827584800454e-01,7.207414827584800454e-01
7.917139851675741857e-02,7.917139851675739082e-02
-5.844687220934521310e-01,-5.844687220934521310e-01
-9.575875682297030345e-01,-9.575875682297030345e-01
-9.285700205703286692e-01,-9.285700205703286692e-01
-4.486771048154827302e-01,-4.486771048154826746e-01
1.879563645198168986e-01,1.879563645198168986e-01
7.946252099839635763e-01,7.946252099839636873e-01
9.999828338779774839e-01,9.999828338779774839e-01
7.860895540550228988e-01,7.860895540550228988e-01
1.416855536626882017e-01,1.416855536626882017e-01
-4.976424329100503918e-01,-4.976424329100503918e-01
-9.602950402820917830e-01,-9.602950402820917830e-01
-9.260523283803219208e-01,-9.260523283803219208e-01
-4.658729673497765678e-01,-4.658729673497765678e-01
1.885018390050673398e-01,1.885018390050673398e-01
8.320008556093186902e-01,8.320008556093185792e-01
