-1.000000000000000000e+00,-1.000000000000000000e+00
-6.513084086869433964e-01,-6.513084086869433964e-01
5.176371443984362219e-02,5.176371443984362219e-02
6.253942519911828146e-01,6.253942519911828146e-01
9.510632683702751056e-01,9.510632683702751056e-01
9.360952341797519338e-01,9.360952341797519338e-01
3.879220281685922256e-01,3.879220281685921146e-01
-4.506904625760441152e-01,-4.506904625760440597e-01
-9.487570868636739929e-01,-9.487570868636741039e-01
-9.494075367946213095e-01,-9.494075367946213095e-01
-6.234148766735365665e-01,-6.234148766735364555e-01
-1.954928895599339356e-02,-1.954928895599339356e-02
6.999450670308132727e-01,6.999450670308131617e-01
9.974407580273036977e-01,9.974407580273035867e-01
6.428517001570848155e-01,6.428517001570848155e-01
3.823507782811058631e-02,3.823507782811053080e-02
-5.146028747151638605e-01,-5.146028747151637495e-01
-9.229465468013955398e-01,-9.229465468013955398e-01
-9.286791661258152475e-01,-9.286791661258153585e-01
-3.202682558477513708e-01,-3.202682558477514263e-01
4.728141429281996766e-01,4.728141429281997321e-01
9.218772698656452214e-01,9.218772698656451103e-01
9.829815789609861465e-01,9.829815789609860355e-01
6.942191647805348031e-01,6.942191647805349142e-01
1.323494066876118591e-02,1.323494066876121367e-02
-7.486975321554670826e-01,-7.486975321554671936e-01
-9.940595940979355394e-01,-9.940595940979354284e-01
-6.888563054721970058e-01,-6.888563054721970058e-01
-1.693481309708911864e-01,-1.693481309708911031e-01
4.209767219633255841e-01,4.209767219633254731e-01
9.195375567258815552e-01,9.195375567258815552e-01
9.018387510454775047e-01,9.018387510454775047e-01
2.740062488735760526e-01,2.740062488735760526e-01
-4.315154174244960616e-01,-4.315154174244960061e-01
-8.654595341073192394e-01,-8.654595341073192394e-01
-9.976437816681991144e-01,-9.976437816681991144e-01
-7.115491167758370983e-01,-7.115491167758372093e-01
4.736482599194236087e-02,4.736482599194230536e-02
7.856039308661958431e-01,7.856039308661959542e-01
9.969226597348828101e-01,9.969226597348829211e-01
7.703867042095665640e-01,7.703867042095666751e-01
2.901449653002315943e-01,2.901449653002317053e-01
-3.842464453686824655e-01,-3.842464453686824100e-01
-9.388194624488455098e-01,-9.388194624488455098e-01
-8.720434957777236651e-01,-8.720434957777236651e-01
-2.882782578710956223e-01,-2.882782578710956223e-01
3.296759683371382477e-01,3.296759683371382477e-01
7.930985485396445656e-01,7.930985485396444545e-01
9.999159309231373527e-01,9.999159309231372417e-01
6.814046659653147930e-01,6.814046659653147930e-01
-1.166133570085674531e-01,-1.166133570085674531e-01
-7.858857991608573235e-01,-7.858857991608574345e-01
-9.997878914840252484e-01,-9.997878914840252484e-01
-8.486006169700052171e-01,-8.486006169700053281e-01
-3.570199236942415699e-01,-3.570199236942416254e-01
4.118236431567697808e-01,4.118236431567697253e-01
9.611692398536967330e-01,9.611692398536968440e-01
8.645799262650311068e-01,8.645799262650311068e-01
3.698002759703619136e-01,3.698002759703619136e-01
-1.993914871362834074e-01,-1.993914871362833519e-01
-7.386628445789623632e-01,-7.386628445789623632e-01
-9.995603356313715881e-01,-9.995603356313715881e-01
-6.268613865368001248e-01,-6.268613865368002358e-01
1.449365412882355209e-01,1.449365412882355486e-01
7.390989977981183845e-01,7.390989977981183845e-01
9.880481284659032859e-01,9.880481284659032859e-01
8.961411387802349360e-01,8.961411387802348250e-01
3.549611830181432226e-01,3.549611830181432781e-01
-4.744748371235399942e-01,-4.744748371235399942e-01
-9.716034589588391501e-01,-9.716034589588391501e-01
-8.920196781671800856e-01,-8.920196781671800856e-01
-4.877694130396246774e-01,-4.877694130396247330e-01
9.160785039493524184e-02,9.160785039493524184e-02
7.297988396548883427e-01,7.297988396548884538e-01
9.954926133739274707e-01,9.954926133739273597e-01
5.861805509956511395e-01,5.861805509956511395e-01
-1.033004166233051913e-01,-1.033004166233052190e-01
-6.493358166987172053e-01,-6.493358166987170943e-01
-9.628819664445937843e-01,-9.628819664445937843e-01
-9.085232916576485573e-01,-9.085232916576486684e-01
-2.996845314378578928e-01,-2.996845314378579483e-01
5.261942319005668001e-01,5.261942319005668001e-01
9.650703060561043323e-01,9.650703060561043323e-01
9.387340935632784156e-01,9.387340935632784156e-01
5.936790134908846994e-01,5.936790134908846994e-01
-4.723373912343975523e-02,-4.723373912343983849e-02
-7.628099790679611081e-01,-7.628099790679609971e-01
-9.870352938537435561e-01,-9.870352938537434451e-01
-5.947069998872227536e-01,-5.947069998872226426e-01
-3.806171998075424945e-03,-3.806171998075424945e-03
5.440559754390328351e-01,5.440559754390328351e-01
9.449869538524648949e-01,9.449869538524647838e-01
8.916041682438213822e-01,8.916041682438213822e-01
2.317999602957040994e-01,2.317999602957040994e-01
-5.300951414495826963e-01,-5.300951414495825853e-01
-9.356243417950411700e-01,-9.356243417950410590e-01
-9.764700573106632753e-01,-9.764700573106631643e-01
-6.520899672061081231e-01,-6.520899672061082342e-01
7.366506456552723847e-02,7.366506456552726623e-02
8.075278821253349948e-01,8.075278821253348838e-01
9.838217298862244053e-01,9.838217298862244053e-01
