-1.000000000000000000e+00,-1.000000000000000000e+00
-8.154268135150144481e-01,-8.154268135150144481e-01
-3.665857915946049705e-01,-3.665857915946049150e-01
2.335999302862376004e-01,2.335999302862376281e-01
8.049433436909501083e-01,8.049433436909499973e-01
9.864759459682697074e-01,9.864759459682697074e-01
5.182902635311976702e-01,5.182902635311976702e-01
-3.036710350119938839e-01,-3.036710350119938284e-01
-8.860014826998758863e-01,-8.860014826998757753e-01
-9.808700746431264772e-01,-9.808700746431264772e-01
-7.008744969484241860e-01,-7.008744969484242970e-01
-1.947865900503900072e-01,-1.947865900503900349e-01
4.239724137004096116e-01,4.239724137004097226e-01
9.204803093092838173e-01,9.204803093092839283e-01
9.117995686172575276e-01,9.117995686172575276e-01
2.771830867561484446e-01,2.771830867561484446e-01
-5.277853182531748732e-01,-5.277853182531748732e-01
-9.650917470139506182e-01,-9.650917470139506182e-01
-9.271218767097421098e-01,-9.271218767097422209e-01
-5.658657914181182136e-01,-5.658657914181183246e-01
-1.160751469175891337e-02,-1.160751469175888562e-02
6.046155874917772399e-01,6.046155874917773509e-01
9.874205235620401311e-01,9.874205235620401311e-01
7.739666983476541917e-01,7.739666983476543027e-01
1.975507747682958559e-02,1.975507747682955784e-02
-7.138981241424677826e-01,-7.138981241424677826e-01
-9.983438691219128636e-01,-9.983438691219128636e-01
-8.439473288766916603e-01,-8.439473288766916603e-01
-4.131316356863752870e-01,-4.131316356863752315e-01
1.787034343224431776e-01,1.787034343224432331e-01
7.646862033038135387e-01,7.646862033038135387e-01
9.957889833209851993e-01,9.957889833209850883e-01
5.814506780714451262e-01,5.814506780714451262e-01
-2.342815461537644528e-01,-2.342815461537644528e-01
-8.546081950846994291e-01,-8.546081950846993180e-01
-9.901066110873404380e-01,-9.901066110873405490e-01
-7.358238510196701831e-01,-7.358238510196701831e-01
-2.451843601678619922e-01,-2.451843601678620477e-01
3.701479337227189248e-01,3.701479337227189248e-01
8.919205322057938146e-01,8.919205322057939256e-01
9.397858932218171590e-01,9.397858932218170480e-01
3.486059807869085758e-01,3.486059807869085203e-01
-4.671784240954672818e-01,-4.671784240954672263e-01
-9.473183363060589945e-01,-9.473183363060588835e-01
-9.456977466123995812e-01,-9.456977466123994702e-01
-6.063594383333864579e-01,-6.063594383333864579e-01
-6.488622336136695701e-02,-6.488622336136690150e-02
5.545937037182266938e-01,5.545937037182268048e-01
9.738968719243215055e-01,9.738968719243215055e-01
8.194193158812863587e-01,8.194193158812864697e-01
9.380592033620965831e-02,9.380592033620963055e-02
-6.651277492506174616e-01,-6.651277492506174616e-01
-9.932950328375773630e-01,-9.932950328375773630e-01
-8.704368709900653922e-01,-8.704368709900655032e-01
-4.584334653496415779e-01,-4.584334653496415779e-01
1.239130981455807134e-01,1.239130981455807134e-01
7.217499806986458211e-01,7.217499806986458211e-01
9.998102054709130382e-01,9.998102054709130382e-01
6.412932318821836786e-01,6.412932318821836786e-01
-1.631409151158409454e-01,-1.631409151158409732e-01
-8.192721372751247122e-01,-8.192721372751247122e-01
-9.963906549817984626e-01,-9.963906549817984626e-01
-7.690358276199190657e-01,-7.690358276199190657e-01
-2.945677102896913646e-01,-2.945677102896913646e-01
3.157660408242186634e-01,3.157660408242186634e-01
8.596563352494843713e-01,8.596563352494843713e-01
9.624758531869297418e-01,9.624758531869298528e-01
4.182275425719784723e-01,4.182275425719783613e-01
-4.036868906985960348e-01,-4.036868906985959793e-01
-9.257138042918040544e-01,-9.257138042918040544e-01
-9.617591810022846355e-01,-9.617591810022845245e-01
-6.453483869576515097e-01,-6.453483869576512877e-01
-1.174608532700040509e-01,-1.174608532700041064e-01
5.031713731283395941e-01,5.031713731283395941e-01
9.557738628289904614e-01,9.557738628289904614e-01
8.601170208487374236e-01,8.601170208487375346e-01
1.676898227990446522e-01,1.676898227990446522e-01
-6.127498182152568695e-01,-6.127498182152568695e-01
-9.847377695800866304e-01,-9.847377695800865194e-01
-8.947981400327974510e-01,-8.947981400327973400e-01
-5.024330603258793104e-01,-5.024330603258793104e-01
6.938512036024080398e-02,6.938512036024083174e-02
6.764301034790771716e-01,6.764301034790771716e-01
9.986339680644702455e-01,9.986339680644702455e-01
6.974374691604439125e-01,6.974374691604439125e-01
-9.063901147036246275e-02,-9.063901147036243500e-02
-7.800154886012145017e-01,-7.800154886012145017e-01
-9.995937070000101565e-01,-9.995937070000100455e-01
-8.004336781286792712e-01,-8.004336781286793823e-01
-3.428651423288300859e-01,-3.428651423288300304e-01
2.610351995599020647e-01,2.610351995599020647e-01
8.239744125100832983e-01,8.239744125100834093e-01
9.798162694680470075e-01,9.798162694680470075e-01
4.855924130989982546e-01,4.855924130989981991e-01
-3.375946550274917524e-01,-3.375946550274917524e-01
-9.002198543958324084e-01,-9.002198543958324084e-01
-9.751847174698340392e-01,-9.751847174698340392e-01
-6.827708802165696200e-01,-6.827708802165695090e-01
-1.692314115637887917e-01,-1.692314115637888194e-01
4.506063877277453056e-01,4.506063877277452501e-01
9.332842163969869986e-01,9.332842163969869986e-01
