-1.000000000000000000e+00,-1.000000000000000000e+00
-7.506064895680062410e-01,-7.506064895680063520e-01
-8.853153794999440995e-02,-8.853153794999443771e-02
5.659063549132450355e-01,5.659063549132450355e-01
9.684623411497934597e-01,9.684623411497934597e-01
8.858466844324296430e-01,8.858466844324297540e-01
4.009002112222013192e-01,4.009002112222014302e-01
-3.442080425768581642e-01,-3.442080425768582197e-01
-8.628008583815073296e-01,-8.628008583815073296e-01
-9.834244569409396064e-01,-9.834244569409396064e-01
-6.100772790079802554e-01,-6.100772790079802554e-01
3.108033478686600404e-03,3.108033478686655915e-03
6.566066963489094466e-01,6.566066963489094466e-01
9.979088488064831175e-01,9.979088488064831175e-01
8.130387215950505286e-01,8.130387215950505286e-01
2.374597267650109256e-01,2.374597267650108978e-01
-4.907994121725988701e-01,-4.907994121725989256e-01
-9.334334894877367450e-01,-9.334334894877366340e-01
-9.206047111292935403e-01,-9.206047111292936513e-01
-4.004098987045932589e-01,-4.004098987045932034e-01
3.524766709447054169e-01,3.524766709447054169e-01
8.769423546634143030e-01,8.769423546634144140e-01
9.843790163025800677e-01,9.843790163025800677e-01
6.356671362399015646e-01,6.356671362399015646e-01
-3.556025855110456213e-02,-3.556025855110461764e-02
-6.883885721000080338e-01,-6.883885721000080338e-01
-9.893155653736154242e-01,-9.893155653736154242e-01
-8.271932313472013520e-01,-8.271932313472012410e-01
-1.936104328879579839e-01,-1.936104328879580116e-01
5.267887716704529044e-01,5.267887716704529044e-01
9.496357449353818314e-01,9.496357449353818314e-01
8.939653428088217835e-01,8.939653428088218945e-01
3.252382621677050722e-01,3.252382621677051278e-01
-4.235291335619748576e-01,-4.235291335619749131e-01
-8.970485690399507828e-01,-8.970485690399507828e-01
-9.713141248556371732e-01,-9.713141248556371732e-01
-6.006439465212045636e-01,-6.006439465212045636e-01
2.216137968013287551e-02,2.216137968013284776e-02
7.070242032103534191e-01,7.070242032103534191e-01
9.982583995335241323e-01,9.982583995335242433e-01
7.696840304299035207e-01,7.696840304299035207e-01
1.175163702956448786e-01,1.175163702956448786e-01
-5.239592259434123767e-01,-5.239592259434123767e-01
-9.660659972387155570e-01,-9.660659972387155570e-01
-8.660461818819907842e-01,-8.660461818819907842e-01
-3.149089440378879390e-01,-3.149089440378879390e-01
3.352662474391813752e-01,3.352662474391814307e-01
8.682760719985115339e-01,8.682760719985116449e-01
9.857010228195945967e-01,9.857010228195945967e-01
5.950014838155811558e-01,5.950014838155811558e-01
-1.539662838337613193e-02,-1.539662838337613193e-02
-7.226645456909944754e-01,-7.226645456909944754e-01
-9.999853238339215800e-01,-9.999853238339216910e-01
-7.173094266483067694e-01,-7.173094266483067694e-01
-1.352465152466441056e-01,-1.352465152466440779e-01
5.990580367083750968e-01,5.990580367083750968e-01
9.814732525796674434e-01,9.814732525796674434e-01
8.750846889181912447e-01,8.750846889181912447e-01
3.402445085653589274e-01,3.402445085653589274e-01
-3.632335380320412810e-01,-3.632335380320412255e-01
-9.127338627254405479e-01,-9.127338627254406589e-01
-9.520781113295715414e-01,-9.520781113295715414e-01
-5.312220907955034210e-01,-5.312220907955035321e-01
1.866006914884790757e-01,1.866006914884790480e-01
7.520765864381863119e-01,7.520765864381863119e-01
9.999806490202243214e-01,9.999806490202243214e-01
7.653385093502936831e-01,7.653385093502936831e-01
9.898070418382010072e-02,9.898070418382010072e-02
-5.577946015064279006e-01,-5.577946015064279006e-01
-9.801099526777636850e-01,-9.801099526777636850e-01
-8.733821412824341879e-01,-8.733821412824342989e-01
-3.959040880143531727e-01,-3.959040880143531727e-01
3.488087866557305627e-01,3.488087866557305627e-01
8.619968103711136420e-01,8.619968103711137530e-01
9.688010045664983139e-01,9.688010045664983139e-01
5.760996071151864850e-01,5.760996071151865960e-01
-1.721202326610835609e-01,-1.721202326610835331e-01
-8.074237389356500039e-01,-8.074237389356501149e-01
-9.934465241847196815e-01,-9.934465241847196815e-01
-6.497803205254180092e-01,-6.497803205254178982e-01
5.543199525235309455e-02,5.543199525235309455e-02
7.091347150541607025e-01,7.091347150541605915e-01
9.995414666247325330e-01,9.995414666247326441e-01
7.672312115747235151e-01,7.672312115747235151e-01
8.922060602573722576e-02,8.922060602573722576e-02
-6.173889963402644510e-01,-6.173889963402644510e-01
-9.752609110544637749e-01,-9.752609110544636639e-01
-8.881134064012631280e-01,-8.881134064012631280e-01
-4.137281308993735474e-01,-4.137281308993735474e-01
2.392698724111544384e-01,2.392698724111544384e-01
8.044241738770461225e-01,8.044241738770461225e-01
9.991318697645152902e-01,9.991318697645154012e-01
7.673530280836100559e-01,7.673530280836100559e-01
1.555976737493653395e-01,1.555976737493652839e-01
-5.214921116835703474e-01,-5.214921116835703474e-01
-9.557025709383003553e-01,-9.557025709383004664e-01
-9.059109755601681968e-01,-9.059109755601683078e-01
-3.691823395072332814e-01,-3.691823395072332259e-01
2.804804009853607560e-01,2.804804009853608115e-01
8.622482354631763046e-01,8.622482354631761936e-01
9.736058258374266083e-01,9.736058258374266083e-01
