-1.000000000000000000e+00,-1.000000000000000000e+00
-7.812990006177191749e-01,-7.812990006177191749e-01
-2.341965291803416727e-01,-2.341965291803416171e-01
5.004490370624892215e-01,5.004490370624892215e-01
9.486186306844313076e-01,9.486186306844313076e-01
9.008732779633175092e-01,9.008732779633175092e-01
4.472616537259799241e-01,4.472616537259798686e-01
-2.397562443327977411e-01,-2.397562443327976855e-01
-8.308505652094717586e-01,-8.308505652094717586e-01
-9.894987185230776916e-01,-9.894987185230776916e-01
-6.282442710787883300e-01,-6.282442710787883300e-01
7.899400706976539288e-02,7.899400706976536513e-02
6.729311374928861333e-01,6.729311374928861333e-01
9.966699968192647141e-01,9.966699968192646031e-01
8.422383187173660968e-01,8.422383187173662078e-01
2.809980935119771317e-01,2.809980935119771317e-01
-4.716292834142614687e-01,-4.716292834142614132e-01
-9.584233992852295714e-01,-9.584233992852295714e-01
-8.857696990334735787e-01,-8.857696990334735787e-01
-3.816855642550824324e-01,-3.816855642550823768e-01
2.722182387864082731e-01,2.722182387864083286e-01
8.490197183102403677e-01,8.490197183102403677e-01
9.878076773566928370e-01,9.878076773566928370e-01
6.871099181541153733e-01,6.871099181541153733e-01
3.810661179197322168e-02,3.810661179197319393e-02
-5.967226464768120575e-01,-5.967226464768120575e-01
-9.639759898335157340e-01,-9.639759898335156230e-01
-8.930689687894231010e-01,-8.930689687894231010e-01
-3.551834755276966904e-01,-3.551834755276966904e-01
3.639344369899674136e-01,3.639344369899674136e-01
8.990744933023658847e-01,8.990744933023657737e-01
9.603661405827993436e-01,9.603661405827994546e-01
5.276738556988190831e-01,5.276738556988189721e-01
-2.193856451496400406e-01,-2.193856451496400406e-01
-8.237150901824658034e-01,-8.237150901824659144e-01
-9.853584733945008889e-01,-9.853584733945007779e-01
-5.831878493094897475e-01,-5.831878493094897475e-01
7.268063341712549530e-02,7.268063341712552305e-02
6.915451459134461798e-01,6.915451459134461798e-01
9.951845485599752905e-01,9.951845485599754015e-01
8.274211980747194772e-01,8.274211980747192552e-01
2.737225310823262481e-01,2.737225310823261926e-01
-4.845470565015805864e-01,-4.845470565015805309e-01
-9.626528932974258712e-01,-9.626528932974258712e-01
-8.781337791449670416e-01,-8.781337791449670416e-01
-2.858486516208376127e-01,-2.858486516208376682e-01
3.784640375769755538e-01,3.784640375769754983e-01
8.815325590018028290e-01,8.815325590018028290e-01
9.869581383441485833e-01,9.869581383441485833e-01
6.831000293854661010e-01,6.831000293854661010e-01
5.183240797672250544e-02,5.183240797672244993e-02
-6.361090781414742157e-01,-6.361090781414743267e-01
-9.910659427001796695e-01,-9.910659427001795585e-01
-8.228004865765199405e-01,-8.228004865765199405e-01
-3.043863414369530895e-01,-3.043863414369530895e-01
3.946506834310482548e-01,3.946506834310483103e-01
9.204742298058998795e-01,9.204742298058997685e-01
9.375999387063601587e-01,9.375999387063602697e-01
5.111201393792014214e-01,5.111201393792014214e-01
-1.939197512139990698e-01,-1.939197512139990698e-01
-8.245484022494490306e-01,-8.245484022494491416e-01
-9.815498570164014058e-01,-9.815498570164012948e-01
-6.168485777121596181e-01,-6.168485777121597291e-01
8.815338464125999085e-02,8.815338464126004636e-02
6.822268559764289586e-01,6.822268559764289586e-01
9.943346661467022951e-01,9.943346661467022951e-01
8.106838722861579027e-01,8.106838722861579027e-01
1.883782100034703255e-01,1.883782100034702978e-01
-5.549744534863653156e-01,-5.549744534863654266e-01
-9.595857583898855792e-01,-9.595857583898854681e-01
-9.190314150709499863e-01,-9.190314150709498753e-01
-4.844542485602079673e-01,-4.844542485602079118e-01
2.345835703700419606e-01,2.345835703700419883e-01
8.267376700701114522e-01,8.267376700701114522e-01
9.851416170301168229e-01,9.851416170301167119e-01
6.154752490472351623e-01,6.154752490472351623e-01
-1.094844975309176016e-01,-1.094844975309176294e-01
-7.820108169746559090e-01,-7.820108169746557980e-01
-9.994511505917387240e-01,-9.994511505917387240e-01
-6.819630750170764255e-01,-6.819630750170764255e-01
-7.063980834453642554e-02,-7.063980834453645330e-02
6.378622648375273929e-01,6.378622648375275039e-01
9.893059024874888419e-01,9.893059024874887308e-01
8.235227521885919444e-01,8.235227521885919444e-01
1.779165613338539731e-01,1.779165613338539453e-01
-5.414574160197710428e-01,-5.414574160197710428e-01
-9.784969009713631038e-01,-9.784969009713632149e-01
-8.695659742606604015e-01,-8.695659742606602904e-01
-3.877110024201462779e-01,-3.877110024201462224e-01
3.174441788700155254e-01,3.174441788700155254e-01
8.579503806503798735e-01,8.579503806503799845e-01
9.903300565234105513e-01,9.903300565234104402e-01
6.335997138066212786e-01,6.335997138066212786e-01
-7.120846446610262781e-02,-7.120846446610262781e-02
-7.072448213550389662e-01,-7.072448213550390772e-01
-9.991356926180504638e-01,-9.991356926180505749e-01
-7.486298652139894427e-01,-7.486298652139894427e-01
-5.961669082141368703e-02,-5.961669082141365927e-02
5.612498731648901673e-01,5.612498731648901673e-01
9.670106666457238820e-01,9.670106666457239930e-01
8.984833984861948508e-01,8.984833984861949618e-01
