-1.000000000000000000e+00,-1.000000000000000000e+00
-8.374484111935007746e-01,-8.374484111935007746e-01
-3.733463539267453668e-01,-3.733463539267453113e-01
3.102174218150944296e-01,3.102174218150944296e-01
8.973680098940934879e-01,8.973680098940934879e-01
9.195914958858446564e-01,9.195914958858446564e-01
3.078145224988822481e-01,3.078145224988823037e-01
-4.518596612289962344e-01,-4.518596612289961789e-01
-9.121980999161787285e-01,-9.121980999161787285e-01
-9.843759426553434499e-01,-9.843759426553435610e-01
-7.267191436824700368e-01,-7.267191436824700368e-01
-1.800856310472933042e-01,-1.800856310472932487e-01
5.215099838165266899e-01,5.215099838165268009e-01
9.803018415944351194e-01,9.803018415944351194e-01
7.851571418396704471e-01,7.851571418396705582e-01
6.496496311092059273e-02,6.496496311092064824e-02
-6.338709289448432038e-01,-6.338709289448430928e-01
-9.728486046481791272e-01,-9.728486046481790162e-01
-9.386225862822263899e-01,-9.386225862822263899e-01
-5.886914235809990181e-01,-5.886914235809991292e-01
2.983306221919601597e-02,2.983306221919601597e-02
7.109479640188439697e-01,7.109479640188439697e-01
9.979797416703211077e-01,9.979797416703211077e-01
5.985005467706665527e-01,5.985005467706665527e-01
-1.736637030492584888e-01,-1.736637030492584333e-01
-7.799121094484194883e-01,-7.799121094484194883e-01
-9.986895596871678826e-01,-9.986895596871677716e-01
-8.639720937716465210e-01,-8.639720937716466320e-01
-4.246619377284309715e-01,-4.246619377284310826e-01
2.479396412695579199e-01,2.479396412695578922e-01
8.629219935248625406e-01,8.629219935248626516e-01
9.466593960839758681e-01,9.466593960839758681e-01
3.756229522806051602e-01,3.756229522806051602e-01
-3.938687280158634785e-01,-3.938687280158633675e-01
-8.881741547966592876e-01,-8.881741547966592876e-01
-9.919831208428078195e-01,-9.919831208428078195e-01
-7.611769164802530963e-01,-7.611769164802530963e-01
-2.372966648516769972e-01,-2.372966648516770249e-01
4.626961078416069739e-01,4.626961078416069739e-01
9.629396095790083709e-01,9.629396095790083709e-01
8.295006376852286367e-01,8.295006376852287477e-01
1.346272445574862031e-01,1.346272445574861476e-01
-5.853840595870342112e-01,-5.853840595870341001e-01
-9.591708822823026281e-01,-9.591708822823025171e-01
-9.546866934744256961e-01,-9.546866934744258071e-01
-6.308567576269393795e-01,-6.308567576269393795e-01
-3.140788080237399971e-02,-3.140788080237397195e-02
6.599646829456661257e-01,6.599646829456662367e-01
9.999315379419382310e-01,9.999315379419382310e-01
6.562885901965225255e-01,6.562885901965224145e-01
-1.068117187804368262e-01,-1.068117187804367707e-01
-7.420144297293804758e-01,-7.420144297293803648e-01
-9.947243307529205492e-01,-9.947243307529204381e-01
-8.881992571683827720e-01,-8.881992571683826609e-01
-4.740590461416194779e-01,-4.740590461416194779e-01
1.854052492083776427e-01,1.854052492083776704e-01
8.242130537701589654e-01,8.242130537701589654e-01
9.683103137805142424e-01,9.683103137805142424e-01
4.419554370280864841e-01,4.419554370280863731e-01
-3.335097894397768270e-01,-3.335097894397768270e-01
-8.611001011838959052e-01,-8.611001011838960162e-01
-9.970968736745760008e-01,-9.970968736745760008e-01
-7.933852142823497600e-01,-7.933852142823496489e-01
-2.929778823486630657e-01,-2.929778823486630657e-01
4.024639454734310062e-01,4.024639454734308952e-01
9.403975070469000608e-01,9.403975070469001718e-01
8.692354911465809408e-01,8.692354911465808298e-01
2.042695996071094422e-01,2.042695996071094422e-01
-5.340270387870855728e-01,-5.340270387870856839e-01
-9.425972911208195804e-01,-9.425972911208195804e-01
-9.683714099853826252e-01,-9.683714099853825141e-01
-6.708535549895445760e-01,-6.708535549895446870e-01
-9.173733083461899085e-02,-9.173733083461896309e-02
6.062831712133269768e-01,6.062831712133268658e-01
9.962391053388793827e-01,9.962391053388794937e-01
7.107018793166430815e-01,7.107018793166431925e-01
-3.873225145790465396e-02,-3.873225145790465396e-02
-7.010354565221714740e-01,-7.010354565221714740e-01
-9.880518145217760395e-01,-9.880518145217760395e-01
-9.101158254772195866e-01,-9.101158254772195866e-01
-5.214617138426171916e-01,-5.214617138426173026e-01
1.229090416540523645e-01,1.229090416540523922e-01
7.815631951649527620e-01,7.815631951649526510e-01
9.844110455910841662e-01,9.844110455910841662e-01
5.063801947464922071e-01,5.063801947464920961e-01
-2.709873332127612500e-01,-2.709873332127612500e-01
-8.309477649008042421e-01,-8.309477649008042421e-01
-9.996754632479387670e-01,-9.996754632479386560e-01
-8.233294464724251194e-01,-8.233294464724251194e-01
-3.469967796829036555e-01,-3.469967796829036000e-01
3.411629619805469082e-01,3.411629619805469082e-01
9.128979779752146584e-01,9.128979779752146584e-01
9.040802820278897034e-01,9.040802820278895924e-01
2.734909647094521112e-01,2.734909647094520557e-01
-4.799108493929984398e-01,-4.799108493929983843e-01
-9.230774756144545234e-01,-9.230774756144546345e-01
-9.796492713319377987e-01,-9.796492713319377987e-01
-7.086519619686136862e-01,-7.086519619686136862e-01
-1.509529881841514820e-01,-1.509529881841515098e-01
5.502730291396875639e-01,5.502730291396875639e-01
9.869811184025445439e-01,9.869811184025445439e-01
