-1.000000000000000000e+00,-1.000000000000000000e+00
-7.482724207401169059e-01,-7.482724207401167948e-01
-1.799641562109562942e-01,-1.799641562109562942e-01
-2.036737331861737665e-02,-2.036737331861737665e-02
-3.702482167310196526e-01,-3.702482167310197081e-01
-7.736415915489034401e-01,-7.736415915489034401e-01
-9.945998866529022209e-01,-9.945998866529022209e-01
-8.206691146829702133e-01,-8.206691146829702133e-01
-2.596918364388413614e-01,-2.596918364388413059e-01
-1.728175539498277846e-03,-1.728175539498333357e-03
-3.026292271740887996e-01,-3.026292271740887996e-01
-7.182580650903600539e-01,-7.182580650903600539e-01
-9.794242215069315360e-01,-9.794242215069315360e-01
-8.815292397049980799e-01,-8.815292397049980799e-01
-3.477335109158308235e-01,-3.477335109158308790e-01
1.410373610127135802e-03,1.410373610127191313e-03
-2.372068712443818339e-01,-2.372068712443818894e-01
-6.592377827491284759e-01,-6.592377827491285869e-01
-9.553548029651345308e-01,-9.553548029651344198e-01
-9.299179724316288809e-01,-9.299179724316287698e-01
-4.403950873194574234e-01,-4.403950873194573679e-01
-1.203933334377976783e-02,-1.203933334377976783e-02
-1.757964252242439351e-01,-1.757964252242439629e-01
-5.971382224583396958e-01,-5.971382224583396958e-01
-9.236275565793107267e-01,-9.236275565793106157e-01
-9.650362492194152209e-01,-9.650362492194153319e-01
-5.345682966767921762e-01,-5.345682966767922872e-01
-4.166332306654230155e-02,-4.166332306654230155e-02
-1.209103502579629286e-01,-1.209103502579628731e-01
-5.323845668770589290e-01,-5.323845668770590400e-01
-8.852644720814860646e-01,-8.852644720814859536e-01
-9.874229900969495599e-01,-9.874229900969495599e-01
-6.254505047266736284e-01,-6.254505047266736284e-01
-8.844459096637641293e-02,-8.844459096637635742e-02
-7.362759285846498525e-02,-7.362759285846498525e-02
-4.663339818804085879e-01,-4.663339818804085324e-01
-8.409578209876671373e-01,-8.409578209876671373e-01
-9.973088443191222563e-01,-9.973088443191223673e-01
-7.111038784441583438e-01,-7.111038784441583438e-01
-1.489677812813969826e-01,-1.489677812813970381e-01
-3.773991540680005086e-02,-3.773991540680005086e-02
-3.989949993569766318e-01,-3.989949993569766318e-01
-7.919447675681561272e-01,-7.919447675681561272e-01
-9.957745573444051201e-01,-9.957745573444052312e-01
-7.873168416489643162e-01,-7.873168416489642052e-01
-2.235112338215691219e-01,-2.235112338215690941e-01
-1.317575685252853068e-02,-1.317575685252853068e-02
-3.327659691344824200e-01,-3.327659691344823645e-01
-7.382675145996697719e-01,-7.382675145996697719e-01
-9.839282834789598864e-01,-9.839282834789598864e-01
-8.532549891637450923e-01,-8.532549891637450923e-01
-3.065442146348962837e-01,-3.065442146348962282e-01
-4.190543697453752436e-03,-4.190543697453752436e-03
-2.674612676865034677e-01,-2.674612676865034677e-01
-6.814261744486517225e-01,-6.814261744486516115e-01
-9.627052783224181454e-01,-9.627052783224180343e-01
-9.064951483780867569e-01,-9.064951483780867569e-01
-3.972026356328527963e-01,-3.972026356328527408e-01
-9.397249196658463699e-03,-9.397249196658408188e-03
-2.064335836200908436e-01,-2.064335836200908159e-01
-6.210208009888621428e-01,-6.210208009888621428e-01
-9.337092582553412345e-01,-9.337092582553411235e-01
-9.469752064588539131e-01,-9.469752064588539131e-01
-4.895505583770147218e-01,-4.895505583770147218e-01
-3.212700859394995723e-02,-3.212700859394990172e-02
-1.496539885453885832e-01,-1.496539885453885832e-01
-5.587792634509992640e-01,-5.587792634509992640e-01
-8.974704196762348651e-01,-8.974704196762349762e-01
-9.743067052326682687e-01,-9.743067052326682687e-01
-5.816266800131909553e-01,-5.816266800131909553e-01
-6.990021085144015878e-02,-6.990021085144021429e-02
-1.008839699920787147e-01,-1.008839699920786592e-01
-4.943096687178762383e-01,-4.943096687178762938e-01
-8.556466067475970716e-01,-8.556466067475970716e-01
-9.888762632549633613e-01,-9.888762632549633613e-01
-6.687923401102178200e-01,-6.687923401102178200e-01
-1.237115799430772434e-01,-1.237115799430772434e-01
-6.062078051847419324e-02,-6.062078051847419324e-02
-4.294249714682691343e-01,-4.294249714682691899e-01
-8.084783399055422981e-01,-8.084783399055422981e-01
-9.917537699377797500e-01,-9.917537699377796390e-01
-7.485742565229438483e-01,-7.485742565229438483e-01
-1.905560013490132376e-01,-1.905560013490132931e-01
-3.203472612439478562e-02,-3.203472612439478562e-02
-3.643228797250284701e-01,-3.643228797250284146e-01
-7.573057951196512372e-01,-7.573057951196512372e-01
-9.836009566768005863e-01,-9.836009566768005863e-01
-8.185362679016187082e-01,-8.185362679016185972e-01
-2.684241408842085175e-01,-2.684241408842084620e-01
-1.634328088883851837e-02,-1.634328088883851837e-02
-3.006573929744160711e-01,-3.006573929744160711e-01
-7.024204698808237390e-01,-7.024204698808238501e-01
-9.660267053374667068e-01,-9.660267053374667068e-01
-8.765487567341088138e-01,-8.765487567341088138e-01
-3.544609625194120039e-01,-3.544609625194120039e-01
-1.493620540569268185e-02,-1.493620540569268185e-02
-2.397608649838330885e-01,-2.397608649838330608e-01
-6.446118498523146778e-01,-6.446118498523146778e-01
-9.399313076353322804e-01,-9.399313076353321694e-01
-9.222376139201144962e-01,-9.222376139201144962e-01
-4.442187460380440100e-01,-4.442187460380440656e-01
