-1.000000000000000000e+00,-1.000000000000000000e+00
-7.220091952882030650e-01,-7.220091952882029540e-01
-1.928323062930204501e-01,-1.928323062930204501e-01
-6.116530821152876829e-03,-6.116530821152932340e-03
-3.242866627345887265e-01,-3.242866627345887265e-01
-8.123570480671266081e-01,-8.123570480671264971e-01
-9.870816355393916552e-01,-9.870816355393916552e-01
-6.548658270009719562e-01,-6.548658270009718452e-01
-1.950035591640926214e-01,-1.950035591640925936e-01
1.210686880416478317e-03,1.210686880416533828e-03
-2.972079486742672527e-01,-2.972079486742672527e-01
-8.174484680386198132e-01,-8.174484680386198132e-01
-9.872131643982408056e-01,-9.872131643982409166e-01
-6.642257043138749539e-01,-6.642257043138749539e-01
-1.652220200229512770e-01,-1.652220200229513047e-01
-8.170722633264071444e-03,-8.170722633264071444e-03
-3.638346025867096323e-01,-3.638346025867096323e-01
-8.136835109278975908e-01,-8.136835109278975908e-01
-9.994336956835221386e-01,-9.994336956835220276e-01
-7.210151934217462477e-01,-7.210151934217461367e-01
-2.418111859155389065e-01,-2.418111859155389343e-01
2.558491075567936868e-03,2.558491075567992379e-03
-2.133911381730457246e-01,-2.133911381730457524e-01
-6.639712138802355001e-01,-6.639712138802356112e-01
-9.937983356087037867e-01,-9.937983356087038977e-01
-7.942965078817335600e-01,-7.942965078817336710e-01
-3.266799614059892609e-01,-3.266799614059892609e-01
-1.676098786014446063e-02,-1.676098786014446063e-02
-1.108165730484726996e-01,-1.108165730484726996e-01
-5.990648687912615289e-01,-5.990648687912614179e-01
-9.753096817786369721e-01,-9.753096817786368611e-01
-8.813561368432495380e-01,-8.813561368432496490e-01
-4.713242692667090061e-01,-4.713242692667090061e-01
-6.604204127438367822e-02,-6.604204127438367822e-02
-4.968778794097167273e-02,-4.968778794097167273e-02
-4.812626536524084453e-01,-4.812626536524084453e-01
-9.198556534699435794e-01,-9.198556534699435794e-01
-9.592782399421274642e-01,-9.592782399421273531e-01
-5.761065611196193315e-01,-5.761065611196193315e-01
-1.451193494386081584e-01,-1.451193494386081584e-01
-2.056752561695246451e-02,-2.056752561695240900e-02
-3.833026524708727512e-01,-3.833026524708728067e-01
-8.264756863182939339e-01,-8.264756863182938229e-01
-9.878086009539507328e-01,-9.878086009539508439e-01
-6.413206406883988908e-01,-6.413206406883987798e-01
-1.938480061738233062e-01,-1.938480061738233617e-01
2.966148797112211355e-04,2.966148797112766466e-04
-2.374781897598333691e-01,-2.374781897598333691e-01
-7.072296908242068358e-01,-7.072296908242068358e-01
-9.994345167699142385e-01,-9.994345167699142385e-01
-7.847124998369847670e-01,-7.847124998369847670e-01
-3.099493273222200251e-01,-3.099493273222199696e-01
-1.274365453658349301e-02,-1.274365453658343750e-02
-1.559657379700679636e-01,-1.559657379700679636e-01
-6.049351248077703413e-01,-6.049351248077704524e-01
-9.823541011448599924e-01,-9.823541011448599924e-01
-8.868426046015911446e-01,-8.868426046015912556e-01
-3.955321226846873484e-01,-3.955321226846872928e-01
-3.974185990002243596e-02,-3.974185990002243596e-02
-7.802347261990738581e-02,-7.802347261990738581e-02
-5.560266335042767238e-01,-5.560266335042767238e-01
-9.372236830116783546e-01,-9.372236830116783546e-01
-9.180423997576993012e-01,-9.180423997576991901e-01
-4.688507896524973240e-01,-4.688507896524973240e-01
-8.394420407064062672e-02,-8.394420407064062672e-02
-3.250956896545931230e-02,-3.250956896545931230e-02
-4.615536513065350288e-01,-4.615536513065350288e-01
-9.284457330188738977e-01,-9.284457330188738977e-01
-9.435217313039634401e-01,-9.435217313039633291e-01
-5.693650977309197003e-01,-5.693650977309197003e-01
-1.358679724391671506e-01,-1.358679724391671506e-01
-2.296070752898377032e-02,-2.296070752898377032e-02
-3.654605653431692303e-01,-3.654605653431692858e-01
-8.469639578106601396e-01,-8.469639578106600286e-01
-9.958605747721673840e-01,-9.958605747721673840e-01
-7.467120469488837120e-01,-7.467120469488837120e-01
-2.506985140070247531e-01,-2.506985140070248086e-01
2.125980641544400473e-03,2.125980641544400473e-03
-2.512020277764577814e-01,-2.512020277764578369e-01
-7.199331882316974962e-01,-7.199331882316974962e-01
-9.968644524703250687e-01,-9.968644524703249576e-01
-7.742375171906450415e-01,-7.742375171906450415e-01
-2.986698462735356552e-01,-2.986698462735356552e-01
-4.536359401650480461e-03,-4.536359401650424950e-03
-1.479068998930610501e-01,-1.479068998930610501e-01
-5.932944622790135014e-01,-5.932944622790133904e-01
-9.543588985230132549e-01,-9.543588985230131438e-01
-9.346558754968693483e-01,-9.346558754968694593e-01
-5.528037509246582770e-01,-5.528037509246582770e-01
-1.063266862129670920e-01,-1.063266862129670920e-01
-1.692113338248013577e-02,-1.692113338248008025e-02
-3.868365457105583105e-01,-3.868365457105582550e-01
-8.804479270548365433e-01,-8.804479270548364322e-01
-9.840599830537946069e-01,-9.840599830537946069e-01
-6.928354441587681878e-01,-6.928354441587680768e-01
-1.788546731724212635e-01,-1.788546731724212357e-01
-1.052947644297141938e-03,-1.052947644297197449e-03
-2.482906090085261197e-01,-2.482906090085261752e-01
-7.200930332766063424e-01,-7.200930332766062314e-01
-9.924851528293746616e-01,-9.924851528293746616e-01
-7.976611368911826760e-01,-7.976611368911825650e-01
