-1.000000000000000000e+00,-1.000000000000000000e+00
-7.335259004976559805e-01,-7.335259004976560915e-01
-5.618492868196933721e-02,-5.618492868196936496e-02
6.718345078017273764e-01,6.718345078017273764e-01
9.932749475616184931e-01,9.932749475616184931e-01
8.217807618129133740e-01,8.217807618129133740e-01
2.993147034422019015e-01,2.993147034422019015e-01
-3.960423326361166563e-01,-3.960423326361166563e-01
-8.895592504547555901e-01,-8.895592504547554791e-01
-9.661632517486200555e-01,-9.661632517486200555e-01
-5.519424842142262033e-01,-5.519424842142262033e-01
8.730679347699360493e-02,8.730679347699366044e-02
7.344967604632814950e-01,7.344967604632814950e-01
9.999922155754519260e-01,9.999922155754519260e-01
7.069873577733314374e-01,7.069873577733314374e-01
5.707724833301985878e-02,5.707724833301983103e-02
-5.695072347247441824e-01,-5.695072347247441824e-01
-9.716574381231748436e-01,-9.716574381231749546e-01
-9.104912727584822951e-01,-9.104912727584822951e-01
-4.089718258690510089e-01,-4.089718258690510644e-01
2.399617633950683615e-01,2.399617633950683893e-01
7.914967902464686844e-01,7.914967902464687954e-01
9.998482722939252554e-01,9.998482722939252554e-01
7.088662239539150756e-01,7.088662239539151866e-01
2.220343376092936971e-02,2.220343376092931420e-02
-6.189865338488282909e-01,-6.189865338488281798e-01
-9.757543472910538140e-01,-9.757543472910538140e-01
-8.423818636532943716e-01,-8.423818636532943716e-01
-2.356847003275613917e-01,-2.356847003275613917e-01
4.989812882141723138e-01,4.989812882141723693e-01
9.386409617409352535e-01,9.386409617409352535e-01
9.115934783327679369e-01,9.115934783327679369e-01
3.616214097904943969e-01,3.616214097904943969e-01
-4.061501575621984106e-01,-4.061501575621984661e-01
-9.139979704437669605e-01,-9.139979704437669605e-01
-9.510031323278268500e-01,-9.510031323278269610e-01
-4.791120902105184820e-01,-4.791120902105184265e-01
2.712375247257884925e-01,2.712375247257884370e-01
8.704482519139796759e-01,8.704482519139795649e-01
9.653602743572311518e-01,9.653602743572311518e-01
5.341390876679175115e-01,5.341390876679175115e-01
-2.022451489242830247e-01,-2.022451489242829414e-01
-7.838956134059105185e-01,-7.838956134059105185e-01
-9.986372224884545457e-01,-9.986372224884545457e-01
-7.176280697645310847e-01,-7.176280697645310847e-01
-6.022789741052414492e-02,-6.022789741052420043e-02
6.004792942810290857e-01,6.004792942810290857e-01
9.888325667974811051e-01,9.888325667974811051e-01
8.701553286484238203e-01,8.701553286484237093e-01
3.142230399021779808e-01,3.142230399021779252e-01
-3.829572692635477282e-01,-3.829572692635476727e-01
-8.814891984643565825e-01,-8.814891984643566936e-01
-9.844737423995049141e-01,-9.844737423995049141e-01
-6.071845385984477872e-01,-6.071845385984478982e-01
3.274689200618707829e-02,3.274689200618713381e-02
6.739708900195380270e-01,6.739708900195380270e-01
9.959526006604406678e-01,9.959526006604406678e-01
8.029533667603607761e-01,8.029533667603608871e-01
1.460839325672335098e-01,1.460839325672334543e-01
-5.698174284486663410e-01,-5.698174284486662300e-01
-9.584858910276290445e-01,-9.584858910276289334e-01
-9.050668493219757860e-01,-9.050668493219756749e-01
-3.889469292481044227e-01,-3.889469292481044782e-01
3.058843634297705449e-01,3.058843634297705449e-01
8.790694498162610060e-01,8.790694498162607839e-01
9.867862182568183371e-01,9.867862182568183371e-01
6.691928893538663381e-01,6.691928893538663381e-01
-3.139986880451250961e-03,-3.139986880451250961e-03
-6.877212785753725743e-01,-6.877212785753725743e-01
-9.964516665181930577e-01,-9.964516665181931687e-01
-7.725038742732911468e-01,-7.725038742732911468e-01
-1.742888806331010509e-01,-1.742888806331011065e-01
5.002404919290139862e-01,5.002404919290139862e-01
9.437895649578870172e-01,9.437895649578871282e-01
9.314820688725270470e-01,9.314820688725271580e-01
4.164285754746417378e-01,4.164285754746416823e-01
-3.274052777751121912e-01,-3.274052777751121357e-01
-8.864037397856696643e-01,-8.864037397856695533e-01
-9.571051658643010551e-01,-9.571051658643010551e-01
-5.145081923453728168e-01,-5.145081923453727057e-01
2.265306116453846830e-01,2.265306116453847385e-01
8.366764735694303123e-01,8.366764735694303123e-01
9.786909879089573661e-01,9.786909879089572550e-01
5.958510867706691139e-01,5.958510867706690028e-01
-2.946418384251958678e-02,-2.946418384251967004e-02
-7.181883510682882665e-01,-7.181883510682882665e-01
-9.975595751681237688e-01,-9.975595751681236578e-01
-8.352608619553538727e-01,-8.352608619553539837e-01
-2.698672743760694437e-01,-2.698672743760694992e-01
4.436975202480450964e-01,4.436975202480450964e-01
9.326718679424159664e-01,9.326718679424159664e-01
9.459642602209556994e-01,9.459642602209555884e-01
5.264996109609769714e-01,5.264996109609769714e-01
-1.855399169254442482e-01,-1.855399169254442482e-01
-7.935851086489636996e-01,-7.935851086489636996e-01
-9.955787873083112860e-01,-9.955787873083112860e-01
-6.950407536969572808e-01,-6.950407536969571698e-01
-9.184346080675231949e-02,-9.184346080675229174e-02
5.342029925144237135e-01,5.342029925144236024e-01
9.772276665962380537e-01,9.772276665962380537e-01
8.371756711576893162e-01,8.371756711576894272e-01
