-1.000000000000000000e+00,-1.000000000000000000e+00
-6.837124004899215457e-01,-6.837124004899215457e-01
1.118744676229141977e-01,1.118744676229141977e-01
7.757263702142955797e-01,7.757263702142956907e-01
9.988844524580928752e-01,9.988844524580929862e-01
8.620581001794139775e-01,8.620581001794140885e-01
3.709104953938618388e-01,3.709104953938618388e-01
-4.081544408596960438e-01,-4.081544408596960993e-01
-9.601342826905048256e-01,-9.601342826905048256e-01
-8.716806261722891414e-01,-8.716806261722891414e-01
-3.935042374976753798e-01,-3.935042374976753798e-01
1.729650830450670806e-01,1.729650830450670529e-01
7.271902800282715740e-01,7.271902800282716850e-01
9.996996179470862831e-01,9.996996179470862831e-01
6.291528977037991188e-01,6.291528977037990078e-01
-1.326851927454714697e-01,-1.326851927454714697e-01
-7.224398680468320233e-01,-7.224398680468322453e-01
-9.834286627121753277e-01,-9.834286627121753277e-01
-9.043144771842125396e-01,-9.043144771842126506e-01
-3.610244652545193667e-01,-3.610244652545193111e-01
4.723226637115682247e-01,4.723226637115682802e-01
9.690660178379854051e-01,9.690660178379855161e-01
9.021587314751219333e-01,9.021587314751220443e-01
5.119300229938005264e-01,5.119300229938005264e-01
-7.107591941511182121e-02,-7.107591941511187672e-02
-7.242770542657711585e-01,-7.242770542657710475e-01
-9.957019868862254652e-01,-9.957019868862255763e-01
-5.932314968095846464e-01,-5.932314968095847574e-01
8.207378074800164569e-02,8.207378074800159018e-02
6.278222926566648932e-01,6.278222926566648932e-01
9.566239959988593888e-01,9.566239959988592778e-01
9.125554667876817350e-01,9.125554667876818460e-01
3.018981678309264338e-01,3.018981678309264893e-01
-5.201346663031086726e-01,-5.201346663031085615e-01
-9.597669197418963183e-01,-9.597669197418963183e-01
-9.479267530568125100e-01,-9.479267530568125100e-01
-6.126862043803396052e-01,-6.126862043803396052e-01
3.565529623233282264e-02,3.565529623233287815e-02
7.610593189394864178e-01,7.610593189394863067e-01
9.879301204912755985e-01,9.879301204912757095e-01
6.088111598999796925e-01,6.088111598999796925e-01
3.099805453437848302e-02,3.099805453437848302e-02
-5.227728204836017412e-01,-5.227728204836017412e-01
-9.404836137086833858e-01,-9.404836137086833858e-01
-8.931255049006968649e-01,-8.931255049006968649e-01
-2.361317023243503233e-01,-2.361317023243503233e-01
5.167003108425644031e-01,5.167003108425644031e-01
9.259835005301676469e-01,9.259835005301676469e-01
9.817962447416344052e-01,9.817962447416342942e-01
6.637298969116351977e-01,6.637298969116351977e-01
-6.936686697912763933e-02,-6.936686697912769484e-02
-8.054691285931792066e-01,-8.054691285931793177e-01
-9.861946766461968661e-01,-9.861946766461968661e-01
-6.778463155371518001e-01,-6.778463155371516891e-01
-1.653177829020431866e-01,-1.653177829020431866e-01
4.523159867888343344e-01,4.523159867888342789e-01
9.473396748322160388e-01,9.473396748322160388e-01
8.582634608253917330e-01,8.582634608253917330e-01
2.120590487221185594e-01,2.120590487221185316e-01
-4.496309804216078732e-01,-4.496309804216078176e-01
-8.668776961609375720e-01,-8.668776961609374609e-01
-9.952899596322219988e-01,-9.952899596322221099e-01
-6.587918794825706748e-01,-6.587918794825706748e-01
1.397880339425965346e-01,1.397880339425964791e-01
8.269974402888675691e-01,8.269974402888675691e-01
9.945566395686858963e-01,9.945566395686860073e-01
7.687117956057504253e-01,7.687117956057504253e-01
2.685647819936566316e-01,2.685647819936565761e-01
-4.447333394084882485e-01,-4.447333394084881930e-01
-9.666334494381667586e-01,-9.666334494381667586e-01
-8.324993542066930763e-01,-8.324993542066931873e-01
-2.573467336096755265e-01,-2.573467336096755265e-01
3.329294584201041296e-01,3.329294584201041296e-01
8.033969930286875005e-01,8.033969930286875005e-01
9.973355283299289997e-01,9.973355283299288887e-01
6.119006023157700369e-01,6.119006023157701479e-01
-1.963906933886317430e-01,-1.963906933886316875e-01
-8.092517531078361470e-01,-8.092517531078361470e-01
-9.998829266731679155e-01,-9.998829266731679155e-01
-8.419599222815679074e-01,-8.419599222815677964e-01
-3.067217413026536166e-01,-3.067217413026536166e-01
4.910811106382707569e-01,4.910811106382708124e-01
9.811412836860978759e-01,9.811412836860979869e-01
8.408000708175316085e-01,8.408000708175314974e-01
3.622435687816957239e-01,3.622435687816957794e-01
-2.077848937931494611e-01,-2.077848937931495166e-01
-7.691845348633166157e-01,-7.691845348633166157e-01
-9.933673354284450197e-01,-9.933673354284449086e-01
-5.555567582413125649e-01,-5.555567582413126759e-01
1.965693086610376117e-01,1.965693086610376117e-01
7.470350836769573677e-01,7.470350836769574787e-01
9.888988384753891747e-01,9.888988384753891747e-01
8.778415501671468224e-01,8.778415501671469334e-01
2.777514571230351725e-01,2.777514571230351725e-01
-5.524725042316092072e-01,-5.524725042316092072e-01
-9.838928958448101003e-01,-9.838928958448101003e-01
-8.844755317399084493e-01,-8.844755317399084493e-01
-4.845899225952305378e-01,-4.845899225952304823e-01
1.244381447909883032e-01,1.244381447909883032e-01
7.799000541317256952e-01,7.799000541317258062e-01
9.824882868636589661e-01,9.824882868636588551e-01
