-1.000000000000000000e+00,-1.000000000000000000e+00
-7.705231933403363653e-01,-7.705231933403363653e-01
-2.300165601286893180e-01,-2.300165601286892902e-01
-7.873177053253188618e-03,-7.873177053253188618e-03
-4.197890553696977389e-01,-4.197890553696977389e-01
-9.023445590691745455e-01,-9.023445590691744345e-01
-9.754307170480815969e-01,-9.754307170480815969e-01
-7.015229882487479252e-01,-7.015229882487479252e-01
-3.011679150861503729e-01,-3.011679150861503174e-01
-1.486867119931978287e-02,-1.486867119931978287e-02
-1.424471345710591752e-01,-1.424471345710592307e-01
-6.849652241091745974e-01,-6.849652241091745974e-01
-9.996181309292289097e-01,-9.996181309292287986e-01
-6.748225765071181881e-01,-6.748225765071180771e-01
-1.798359995533651556e-01,-1.798359995533651001e-01
1.477651008653546594e-03,1.477651008653602105e-03
-1.700022587130624596e-01,-1.700022587130624041e-01
-5.588238909585616643e-01,-5.588238909585617753e-01
-9.364085988152451856e-01,-9.364085988152451856e-01
-9.187990878965166530e-01,-9.187990878965165420e-01
-3.965519669861874985e-01,-3.965519669861874985e-01
-2.239587433152778750e-03,-2.239587433152778750e-03
-2.263643061441330540e-01,-2.263643061441330540e-01
-7.085426732703805630e-01,-7.085426732703804520e-01
-9.825308390996169150e-01,-9.825308390996169150e-01
-9.254725435056121441e-01,-9.254725435056120331e-01
-5.776152781799406277e-01,-5.776152781799407387e-01
-1.293347643453329199e-01,-1.293347643453329199e-01
-3.344301471106941870e-02,-3.344301471106941870e-02
-5.122437410365348054e-01,-5.122437410365348054e-01
-9.719391827105450243e-01,-9.719391827105450243e-01
-8.589087101426831072e-01,-8.589087101426831072e-01
-4.192226684071893028e-01,-4.192226684071893583e-01
-7.624184778142312213e-02,-7.624184778142312213e-02
-1.453999801251198987e-02,-1.453999801251193436e-02
-2.938338026956767157e-01,-2.938338026956767712e-01
-7.846254759692132819e-01,-7.846254759692132819e-01
-9.899725358559710031e-01,-9.899725358559710031e-01
-5.724029222386850524e-01,-5.724029222386849414e-01
-6.671368546335648686e-02,-6.671368546335648686e-02
-6.619737231402711419e-02,-6.619737231402705868e-02
-4.376396075674009456e-01,-4.376396075674008901e-01
-8.238883481349339455e-01,-8.238883481349340565e-01
-9.996868695561613727e-01,-9.996868695561613727e-01
-8.114486546701147329e-01,-8.114486546701148439e-01
-3.034254261928672203e-01,-3.034254261928671648e-01
3.678743638216463996e-03,3.678743638216408485e-03
-3.368997740727002199e-01,-3.368997740727002199e-01
-8.669028654028169134e-01,-8.669028654028169134e-01
-9.814344794725174959e-01,-9.814344794725174959e-01
-7.009282063922168682e-01,-7.009282063922168682e-01
-3.023545895053147414e-01,-3.023545895053147969e-01
-2.279271966164858609e-02,-2.279271966164858609e-02
-1.021635343996213363e-01,-1.021635343996212808e-01
-6.000458924746185918e-01,-6.000458924746185918e-01
-9.937651167421328591e-01,-9.937651167421327481e-01
-7.452057212520544205e-01,-7.452057212520545315e-01
-2.152114171586948510e-01,-2.152114171586948788e-01
2.048472478680951614e-03,2.048472478680951614e-03
-1.722101689877211794e-01,-1.722101689877212072e-01
-5.519723915343959231e-01,-5.519723915343959231e-01
-9.175814498949342868e-01,-9.175814498949341758e-01
-9.532980336978447156e-01,-9.532980336978446045e-01
-4.897304139133231704e-01,-4.897304139133232259e-01
-2.408601936132898080e-02,-2.408601936132898080e-02
-1.710457172420251637e-01,-1.710457172420251915e-01
-6.773944232750552796e-01,-6.773944232750552796e-01
-9.810944141176781708e-01,-9.810944141176781708e-01
-9.241941896513398147e-01,-9.241941896513398147e-01
-5.917847705537131464e-01,-5.917847705537131464e-01
-1.633598943578276064e-01,-1.633598943578276064e-01
-9.684279868831302540e-03,-9.684279868831247029e-03
-4.164358808972144499e-01,-4.164358808972144499e-01
-9.360674352669565712e-01,-9.360674352669565712e-01
-8.968743274532126053e-01,-8.968743274532127163e-01
-4.425351232055398931e-01,-4.425351232055398376e-01
-7.615281120997180464e-02,-7.615281120997186015e-02
-1.474823083368037580e-02,-1.474823083368043131e-02
-2.728512942400552754e-01,-2.728512942400553309e-01
-7.352002965896569098e-01,-7.352002965896569098e-01
-9.998046845760972801e-01,-9.998046845760972801e-01
-6.654113484670638456e-01,-6.654113484670640677e-01
-1.130531965735684929e-01,-1.130531965735684374e-01
-4.360278798884992257e-02,-4.360278798884992257e-02
-4.232607993778662037e-01,-4.232607993778662037e-01
-8.256655092020858122e-01,-8.256655092020858122e-01
-9.994804788824129815e-01,-9.994804788824129815e-01
-8.370889227550800671e-01,-8.370889227550800671e-01
-3.680306688119784897e-01,-3.680306688119785452e-01
-3.582079690814532480e-03,-3.582079690814587991e-03
-2.509242027602395786e-01,-2.509242027602395786e-01
-8.148842413117353134e-01,-8.148842413117353134e-01
-9.900935322194744925e-01,-9.900935322194746036e-01
-7.071154556354450893e-01,-7.071154556354450893e-01
-3.000413323241096775e-01,-3.000413323241097330e-01
-2.652161813084619180e-02,-2.652161813084619180e-02
-7.736940147061682760e-02,-7.736940147061682760e-02
-5.228362303740488048e-01,-5.228362303740488048e-01
-9.700486369904960382e-01,-9.700486369904961492e-01
-8.187812559759303221e-01,-8.187812559759303221e-01
-2.672164499195273102e-01,-2.672164499195273657e-01
