-1.000000000000000000e+00,-1.000000000000000000e+00
-7.131844977302284061e-01,-7.131844977302284061e-01
-1.568172387603639084e-01,-1.568172387603639362e-01
4.088113242132848657e-01,4.088113242132849212e-01
8.817233076061894437e-01,8.817233076061894437e-01
9.528784210781986452e-01,9.528784210781986452e-01
3.852872349851060307e-01,3.852872349851059752e-01
-3.902533883016611194e-01,-3.902533883016611194e-01
-8.704164479663911713e-01,-8.704164479663910603e-01
-9.979784691060847868e-01,-9.979784691060848978e-01
-7.628516186358367257e-01,-7.628516186358367257e-01
-8.750820902104811116e-02,-8.750820902104808341e-02
7.018952721467517364e-01,7.018952721467516254e-01
9.997658356006495772e-01,9.997658356006495772e-01
7.668263834241788590e-01,7.668263834241788590e-01
2.883328805812975792e-01,2.883328805812975792e-01
-3.240960212821751840e-01,-3.240960212821751840e-01
-8.863540780380306794e-01,-8.863540780380307904e-01
-9.288145102322103996e-01,-9.288145102322105107e-01
-3.531896716170338513e-01,-3.531896716170338513e-01
3.292579102476181352e-01,3.292579102476181907e-01
7.975494220166581272e-01,7.975494220166581272e-01
9.992131132626442813e-01,9.992131132626442813e-01
7.660679253001946298e-01,7.660679253001947409e-01
1.960381345574796486e-02,1.960381345574802037e-02
-7.338511768529898394e-01,-7.338511768529897283e-01
-9.995938345600715591e-01,-9.995938345600716701e-01
-8.426449148296100145e-01,-8.426449148296099034e-01
-3.951870825276405652e-01,-3.951870825276405652e-01
3.046402413165235634e-01,3.046402413165235634e-01
9.134818631802468225e-01,9.134818631802468225e-01
9.068238027505246546e-01,9.068238027505246546e-01
3.852185323729560573e-01,3.852185323729560018e-01
-2.123591005052504754e-01,-2.123591005052504754e-01
-7.179260368848954244e-01,-7.179260368848954244e-01
-9.971189438094889557e-01,-9.971189438094889557e-01
-7.299013448645041979e-01,-7.299013448645041979e-01
4.348532770380153512e-02,4.348532770380156287e-02
7.210076630061856839e-01,7.210076630061856839e-01
9.900495304828978993e-01,9.900495304828980103e-01
9.048805630278664580e-01,9.048805630278664580e-01
4.423088625605565150e-01,4.423088625605565705e-01
-3.469107611868649799e-01,-3.469107611868650354e-01
-9.391939756744922541e-01,-9.391939756744923651e-01
-9.081946110000378436e-01,-9.081946110000378436e-01
-4.771531334161700499e-01,-4.771531334161700499e-01
8.070758825207746678e-02,8.070758825207746678e-02
6.696551548588629554e-01,6.696551548588629554e-01
9.990852102766689669e-01,9.990852102766689669e-01
6.791157829284413250e-01,6.791157829284413250e-01
-5.501335541134255713e-02,-5.501335541134252938e-02
-6.560947970771251470e-01,-6.560947970771251470e-01
-9.620702252074242455e-01,-9.620702252074241345e-01
-9.365043502796523978e-01,-9.365043502796523978e-01
-4.241971016885265899e-01,-4.241971016885266454e-01
4.138008236142795560e-01,4.138008236142795004e-01
9.475984212087680270e-01,9.475984212087680270e-01
9.373297282653362261e-01,9.373297282653363371e-01
5.908084224937102391e-01,5.908084224937103501e-01
1.382840770133364483e-02,1.382840770133361707e-02
-6.739918168554142053e-01,-6.739918168554144273e-01
-9.996105518081942476e-01,-9.996105518081943586e-01
-6.508431775190947066e-01,-6.508431775190947066e-01
-6.180918912046751146e-03,-6.180918912046751146e-03
5.512263131525700910e-01,5.512263131525700910e-01
9.276712253251870877e-01,9.276712253251870877e-01
9.397065598976614975e-01,9.397065598976613865e-01
3.629265400591581980e-01,3.629265400591582535e-01
-4.576906377003167048e-01,-4.576906377003166493e-01
-9.319708233653860585e-01,-9.319708233653859475e-01
-9.738314130859695439e-01,-9.738314130859694329e-01
-6.804949694343953581e-01,-6.804949694343953581e-01
-3.867792628160537927e-02,-3.867792628160543478e-02
7.173473862406561929e-01,7.173473862406560819e-01
9.963266330428807160e-01,9.963266330428808271e-01
6.733879547413403888e-01,6.733879547413402777e-01
1.251274076746590191e-01,1.251274076746590469e-01
-4.434129596149538610e-01,-4.434129596149538610e-01
-9.117417972292245487e-01,-9.117417972292244377e-01
-9.206647538703618405e-01,-9.206647538703617295e-01
-3.017963133188547586e-01,-3.017963133188547586e-01
4.448541034653262782e-01,4.448541034653262782e-01
8.865910263515585088e-01,8.865910263515586198e-01
9.951097576122307498e-01,9.951097576122307498e-01
7.205613278563514079e-01,7.205613278563512969e-01
-2.982931996444171396e-03,-2.982931996444199152e-03
-7.640702840693225362e-01,-7.640702840693225362e-01
-9.962469709565537901e-01,-9.962469709565536791e-01
-7.429557342500572314e-01,-7.429557342500572314e-01
-2.565211842516598728e-01,-2.565211842516598173e-01
3.785682527109990314e-01,3.785682527109989204e-01
9.235239184358811082e-01,9.235239184358809972e-01
8.901696360406203823e-01,8.901696360406203823e-01
2.869934960763677601e-01,2.869934960763677601e-01
-3.663331444691274030e-01,-3.663331444691274585e-01
-8.161379748667931811e-01,-8.161379748667930700e-01
-9.999058981241160105e-01,-9.999058981241158994e-01
-7.091994087982611550e-01,-7.091994087982611550e-01
7.503984744887659541e-02,7.503984744887662317e-02
7.824377434172729018e-01,7.824377434172729018e-01
9.998916146832874663e-01,9.998916146832874663e-01
