-1.000000000000000000e+00,-1.000000000000000000e+00
-7.686330550994961985e-01,-7.686330550994961985e-01
-2.659479951584733937e-01,-2.659479951584733382e-01
3.043414948352596294e-01,3.043414948352596294e-01
8.019995590589025225e-01,8.019995590589025225e-01
9.972076936358189592e-01,9.972076936358190702e-01
6.317372931707005979e-01,6.317372931707005979e-01
-1.800001046751903422e-01,-1.800001046751902867e-01
-8.558609949554371044e-01,-8.558609949554371044e-01
-9.753954232709403094e-01,-9.753954232709403094e-01
-6.323893798501181163e-01,-6.323893798501180052e-01
-9.328897057156276817e-02,-9.328897057156274042e-02
4.713041357857742364e-01,4.713041357857743474e-01
9.074198269236147807e-01,9.074198269236147807e-01
9.514510765977267637e-01,9.514510765977267637e-01
4.105905884450082866e-01,4.105905884450083421e-01
-4.294241668971301995e-01,-4.294241668971301440e-01
-9.553348151919583975e-01,-9.553348151919585085e-01
-9.069764875794921188e-01,-9.069764875794920078e-01
-4.790474496126119752e-01,-4.790474496126119752e-01
8.157072950567118008e-02,8.157072950567118008e-02
6.274542592029723753e-01,6.274542592029722643e-01
9.764258716820463091e-01,9.764258716820461981e-01
8.475118408457179564e-01,8.475118408457180674e-01
1.586402601848591054e-01,1.586402601848591054e-01
-6.464074595023833192e-01,-6.464074595023834302e-01
-9.978679014066578201e-01,-9.978679014066577091e-01
-8.034464779397890721e-01,-8.034464779397890721e-01
-3.144045315485246017e-01,-3.144045315485246572e-01
2.553703196122271146e-01,2.553703196122271146e-01
7.664780962023025612e-01,7.664780962023026722e-01
9.999646719391672711e-01,9.999646719391672711e-01
6.870535699323772061e-01,6.870535699323772061e-01
-1.052639742855684957e-01,-1.052639742855684957e-01
-8.169702802872932379e-01,-8.169702802872932379e-01
-9.872615690791262111e-01,-9.872615690791263221e-01
-6.733495813163413724e-01,-6.733495813163412613e-01
-1.429873736658735517e-01,-1.429873736658735517e-01
4.244646570297708754e-01,4.244646570297708754e-01
8.806090776482531357e-01,8.806090776482530247e-01
9.703968249743381014e-01,9.703968249743382124e-01
4.776609333111253575e-01,4.776609333111253575e-01
-3.607347101664447608e-01,-3.607347101664447608e-01
-9.327840844813855004e-01,-9.327840844813853893e-01
-9.304945048995977297e-01,-9.304945048995978407e-01
-5.242401072760255465e-01,-5.242401072760256575e-01
3.157420639927954742e-02,3.157420639927963069e-02
5.842833190498371021e-01,5.842833190498371021e-01
9.609665243442200300e-01,9.609665243442200300e-01
8.831555437828795263e-01,8.831555437828795263e-01
2.327224523111757759e-01,2.327224523111757759e-01
-5.886364531365534392e-01,-5.886364531365534392e-01
-9.913779768737553955e-01,-9.913779768737553955e-01
-8.360977472756834228e-01,-8.360977472756835338e-01
-3.623137950107985228e-01,-3.623137950107985228e-01
2.060209365969093986e-01,2.060209365969093709e-01
7.289319203409903025e-01,7.289319203409903025e-01
9.983671769420594533e-01,9.983671769420593423e-01
7.383379676996553176e-01,7.383379676996553176e-01
-2.983131257941984416e-02,-2.983131257941987191e-02
-7.735728211641059726e-01,-7.735728211641058616e-01
-9.953500074501544503e-01,-9.953500074501543393e-01
-7.127665474414381919e-01,-7.127665474414380808e-01
-1.924314531829359742e-01,-1.924314531829360575e-01
3.768764544583660392e-01,3.768764544583660392e-01
8.510435953708418433e-01,8.510435953708417323e-01
9.846049936023336668e-01,9.846049936023337779e-01
5.418003575263180549e-01,5.418003575263181659e-01
-2.897706373181424544e-01,-2.897706373181424544e-01
-9.055301431123731204e-01,-9.055301431123731204e-01
-9.509400486365907623e-01,-9.509400486365907623e-01
-5.683950668047177412e-01,-5.683950668047177412e-01
-1.843031725216459638e-02,-1.843031725216459638e-02
5.398835052924785272e-01,5.398835052924785272e-01
9.419946867151469672e-01,9.419946867151468561e-01
9.140624023310289781e-01,9.140624023310289781e-01
3.053518554018750386e-01,3.053518554018750386e-01
-5.273234864800480093e-01,-5.273234864800480093e-01
-9.804062109664466451e-01,-9.804062109664466451e-01
-8.663924216039433635e-01,-8.663924216039433635e-01
-4.095801273369491513e-01,-4.095801273369491513e-01
1.563833629724444840e-01,1.563833629724444840e-01
6.895542282448966498e-01,6.895542282448967608e-01
9.925770031165912499e-01,9.925770031165912499e-01
7.853621682293958628e-01,7.853621682293956408e-01
4.581773581926318339e-02,4.581773581926321115e-02
-7.258127086889285540e-01,-7.258127086889284429e-01
-9.994765196701397292e-01,-9.994765196701398402e-01
-7.504743913273625999e-01,-7.504743913273625999e-01
-2.415426909394178256e-01,-2.415426909394177701e-01
3.286554248921234045e-01,3.286554248921235155e-01
8.189384523593673526e-01,8.189384523593673526e-01
9.941512375233990673e-01,9.941512375233991783e-01
6.026495006515423247e-01,6.026495006515423247e-01
-2.169591493032319018e-01,-2.169591493032319018e-01
-8.735822803866245545e-01,-8.735822803866245545e-01
-9.681061153647806394e-01,-9.681061153647806394e-01
-6.113798249343194158e-01,-6.113798249343193048e-01
-6.836821205612031438e-02,-6.836821205612036989e-02
4.944044194477325016e-01,4.944044194477324461e-01
9.197242209059812712e-01,9.197242209059813822e-01
