-1.000000000000000000e+00,-1.000000000000000000e+00
-6.758788868779818104e-01,-6.758788868779818104e-01
-1.578585884335219625e-01,-1.578585884335219625e-01
-3.822700473998574822e-03,-3.822700473998574822e-03
-2.273086411221838521e-01,-2.273086411221837966e-01
-6.201876637859538022e-01,-6.201876637859538022e-01
-9.523970274156817739e-01,-9.523970274156816629e-01
-9.167930605593839211e-01,-9.167930605593839211e-01
-4.128592742527064652e-01,-4.128592742527064652e-01
-5.097478113047893000e-03,-5.097478113047837489e-03
-2.327142514743762991e-01,-2.327142514743762991e-01
-7.433707591341158771e-01,-7.433707591341159882e-01
-9.952771094015159248e-01,-9.952771094015159248e-01
-8.839016559224968095e-01,-8.839016559224969205e-01
-5.228140677525352498e-01,-5.228140677525353608e-01
-1.132816023919045456e-01,-1.132816023919045456e-01
-3.272642747162540777e-02,-3.272642747162546328e-02
-4.942518789181354344e-01,-4.942518789181354899e-01
-9.686077721271183494e-01,-9.686077721271184604e-01
-8.471425789224782399e-01,-8.471425789224782399e-01
-3.719927550766174429e-01,-3.719927550766174429e-01
-4.391969610348994690e-02,-4.391969610348994690e-02
-3.674173487588539011e-02,-3.674173487588533460e-02
-3.382051437142814532e-01,-3.382051437142813977e-01
-7.973332849714650505e-01,-7.973332849714650505e-01
-9.919680445410505865e-01,-9.919680445410505865e-01
-5.906458185983979314e-01,-5.906458185983980425e-01
-6.844276084928568871e-02,-6.844276084928568871e-02
-8.047765633826081677e-02,-8.047765633826081677e-02
-4.937618039077476539e-01,-4.937618039077476539e-01
-8.746497134638659965e-01,-8.746497134638659965e-01
-9.976585960894991389e-01,-9.976585960894990279e-01
-7.809370661115361267e-01,-7.809370661115361267e-01
-2.983476302837843597e-01,-2.983476302837843042e-01
3.288236026223412267e-03,3.288236026223412267e-03
-3.225201952513525594e-01,-3.225201952513525594e-01
-8.701148757075639617e-01,-8.701148757075638507e-01
-9.702495406033401215e-01,-9.702495406033401215e-01
-6.419710453905964620e-01,-6.419710453905965730e-01
-2.390270003763421691e-01,-2.390270003763421414e-01
-8.998999514283734236e-03,-8.998999514283734236e-03
-1.205322789263752470e-01,-1.205322789263753025e-01
-5.985331624827867625e-01,-5.985331624827868735e-01
-9.906904736364300357e-01,-9.906904736364299247e-01
-7.551174848206786416e-01,-7.551174848206786416e-01
-2.041373197089887404e-01,-2.041373197089887681e-01
-2.026864482967960512e-04,-2.026864482967960512e-04
-2.267840466174612657e-01,-2.267840466174612102e-01
-6.203384756347221085e-01,-6.203384756347221085e-01
-9.427435284251263203e-01,-9.427435284251263203e-01
-9.453065575933066178e-01,-9.453065575933066178e-01
-4.988971065694314255e-01,-4.988971065694313700e-01
-3.114041156849989278e-02,-3.114041156849989278e-02
-1.671058837809276110e-01,-1.671058837809275832e-01
-6.994681568060068244e-01,-6.994681568060068244e-01
-9.928503691545897958e-01,-9.928503691545897958e-01
-8.825040286511163234e-01,-8.825040286511162124e-01
-5.271562911267557716e-01,-5.271562911267557716e-01
-1.347765771999601681e-01,-1.347765771999601681e-01
-1.265840049828231839e-02,-1.265840049828226288e-02
-4.028187177304068944e-01,-4.028187177304068944e-01
-9.278118268854410600e-01,-9.278118268854410600e-01
-8.954350245353286386e-01,-8.954350245353286386e-01
-4.092751260754592391e-01,-4.092751260754592391e-01
-4.694491720621546405e-02,-4.694491720621546405e-02
-3.802838796619983919e-02,-3.802838796619978368e-02
-3.278675233269656153e-01,-3.278675233269656153e-01
-7.621131635702683704e-01,-7.621131635702682594e-01
-9.998225037415161554e-01,-9.998225037415160443e-01
-6.819359392260936348e-01,-6.819359392260937458e-01
-1.217368545115961598e-01,-1.217368545115961598e-01
-4.871765398906846567e-02,-4.871765398906852118e-02
-4.660990970594877103e-01,-4.660990970594876548e-01
-8.731555529958940909e-01,-8.731555529958940909e-01
-9.974824243752135056e-01,-9.974824243752135056e-01
-7.969833226568915352e-01,-7.969833226568916462e-01
-3.482740756819204808e-01,-3.482740756819204253e-01
-5.511644602470777698e-03,-5.511644602470833210e-03
-2.355053210051722967e-01,-2.355053210051722690e-01
-8.092764794119156058e-01,-8.092764794119156058e-01
-9.855123389861913941e-01,-9.855123389861913941e-01
-6.588735217123715682e-01,-6.588735217123716792e-01
-2.380721006962278063e-01,-2.380721006962277786e-01
-9.169101085207131963e-03,-9.169101085207131963e-03
-1.029582612692001575e-01,-1.029582612692001575e-01
-5.346440148039769413e-01,-5.346440148039770524e-01
-9.655856497267926164e-01,-9.655856497267925054e-01
-8.321429171810523773e-01,-8.321429171810523773e-01
-2.672362654050707831e-01,-2.672362654050707831e-01
1.679708657237599656e-03,1.679708657237599656e-03
-2.177774483646111037e-01,-2.177774483646110759e-01
-6.235516415684650982e-01,-6.235516415684649871e-01
-9.384016802451267125e-01,-9.384016802451267125e-01
-9.617464752126394512e-01,-9.617464752126393401e-01
-5.732245484515955392e-01,-5.732245484515956502e-01
-7.255783538541421551e-02,-7.255783538541427102e-02
-1.050075367393130121e-01,-1.050075367393129566e-01
-6.370804072438966958e-01,-6.370804072438966958e-01
-9.868881828920604837e-01,-9.868881828920604837e-01
-8.849989700360690881e-01,-8.849989700360690881e-01
-5.248471580880561538e-01,-5.248471580880561538e-01
