-1.000000000000000000e+00,-1.000000000000000000e+00
-7.154975737906281719e-01,-7.154975737906281719e-01
-4.892572180397658510e-02,-4.892572180397664061e-02
6.046358381191161424e-01,6.046358381191160314e-01
9.763284187754877053e-01,9.763284187754877053e-01
8.595919314590849680e-01,8.595919314590848570e-01
3.351417107350596059e-01,3.351417107350596059e-01
-3.080348026419171270e-01,-3.080348026419170715e-01
-8.540696553842750394e-01,-8.540696553842749283e-01
-9.789903231267507167e-01,-9.789903231267507167e-01
-5.412590193002485561e-01,-5.412590193002485561e-01
1.695577827098090351e-01,1.695577827098090906e-01
7.857150908121369737e-01,7.857150908121370847e-01
9.997678607641481419e-01,9.997678607641482529e-01
7.710291350816721456e-01,7.710291350816721456e-01
2.035265151634777503e-01,2.035265151634777503e-01
-5.438048099395226265e-01,-5.438048099395226265e-01
-9.614319007061375988e-01,-9.614319007061375988e-01
-9.166331731418034812e-01,-9.166331731418034812e-01
-3.578710055039124871e-01,-3.578710055039124871e-01
4.156428413692501711e-01,4.156428413692501711e-01
8.819701682552874011e-01,8.819701682552872901e-01
9.578206994936000473e-01,9.578206994936000473e-01
5.022592697395560357e-01,5.022592697395559247e-01
-2.380542417064049343e-01,-2.380542417064049066e-01
-8.314203145892130609e-01,-8.314203145892131719e-01
-9.858322246693211888e-01,-9.858322246693210777e-01
-6.789531825046346558e-01,-6.789531825046346558e-01
2.038220376515459398e-02,2.038220376515456622e-02
6.422045265252140922e-01,6.422045265252140922e-01
9.894625826817887715e-01,9.894625826817886605e-01
8.636253783932282824e-01,8.636253783932283934e-01
3.309838009123599600e-01,3.309838009123599045e-01
-3.779854754281017359e-01,-3.779854754281017915e-01
-9.253477010201980324e-01,-9.253477010201980324e-01
-9.601696974436499943e-01,-9.601696974436499943e-01
-5.504585367376373384e-01,-5.504585367376373384e-01
1.179434673725329175e-01,1.179434673725329452e-01
7.158256115205178238e-01,7.158256115205177128e-01
9.985112268180551531e-01,9.985112268180550421e-01
7.597207560751898514e-01,7.597207560751898514e-01
1.413415389323767757e-01,1.413415389323767757e-01
-5.185672400219762945e-01,-5.185672400219761835e-01
-9.516300920656779461e-01,-9.516300920656779461e-01
-9.374878233292628371e-01,-9.374878233292628371e-01
-5.208519758531655608e-01,-5.208519758531655608e-01
1.910535697976645242e-01,1.910535697976644964e-01
8.229599077301281707e-01,8.229599077301280596e-01
9.921862707885453769e-01,9.921862707885454880e-01
6.462919247946565804e-01,6.462919247946565804e-01
-1.223506568110810377e-02,-1.223506568110815929e-02
-6.779791562678953998e-01,-6.779791562678955108e-01
-9.945285607100660119e-01,-9.945285607100660119e-01
-7.927022192540899015e-01,-7.927022192540899015e-01
-1.880960156200281452e-01,-1.880960156200281452e-01
4.638254061072958900e-01,4.638254061072958345e-01
9.550964444589755686e-01,9.550964444589755686e-01
9.104716527842853235e-01,9.104716527842853235e-01
3.846504373887656425e-01,3.846504373887655870e-01
-2.703025374050344598e-01,-2.703025374050344043e-01
-8.087006711918969248e-01,-8.087006711918968138e-01
-9.928534525298278179e-01,-9.928534525298278179e-01
-7.177702966811361218e-01,-7.177702966811361218e-01
-8.933455040357596300e-02,-8.933455040357596300e-02
6.176478346611754544e-01,6.176478346611753434e-01
9.755512618352463194e-01,9.755512618352462084e-01
8.649704912529282419e-01,8.649704912529282419e-01
2.827575960082470696e-01,2.827575960082470696e-01
-3.618309782032593791e-01,-3.618309782032593791e-01
-9.057216393747704597e-01,-9.057216393747704597e-01
-9.422645721233844363e-01,-9.422645721233845473e-01
-4.483140432982070100e-01,-4.483140432982068990e-01
2.816446745673619745e-01,2.816446745673619745e-01
8.538071757862396582e-01,8.538071757862395472e-01
9.711598607108729020e-01,9.711598607108729020e-01
6.196148574865303349e-01,6.196148574865303349e-01
-1.154823890850911194e-01,-1.154823890850911472e-01
-6.936616792132835885e-01,-6.936616792132834775e-01
-9.980825031238504952e-01,-9.980825031238503842e-01
-8.056971123022275139e-01,-8.056971123022275139e-01
-1.662860745753330649e-01,-1.662860745753330649e-01
5.018733421468878353e-01,5.018733421468877243e-01
9.375773640821951638e-01,9.375773640821952748e-01
9.489893276028749103e-01,9.489893276028749103e-01
4.570179363750505042e-01,4.570179363750505042e-01
-2.107082732908501788e-01,-2.107082732908501510e-01
-7.953136995158217593e-01,-7.953136995158218703e-01
-9.939520998491206960e-01,-9.939520998491205850e-01
-6.211701419234266774e-01,-6.211701419234267885e-01
6.323050343952840713e-02,6.323050343952849039e-02
7.331166896454064386e-01,7.331166896454065496e-01
9.953356996777913412e-01,9.953356996777914523e-01
8.317752027242646395e-01,8.317752027242646395e-01
1.959324416979021377e-01,1.959324416979021377e-01
-4.934741919201363070e-01,-4.934741919201363070e-01
-9.580591242159963716e-01,-9.580591242159964827e-01
-9.310091347687445840e-01,-9.310091347687446950e-01
-4.499267430288700353e-01,-4.499267430288700353e-01
3.036767105187698212e-01,3.036767105187698768e-01
8.918983968993858813e-01,8.918983968993859923e-01
9.712405531646418622e-01,9.712405531646418622e-01
