-1.000000000000000000e+00,-1.000000000000000000e+00
-7.489849247750026695e-01,-7.489849247750025585e-01
-2.934764036951589827e-01,-2.934764036951590382e-01
-5.505404200049635044e-03,-5.505404200049690555e-03
-1.425024194162815006e-01,-1.425024194162815006e-01
-5.978807663397964767e-01,-5.978807663397964767e-01
-9.611526370068033120e-01,-9.611526370068032010e-01
-9.001816664429773684e-01,-9.001816664429773684e-01
-4.393705195967751442e-01,-4.393705195967751442e-01
-6.385014194477939276e-02,-6.385014194477933724e-02
-8.269383205582075957e-02,-8.269383205582075957e-02
-4.919272917051814020e-01,-4.919272917051813465e-01
-9.299436281126814974e-01,-9.299436281126814974e-01
-9.111388053925129071e-01,-9.111388053925130182e-01
-5.193062364889116100e-01,-5.193062364889116100e-01
-5.562199401443279623e-02,-5.562199401443279623e-02
-7.048458111154592975e-02,-7.048458111154592975e-02
-4.726416676479328061e-01,-4.726416676479328061e-01
-8.900322153612555409e-01,-8.900322153612556519e-01
-9.597935893092385262e-01,-9.597935893092384152e-01
-5.431162808157952160e-01,-5.431162808157952160e-01
-1.258205469016017708e-01,-1.258205469016017708e-01
-2.167934341526239761e-02,-2.167934341526239761e-02
-3.858500355285941485e-01,-3.858500355285940930e-01
-8.342177759407284343e-01,-8.342177759407284343e-01
-9.802237306888136326e-01,-9.802237306888137436e-01
-6.721724189084608003e-01,-6.721724189084609113e-01
-2.236813127838443993e-01,-2.236813127838443716e-01
-1.456429143664339509e-03,-1.456429143664339509e-03
-1.575890444599757911e-01,-1.575890444599757911e-01
-6.149584111991719393e-01,-6.149584111991719393e-01
-9.681963756529341492e-01,-9.681963756529340381e-01
-8.399803490340939094e-01,-8.399803490340939094e-01
-3.830309620500195189e-01,-3.830309620500195744e-01
-1.532612720395398753e-02,-1.532612720395404304e-02
-1.459209790400572415e-01,-1.459209790400572415e-01
-6.429025586067376175e-01,-6.429025586067376175e-01
-9.720970438128918589e-01,-9.720970438128919699e-01
-8.816621877051195044e-01,-8.816621877051196154e-01
-3.887859520410690828e-01,-3.887859520410690828e-01
-3.126643861761574383e-02,-3.126643861761574383e-02
-8.356176107190110836e-02,-8.356176107190110836e-02
-4.803566929343665026e-01,-4.803566929343665026e-01
-9.003669882867589846e-01,-9.003669882867589846e-01
-9.633730013561020433e-01,-9.633730013561020433e-01
-6.172762169408475552e-01,-6.172762169408474442e-01
-1.716766264158746114e-01,-1.716766264158745836e-01
2.577100633985196509e-03,2.577100633985252021e-03
-2.208683299862175264e-01,-2.208683299862175264e-01
-6.951101402338497603e-01,-6.951101402338495383e-01
-9.770369819257707089e-01,-9.770369819257707089e-01
-8.072045819100943653e-01,-8.072045819100943653e-01
-3.687505102364072584e-01,-3.687505102364073140e-01
-4.986511836659046626e-03,-4.986511836658991115e-03
-1.712222054317664721e-01,-1.712222054317664721e-01
-6.835411594727407447e-01,-6.835411594727408557e-01
-9.804281100694498541e-01,-9.804281100694498541e-01
-7.998107886646225184e-01,-7.998107886646226294e-01
-3.268762543990660907e-01,-3.268762543990660907e-01
-7.736705021774870072e-03,-7.736705021774925584e-03
-1.631795345648042184e-01,-1.631795345648041906e-01
-6.543183425865972680e-01,-6.543183425865972680e-01
-9.778697000717662124e-01,-9.778697000717663235e-01
-8.373711873063520716e-01,-8.373711873063520716e-01
-3.901885683777521208e-01,-3.901885683777520653e-01
-1.070613191878588832e-02,-1.070613191878588832e-02
-1.349530108168705556e-01,-1.349530108168705556e-01
-5.662253722252635901e-01,-5.662253722252634791e-01
-9.626937054972662944e-01,-9.626937054972662944e-01
-8.840817254108364054e-01,-8.840817254108365164e-01
-4.425681630126062083e-01,-4.425681630126062083e-01
-4.981180995083556162e-02,-4.981180995083556162e-02
-6.224171439263220806e-02,-6.224171439263220806e-02
-4.642344348935126819e-01,-4.642344348935126819e-01
-8.976456348088140968e-01,-8.976456348088140968e-01
-9.667709086465384738e-01,-9.667709086465384738e-01
-6.144013131284460361e-01,-6.144013131284460361e-01
-1.701534903591485071e-01,-1.701534903591484793e-01
-3.896442791673226935e-05,-3.896442791667675820e-05
-3.176479224281434366e-01,-3.176479224281433811e-01
-7.801953910007213278e-01,-7.801953910007214388e-01
-9.883699527657516803e-01,-9.883699527657515693e-01
-7.873533604249187690e-01,-7.873533604249188800e-01
-2.910686356709705769e-01,-2.910686356709705214e-01
-1.665775701771787798e-03,-1.665775701771843309e-03
-1.682656803225799913e-01,-1.682656803225800191e-01
-6.619006033745422624e-01,-6.619006033745422624e-01
-9.797653252276694591e-01,-9.797653252276695701e-01
-8.270302111686949065e-01,-8.270302111686947955e-01
-3.309621618425646616e-01,-3.309621618425646061e-01
-9.879840279930052205e-03,-9.879840279930052205e-03
-1.279736989634847055e-01,-1.279736989634846500e-01
-6.125245801542712476e-01,-6.125245801542713586e-01
-9.763792698025417494e-01,-9.763792698025416383e-01
-8.552050323919235808e-01,-8.552050323919236918e-01
-3.811687508108635436e-01,-3.811687508108635991e-01
-2.419178331263716064e-02,-2.419178331263721615e-02
-1.151123992851312838e-01,-1.151123992851313393e-01
-5.672129010307774832e-01,-5.672129010307774832e-01
-9.351923571630625931e-01,-9.351923571630625931e-01
-9.335374325437879595e-01,-9.335374325437878484e-01
