-1.000000000000000000e+00,-1.000000000000000000e+00
-7.456213400149602766e-01,-7.456213400149603876e-01
7.774879861579708784e-03,7.774879861579681029e-03
7.550765114595090477e-01,7.550765114595089367e-01
9.999308756307719870e-01,9.999308756307720980e-01
8.177556072750755689e-01,8.177556072750754579e-01
3.573711505537082722e-01,3.573711505537082722e-01
-3.353167115698046374e-01,-3.353167115698046374e-01
-9.242974677736914835e-01,-9.242974677736913725e-01
-8.934570591475099466e-01,-8.934570591475099466e-01
-3.488802862413582506e-01,-3.488802862413582506e-01
2.556450340735325621e-01,2.556450340735326177e-01
7.464253773099028821e-01,7.464253773099028821e-01
9.991048241711413258e-01,9.991048241711414368e-01
7.107048984932642366e-01,7.107048984932641256e-01
-7.316457041175650211e-02,-7.316457041175655762e-02
-7.466834426798768520e-01,-7.466834426798767410e-01
-9.952985162238678907e-01,-9.952985162238678907e-01
-8.858587717357686575e-01,-8.858587717357687685e-01
-4.107478561665090511e-01,-4.107478561665090511e-01
3.731424908774830240e-01,3.731424908774829685e-01
9.487257630710119738e-01,9.487257630710118628e-01
8.923144293912511626e-01,8.923144293912512737e-01
4.383524685041503277e-01,4.383524685041503277e-01
-1.239792861311952987e-01,-1.239792861311952987e-01
-6.961021094331596437e-01,-6.961021094331596437e-01
-9.999015075627224469e-01,-9.999015075627224469e-01
-6.581167636269880106e-01,-6.581167636269878995e-01
9.010851078435760941e-02,9.010851078435758166e-02
6.878848697198002293e-01,6.878848697198003403e-01
9.731563609052510389e-01,9.731563609052510389e-01
9.226926714938433749e-01,9.226926714938434859e-01
3.972721099489228691e-01,3.972721099489228691e-01
-4.389100310031481822e-01,-4.389100310031481822e-01
-9.578803424282259504e-01,-9.578803424282260615e-01
-9.218456595363272443e-01,-9.218456595363273554e-01
-5.543606674872113560e-01,-5.543606674872112450e-01
2.495977669206073113e-02,2.495977669206073113e-02
6.961874020906779759e-01,6.961874020906779759e-01
9.984670371478001627e-01,9.984670371478000517e-01
6.257126291155772346e-01,6.257126291155772346e-01
-3.487416460313624844e-02,-3.487416460313630395e-02
-5.879262853539685141e-01,-5.879262853539685141e-01
-9.418615207926585020e-01,-9.418615207926585020e-01
-9.284539517413386012e-01,-9.284539517413386012e-01
-3.372863489224893763e-01,-3.372863489224893208e-01
4.854504304753742283e-01,4.854504304753741728e-01
9.457027491210411307e-01,9.457027491210412418e-01
9.627154052925466221e-01,9.627154052925466221e-01
6.497978197373424081e-01,6.497978197373424081e-01
5.972635691524064150e-03,5.972635691524091905e-03
-7.362191811802946129e-01,-7.362191811802945018e-01
-9.932611374650848202e-01,-9.932611374650848202e-01
-6.442619164068995596e-01,-6.442619164068995596e-01
-8.091777954074275137e-02,-8.091777954074280688e-02
4.807617704831906313e-01,4.807617704831905758e-01
9.251643640725648599e-01,9.251643640725648599e-01
9.094663623706109590e-01,9.094663623706109590e-01
2.735578669388757378e-01,2.735578669388757933e-01
-4.780728196445195310e-01,-4.780728196445196421e-01
-9.061004965658235877e-01,-9.061004965658235877e-01
-9.899466047491222165e-01,-9.899466047491223275e-01
-6.956694628501248756e-01,-6.956694628501247646e-01
3.125156055702793534e-02,3.125156055702790758e-02
7.822707192060736059e-01,7.822707192060734949e-01
9.924691245203736134e-01,9.924691245203736134e-01
7.131683503461592188e-01,7.131683503461592188e-01
2.140706934190318989e-01,2.140706934190318711e-01
-4.121596548690951711e-01,-4.121596548690952266e-01
-9.342371164215702573e-01,-9.342371164215703683e-01
-8.770214556874809109e-01,-8.770214556874809109e-01
-2.534640464608857169e-01,-2.534640464608857724e-01
4.057303896070195703e-01,4.057303896070195703e-01
8.408762414110974026e-01,8.408762414110974026e-01
9.986692954623248575e-01,9.986692954623248575e-01
6.878931848241842673e-01,6.878931848241843783e-01
-1.025892607578148263e-01,-1.025892607578147986e-01
-8.028820937826609550e-01,-8.028820937826610660e-01
-9.984027956499265111e-01,-9.984027956499264000e-01
-7.998410473642976193e-01,-7.998410473642975083e-01
-3.129786073202351360e-01,-3.129786073202351360e-01
4.084385794525229318e-01,4.084385794525229874e-01
9.563939470364888340e-01,9.563939470364888340e-01
8.543708352952755769e-01,8.543708352952756879e-01
3.025128153695572641e-01,3.025128153695572641e-01
-2.851369498598942953e-01,-2.851369498598943508e-01
-7.743517632261280870e-01,-7.743517632261279759e-01
-9.994869425263605001e-01,-9.994869425263603890e-01
-6.410241362447217650e-01,-6.410241362447217650e-01
1.571125506737611754e-01,1.571125506737612587e-01
7.812760922506000183e-01,7.812760922506001293e-01
9.978578771404102987e-01,9.978578771404102987e-01
8.669138613751772304e-01,8.669138613751772304e-01
3.463157733359139012e-01,3.463157733359139012e-01
-4.580413597620025534e-01,-4.580413597620024979e-01
-9.728186297484280320e-01,-9.728186297484281431e-01
-8.644180472603808507e-01,-8.644180472603808507e-01
-4.083041082770943464e-01,-4.083041082770942909e-01
1.598646720761496276e-01,1.598646720761495998e-01
7.411040084800599725e-01,7.411040084800600836e-01
9.970072367404813063e-01,9.970072367404811953e-01
