-1.000000000000000000e+00,-1.000000000000000000e+00
-6.688795227730891524e-01,-6.688795227730891524e-01
-1.420321206746388287e-01,-1.420321206746388287e-01
-5.620265347175523729e-03,-5.620265347175523729e-03
-2.214868431997180087e-01,-2.214868431997179810e-01
-6.474732686960678052e-01,-6.474732686960679162e-01
-9.912819149037360722e-01,-9.912819149037360722e-01
-7.546584664566078349e-01,-7.546584664566079459e-01
-2.050029142278189109e-01,-2.050029142278188554e-01
6.406136675520812673e-04,6.406136675521367785e-04
-1.704759432195308566e-01,-1.704759432195309121e-01
-5.736978363964484462e-01,-5.736978363964483352e-01
-9.666119346559168823e-01,-9.666119346559168823e-01
-8.315453398128441753e-01,-8.315453398128441753e-01
-2.783235765903004366e-01,-2.783235765903003811e-01
-2.475415702750227709e-03,-2.475415702750172198e-03
-1.253942037178501501e-01,-1.253942037178501501e-01
-5.004804528632563754e-01,-5.004804528632564864e-01
-9.273436920292407182e-01,-9.273436920292407182e-01
-8.969630653640259244e-01,-8.969630653640260354e-01
-3.595588238078704091e-01,-3.595588238078704091e-01
-1.635223203864605290e-02,-1.635223203864605290e-02
-8.617245548419477652e-02,-8.617245548419477652e-02
-4.297039566250733245e-01,-4.297039566250733245e-01
-8.758548323972623617e-01,-8.758548323972622507e-01
-9.471389580012118392e-01,-9.471389580012117282e-01
-4.480884790075818080e-01,-4.480884790075818080e-01
-4.018352819395992759e-02,-4.018352819395998310e-02
-5.442234379732024951e-02,-5.442234379732024951e-02
-3.616044624457583345e-01,-3.616044624457583345e-01
-8.150792509066733249e-01,-8.150792509066733249e-01
-9.812677339734268145e-01,-9.812677339734268145e-01
-5.387480681837961694e-01,-5.387480681837961694e-01
-7.661398844883987591e-02,-7.661398844883987591e-02
-2.888261786278917276e-02,-2.888261786278917276e-02
-2.986716991665475662e-01,-2.986716991665475662e-01
-7.467141327207862389e-01,-7.467141327207861279e-01
-9.973569441581989770e-01,-9.973569441581989770e-01
-6.309644977019143175e-01,-6.309644977019142065e-01
-1.229588456135036201e-01,-1.229588456135036201e-01
-1.242902042925297934e-02,-1.242902042925303485e-02
-2.395956502461511484e-01,-2.395956502461512039e-01
-6.748185377850819400e-01,-6.748185377850818290e-01
-9.957949441571092297e-01,-9.957949441571091187e-01
-7.182752806599608242e-01,-7.182752806599608242e-01
-1.822508007527581242e-01,-1.822508007527580964e-01
-3.001854398416936576e-03,-3.001854398416881065e-03
-1.873050537803897519e-01,-1.873050537803897519e-01
-5.997837346778026602e-01,-5.997837346778026602e-01
-9.773901299227656381e-01,-9.773901299227655270e-01
-7.996990654058753201e-01,-7.996990654058753201e-01
-2.502113987898794689e-01,-2.502113987898794134e-01
-4.241657851539737401e-03,-4.241657851539737401e-03
-1.396741469681838099e-01,-1.396741469681838654e-01
-5.259509108708522174e-01,-5.259509108708522174e-01
-9.430384490945987741e-01,-9.430384490945986631e-01
-8.695553405710059192e-01,-8.695553405710059192e-01
-3.289547050839978781e-01,-3.289547050839978226e-01
-1.382045714354296351e-02,-1.382045714354301902e-02
-9.970730979056968701e-02,-9.970730979056968701e-02
-4.526409738520636439e-01,-4.526409738520636439e-01
-8.960058420758745257e-01,-8.960058420758746367e-01
-9.264125688974729211e-01,-9.264125688974729211e-01
-4.133807431885636596e-01,-4.133807431885636596e-01
-3.524344835547293942e-02,-3.524344835547299493e-02
-6.533290794299712045e-02,-6.533290794299717597e-02
-3.835909273714295242e-01,-3.835909273714294687e-01
-8.373201369939468064e-01,-8.373201369939468064e-01
-9.671036568845056136e-01,-9.671036568845056136e-01
-5.034643717822431253e-01,-5.034643717822431253e-01
-6.647118312578481625e-02,-6.647118312578481625e-02
-3.914716173102444907e-02,-3.914716173102444907e-02
-3.177981815871325222e-01,-3.177981815871325222e-01
-7.712904109815664766e-01,-7.712904109815665876e-01
-9.902939920027921117e-01,-9.902939920027922227e-01
-5.943505427022696130e-01,-5.943505427022696130e-01
-1.097120293042559425e-01,-1.097120293042559425e-01
-1.992972694735983819e-02,-1.992972694735978267e-02
-2.577510187343078352e-01,-2.577510187343077797e-01
-6.991177909914185751e-01,-6.991177909914185751e-01
-9.958331683133562207e-01,-9.958331683133563317e-01
-6.834572637757067026e-01,-6.834572637757068136e-01
-1.636327799121222726e-01,-1.636327799121222726e-01
-9.349122646753471599e-03,-9.349122646753416088e-03
-2.029428757344620138e-01,-2.029428757344619860e-01
-6.244959124084257240e-01,-6.244959124084258351e-01
-9.833824126466076399e-01,-9.833824126466076399e-01
-7.671358760356994377e-01,-7.671358760356994377e-01
-2.280475458254264676e-01,-2.280475458254264953e-01
-7.585833150712928408e-03,-7.585833150712928408e-03
-1.543277553160680715e-01,-1.543277553160680160e-01
-5.490547490698254318e-01,-5.490547490698254318e-01
-9.549248438926447591e-01,-9.549248438926447591e-01
-8.410968364393429653e-01,-8.410968364393429653e-01
-3.024161239412712643e-01,-3.024161239412712088e-01
-1.492117760167871454e-02,-1.492117760167871454e-02
-1.124835613914902388e-01,-1.124835613914902388e-01
-4.747474270757002235e-01,-4.747474270757002235e-01
-9.118462160051411525e-01,-9.118462160051411525e-01
-9.033583422924253981e-01,-9.033583422924253981e-01
-3.836221389940232540e-01,-3.836221389940232540e-01
