-1.000000000000000000e+00,-1.000000000000000000e+00
-6.807267798774763179e-01,-6.807267798774763179e-01
-1.298552859596545650e-01,-1.298552859596545650e-01
-1.865322179778317047e-02,-1.865322179778311495e-02
-2.875426093361974633e-01,-2.875426093361974078e-01
-6.937678353673815135e-01,-6.937678353673815135e-01
-9.922210031836747879e-01,-9.922210031836747879e-01
-7.661599078897931570e-01,-7.661599078897932680e-01
-1.962250989107892085e-01,-1.962250989107892640e-01
-3.532455283813684677e-03,-3.532455283813629165e-03
-2.318228204321987618e-01,-2.318228204321987063e-01
-6.279231097474187173e-01,-6.279231097474188283e-01
-9.704839247103560496e-01,-9.704839247103560496e-01
-8.414204111768425198e-01,-8.414204111768426309e-01
-2.737149568098092844e-01,-2.737149568098093400e-01
6.056763173957757651e-04,6.056763173957757651e-04
-1.800512303209387821e-01,-1.800512303209388376e-01
-5.614808994246897056e-01,-5.614808994246898166e-01
-9.360923548599882071e-01,-9.360923548599882071e-01
-9.040090623882178766e-01,-9.040090623882179877e-01
-3.597708885243387500e-01,-3.597708885243386945e-01
-7.542049431439157292e-03,-7.542049431439157292e-03
-1.329406458356500731e-01,-1.329406458356500176e-01
-4.955309964313889814e-01,-4.955309964313889259e-01
-8.913562087106865484e-01,-8.913562087106866594e-01
-9.510790015776371398e-01,-9.510790015776370288e-01
-4.525711376618991033e-01,-4.525711376618991033e-01
-2.786886200178173567e-02,-2.786886200178179118e-02
-9.209339713691455653e-02,-9.209339713691455653e-02
-4.305201641336700580e-01,-4.305201641336700580e-01
-8.385082232244043254e-01,-8.385082232244043254e-01
-9.822851416847677708e-01,-9.822851416847676598e-01
-5.467265170205591884e-01,-5.467265170205591884e-01
-6.281422643887318857e-02,-6.281422643887318857e-02
-5.714043209791985767e-02,-5.714043209791991318e-02
-3.682374075600581276e-01,-3.682374075600581831e-01
-7.791066420237771073e-01,-7.791066420237772183e-01
-9.965022052759811011e-01,-9.965022052759812121e-01
-6.408406894599201209e-01,-6.408406894599200099e-01
-1.097753562277595241e-01,-1.097753562277595241e-01
-3.117599763533912549e-02,-3.117599763533912549e-02
-3.078933148346502113e-01,-3.078933148346502668e-01
-7.160920629197754517e-01,-7.160920629197755627e-01
-9.946287418217149012e-01,-9.946287418217150123e-01
-7.284899702330422944e-01,-7.284899702330421833e-01
-1.714472296188395695e-01,-1.714472296188395140e-01
-1.284431828682863763e-02,-1.284431828682863763e-02
-2.520302908497170091e-01,-2.520302908497170091e-01
-6.497978378178398406e-01,-6.497978378178399517e-01
-9.778340854877185517e-01,-9.778340854877185517e-01
-8.085144681688982704e-01,-8.085144681688982704e-01
-2.429771984472405277e-01,-2.429771984472404722e-01
-6.275651753899602614e-03,-6.275651753899602614e-03
-1.991029636393022439e-01,-1.991029636393022439e-01
-5.834488807075391970e-01,-5.834488807075393080e-01
-9.472835685293621300e-01,-9.472835685293622410e-01
-8.757217347682589859e-01,-8.757217347682588748e-01
-3.260284459303878779e-01,-3.260284459303879334e-01
-9.424457742621128453e-03,-9.424457742621128453e-03
-1.521927510812887130e-01,-1.521927510812887130e-01
-5.163794912509229729e-01,-5.163794912509229729e-01
-9.059635137731307797e-01,-9.059635137731306687e-01
-9.291190935106278248e-01,-9.291190935106278248e-01
-4.145640426422363412e-01,-4.145640426422363412e-01
-2.641628883866964372e-02,-2.641628883866964372e-02
-1.096773266066426444e-01,-1.096773266066426444e-01
-4.516037397237721018e-01,-4.516037397237721018e-01
-8.547852424542343730e-01,-8.547852424542343730e-01
-9.663174286000477675e-01,-9.663174286000478785e-01
-5.081463286198524276e-01,-5.081463286198524276e-01
-5.497251075536474518e-02,-5.497251075536480069e-02
-7.470020726928794375e-02,-7.470020726928794375e-02
-3.881051041695529058e-01,-3.881051041695529058e-01
-7.973956807453106421e-01,-7.973956807453106421e-01
-9.866949266513956873e-01,-9.866949266513956873e-01
-6.011049671767574321e-01,-6.011049671767574321e-01
-9.776457217092543450e-02,-9.776457217092543450e-02
-4.629239581691058092e-02,-4.629239581691063643e-02
-3.282398453661460880e-01,-3.282398453661460325e-01
-7.344886623843542850e-01,-7.344886623843541740e-01
-9.908059763369890804e-01,-9.908059763369889694e-01
-6.907557947374942664e-01,-6.907557947374942664e-01
-1.527607116540941612e-01,-1.527607116540941612e-01
-2.697307255571940177e-02,-2.697307255571945728e-02
-2.714063103550426459e-01,-2.714063103550426459e-01
-6.691593836969719211e-01,-6.691593836969718101e-01
-9.788028700031695672e-01,-9.788028700031694562e-01
-7.731552837799884337e-01,-7.731552837799884337e-01
-2.198277263718305119e-01,-2.198277263718305397e-01
-1.701562251051319530e-02,-1.701562251051319530e-02
-2.189765480890819571e-01,-2.189765480890820126e-01
-6.022429649515393946e-01,-6.022429649515392835e-01
-9.530370545932709270e-01,-9.530370545932709270e-01
-8.444206721723909181e-01,-8.444206721723909181e-01
-2.974740895131127716e-01,-2.974740895131127161e-01
-1.753928595038672933e-02,-1.753928595038678484e-02
-1.714113525007026073e-01,-1.714113525007026351e-01
-5.354908955289534589e-01,-5.354908955289533479e-01
-9.147815564297440138e-01,-9.147815564297439028e-01
-9.028813745610991814e-01,-9.028813745610990704e-01
-3.822313022936216220e-01,-3.822313022936216775e-01
