-1.000000000000000000e+00,-1.000000000000000000e+00
-7.186546617013456206e-01,-7.186546617013457317e-01
4.597909584700132779e-02,4.597909584700132779e-02
7.896062847243296989e-01,7.896062847243296989e-01
9.889078323760134293e-01,9.889078323760134293e-01
6.518463119779758230e-01,6.518463119779757120e-01
9.077542831411306024e-02,9.077542831411311575e-02
-4.682735780845636020e-01,-4.682735780845635465e-01
-8.897630004552887772e-01,-8.897630004552888883e-01
-9.751751711462943728e-01,-9.751751711462944838e-01
-5.225496188236647965e-01,-5.225496188236646855e-01
3.057377712001686509e-01,3.057377712001685954e-01
9.188603922902637278e-01,9.188603922902636167e-01
9.298280801506942916e-01,9.298280801506941806e-01
4.911602554740676085e-01,4.911602554740674975e-01
-8.606747748224419237e-02,-8.606747748224424788e-02
-6.180806519710517755e-01,-6.180806519710517755e-01
-9.630595137521079652e-01,-9.630595137521078541e-01
-8.977115145338305791e-01,-8.977115145338305791e-01
-2.876301001575169991e-01,-2.876301001575169991e-01
5.437046298608652073e-01,5.437046298608652073e-01
9.876165652040158616e-01,9.876165652040158616e-01
8.282632787107924166e-01,8.282632787107924166e-01
3.189538930400475092e-01,3.189538930400474537e-01
-2.584064355924181045e-01,-2.584064355924181045e-01
-7.514428148153381448e-01,-7.514428148153380338e-01
-9.980796238973825840e-01,-9.980796238973826950e-01
-7.659612770129706760e-01,-7.659612770129705650e-01
-2.943876141058732188e-02,-2.943876141058732188e-02
7.421419222735670118e-01,7.421419222735669008e-01
9.966200253620842719e-01,9.966200253620842719e-01
6.945446036911119281e-01,6.945446036911119281e-01
1.416525981176214311e-01,1.416525981176213478e-01
-4.230852037408142086e-01,-4.230852037408141531e-01
-8.628645918547827032e-01,-8.628645918547828142e-01
-9.874673298863905213e-01,-9.874673298863905213e-01
-5.830993342592893924e-01,-5.830993342592893924e-01
2.328863538263189481e-01,2.328863538263189481e-01
8.879923523322952317e-01,8.879923523322951207e-01
9.514852481645603710e-01,9.514852481645603710e-01
5.385697795220113493e-01,5.385697795220113493e-01
-3.585792807255994141e-02,-3.585792807255996917e-02
-5.767465074951517723e-01,-5.767465074951517723e-01
-9.456863731356631719e-01,-9.456863731356632830e-01
-9.253917105618059136e-01,-9.253917105618058025e-01
-3.578892207047641438e-01,-3.578892207047640883e-01
4.790431351106073099e-01,4.790431351106072544e-01
9.742056760496179413e-01,9.742056760496180523e-01
8.610165040209071252e-01,8.610165040209071252e-01
3.689251263818025262e-01,3.689251263818025817e-01
-2.098115121841921393e-01,-2.098115121841921116e-01
-7.153149585944922340e-01,-7.153149585944922340e-01
-9.924248316655615021e-01,-9.924248316655615021e-01
-8.090598024727310156e-01,-8.090598024727309046e-01
-1.045115914601505436e-01,-1.045115914601504603e-01
6.903462235645863032e-01,6.903462235645863032e-01
9.998927795848688849e-01,9.998927795848687738e-01
7.354346901983050966e-01,7.354346901983050966e-01
1.925197926688273498e-01,1.925197926688273498e-01
-3.770020578236792375e-01,-3.770020578236791819e-01
-8.336369926285396303e-01,-8.336369926285397414e-01
-9.955393763463614709e-01,-9.955393763463613599e-01
-6.401572764370156987e-01,-6.401572764370156987e-01
1.587047229878369992e-01,1.587047229878369992e-01
8.522165988275033355e-01,8.522165988275033355e-01
9.694330767006977823e-01,9.694330767006976712e-01
5.848742291122082104e-01,5.848742291122082104e-01
1.464551085103416028e-02,1.464551085103418804e-02
-5.341872304851357223e-01,-5.341872304851358333e-01
-9.253683677188222489e-01,-9.253683677188221379e-01
-9.486144605254878126e-01,-9.486144605254879236e-01
-4.258222124635112626e-01,-4.258222124635112626e-01
4.115100560569124322e-01,4.115100560569124322e-01
9.558203921172967465e-01,9.558203921172967465e-01
8.909043055423779833e-01,8.909043055423779833e-01
4.183548153822458926e-01,4.183548153822459481e-01
-1.606647716087390432e-01,-1.606647716087390987e-01
-6.775420522011808000e-01,-6.775420522011805780e-01
-9.832021308896941036e-01,-9.832021308896941036e-01
-8.478320714939113767e-01,-8.478320714939113767e-01
-1.787688154908565474e-01,-1.787688154908566029e-01
6.344783250134645725e-01,6.344783250134644614e-01
9.985588463910187729e-01,9.985588463910188839e-01
7.742931083090586197e-01,7.742931083090586197e-01
2.432750750520553118e-01,2.432750750520552840e-01
-3.301058939824209060e-01,-3.301058939824209615e-01
-8.022450868252924971e-01,-8.022450868252924971e-01
-9.995103788403527645e-01,-9.995103788403527645e-01
-6.934706850933707312e-01,-6.934706850933707312e-01
8.366798092767852024e-02,8.366798092767854800e-02
8.116444898691324017e-01,8.116444898691325127e-01
9.834451424575458844e-01,9.834451424575457734e-01
6.298864139269126916e-01,6.298864139269126916e-01
6.536285237322225772e-02,6.536285237322228547e-02
-4.905053497173020305e-01,-4.905053497173020860e-01
-9.022855790910935259e-01,-9.022855790910934148e-01
-9.674148087711824662e-01,-9.674148087711824662e-01
-4.910545670465366608e-01,-4.910545670465366053e-01
3.415190647317447592e-01,3.415190647317447592e-01
9.324307788911374573e-01,9.324307788911374573e-01
9.176818379628872702e-01,9.176818379628872702e-01
