-1.000000000000000000e+00,-1.000000000000000000e+00
-7.562476912546562957e-01,-7.562476912546564067e-01
-1.498319450918805806e-01,-1.498319450918805806e-01
5.919951327675803121e-01,5.919951327675803121e-01
9.789217274623085441e-01,9.789217274623085441e-01
8.582782611484255364e-01,8.582782611484255364e-01
3.301475281412648011e-01,3.301475281412648011e-01
-3.264724598504216146e-01,-3.264724598504216146e-01
-8.984360879828836577e-01,-8.984360879828836577e-01
-9.773647169069328289e-01,-9.773647169069328289e-01
-5.682601478638125148e-01,-5.682601478638125148e-01
4.740197815000246617e-02,4.740197815000252168e-02
7.405066754953788521e-01,7.405066754953788521e-01
9.983289976285919520e-01,9.983289976285918410e-01
7.232328561101772912e-01,7.232328561101772912e-01
3.975972652665943352e-02,3.975972652665943352e-02
-6.502155068433406182e-01,-6.502155068433406182e-01
-9.928275094125045275e-01,-9.928275094125046385e-01
-8.227490696916783808e-01,-8.227490696916783808e-01
-2.434454696440455090e-01,-2.434454696440454813e-01
4.442208656895119678e-01,4.442208656895119678e-01
9.004781417981682079e-01,9.004781417981682079e-01
9.537150466664132686e-01,9.537150466664132686e-01
4.712063197579086649e-01,4.712063197579086649e-01
-2.323089201514269009e-01,-2.323089201514268454e-01
-8.471113691592542239e-01,-8.471113691592542239e-01
-9.756881626387131634e-01,-9.756881626387132744e-01
-5.771819387094748732e-01,-5.771819387094749843e-01
1.198936110029639734e-01,1.198936110029639734e-01
7.250081142556200620e-01,7.250081142556201730e-01
9.995971867949997591e-01,9.995971867949997591e-01
7.890213677849858831e-01,7.890213677849859941e-01
1.997607227420322706e-01,1.997607227420322984e-01
-4.399567358292412189e-01,-4.399567358292411634e-01
-9.182176473084860957e-01,-9.182176473084862067e-01
-9.297996154372591970e-01,-9.297996154372591970e-01
-4.193238005754087450e-01,-4.193238005754086895e-01
2.853102179730842569e-01,2.853102179730843124e-01
8.632192755428522712e-01,8.632192755428522712e-01
9.863607387890289679e-01,9.863607387890289679e-01
6.393827163612368913e-01,6.393827163612370024e-01
-8.113819945118522226e-02,-8.113819945118522226e-02
-7.173326475769321586e-01,-7.173326475769322697e-01
-9.958740441731066539e-01,-9.958740441731065429e-01
-7.767890805829366085e-01,-7.767890805829366085e-01
-1.264278711118225207e-01,-1.264278711118224929e-01
5.627650427687599377e-01,5.627650427687599377e-01
9.808588606343197069e-01,9.808588606343198180e-01
8.616707018110935090e-01,8.616707018110935090e-01
3.421177675186934941e-01,3.421177675186934941e-01
-4.259880317218699974e-01,-4.259880317218700529e-01
-9.219287532745297220e-01,-9.219287532745297220e-01
-9.650668242893492010e-01,-9.650668242893492010e-01
-5.257318566433298868e-01,-5.257318566433298868e-01
2.118105376776466819e-01,2.118105376776467375e-01
8.373941906836044335e-01,8.373941906836043225e-01
9.876544370147386509e-01,9.876544370147386509e-01
6.784356106919851026e-01,6.784356106919852136e-01
6.349763526278584536e-03,6.349763526278584536e-03
-6.849941076214216551e-01,-6.849941076214216551e-01
-9.943967827427954154e-01,-9.943967827427953043e-01
-8.315578431940965354e-01,-8.315578431940966464e-01
-2.246849990074951675e-01,-2.246849990074951953e-01
4.346920609348426945e-01,4.346920609348426945e-01
9.296686151408638521e-01,9.296686151408639631e-01
9.151833913954589006e-01,9.151833913954590116e-01
4.106943333906646343e-01,4.106943333906645788e-01
-3.232051604994354288e-01,-3.232051604994353733e-01
-8.943557585082800854e-01,-8.943557585082801964e-01
-9.476265386753774944e-01,-9.476265386753774944e-01
-4.855626355104274983e-01,-4.855626355104274428e-01
1.773348978735065362e-01,1.773348978735064807e-01
7.602178557401204628e-01,7.602178557401204628e-01
9.996086684065819128e-01,9.996086684065819128e-01
7.361704056432099019e-01,7.361704056432099019e-01
5.259754649662362613e-02,5.259754649662362613e-02
-6.399150907130957133e-01,-6.399150907130957133e-01
-9.758629019680826744e-01,-9.758629019680826744e-01
-8.554685382361781887e-01,-8.554685382361781887e-01
-2.432689664204567004e-01,-2.432689664204567281e-01
5.149443297361561145e-01,5.149443297361561145e-01
9.323631366116844621e-01,9.323631366116843511e-01
9.270345544205385035e-01,9.270345544205385035e-01
4.218782374046952111e-01,4.218782374046952111e-01
-2.389880964178704437e-01,-2.389880964178704437e-01
-8.366385036942699527e-01,-8.366385036942700637e-01
-9.781937757207390671e-01,-9.781937757207391781e-01
-6.435714429920800228e-01,-6.435714429920799118e-01
-6.259438552029150671e-03,-6.259438552029178426e-03
6.220688929536177803e-01,6.220688929536177803e-01
9.710659542051117699e-01,9.710659542051116588e-01
8.642498423549846986e-01,8.642498423549846986e-01
3.830630423823759290e-01,3.830630423823759845e-01
-2.623862743759476368e-01,-2.623862743759476368e-01
-8.526409330930837527e-01,-8.526409330930837527e-01
-9.731224989233384637e-01,-9.731224989233384637e-01
-5.343589022969453817e-01,-5.343589022969452706e-01
1.999729626098892266e-01,1.999729626098892266e-01
7.996844930656014094e-01,7.996844930656014094e-01
9.939595535703984464e-01,9.939595535703983353e-01
6.461450587035231230e-01,6.461450587035230120e-01
