-1.000000000000000000e+00,-1.000000000000000000e+00
-7.360603377563326166e-01,-7.360603377563325056e-01
2.826042323293254110e-02,2.826042323293262437e-02
7.633942053171620667e-01,7.633942053171621778e-01
9.999475665891472964e-01,9.999475665891472964e-01
8.227491947248763982e-01,8.227491947248763982e-01
3.591998659780916703e-01,3.591998659780916148e-01
-3.468980565254995430e-01,-3.468980565254994874e-01
-9.319088521857457064e-01,-9.319088521857458174e-01
-8.867793121737976847e-01,-8.867793121737976847e-01
-3.484331824388665066e-01,-3.484331824388664511e-01
2.473965790291557387e-01,2.473965790291557665e-01
7.439336580680731004e-01,7.439336580680732114e-01
9.994861783765081054e-01,9.994861783765081054e-01
6.964401333151263307e-01,6.964401333151262197e-01
-8.943638404779419293e-02,-8.943638404779416518e-02
-7.484080096491820822e-01,-7.484080096491820822e-01
-9.944936892739965062e-01,-9.944936892739963952e-01
-8.883016945340695969e-01,-8.883016945340695969e-01
-4.033549316023867792e-01,-4.033549316023868347e-01
3.910449081608546318e-01,3.910449081608546873e-01
9.541888743921695948e-01,9.541888743921695948e-01
8.901411164616302996e-01,8.901411164616304106e-01
4.447427844739378910e-01,4.447427844739380021e-01
-1.174374794422097246e-01,-1.174374794422097246e-01
-7.003111406203057498e-01,-7.003111406203057498e-01
-9.999906494781203303e-01,-9.999906494781203303e-01
-6.437591152548822748e-01,-6.437591152548822748e-01
9.709018879229491805e-02,9.709018879229494581e-02
6.835452949482461182e-01,6.835452949482461182e-01
9.713791740066589631e-01,9.713791740066589631e-01
9.212733860838568933e-01,9.212733860838568933e-01
3.815599083501884925e-01,3.815599083501884925e-01
-4.565880139570294149e-01,-4.565880139570294705e-01
-9.604837451586609731e-01,-9.604837451586609731e-01
-9.235912617283295045e-01,-9.235912617283295045e-01
-5.612484406936806280e-01,-5.612484406936806280e-01
2.646170505119965766e-02,2.646170505119965766e-02
7.072308205358897037e-01,7.072308205358898148e-01
9.971372008698933254e-01,9.971372008698932143e-01
6.168380656139720308e-01,6.168380656139720308e-01
-3.202105975830943363e-02,-3.202105975830946138e-02
-5.808905941656321570e-01,-5.808905941656321570e-01
-9.416734792764394069e-01,-9.416734792764394069e-01
-9.232700310721113635e-01,-9.232700310721112524e-01
-3.179065357845340389e-01,-3.179065357845340389e-01
4.970510686215648954e-01,4.970510686215648954e-01
9.453840234153116917e-01,9.453840234153116917e-01
9.650340862305439860e-01,9.650340862305438749e-01
6.516748866736145063e-01,6.516748866736143952e-01
-5.788054846416146315e-03,-5.788054846416118560e-03
-7.498569062774024241e-01,-7.498569062774023131e-01
-9.913926252896740898e-01,-9.913926252896740898e-01
-6.434548919707209214e-01,-6.434548919707208103e-01
-8.929275395864821885e-02,-8.929275395864819109e-02
4.770816958386908668e-01,4.770816958386908668e-01
9.287896122545923339e-01,9.287896122545923339e-01
9.010075275476955303e-01,9.010075275476955303e-01
2.574103377068585052e-01,2.574103377068585052e-01
-4.808811647847537341e-01,-4.808811647847537341e-01
-9.027838364160938323e-01,-9.027838364160937212e-01
-9.907339665732859402e-01,-9.907339665732859402e-01
-6.902750971530497992e-01,-6.902750971530497992e-01
5.035727663959055356e-02,5.035727663959052580e-02
7.934212868448857758e-01,7.934212868448858869e-01
9.917921986008345625e-01,9.917921986008344515e-01
7.179389917066626436e-01,7.179389917066625326e-01
2.208058548493208040e-01,2.208058548493208595e-01
-4.169488600178884452e-01,-4.169488600178884452e-01
-9.405141550265418982e-01,-9.405141550265417871e-01
-8.676441316956974292e-01,-8.676441316956974292e-01
-2.460794251458818249e-01,-2.460794251458818249e-01
4.006145642773105697e-01,4.006145642773106252e-01
8.366149147480382853e-01,8.366149147480382853e-01
9.985069350932620491e-01,9.985069350932620491e-01
6.757128364487102745e-01,6.757128364487101635e-01
-1.224150500318383350e-01,-1.224150500318383628e-01
-8.086885324423876975e-01,-8.086885324423876975e-01
-9.986253337133115249e-01,-9.986253337133116359e-01
-8.048754997042281145e-01,-8.048754997042280035e-01
-3.121065444905146702e-01,-3.121065444905147257e-01
4.221088871872680781e-01,4.221088871872680226e-01
9.621524843336827226e-01,9.621524843336828337e-01
8.481300121271859727e-01,8.481300121271858616e-01
3.047544073157361644e-01,3.047544073157362199e-01
-2.767737181778049393e-01,-2.767737181778049393e-01
-7.736508683903161598e-01,-7.736508683903160488e-01
-9.989774004016083175e-01,-9.989774004016083175e-01
-6.251492516574412850e-01,-6.251492516574412850e-01
1.707684170071681606e-01,1.707684170071681884e-01
7.810084428480155161e-01,7.810084428480156271e-01
9.972542029119847440e-01,9.972542029119846330e-01
8.683907285248833041e-01,8.683907285248831931e-01
3.357961080391375086e-01,3.357961080391375086e-01
-4.759759871602514680e-01,-4.759759871602514680e-01
-9.763147032063954622e-01,-9.763147032063954622e-01
-8.635918137158035135e-01,-8.635918137158035135e-01
-4.158330084218774259e-01,-4.158330084218774259e-01
1.552927140637742065e-01,1.552927140637742065e-01
7.471601905610123495e-01,7.471601905610123495e-01
9.952885066052423735e-01,9.952885066052423735e-01
