-1.000000000000000000e+00,-1.000000000000000000e+00
-6.922108103230080189e-01,-6.922108103230080189e-01
1.020135333963058111e-01,1.020135333963058666e-01
7.780325193409433071e-01,7.780325193409434181e-01
9.995134263882190506e-01,9.995134263882190506e-01
8.541613522300374184e-01,8.541613522300375294e-01
3.687636923190628080e-01,3.687636923190628080e-01
-3.983932427285669098e-01,-3.983932427285669098e-01
-9.569606851498846378e-01,-9.569606851498845268e-01
-8.710210993547471414e-01,-8.710210993547471414e-01
-3.798139584004996960e-01,-3.798139584004996405e-01
1.891428206256958733e-01,1.891428206256958455e-01
7.303562308136816172e-01,7.303562308136817283e-01
9.998846572474864303e-01,9.998846572474864303e-01
6.384731304680710817e-01,6.384731304680710817e-01
-1.317437656860893092e-01,-1.317437656860893369e-01
-7.316133805935871592e-01,-7.316133805935872703e-01
-9.864005123310668477e-01,-9.864005123310668477e-01
-9.013539818713554030e-01,-9.013539818713554030e-01
-3.682014480808948886e-01,-3.682014480808948331e-01
4.611562070853377215e-01,4.611562070853377215e-01
9.682797193114830447e-01,9.682797193114831558e-01
8.970830882399457584e-01,8.970830882399458694e-01
4.967332861374323949e-01,4.967332861374323949e-01
-8.009373996227164838e-02,-8.009373996227170389e-02
-7.202245846872077362e-01,-7.202245846872076251e-01
-9.968103274016908433e-01,-9.968103274016908433e-01
-5.974531321844026577e-01,-5.974531321844025467e-01
9.171229639397049382e-02,9.171229639397043831e-02
6.414641742144576719e-01,6.414641742144575609e-01
9.597844355238992486e-01,9.597844355238993597e-01
9.141111717937896453e-01,9.141111717937896453e-01
3.140128670609602102e-01,3.140128670609601547e-01
-5.140013816295464499e-01,-5.140013816295464499e-01
-9.618618429683811755e-01,-9.618618429683811755e-01
-9.422567877995813301e-01,-9.422567877995813301e-01
-6.024759962557127979e-01,-6.024759962557127979e-01
3.401841419587958715e-02,3.401841419587961490e-02
7.530480395263604576e-01,7.530480395263605686e-01
9.892631702442422625e-01,9.892631702442423736e-01
6.045799922493799716e-01,6.045799922493800826e-01
1.428963565835217331e-02,1.428963565835214555e-02
-5.350110738640231345e-01,-5.350110738640230235e-01
-9.407002203216381364e-01,-9.407002203216381364e-01
-8.982182075045868075e-01,-8.982182075045866965e-01
-2.461149983525012797e-01,-2.461149983525012797e-01
5.192834130126589010e-01,5.192834130126589010e-01
9.318115958815005317e-01,9.318115958815005317e-01
9.786915918061772635e-01,9.786915918061773745e-01
6.615170713216103060e-01,6.615170713216104170e-01
-5.906519029054158043e-02,-5.906519029054160819e-02
-7.986458769719332329e-01,-7.986458769719333439e-01
-9.860780538075517576e-01,-9.860780538075517576e-01
-6.671443004152286527e-01,-6.671443004152287637e-01
-1.488352082093559181e-01,-1.488352082093559736e-01
4.569995985138187167e-01,4.569995985138187722e-01
9.444521223354823691e-01,9.444521223354824802e-01
8.644826848326946367e-01,8.644826848326947477e-01
2.135978441063705047e-01,2.135978441063705602e-01
-4.611181933337795691e-01,-4.611181933337795691e-01
-8.753922389418732353e-01,-8.753922389418732353e-01
-9.945352377948086797e-01,-9.945352377948085687e-01
-6.642037057676397627e-01,-6.642037057676397627e-01
1.271768697403434234e-01,1.271768697403434234e-01
8.248772893535518680e-01,8.248772893535517570e-01
9.933384695732362379e-01,9.933384695732361269e-01
7.573041004867384629e-01,7.573041004867385739e-01
2.592881812450460455e-01,2.592881812450460455e-01
-4.399705240064925582e-01,-4.399705240064926137e-01
-9.632600653922547274e-01,-9.632600653922547274e-01
-8.357010767191664913e-01,-8.357010767191664913e-01
-2.485403067288363133e-01,-2.485403067288363688e-01
3.494782227072595338e-01,3.494782227072594782e-01
8.102336614550268434e-01,8.102336614550269545e-01
9.975657488797374794e-01,9.975657488797375905e-01
6.218469105038904043e-01,6.218469105038905154e-01
-1.888755487849705372e-01,-1.888755487849705095e-01
-8.133136573863081198e-01,-8.133136573863082308e-01
-9.999981775884966284e-01,-9.999981775884965174e-01
-8.347012763426175930e-01,-8.347012763426175930e-01
-3.076861679624676715e-01,-3.076861679624676715e-01
4.805306212539887656e-01,4.805306212539888211e-01
9.793051675012338642e-01,9.793051675012338642e-01
8.382529675226755295e-01,8.382529675226754184e-01
3.468387506290672717e-01,3.468387506290672162e-01
-2.222455163706781867e-01,-2.222455163706781589e-01
-7.700012425978343122e-01,-7.700012425978343122e-01
-9.945897163415611253e-01,-9.945897163415612363e-01
-5.643665411541423094e-01,-5.643665411541423094e-01
1.988983285726984018e-01,1.988983285726984573e-01
7.571935880516502682e-01,7.571935880516502682e-01
9.911513037789478897e-01,9.911513037789477787e-01
8.761128381903000584e-01,8.761128381903000584e-01
2.873020599635993100e-01,2.873020599635993655e-01
-5.426950848396647764e-01,-5.426950848396646654e-01
-9.839044240325227619e-01,-9.839044240325227619e-01
-8.778306329752763038e-01,-8.778306329752764148e-01
-4.697341378262903100e-01,-4.697341378262902545e-01
1.302787326810044277e-01,1.302787326810044000e-01
7.745787168385402932e-01,7.745787168385401822e-01
9.847252036912237383e-01,9.847252036912237383e-01
