-1.000000000000000000e+00,-1.000000000000000000e+00
-7.226054356193074568e-01,-7.226054356193075678e-01
-1.582824379669887094e-01,-1.582824379669887094e-01
-3.433600000250069950e-02,-3.433600000250064399e-02
-4.695700939365789472e-01,-4.695700939365790028e-01
-8.988867408937186720e-01,-8.988867408937185610e-01
-9.886330879274410899e-01,-9.886330879274409789e-01
-7.570096975091333835e-01,-7.570096975091333835e-01
-3.339074520009095437e-01,-3.339074520009094882e-01
-1.026083538726596522e-02,-1.026083538726596522e-02
-1.940352858031513805e-01,-1.940352858031514083e-01
-7.685744381448557094e-01,-7.685744381448555984e-01
-9.905466893695797914e-01,-9.905466893695797914e-01
-6.434513682545073276e-01,-6.434513682545073276e-01
-1.975133899381090741e-01,-1.975133899381090741e-01
-5.032349665105018133e-04,-5.032349665105018133e-04
-1.284747565066987063e-01,-1.284747565066986508e-01
-5.377484618674929218e-01,-5.377484618674930328e-01
-9.520898950180863851e-01,-9.520898950180862741e-01
-8.697087237674500093e-01,-8.697087237674500093e-01
-3.068831888485784032e-01,-3.068831888485783477e-01
2.521920021809620494e-03,2.521920021809564982e-03
-2.405720989502102558e-01,-2.405720989502103113e-01
-6.753090600693706369e-01,-6.753090600693706369e-01
-9.623541320104892494e-01,-9.623541320104891383e-01
-9.495774313321819760e-01,-9.495774313321819760e-01
-5.822632129915712440e-01,-5.822632129915712440e-01
-9.654477552251500283e-02,-9.654477552251500283e-02
-7.373229259232361166e-02,-7.373229259232361166e-02
-6.017634573945915832e-01,-6.017634573945916943e-01
-9.870135330417292296e-01,-9.870135330417292296e-01
-8.597558419533706253e-01,-8.597558419533707363e-01
-4.670409932367186046e-01,-4.670409932367185490e-01
-1.133383952692580965e-01,-1.133383952692581520e-01
-5.788569770121765323e-03,-5.788569770121820834e-03
-3.048550509310207768e-01,-3.048550509310207768e-01
-8.355659721536468076e-01,-8.355659721536468076e-01
-9.630582506436686785e-01,-9.630582506436686785e-01
-4.903812011360366152e-01,-4.903812011360366707e-01
-4.911437938518203872e-02,-4.911437938518209423e-02
-5.822892236898591367e-02,-5.822892236898591367e-02
-3.820492405894385657e-01,-3.820492405894385102e-01
-7.761962046060982834e-01,-7.761962046060982834e-01
-9.981684897348865881e-01,-9.981684897348865881e-01
-7.876544133837585226e-01,-7.876544133837586337e-01
-2.346001510111178634e-01,-2.346001510111178912e-01
-7.143852248975957053e-03,-7.143852248975901542e-03
-4.067160816889966446e-01,-4.067160816889967001e-01
-8.809809527669983931e-01,-8.809809527669983931e-01
-9.891298722932447829e-01,-9.891298722932446719e-01
-7.559362699105028893e-01,-7.559362699105030003e-01
-3.517376309668147627e-01,-3.517376309668147072e-01
-2.553731643865081447e-02,-2.553731643865081447e-02
-1.316212435107206313e-01,-1.316212435107206313e-01
-6.830216417423413677e-01,-6.830216417423413677e-01
-9.997335114823385771e-01,-9.997335114823385771e-01
-6.929855733816030483e-01,-6.929855733816030483e-01
-2.126257995463610717e-01,-2.126257995463610162e-01
-1.479142809043820783e-04,-1.479142809043820783e-04
-1.270952565787920041e-01,-1.270952565787920041e-01
-5.093561634727812315e-01,-5.093561634727812315e-01
-9.215518727097095075e-01,-9.215518727097095075e-01
-9.241081801334047885e-01,-9.241081801334048995e-01
-3.978523297850800056e-01,-3.978523297850799501e-01
-3.784184043831129163e-03,-3.784184043831073652e-03
-2.052026770246814236e-01,-2.052026770246814513e-01
-6.654539487192119296e-01,-6.654539487192119296e-01
-9.634321677625146130e-01,-9.634321677625146130e-01
-9.532587117813299260e-01,-9.532587117813298150e-01
-6.204460962853224348e-01,-6.204460962853224348e-01
-1.450205453943897438e-01,-1.450205453943897438e-01
-3.127796837024521270e-02,-3.127796837024515719e-02
-5.106872780739808437e-01,-5.106872780739808437e-01
-9.678224507528279119e-01,-9.678224507528278009e-01
-8.806171585355380138e-01,-8.806171585355381248e-01
-4.710156110071859747e-01,-4.710156110071859192e-01
-1.118926919657534658e-01,-1.118926919657534658e-01
-3.629323693810471152e-03,-3.629323693810526663e-03
-2.599721306456376779e-01,-2.599721306456376224e-01
-7.708409933895139510e-01,-7.708409933895140620e-01
-9.906523059092460226e-01,-9.906523059092460226e-01
-5.756789797225674299e-01,-5.756789797225674299e-01
-7.667641029208804859e-02,-7.667641029208804859e-02
-4.796073572763526194e-02,-4.796073572763526194e-02
-3.827415850002047759e-01,-3.827415850002048314e-01
-7.751535788508990832e-01,-7.751535788508990832e-01
-9.953691122151775428e-01,-9.953691122151776538e-01
-8.352354967317919821e-01,-8.352354967317920931e-01
-3.134883041934400372e-01,-3.134883041934400372e-01
3.138675003399871155e-03,3.138675003399926666e-03
-3.305229705342720425e-01,-3.305229705342719870e-01
-8.503720039719591117e-01,-8.503720039719591117e-01
-9.916633337584711549e-01,-9.916633337584710439e-01
-7.533505569897911425e-01,-7.533505569897912535e-01
-3.584534684568368990e-01,-3.584534684568368990e-01
-3.829845069787729539e-02,-3.829845069787723988e-02
-8.798249427876264628e-02,-8.798249427876259077e-02
-5.929713170508243980e-01,-5.929713170508242870e-01
-9.935912731727092329e-01,-9.935912731727093439e-01
-7.550195012648600601e-01,-7.550195012648600601e-01
-2.406887939176718949e-01,-2.406887939176718672e-01
