-1.000000000000000000e+00,-1.000000000000000000e+00
-7.683891931813540133e-01,-7.683891931813540133e-01
-4.746296132464938866e-02,-4.746296132464936091e-02
7.270928360597640472e-01,7.270928360597639362e-01
9.999893242431765472e-01,9.999893242431765472e-01
8.088183651447613531e-01,8.088183651447614642e-01
3.533678273646936319e-01,3.533678273646937429e-01
-3.071206379619992877e-01,-3.071206379619993432e-01
-9.022466888931632845e-01,-9.022466888931632845e-01
-9.130474095999248085e-01,-9.130474095999249196e-01
-3.604237667621456587e-01,-3.604237667621456032e-01
2.690988752160160535e-01,2.690988752160160535e-01
7.517328893533988809e-01,7.517328893533989920e-01
9.977709370531142596e-01,9.977709370531143707e-01
7.465935955502698285e-01,7.465935955502698285e-01
-2.409869225599470255e-02,-2.409869225599470255e-02
-7.347760554304921810e-01,-7.347760554304922920e-01
-9.963675931937014951e-01,-9.963675931937014951e-01
-8.806542269847730253e-01,-8.806542269847730253e-01
-4.280388280547173796e-01,-4.280388280547173796e-01
3.264376170523870524e-01,3.264376170523870524e-01
9.310610308769293741e-01,9.310610308769293741e-01
9.025253512467190653e-01,9.025253512467189543e-01
4.304028363763877651e-01,4.304028363763878762e-01
-1.373413852162477244e-01,-1.373413852162476689e-01
-6.862411783748908478e-01,-6.862411783748907368e-01
-9.981621670747362618e-01,-9.981621670747362618e-01
-6.977020381429162033e-01,-6.977020381429163143e-01
6.169259646814440057e-02,6.169259646814440057e-02
6.916826841818470850e-01,6.916826841818470850e-01
9.765180992371580437e-01,9.765180992371579327e-01
9.258923323423606799e-01,9.258923323423606799e-01
4.361034129353105193e-01,4.361034129353105193e-01
-3.887755171616893990e-01,-3.887755171616894545e-01
-9.476784175847170477e-01,-9.476784175847169367e-01
-9.214230962608674913e-01,-9.214230962608674913e-01
-5.410605708256499558e-01,-5.410605708256500668e-01
2.157695047825569645e-02,2.157695047825572421e-02
6.681805111640350958e-01,6.681805111640349848e-01
9.999999946653368443e-01,9.999999946653368443e-01
6.552506680740585177e-01,6.552506680740584066e-01
-3.132798771595934895e-02,-3.132798771595926568e-02
-6.006994738662101430e-01,-6.006994738662102540e-01
-9.422769905873913387e-01,-9.422769905873913387e-01
-9.403654664651150963e-01,-9.403654664651149853e-01
-3.885781293610848786e-01,-3.885781293610849341e-01
4.475426379554685585e-01,4.475426379554684475e-01
9.428862996014696352e-01,9.428862996014696352e-01
9.585360506066018527e-01,9.585360506066018527e-01
6.457012167844429218e-01,6.457012167844428108e-01
3.428591581762441276e-02,3.428591581762438500e-02
-6.987522124795775280e-01,-6.987522124795776390e-01
-9.975902802795747482e-01,-9.975902802795748592e-01
-6.547750736974575769e-01,-6.547750736974575769e-01
-6.754562165838895460e-02,-6.754562165838892684e-02
4.885783190951913380e-01,4.885783190951913935e-01
9.162033106571715324e-01,9.162033106571715324e-01
9.297699290176961728e-01,9.297699290176961728e-01
3.212514031224510402e-01,3.212514031224510958e-01
-4.610934983276177013e-01,-4.610934983276177568e-01
-9.107020423132393683e-01,-9.107020423132394793e-01
-9.882034907378933752e-01,-9.882034907378933752e-01
-7.081627766130368373e-01,-7.081627766130368373e-01
-1.776591473785993358e-02,-1.776591473785987807e-02
7.485026142407456007e-01,7.485026142407456007e-01
9.951867026562425389e-01,9.951867026562424279e-01
7.076118464678946562e-01,7.076118464678947673e-01
2.003711592408650155e-01,2.003711592408650433e-01
-4.010452499570871243e-01,-4.010452499570871243e-01
-9.170149770659323796e-01,-9.170149770659323796e-01
-9.017989292325302442e-01,-9.017989292325302442e-01
-2.823204299729152877e-01,-2.823204299729152322e-01
4.095161991219377629e-01,4.095161991219377073e-01
8.491083898824609566e-01,8.491083898824609566e-01
9.990042486457464399e-01,9.990042486457465509e-01
7.174461437895292004e-01,7.174461437895293114e-01
-4.747622086575103983e-02,-4.747622086575106759e-02
-7.815168805672336738e-01,-7.815168805672337848e-01
-9.984114938962947994e-01,-9.984114938962949104e-01
-7.901505616144967048e-01,-7.901505616144965938e-01
-3.149329087568066843e-01,-3.149329087568066843e-01
3.743863632264010644e-01,3.743863632264010088e-01
9.387380394967884678e-01,9.387380394967884678e-01
8.743406600933881778e-01,8.743406600933881778e-01
3.071852862834443809e-01,3.071852862834443809e-01
-3.001807743029212827e-01,-3.001807743029212827e-01
-7.758933745005445193e-01,-7.758933745005446303e-01
-9.999999993411525789e-01,-9.999999993411525789e-01
-6.820948391942185385e-01,-6.820948391942187605e-01
1.135294062297370621e-01,1.135294062297371176e-01
7.749952656279245344e-01,7.749952656279245344e-01
9.987102611722422640e-01,9.987102611722422640e-01
8.636925096814261904e-01,8.636925096814263014e-01
3.713756930670934486e-01,3.713756930670935041e-01
-4.100063636279438484e-01,-4.100063636279438484e-01
-9.606740578623018667e-01,-9.606740578623017557e-01
-8.720181891410533348e-01,-8.720181891410532238e-01
-3.965708536082543922e-01,-3.965708536082543367e-01
1.695406473576441808e-01,1.695406473576441253e-01
7.265237253943865881e-01,7.265237253943865881e-01
9.996543698146589385e-01,9.996543698146588275e-01
