-1.000000000000000000e+00,-1.000000000000000000e+00
-6.508689858495957381e-01,-6.508689858495957381e-01
9.339310471637912725e-02,9.339310471637915501e-02
7.146679664265322973e-01,7.146679664265322973e-01
9.869555983035305236e-01,9.869555983035305236e-01
9.145636945338451174e-01,9.145636945338451174e-01
5.133038346194191970e-01,5.133038346194191970e-01
-1.664822024910200260e-01,-1.664822024910199982e-01
-8.263411050474561703e-01,-8.263411050474562813e-01
-9.651524130130798573e-01,-9.651524130130799684e-01
-4.399537079766439041e-01,-4.399537079766439041e-01
3.131361335839960569e-01,3.131361335839960014e-01
8.362294024065551890e-01,8.362294024065553000e-01
9.998931012963312437e-01,9.998931012963312437e-01
8.272671975434661151e-01,8.272671975434662262e-01
3.288621805821085320e-01,3.288621805821085875e-01
-3.920956702559819096e-01,-3.920956702559817986e-01
-9.431814544193732885e-01,-9.431814544193732885e-01
-8.636467598921399036e-01,-8.636467598921399036e-01
-2.081982398873553075e-01,-2.081982398873553075e-01
5.086460123186129501e-01,5.086460123186128390e-01
9.235311425254837392e-01,9.235311425254837392e-01
9.820650238629334838e-01,9.820650238629335949e-01
7.093059982009617404e-01,7.093059982009617404e-01
1.213375636561241921e-01,1.213375636561241921e-01
-6.030683119455525487e-01,-6.030683119455525487e-01
-9.971461188336615544e-01,-9.971461188336616654e-01
-7.048435126350385271e-01,-7.048435126350385271e-01
2.746434467308545013e-02,2.746434467308539462e-02
6.736335546342688829e-01,6.736335546342688829e-01
9.774851987079545834e-01,9.774851987079544724e-01
9.338980213957038812e-01,9.338980213957039922e-01
5.610408519517841031e-01,5.610408519517841031e-01
-1.014891647089571913e-01,-1.014891647089572468e-01
-7.829415150010222701e-01,-7.829415150010221591e-01
-9.821642253802591593e-01,-9.821642253802591593e-01
-5.031128963418405320e-01,-5.031128963418405320e-01
2.524592003112281491e-01,2.524592003112281491e-01
8.050121355335414508e-01,8.050121355335413398e-01
9.993688030344113349e-01,9.993688030344114459e-01
8.553339033579502315e-01,8.553339033579503425e-01
3.841728655558646621e-01,3.841728655558646621e-01
-3.284317179902369044e-01,-3.284317179902369044e-01
-9.157921642279638341e-01,-9.157921642279637231e-01
-8.990155801885182374e-01,-8.990155801885182374e-01
-2.755227301445464794e-01,-2.755227301445464239e-01
4.556918120759871904e-01,4.556918120759873014e-01
9.020433252709458838e-01,9.020433252709458838e-01
9.902627151700198471e-01,9.902627151700199581e-01
7.461351271458497303e-01,7.461351271458497303e-01
1.825953861909449527e-01,1.825953861909449527e-01
-5.452345055797775952e-01,-5.452345055797777063e-01
-9.886201060066336366e-01,-9.886201060066335256e-01
-7.552967791759968019e-01,-7.552967791759966909e-01
-3.935769655515025667e-02,-3.935769655515022891e-02
6.298408247408171512e-01,6.298408247408171512e-01
9.653982485359445809e-01,9.653982485359446919e-01
9.507522693837113792e-01,9.507522693837113792e-01
6.064291762100463279e-01,6.064291762100462169e-01
-3.685194528210355980e-02,-3.685194528210358755e-02
-7.356849581430217055e-01,-7.356849581430217055e-01
-9.935677686421695576e-01,-9.935677686421694466e-01
-5.641600832648392405e-01,-5.641600832648393515e-01
1.899816269550442804e-01,1.899816269550442527e-01
7.709822851307861491e-01,7.709822851307860381e-01
9.963180502427864127e-01,9.963180502427864127e-01
8.808977050437878376e-01,8.808977050437877265e-01
4.374477812803080345e-01,4.374477812803080345e-01
-2.639528959705497169e-01,-2.639528959705497169e-01
-8.834703130647152403e-01,-8.834703130647152403e-01
-9.294044309905722390e-01,-9.294044309905723500e-01
-3.421596393736890951e-01,-3.421596393736890951e-01
4.003418808250036598e-01,4.003418808250037153e-01
8.778030411725760151e-01,8.778030411725760151e-01
9.959819137242500453e-01,9.959819137242500453e-01
7.804670712956799372e-01,7.804670712956799372e-01
2.423728810701935577e-01,2.423728810701935021e-01
-4.852505328187959321e-01,-4.852505328187958766e-01
-9.745104618223470183e-01,-9.745104618223471293e-01
-8.018576643682879812e-01,-8.018576643682878702e-01
-1.067579428430586175e-01,-1.067579428430586730e-01
5.833371759786181165e-01,5.833371759786181165e-01
9.506641341988300020e-01,9.506641341988298910e-01
9.651314751421244953e-01,9.651314751421244953e-01
6.494154583638942491e-01,6.494154583638941380e-01
2.713961168802259127e-02,2.713961168802256352e-02
-6.849315969472494769e-01,-6.849315969472494769e-01
-9.992850467550129512e-01,-9.992850467550129512e-01
-6.226823213474712571e-01,-6.226823213474712571e-01
1.259305934884081823e-01,1.259305934884081546e-01
7.341403402484203422e-01,7.341403402484203422e-01
9.907187474347527445e-01,9.907187474347527445e-01
9.039645096064889973e-01,9.039645096064888863e-01
4.885752116349533214e-01,4.885752116349533769e-01
-1.990157195869717843e-01,-1.990157195869717566e-01
-8.464872278948567530e-01,-8.464872278948567530e-01
-9.545806021718757917e-01,-9.545806021718756806e-01
-4.077115643931975564e-01,-4.077115643931974454e-01
3.427354413758565421e-01,3.427354413758565421e-01
8.507857494763025885e-01,8.507857494763025885e-01
9.992137639589462328e-01,9.992137639589461218e-01
