-1.000000000000000000e+00,-1.000000000000000000e+00
-8.416165332676112110e-01,-8.416165332676110999e-01
-4.094918961908349253e-01,-4.094918961908349253e-01
-1.322126040340904085e-02,-1.322126040340904085e-02
-2.122219586438778838e-01,-2.122219586438779393e-01
-7.462183457553366317e-01,-7.462183457553365207e-01
-9.956878492454052099e-01,-9.956878492454052099e-01
-8.866660287598974177e-01,-8.866660287598973067e-01
-4.883150926927974367e-01,-4.883150926927974367e-01
-4.563101414583092819e-02,-4.563101414583092819e-02
-1.400522316796140032e-01,-1.400522316796140032e-01
-6.727447695725123911e-01,-6.727447695725122800e-01
-9.825536537418537719e-01,-9.825536537418538829e-01
-9.243240464898831998e-01,-9.243240464898831998e-01
-5.653496241648416909e-01,-5.653496241648416909e-01
-9.228435394443212925e-02,-9.228435394443207374e-02
-8.040672347802046982e-02,-8.040672347802046982e-02
-5.920779711611147134e-01,-5.920779711611147134e-01
-9.601728400059009738e-01,-9.601728400059009738e-01
-9.547024489025017768e-01,-9.547024489025017768e-01
-6.382231938752765954e-01,-6.382231938752765954e-01
-1.519426558602658961e-01,-1.519426558602658961e-01
-3.475384122853225621e-02,-3.475384122853225621e-02
-5.068252143368346951e-01,-5.068252143368348062e-01
-9.281343960941876858e-01,-9.281343960941877969e-01
-9.773641650939917103e-01,-9.773641650939917103e-01
-7.063632375525187301e-01,-7.063632375525187301e-01
-2.204008664906650372e-01,-2.204008664906650095e-01
-6.701119273682276667e-03,-6.701119273682276667e-03
-4.186082799584703307e-01,-4.186082799584703307e-01
-8.864279409173883018e-01,-8.864279409173881907e-01
-9.923521609494394546e-01,-9.923521609494394546e-01
-7.680879897783111643e-01,-7.680879897783110533e-01
-2.962076986502048537e-01,-2.962076986502047982e-01
4.432644904504956518e-03,4.432644904504901007e-03
-3.315719965539406511e-01,-3.315719965539406511e-01
-8.347290394730920715e-01,-8.347290394730920715e-01
-9.992707693715421335e-01,-9.992707693715421335e-01
-8.233914516307097031e-01,-8.233914516307095921e-01
-3.750592493745714129e-01,-3.750592493745714684e-01
-3.531423925503096584e-03,-3.531423925503096584e-03
-2.476311690897183837e-01,-2.476311690897183837e-01
-7.738293076562698936e-01,-7.738293076562698936e-01
-9.978948970320075107e-01,-9.978948970320076217e-01
-8.713126387883173285e-01,-8.713126387883173285e-01
-4.555434170396600591e-01,-4.555434170396600591e-01
-2.804274848996324287e-02,-2.804274848996324287e-02
-1.716639151063001356e-01,-1.716639151063001356e-01
-7.038717043366438109e-01,-7.038717043366436998e-01
-9.879044940193049129e-01,-9.879044940193049129e-01
-9.119890721846827253e-01,-9.119890721846828363e-01
-5.343091563103806729e-01,-5.343091563103806729e-01
-6.921805714490725236e-02,-6.921805714490730788e-02
-1.055599615965652216e-01,-1.055599615965652771e-01
-6.266828209306591901e-01,-6.266828209306591901e-01
-9.688448192414205185e-01,-9.688448192414206295e-01
-9.449974482978983348e-01,-9.449974482978983348e-01
-6.101410811910947807e-01,-6.101410811910947807e-01
-1.235663507770547453e-01,-1.235663507770547453e-01
-5.351215916196166988e-02,-5.351215916196172540e-02
-5.433723817734552597e-01,-5.433723817734552597e-01
-9.405311467073306231e-01,-9.405311467073307341e-01
-9.703448981787192729e-01,-9.703448981787192729e-01
-6.810491045633653151e-01,-6.810491045633654261e-01
-1.892616106155164402e-01,-1.892616106155164679e-01
-1.701057220251755986e-02,-1.701057220251750435e-02
-4.566820670276029448e-01,-4.566820670276029448e-01
-9.025698249638475223e-01,-9.025698249638475223e-01
-9.878750299632713672e-01,-9.878750299632713672e-01
-7.460791247556104455e-01,-7.460791247556104455e-01
-2.629478439611440677e-01,-2.629478439611440677e-01
1.875509802038155538e-03,1.875509802038100027e-03
-3.690785444866430121e-01,-3.690785444866429565e-01
-8.550034661027503535e-01,-8.550034661027504646e-01
-9.973805320716377931e-01,-9.973805320716377931e-01
-8.044428609565629218e-01,-8.044428609565629218e-01
-3.416165653033557681e-01,-3.416165653033557126e-01
2.379784543807328401e-03,2.379784543807328401e-03
-2.836432982261112845e-01,-2.836432982261112290e-01
-7.980008017173719770e-01,-7.980008017173718660e-01
-9.987167354770484229e-01,-9.987167354770484229e-01
-8.554411506840482460e-01,-8.554411506840482460e-01
-4.227838227126805570e-01,-4.227838227126805015e-01
-1.471686035625829891e-02,-1.471686035625835443e-02
-2.041615125763840966e-01,-2.041615125763841243e-01
-7.319539849011215127e-01,-7.319539849011216237e-01
-9.915518818171482618e-01,-9.915518818171482618e-01
-8.990297707946969252e-01,-8.990297707946969252e-01
-5.032420928196974508e-01,-5.032420928196974508e-01
-4.929614772787360710e-02,-4.929614772787366261e-02
-1.331510767192206068e-01,-1.331510767192205513e-01
-6.581641118607669538e-01,-6.581641118607670649e-01
-9.755976520007199060e-01,-9.755976520007197950e-01
-9.347180596545195952e-01,-9.347180596545194842e-01
-5.815856534865071481e-01,-5.815856534865071481e-01
-9.809314779734623624e-02,-9.809314779734629175e-02
-7.503382232561145448e-02,-7.503382232561145448e-02
-5.775008241655149588e-01,-5.775008241655149588e-01
-9.506195872645797351e-01,-9.506195872645797351e-01
-9.627110943100379847e-01,-9.627110943100378737e-01
-6.551821767697676435e-01,-6.551821767697675325e-01
