-1.000000000000000000e+00,-1.000000000000000000e+00
-6.927379438431925385e-01,-6.927379438431926495e-01
-1.293257795490004303e-01,-1.293257795490003748e-01
-4.308692189102603098e-02,-4.308692189102597547e-02
-4.521207578392826276e-01,-4.521207578392825721e-01
-8.630206092993368827e-01,-8.630206092993368827e-01
-9.988140769792300810e-01,-9.988140769792299700e-01
-8.087463738207206765e-01,-8.087463738207205655e-01
-3.611375078717657949e-01,-3.611375078717657394e-01
-7.546751611343771593e-03,-7.546751611343771593e-03
-2.254604393952998609e-01,-2.254604393952998054e-01
-7.997825893198969860e-01,-7.997825893198970970e-01
-9.884665578122835417e-01,-9.884665578122835417e-01
-6.723762284955017154e-01,-6.723762284955016044e-01
-2.510242225672434935e-01,-2.510242225672434935e-01
-1.232061453201593881e-02,-1.232061453201588330e-02
-9.405825686902752336e-02,-9.405825686902757887e-02
-5.214434381828924048e-01,-5.214434381828925158e-01
-9.610813616187612318e-01,-9.610813616187611208e-01
-8.406477676012367173e-01,-8.406477676012367173e-01
-2.779808047311377317e-01,-2.779808047311377317e-01
1.957045205402851984e-03,1.957045205402907495e-03
-2.056495542838640556e-01,-2.056495542838641111e-01
-6.085603252165060484e-01,-6.085603252165060484e-01
-9.310036923325553104e-01,-9.310036923325553104e-01
-9.670140311869092065e-01,-9.670140311869092065e-01
-5.856708914511334907e-01,-5.856708914511336017e-01
-7.871336654125754562e-02,-7.871336654125754562e-02
-9.755629919640140812e-02,-9.755629919640140812e-02
-6.249757155268472752e-01,-6.249757155268473863e-01
-9.836295401142096662e-01,-9.836295401142096662e-01
-8.943876056601822722e-01,-8.943876056601821611e-01
-5.401891567836958341e-01,-5.401891567836958341e-01
-1.577726689489209466e-01,-1.577726689489208911e-01
-7.573238179667263203e-04,-7.573238179667263203e-04
-3.126229384301782432e-01,-3.126229384301782988e-01
-8.620715148443885978e-01,-8.620715148443884868e-01
-9.469594275200471367e-01,-9.469594275200470257e-01
-4.771553899630503470e-01,-4.771553899630503470e-01
-6.207017264481767826e-02,-6.207017264481767826e-02
-3.278922548638052437e-02,-3.278922548638052437e-02
-3.118249420485135204e-01,-3.118249420485134649e-01
-7.269773329253994554e-01,-7.269773329253993444e-01
-9.960849270342108097e-01,-9.960849270342109207e-01
-7.715192623675717343e-01,-7.715192623675718453e-01
-2.008756863116238356e-01,-2.008756863116238356e-01
-1.556713785881691514e-02,-1.556713785881691514e-02
-4.089293742436802548e-01,-4.089293742436802548e-01
-8.546796935213931690e-01,-8.546796935213932800e-01
-9.986393545197190802e-01,-9.986393545197189692e-01
-8.145921800945494784e-01,-8.145921800945495894e-01
-3.972101267654311596e-01,-3.972101267654312151e-01
-2.770195142734410698e-02,-2.770195142734416249e-02
-1.515131989513522348e-01,-1.515131989513522348e-01
-7.213781636171803235e-01,-7.213781636171803235e-01
-9.983750460344787969e-01,-9.983750460344787969e-01
-7.027842841247533556e-01,-7.027842841247532446e-01
-2.552804078061112758e-01,-2.552804078061112758e-01
-1.166697962675794509e-02,-1.166697962675794509e-02
-8.587101877812591821e-02,-8.587101877812591821e-02
-4.734185304784138681e-01,-4.734185304784139237e-01
-9.242961601557049267e-01,-9.242961601557049267e-01
-9.042607434125893295e-01,-9.042607434125893295e-01
-3.590201785384312672e-01,-3.590201785384313227e-01
-1.851991603482094906e-03,-1.851991603482150417e-03
-1.871013760183026786e-01,-1.871013760183026509e-01
-6.085167143253650268e-01,-6.085167143253649158e-01
-9.307535085934879326e-01,-9.307535085934879326e-01
-9.750812816700531460e-01,-9.750812816700531460e-01
-6.429147723828360084e-01,-6.429147723828360084e-01
-1.333670969099267078e-01,-1.333670969099267078e-01
-4.737618851505864814e-02,-4.737618851505864814e-02
-5.464331216508263589e-01,-5.464331216508264699e-01
-9.696994865422434717e-01,-9.696994865422433607e-01
-9.027000977253694103e-01,-9.027000977253694103e-01
-5.377908355368914428e-01,-5.377908355368913318e-01
-1.617265340854240341e-01,-1.617265340854240341e-01
1.338657397373821389e-03,1.338657397373876901e-03
-2.503946347303891984e-01,-2.503946347303892539e-01
-7.923497466691595825e-01,-7.923497466691595825e-01
-9.809342914816600034e-01,-9.809342914816598924e-01
-5.474109564227338520e-01,-5.474109564227338520e-01
-8.094347725733541665e-02,-8.094347725733541665e-02
-2.991775938961643844e-02,-2.991775938961643844e-02
-3.146934179788639652e-01,-3.146934179788640207e-01
-7.156056823375744891e-01,-7.156056823375743781e-01
-9.885651744538794805e-01,-9.885651744538794805e-01
-8.339172849988970571e-01,-8.339172849988971681e-01
-2.824239855844343783e-01,-2.824239855844343783e-01
5.159594589849159085e-04,5.159594589849714197e-04
-3.493343359327307218e-01,-3.493343359327306663e-01
-8.362188161180206247e-01,-8.362188161180206247e-01
-9.987699855777784075e-01,-9.987699855777785185e-01
-8.139251650230217017e-01,-8.139251650230217017e-01
-4.186512054874411137e-01,-4.186512054874411137e-01
-4.926427570338448581e-02,-4.926427570338448581e-02
-9.562407604784040061e-02,-9.562407604784034509e-02
-6.309911029408616923e-01,-6.309911029408616923e-01
-9.981099826283369447e-01,-9.981099826283370557e-01
-7.476609662892332864e-01,-7.476609662892333974e-01
-2.690679949117555370e-01,-2.690679949117555370e-01
