-1.000000000000000000e+00,-1.000000000000000000e+00
-8.389652059802729100e-01,-8.389652059802727990e-01
-3.884364766402418900e-01,-3.884364766402419455e-01
-5.092806679896089150e-03,-5.092806679896089150e-03
-2.409881102962689869e-01,-2.409881102962689869e-01
-7.608107425905625831e-01,-7.608107425905624721e-01
-9.958411919020287995e-01,-9.958411919020286884e-01
-8.854553657624153473e-01,-8.854553657624154583e-01
-4.698322682059268840e-01,-4.698322682059268285e-01
-3.156647973101833760e-02,-3.156647973101839311e-02
-1.661432370809581838e-01,-1.661432370809582393e-01
-6.912952419503486379e-01,-6.912952419503485268e-01
-9.832732219032218612e-01,-9.832732219032218612e-01
-9.240352268007012704e-01,-9.240352268007011594e-01
-5.498869152485222900e-01,-5.498869152485222900e-01
-7.357220850482354413e-02,-7.357220850482348862e-02
-1.021194436571517539e-01,-1.021194436571517539e-01
-6.145424299648253319e-01,-6.145424299648253319e-01
-9.620053606640440735e-01,-9.620053606640440735e-01
-9.548643150602106333e-01,-9.548643150602105223e-01
-6.259767486215174204e-01,-6.259767486215173093e-01
-1.299661696035341318e-01,-1.299661696035341318e-01
-5.083494816929490234e-02,-5.083494816929490234e-02
-5.326620039474518897e-01,-5.326620039474518897e-01
-9.317405451717674092e-01,-9.317405451717674092e-01
-9.776531429470985968e-01,-9.776531429470985968e-01
-6.972198172583627951e-01,-6.972198172583627951e-01
-1.967234554626341447e-01,-1.967234554626341170e-01
-1.607024363577552739e-02,-1.607024363577558290e-02
-4.470511640726320124e-01,-4.470511640726320124e-01
-8.924763199261162017e-01,-8.924763199261162017e-01
-9.925804008436011072e-01,-9.925804008436011072e-01
-7.617402641432230448e-01,-7.617402641432231558e-01
-2.722885783453171116e-01,-2.722885783453171116e-01
2.209730368435358638e-03,2.209730368435358638e-03
-3.613295564651821667e-01,-3.613295564651821667e-01
-8.438990677555544551e-01,-8.438990677555544551e-01
-9.994337774643090588e-01,-9.994337774643090588e-01
-8.193830760018537829e-01,-8.193830760018538939e-01
-3.521735109669371089e-01,-3.521735109669371644e-01
1.399520682672406036e-03,1.399520682672350524e-03
-2.772761585890105018e-01,-2.772761585890104463e-01
-7.866359087330258015e-01,-7.866359087330258015e-01
-9.981602469202167649e-01,-9.981602469202167649e-01
-8.691116502628457585e-01,-8.691116502628458695e-01
-4.347355851928326742e-01,-4.347355851928327297e-01
-1.650798531073000008e-02,-1.650798531073000008e-02
-1.994753943049293876e-01,-1.994753943049293599e-01
-7.206814504814436084e-01,-7.206814504814437194e-01
-9.886151703914639599e-01,-9.886151703914639599e-01
-9.110640156202051143e-01,-9.110640156202051143e-01
-5.162471759635172130e-01,-5.162471759635172130e-01
-5.210825878568808855e-02,-5.210825878568808855e-02
-1.298536010815949937e-01,-1.298536010815949937e-01
-6.475435122559682899e-01,-6.475435122559684009e-01
-9.704918954526606800e-01,-9.704918954526606800e-01
-9.448611096574855983e-01,-9.448611096574854873e-01
-5.952388376853019469e-01,-5.952388376853019469e-01
-1.021588723439726398e-01,-1.021588723439726398e-01
-7.274460577827829288e-02,-7.274460577827834840e-02
-5.680001881693458321e-01,-5.680001881693459431e-01
-9.437291139043936239e-01,-9.437291139043936239e-01
-9.706180489973668113e-01,-9.706180489973668113e-01
-6.693530827954842222e-01,-6.693530827954842222e-01
-1.651384332800305832e-01,-1.651384332800306110e-01
-2.986634508822277878e-02,-2.986634508822277878e-02
-4.844340285513706323e-01,-4.844340285513706323e-01
-9.079840984962459505e-01,-9.079840984962459505e-01
-9.883104556867517987e-01,-9.883104556867516877e-01
-7.374460542549069464e-01,-7.374460542549069464e-01
-2.375912012395346440e-01,-2.375912012395346162e-01
-3.852621449392079622e-03,-3.852621449392079622e-03
-3.988533948291939080e-01,-3.988533948291939635e-01
-8.633301638772680198e-01,-8.633301638772679087e-01
-9.978947117247203291e-01,-9.978947117247202181e-01
-7.984963675074814304e-01,-7.984963675074813194e-01
-3.165271838408909022e-01,-3.165271838408909577e-01
4.181359884728952370e-03,4.181359884728952370e-03
-3.141244239459816678e-01,-3.141244239459816678e-01
-8.098122651507194680e-01,-8.098122651507194680e-01
-9.994031323933409983e-01,-9.994031323933409983e-01
-8.517269325932449453e-01,-8.517269325932450563e-01
-3.991387596602591348e-01,-3.991387596602591348e-01
-5.719282014425453031e-03,-5.719282014425453031e-03
-2.336091358264678619e-01,-2.336091358264678897e-01
-7.477358704766690067e-01,-7.477358704766691178e-01
-9.926693005495249578e-01,-9.926693005495249578e-01
-8.970236427061625273e-01,-8.970236427061625273e-01
-4.820015578401379286e-01,-4.820015578401378731e-01
-3.377196200964194261e-02,-3.377196200964194261e-02
-1.599142840447422276e-01,-1.599142840447422276e-01
-6.780588208961455532e-01,-6.780588208961455532e-01
-9.775792122688971020e-01,-9.775792122688971020e-01
-9.339335522180935989e-01,-9.339335522180935989e-01
-5.633402857585383394e-01,-5.633402857585383394e-01
-7.727610042598215268e-02,-7.727610042598209716e-02
-9.728577428357726431e-02,-9.728577428357731982e-02
-6.014545863616804766e-01,-6.014545863616804766e-01
-9.540089947516854352e-01,-9.540089947516853242e-01
-9.627236719742563453e-01,-9.627236719742563453e-01
-6.402219211623356721e-01,-6.402219211623356721e-01
