-1.000000000000000000e+00,-1.000000000000000000e+00
-8.070466687447435117e-01,-8.070466687447435117e-01
-4.187550474186836902e-01,-4.187550474186836347e-01
-7.773640617297750133e-02,-7.773640617297750133e-02
-3.199833483139674639e-02,-3.199833483139669088e-02
-4.421409036827562145e-01,-4.421409036827562700e-01
-9.420341701474832519e-01,-9.420341701474833629e-01
-8.704454850773384322e-01,-8.704454850773383212e-01
-3.468239886922151460e-01,-3.468239886922152015e-01
-1.498550041097629348e-02,-1.498550041097629348e-02
-9.006084888357068774e-02,-9.006084888357068774e-02
-4.300394774962523203e-01,-4.300394774962523758e-01
-8.303341324614930130e-01,-8.303341324614931240e-01
-9.951698341198291775e-01,-9.951698341198290665e-01
-6.493762317556678321e-01,-6.493762317556679431e-01
-1.017915276771396149e-01,-1.017915276771396704e-01
-7.007067220443052857e-02,-7.007067220443058408e-02
-5.383307679958660996e-01,-5.383307679958659886e-01
-9.310352169289377589e-01,-9.310352169289378699e-01
-9.752819139724019371e-01,-9.752819139724019371e-01
-7.102396894181275400e-01,-7.102396894181274289e-01
-2.775901715735377140e-01,-2.775901715735377140e-01
1.414383506853911232e-03,1.414383506853966743e-03
-2.624731259586458032e-01,-2.624731259586457477e-01
-8.341249247607629425e-01,-8.341249247607629425e-01
-9.700261548268921397e-01,-9.700261548268921397e-01
-5.801167344377498036e-01,-5.801167344377498036e-01
-1.550479601053343925e-01,-1.550479601053343925e-01
1.117707148545421525e-03,1.117707148545366014e-03
-1.669884431624497068e-01,-1.669884431624497345e-01
-6.018946895646097861e-01,-6.018946895646097861e-01
-9.790230067425911287e-01,-9.790230067425910176e-01
-8.091659112939757481e-01,-8.091659112939757481e-01
-2.348553874084579607e-01,-2.348553874084579052e-01
-1.572788471305597291e-03,-1.572788471305652802e-03
-2.958787444826727064e-01,-2.958787444826727620e-01
-7.237766613366078960e-01,-7.237766613366077850e-01
-9.794596435106133203e-01,-9.794596435106132093e-01
-9.217669243643801247e-01,-9.217669243643800137e-01
-5.140394445628253539e-01,-5.140394445628253539e-01
-5.507869925561631463e-02,-5.507869925561631463e-02
-1.228335884205384865e-01,-1.228335884205384865e-01
-6.784160118173426790e-01,-6.784160118173427900e-01
-9.979878797864623063e-01,-9.979878797864623063e-01
-8.164149365630710697e-01,-8.164149365630711808e-01
-4.160013275334128457e-01,-4.160013275334127902e-01
-8.169250493553581460e-02,-8.169250493553581460e-02
-2.033476768517533673e-02,-2.033476768517533673e-02
-3.720675847257467472e-01,-3.720675847257466917e-01
-8.908910593625083418e-01,-8.908910593625082308e-01
-9.258301955242432824e-01,-9.258301955242433934e-01
-4.132088942935812637e-01,-4.132088942935812081e-01
-2.429395601180028841e-02,-2.429395601180023290e-02
-8.699127996271716068e-02,-8.699127996271716068e-02
-4.324810429284630109e-01,-4.324810429284629554e-01
-8.193739617733286629e-01,-8.193739617733285518e-01
-9.995341047735458728e-01,-9.995341047735458728e-01
-7.236317780720108450e-01,-7.236317780720109560e-01
-1.679960658297026677e-01,-1.679960658297026677e-01
-3.103056496858497271e-02,-3.103056496858497271e-02
-4.800380935196742471e-01,-4.800380935196742471e-01
-9.186981593136758217e-01,-9.186981593136759328e-01
-9.752831523415071979e-01,-9.752831523415071979e-01
-7.106375763377407173e-01,-7.106375763377408283e-01
-2.989083086489653929e-01,-2.989083086489654484e-01
-7.402953433563674857e-03,-7.402953433563674857e-03
-1.891251427947541752e-01,-1.891251427947541752e-01
-7.570332982171272818e-01,-7.570332982171272818e-01
-9.912340191880627538e-01,-9.912340191880627538e-01
-6.260677665549956306e-01,-6.260677665549955195e-01
-1.657303569070056048e-01,-1.657303569070056326e-01
1.415437271155395305e-03,1.415437271155339793e-03
-1.635275215093381918e-01,-1.635275215093381918e-01
-5.686444570613187199e-01,-5.686444570613187199e-01
-9.550729498102027426e-01,-9.550729498102027426e-01
-8.764994919120205896e-01,-8.764994919120207006e-01
-3.182427483194613105e-01,-3.182427483194613105e-01
2.862492722531584377e-03,2.862492722531584377e-03
-2.624561268176591744e-01,-2.624561268176591744e-01
-7.176919161185041363e-01,-7.176919161185040252e-01
-9.802063277373805894e-01,-9.802063277373807004e-01
-9.280890574157497630e-01,-9.280890574157496520e-01
-5.588252232029928823e-01,-5.588252232029929933e-01
-9.636068408854170375e-02,-9.636068408854175926e-02
-6.702453457932600056e-02,-6.702453457932594505e-02
-5.923953117645924804e-01,-5.923953117645924804e-01
-9.888720563506135930e-01,-9.888720563506137040e-01
-8.363742692309293902e-01,-8.363742692309292792e-01
-4.169993030476193963e-01,-4.169993030476193963e-01
-8.172928977833238129e-02,-8.172928977833238129e-02
-1.448215412663866886e-02,-1.448215412663866886e-02
-3.200484306082702624e-01,-3.200484306082703179e-01
-8.319347134739640826e-01,-8.319347134739639715e-01
-9.679922802115744629e-01,-9.679922802115744629e-01
-4.954584272820570789e-01,-4.954584272820571345e-01
-4.206121430408843453e-02,-4.206121430408843453e-02
-7.781403630610128630e-02,-7.781403630610128630e-02
-4.341109828188121078e-01,-4.341109828188121633e-01
-8.168076476117231977e-01,-8.168076476117231977e-01
-9.998796305857430289e-01,-9.998796305857429179e-01
-7.802656974535738810e-01,-7.802656974535738810e-01
