-1.000000000000000000e+00,-1.000000000000000000e+00
-7.218145304112417726e-01,-7.218145304112417726e-01
-2.189079323399332200e-01,-2.189079323399331645e-01
1.173726746299952328e-03,1.173726746299896817e-03
-2.361387425877733426e-01,-2.361387425877733148e-01
-7.278222628144008777e-01,-7.278222628144008777e-01
-9.995548388264926531e-01,-9.995548388264926531e-01
-7.818605423562939860e-01,-7.818605423562939860e-01
-2.675594483025085513e-01,-2.675594483025085513e-01
-1.200083618398073426e-03,-1.200083618398073426e-03
-2.139177630681309839e-01,-2.139177630681309283e-01
-7.090971331115980547e-01,-7.090971331115981657e-01
-9.968268021392725498e-01,-9.968268021392724387e-01
-7.707479578670607401e-01,-7.707479578670606291e-01
-3.164955458597086269e-01,-3.164955458597086269e-01
2.954100649653346178e-03,2.954100649653290667e-03
-2.042223085708685937e-01,-2.042223085708686492e-01
-6.731115392648341356e-01,-6.731115392648342466e-01
-9.963116116304253644e-01,-9.963116116304254755e-01
-8.042423105156620844e-01,-8.042423105156620844e-01
-3.146034216701439901e-01,-3.146034216701439901e-01
-1.324296755591197750e-02,-1.324296755591197750e-02
-1.194484417136399412e-01,-1.194484417136399412e-01
-5.771438010044220857e-01,-5.771438010044220857e-01
-9.473547071542374187e-01,-9.473547071542374187e-01
-9.257596610346650046e-01,-9.257596610346648935e-01
-5.049545831505453108e-01,-5.049545831505453108e-01
-8.220216795274920552e-02,-8.220216795274915000e-02
-5.729156203461349683e-02,-5.729156203461355235e-02
-4.563311799573460115e-01,-4.563311799573460670e-01
-9.188955826381852710e-01,-9.188955826381852710e-01
-9.555774727313779415e-01,-9.555774727313780526e-01
-5.331979436990952337e-01,-5.331979436990952337e-01
-1.186010244455171780e-01,-1.186010244455171780e-01
-1.268897777248589875e-02,-1.268897777248589875e-02
-3.409290140939683633e-01,-3.409290140939683633e-01
-8.008341272661335664e-01,-8.008341272661334553e-01
-9.962567377256923429e-01,-9.962567377256923429e-01
-7.393504446223165827e-01,-7.393504446223164717e-01
-2.405120853478709408e-01,-2.405120853478709131e-01
-1.762950921791961445e-03,-1.762950921791961445e-03
-1.765590761077904247e-01,-1.765590761077903970e-01
-6.715703544040936279e-01,-6.715703544040936279e-01
-9.931910721266311581e-01,-9.931910721266311581e-01
-8.582315103925260980e-01,-8.582315103925262090e-01
-4.022399373515146426e-01,-4.022399373515146426e-01
-2.124815227855791910e-02,-2.124815227855797461e-02
-1.106075242246470358e-01,-1.106075242246470358e-01
-5.689095396630531321e-01,-5.689095396630531321e-01
-9.709716738340820052e-01,-9.709716738340820052e-01
-8.976093161285981781e-01,-8.976093161285981781e-01
-4.370094215788460357e-01,-4.370094215788460357e-01
-4.299971032518834502e-02,-4.299971032518834502e-02
-9.434319231765925240e-02,-9.434319231765919689e-02
-5.890401357043004715e-01,-5.890401357043004715e-01
-9.496574238783398458e-01,-9.496574238783398458e-01
-9.306321874960061802e-01,-9.306321874960061802e-01
-4.609216508358152664e-01,-4.609216508358153219e-01
-6.554809356155971711e-02,-6.554809356155977262e-02
-3.762299842315014464e-02,-3.762299842315014464e-02
-4.601378942435868646e-01,-4.601378942435868091e-01
-9.124445801709474280e-01,-9.124445801709474280e-01
-9.417260239323828053e-01,-9.417260239323828053e-01
-5.125165290872566448e-01,-5.125165290872566448e-01
-1.031563615395217903e-01,-1.031563615395217903e-01
-2.423293901691253582e-02,-2.423293901691259133e-02
-3.575979575959727930e-01,-3.575979575959727375e-01
-8.412100620325256850e-01,-8.412100620325257960e-01
-9.821705526824123789e-01,-9.821705526824122678e-01
-6.327965473914269889e-01,-6.327965473914269889e-01
-1.410274655771727170e-01,-1.410274655771727170e-01
-4.979987548299869005e-03,-4.979987548299869005e-03
-3.195379326337759451e-01,-3.195379326337759451e-01
-7.694444865468805794e-01,-7.694444865468805794e-01
-9.943859083193776760e-01,-9.943859083193775650e-01
-7.719879307631475340e-01,-7.719879307631474230e-01
-2.927453179240364078e-01,-2.927453179240364078e-01
9.804355936546493844e-03,9.804355936546549355e-03
-1.929854099139592383e-01,-1.929854099139592105e-01
-6.498420391459356349e-01,-6.498420391459356349e-01
-9.904054219806200932e-01,-9.904054219806202042e-01
-8.476687421000806966e-01,-8.476687421000806966e-01
-3.577328548985720946e-01,-3.577328548985720946e-01
-3.333286462021572971e-02,-3.333286462021567420e-02
-6.612291835599648504e-02,-6.612291835599654055e-02
-5.476549357053465128e-01,-5.476549357053465128e-01
-9.406203058474560397e-01,-9.406203058474561507e-01
-9.025659224038192763e-01,-9.025659224038192763e-01
-4.238800991884285607e-01,-4.238800991884285607e-01
-2.197881501345222421e-02,-2.197881501345222421e-02
-1.190083023570938092e-01,-1.190083023570938092e-01
-5.880970139372431182e-01,-5.880970139372431182e-01
-9.451876165386435824e-01,-9.451876165386434714e-01
-9.028609028347425181e-01,-9.028609028347425181e-01
-4.341815343745417111e-01,-4.341815343745417111e-01
-4.368969102286179851e-02,-4.368969102286185402e-02
-5.952709949131917977e-02,-5.952709949131917977e-02
-4.447810773635210713e-01,-4.447810773635211268e-01
-8.813699717135162759e-01,-8.813699717135161649e-01
-9.502765515802162888e-01,-9.502765515802161778e-01
-6.053839770115034824e-01,-6.053839770115034824e-01
