-1.000000000000000000e+00,-1.000000000000000000e+00
-7.874184202694856083e-01,-7.874184202694856083e-01
-3.845970699085385913e-01,-3.845970699085385913e-01
-6.430352531228139545e-02,-6.430352531228133994e-02
-3.334796680010404524e-02,-3.334796680010410075e-02
-4.187918868421226515e-01,-4.187918868421226515e-01
-9.219390815564123542e-01,-9.219390815564122432e-01
-8.949644600462828281e-01,-8.949644600462829391e-01
-3.646940632353973255e-01,-3.646940632353973255e-01
-1.278036657272657584e-02,-1.278036657272657584e-02
-1.076611687061519995e-01,-1.076611687061519440e-01
-4.641556298730531438e-01,-4.641556298730530883e-01
-8.452860220572049332e-01,-8.452860220572048222e-01
-9.959087323170542350e-01,-9.959087323170541239e-01
-6.781331317420931093e-01,-6.781331317420931093e-01
-1.287550500165622336e-01,-1.287550500165622336e-01
-5.344850995843647423e-02,-5.344850995843647423e-02
-5.274478512633518079e-01,-5.274478512633518079e-01
-9.388624111383495618e-01,-9.388624111383495618e-01
-9.640348950212089818e-01,-9.640348950212089818e-01
-6.809796283999725031e-01,-6.809796283999726141e-01
-2.661172320679501824e-01,-2.661172320679501824e-01
-2.209512029764382213e-04,-2.209512029763827101e-04
-2.318405065501657480e-01,-2.318405065501657480e-01
-8.023077142904900816e-01,-8.023077142904900816e-01
-9.787871232528181364e-01,-9.787871232528181364e-01
-5.824219032099327009e-01,-5.824219032099327009e-01
-1.387701713567819350e-01,-1.387701713567819350e-01
-6.202570242845872883e-04,-6.202570242846427995e-04
-1.883836666705638874e-01,-1.883836666705639151e-01
-6.071013558012823275e-01,-6.071013558012823275e-01
-9.724065753224951925e-01,-9.724065753224950814e-01
-8.391486090123587704e-01,-8.391486090123587704e-01
-2.689360272958903897e-01,-2.689360272958903897e-01
1.070314896372492885e-03,1.070314896372437374e-03
-3.012150389810596129e-01,-3.012150389810596129e-01
-7.485296187484037356e-01,-7.485296187484037356e-01
-9.881042673295876710e-01,-9.881042673295875600e-01
-9.095177405194126985e-01,-9.095177405194128095e-01
-5.173432999007356869e-01,-5.173432999007356869e-01
-6.940694093279786703e-02,-6.940694093279792254e-02
-9.668487224819422021e-02,-9.668487224819422021e-02
-6.451136069081254698e-01,-6.451136069081253588e-01
-9.966412086094746936e-01,-9.966412086094745826e-01
-8.055531793725865253e-01,-8.055531793725865253e-01
-3.845139236095746482e-01,-3.845139236095746482e-01
-6.462211741481455052e-02,-6.462211741481455052e-02
-2.532331147511923675e-02,-2.532331147511923675e-02
-3.611471881521401972e-01,-3.611471881521401972e-01
-8.687074076429228686e-01,-8.687074076429228686e-01
-9.461062591873851124e-01,-9.461062591873851124e-01
-4.426087808684044389e-01,-4.426087808684043834e-01
-2.567645016656844303e-02,-2.567645016656838752e-02
-9.904759794234097026e-02,-9.904759794234097026e-02
-4.667045543146180475e-01,-4.667045543146181030e-01
-8.411803457721755972e-01,-8.411803457721757082e-01
-9.991491033469594996e-01,-9.991491033469593885e-01
-7.409794243007594705e-01,-7.409794243007594705e-01
-1.980807412121270983e-01,-1.980807412121270705e-01
-1.802916420613076554e-02,-1.802916420613071002e-02
-4.568805414152684041e-01,-4.568805414152684041e-01
-9.206303365960696317e-01,-9.206303365960696317e-01
-9.663062856839002013e-01,-9.663062856839002013e-01
-6.785833476131266639e-01,-6.785833476131266639e-01
-2.774435687364926739e-01,-2.774435687364926184e-01
-7.871402759629442247e-03,-7.871402759629497758e-03
-1.687911082691870290e-01,-1.687911082691870290e-01
-7.210894235526790208e-01,-7.210894235526790208e-01
-9.967078723353246517e-01,-9.967078723353246517e-01
-6.408403350465793347e-01,-6.408403350465793347e-01
-1.569966950284126805e-01,-1.569966950284126805e-01
-7.926345977132820408e-05,-7.926345977132820408e-05
-1.891572550168026945e-01,-1.891572550168026945e-01
-5.858609994389177844e-01,-5.858609994389177844e-01
-9.512331202185768664e-01,-9.512331202185768664e-01
-8.972781101385873814e-01,-8.972781101385874925e-01
-3.578374067744077847e-01,-3.578374067744077847e-01
1.767131597583015967e-03,1.767131597582960456e-03
-2.559503441203788698e-01,-2.559503441203788698e-01
-7.345375494766810398e-01,-7.345375494766810398e-01
-9.885287495568013671e-01,-9.885287495568013671e-01
-9.116867761851064067e-01,-9.116867761851065177e-01
-5.492208238908407036e-01,-5.492208238908405926e-01
-1.072084440385639437e-01,-1.072084440385639437e-01
-4.934518053106418112e-02,-4.934518053106418112e-02
-5.522160654129808499e-01,-5.522160654129808499e-01
-9.830065057268179141e-01,-9.830065057268180251e-01
-8.354644378862779996e-01,-8.354644378862781107e-01
-3.921584910904453714e-01,-3.921584910904453158e-01
-6.359198155238016126e-02,-6.359198155238021677e-02
-2.177068309251800615e-02,-2.177068309251806166e-02
-3.218112427749784676e-01,-3.218112427749785232e-01
-8.131072939317478543e-01,-8.131072939317478543e-01
-9.806767828211112592e-01,-9.806767828211113702e-01
-5.331024161120495597e-01,-5.331024161120496707e-01
-4.943265675241281798e-02,-4.943265675241281798e-02
-8.283021676811924694e-02,-8.283021676811924694e-02
-4.639530275049752461e-01,-4.639530275049752461e-01
-8.423713003801532873e-01,-8.423713003801532873e-01
-9.998571750659236423e-01,-9.998571750659237534e-01
-7.859030334989822730e-01,-7.859030334989822730e-01
