-1.000000000000000000e+00,-1.000000000000000000e+00
-7.760110407260429888e-01,-7.760110407260430998e-01
-1.411036534977506141e-01,-1.411036534977506696e-01
5.450738516790640809e-01,5.450738516790640809e-01
9.594224614039033039e-01,9.594224614039033039e-01
8.812918373060854016e-01,8.812918373060854016e-01
3.849109062711186247e-01,3.849109062711186802e-01
-3.157878750009389668e-01,-3.157878750009389668e-01
-8.408051195414296686e-01,-8.408051195414296686e-01
-9.891505500903305936e-01,-9.891505500903304826e-01
-6.859608608383361839e-01,-6.859608608383361839e-01
-1.018753689567125087e-01,-1.018753689567125087e-01
5.935582264592372814e-01,5.935582264592372814e-01
9.797005809129939458e-01,9.797005809129940568e-01
8.986118604063966231e-01,8.986118604063965121e-01
3.967262860887291742e-01,3.967262860887291742e-01
-3.473848201648090939e-01,-3.473848201648090939e-01
-9.071898183163059626e-01,-9.071898183163060736e-01
-9.749257350549477286e-01,-9.749257350549478396e-01
-5.854169367080199748e-01,-5.854169367080199748e-01
3.204681610594184438e-02,3.204681610594187213e-02
7.087136762974163284e-01,7.087136762974162174e-01
9.974656909699830543e-01,9.974656909699830543e-01
7.702339951397733087e-01,7.702339951397733087e-01
9.506112365117780350e-02,9.506112365117785901e-02
-6.259418899568175432e-01,-6.259418899568175432e-01
-9.789596163252837213e-01,-9.789596163252836103e-01
-8.345528785141619332e-01,-8.345528785141618222e-01
-2.795251905996751773e-01,-2.795251905996751773e-01
4.242742757563334188e-01,4.242742757563334743e-01
9.372432136263826319e-01,9.372432136263826319e-01
9.174054203052346423e-01,9.174054203052346423e-01
3.671906624877531167e-01,3.671906624877531722e-01
-3.765184996444523313e-01,-3.765184996444523868e-01
-8.840250088084627977e-01,-8.840250088084627977e-01
-9.850003426143975060e-01,-9.850003426143976171e-01
-5.685682531322461264e-01,-5.685682531322461264e-01
1.635331890588460069e-01,1.635331890588459791e-01
8.065547767402109214e-01,8.065547767402110324e-01
9.994643880385535306e-01,9.994643880385534196e-01
7.306775217827504720e-01,7.306775217827504720e-01
1.433024820880094419e-01,1.433024820880094696e-01
-5.825798309502070449e-01,-5.825798309502070449e-01
-9.586528839978049055e-01,-9.586528839978050165e-01
-9.005028728527588733e-01,-9.005028728527587623e-01
-4.363711560275361223e-01,-4.363711560275361223e-01
2.213120536045850573e-01,2.213120536045850573e-01
8.155570180799328606e-01,8.155570180799328606e-01
9.850293526106977948e-01,9.850293526106979058e-01
6.497927893265421639e-01,6.497927893265422750e-01
-4.857324564043452586e-02,-4.857324564043452586e-02
-7.051117393582191362e-01,-7.051117393582191362e-01
-9.973402166646063716e-01,-9.973402166646064826e-01
-8.243517675112482790e-01,-8.243517675112481680e-01
-2.690352536315642196e-01,-2.690352536315641641e-01
4.278800343565269393e-01,4.278800343565269393e-01
9.084325252628313585e-01,9.084325252628312475e-01
9.745457802908182865e-01,9.745457802908181755e-01
5.482278057211047440e-01,5.482278057211046329e-01
-1.621945255670728114e-01,-1.621945255670728669e-01
-8.047980100159316530e-01,-8.047980100159316530e-01
-9.991861365560255059e-01,-9.991861365560253949e-01
-7.517101319898900069e-01,-7.517101319898900069e-01
-1.063715376047054129e-01,-1.063715376047054406e-01
5.909102175829351600e-01,5.909102175829351600e-01
9.832389923101739759e-01,9.832389923101738649e-01
8.729810101517222476e-01,8.729810101517222476e-01
3.715690402688054395e-01,3.715690402688055505e-01
-2.927203650487125719e-01,-2.927203650487125719e-01
-8.398026299547799445e-01,-8.398026299547799445e-01
-9.829869890145135347e-01,-9.829869890145135347e-01
-5.602261405431976371e-01,-5.602261405431977481e-01
1.357945173617707835e-01,1.357945173617707557e-01
7.152623147304399964e-01,7.152623147304399964e-01
9.930891384616193918e-01,9.930891384616195028e-01
8.053607440025145614e-01,8.053607440025145614e-01
2.632580804049646783e-01,2.632580804049646783e-01
-3.977962474883993127e-01,-3.977962474883993682e-01
-8.800812965069045868e-01,-8.800812965069045868e-01
-9.553240014862557361e-01,-9.553240014862558471e-01
-4.866986836491083435e-01,-4.866986836491083990e-01
2.348906893061141199e-01,2.348906893061141476e-01
8.029743508281760311e-01,8.029743508281761422e-01
9.960778602971902540e-01,9.960778602971901430e-01
7.331846648004269884e-01,7.331846648004269884e-01
7.048942644215455688e-02,7.048942644215452913e-02
-5.847735330726203662e-01,-5.847735330726202552e-01
-9.798615796391654253e-01,-9.798615796391654253e-01
-8.841099030805191772e-01,-8.841099030805191772e-01
-3.290227913066402499e-01,-3.290227913066403054e-01
3.221750513571881580e-01,3.221750513571881580e-01
8.491711469686756830e-01,8.491711469686756830e-01
9.917954948052065678e-01,9.917954948052065678e-01
6.597571432383648737e-01,6.597571432383648737e-01
1.820321070160646482e-02,1.820321070160646482e-02
-6.992880844751738767e-01,-6.992880844751738767e-01
-9.994237007153230490e-01,-9.994237007153230490e-01
-7.346593351572692221e-01,-7.346593351572692221e-01
-9.645461919794162675e-02,-9.645461919794159900e-02
5.923773360442063929e-01,5.923773360442065039e-01
9.749853275020929910e-01,9.749853275020928800e-01
