-1.000000000000000000e+00,-1.000000000000000000e+00
-7.287653267147045089e-01,-7.287653267147045089e-01
-1.626753235911622131e-01,-1.626753235911622131e-01
4.107354524978885646e-01,4.107354524978886201e-01
8.475707998598396298e-01,8.475707998598396298e-01
9.952621780155422870e-01,9.952621780155421760e-01
6.556903219495535673e-01,6.556903219495535673e-01
-1.265451077874448771e-01,-1.265451077874449048e-01
-8.375860217534225605e-01,-8.375860217534226715e-01
-9.712589158778464071e-01,-9.712589158778464071e-01
-5.709846123279398444e-01,-5.709846123279398444e-01
1.943687237644647903e-02,1.943687237644647903e-02
5.635318747245554594e-01,5.635318747245554594e-01
9.326136368488174844e-01,9.326136368488173733e-01
9.501021953473685056e-01,9.501021953473685056e-01
4.489244921682846168e-01,4.489244921682846168e-01
-3.813893918146753492e-01,-3.813893918146754047e-01
-9.489531218863318518e-01,-9.489531218863319628e-01
-8.909066129066482986e-01,-8.909066129066482986e-01
-3.968728298060204551e-01,-3.968728298060204551e-01
1.963742451013895662e-01,1.963742451013896217e-01
7.006693189974061431e-01,7.006693189974061431e-01
9.854216330803897694e-01,9.854216330803897694e-01
8.541549846599604257e-01,8.541549846599604257e-01
2.078631782671420125e-01,2.078631782671419570e-01
-6.098570077202998263e-01,-6.098570077202998263e-01
-9.975348865780786500e-01,-9.975348865780786500e-01
-7.694354797291679260e-01,-7.694354797291679260e-01
-2.150535476917764810e-01,-2.150535476917765088e-01
3.646609771993046256e-01,3.646609771993046256e-01
8.182356441754067289e-01,8.182356441754066179e-01
9.993384682220964876e-01,9.993384682220964876e-01
7.068000971175909530e-01,7.068000971175909530e-01
-5.164829662015113509e-02,-5.164829662015121836e-02
-7.946784475070765019e-01,-7.946784475070763909e-01
-9.851466594186955028e-01,-9.851466594186953918e-01
-6.181547687820052595e-01,-6.181547687820052595e-01
-3.224183655473222831e-02,-3.224183655473217280e-02
5.213239136708965882e-01,5.213239136708964772e-01
9.113209050148854962e-01,9.113209050148854962e-01
9.680629770640523102e-01,9.680629770640521992e-01
5.120788895668003660e-01,5.120788895668003660e-01
-3.104251066603093134e-01,-3.104251066603092579e-01
-9.234726572929524702e-01,-9.234726572929524702e-01
-9.185489633694225997e-01,-9.185489633694224887e-01
-4.477469294701617031e-01,-4.477469294701617586e-01
1.465661489547557261e-01,1.465661489547556984e-01
6.632959498906549900e-01,6.632959498906548790e-01
9.740088105268871477e-01,9.740088105268870367e-01
8.868650584029003081e-01,8.868650584029003081e-01
2.793933848687346622e-01,2.793933848687346622e-01
-5.483540729027357452e-01,-5.483540729027356342e-01
-9.900612659880979605e-01,-9.900612659880980715e-01
-8.076765741614810867e-01,-8.076765741614810867e-01
-2.673617105474890288e-01,-2.673617105474890288e-01
3.176382810713681559e-01,3.176382810713681004e-01
7.869086081962537449e-01,7.869086081962537449e-01
9.997159608997286950e-01,9.997159608997288061e-01
7.540089829670586496e-01,7.540089829670585386e-01
2.330237954351344065e-02,2.330237954351344065e-02
-7.471574502060991385e-01,-7.471574502060990275e-01
-9.945892461291172548e-01,-9.945892461291172548e-01
-6.637735608963617473e-01,-6.637735608963618583e-01
-8.425538033900470403e-02,-8.425538033900464852e-02
4.779205878395639262e-01,4.779205878395639817e-01
8.875512576860946634e-01,8.875512576860945524e-01
9.819297030759999156e-01,9.819297030759999156e-01
5.721010358381628524e-01,5.721010358381629635e-01
-2.377472498737926432e-01,-2.377472498737926154e-01
-8.928737663381316469e-01,-8.928737663381317580e-01
-9.425691339915652778e-01,-9.425691339915653888e-01
-4.978187490808698157e-01,-4.978187490808697602e-01
9.612230338036914512e-02,9.612230338036920063e-02
6.244299429460870021e-01,6.244299429460871131e-01
9.595770368441050024e-01,9.595770368441051135e-01
9.153306471579014669e-01,9.153306471579014669e-01
3.489878387459473541e-01,3.489878387459473541e-01
-4.836295166786963584e-01,-4.836295166786963584e-01
-9.774873525186847933e-01,-9.774873525186849044e-01
-8.432233859724238556e-01,-8.432233859724238556e-01
-3.194592773727135682e-01,-3.194592773727135682e-01
2.697343957542422954e-01,2.697343957542424064e-01
7.537132119935102681e-01,7.537132119935101571e-01
9.965357504433705049e-01,9.965357504433705049e-01
7.971802104435307124e-01,7.971802104435307124e-01
9.783733151440926479e-02,9.783733151440923703e-02
-6.952646711139087721e-01,-6.952646711139086610e-01
-9.993923091307825857e-01,-9.993923091307825857e-01
-7.076009960450985181e-01,-7.076009960450985181e-01
-1.365006300698373698e-01,-1.365006300698373698e-01
4.333959933050120505e-01,4.333959933050119950e-01
8.614508820168456094e-01,8.614508820168456094e-01
9.917956169903497932e-01,9.917956169903499042e-01
6.287253555368419455e-01,6.287253555368418345e-01
-1.638246237055319687e-01,-1.638246237055319965e-01
-8.572458812463528144e-01,-8.572458812463528144e-01
-9.627147578063282030e-01,-9.627147578063283140e-01
-5.468898501641161758e-01,-5.468898501641160648e-01
4.512080404455121041e-02,4.512080404455129368e-02
5.841633191384056900e-01,5.841633191384058010e-01
9.422841171299743968e-01,9.422841171299745078e-01
