-1.000000000000000000e+00,-1.000000000000000000e+00
-8.408164536719038296e-01,-8.408164536719038296e-01
-4.317835806049685199e-01,-4.317835806049685199e-01
-2.796386221835106545e-02,-2.796386221835100994e-02
-1.715259413767802332e-01,-1.715259413767802332e-01
-7.204679037456975799e-01,-7.204679037456974688e-01
-9.953280643242602421e-01,-9.953280643242603531e-01
-8.849093821899727264e-01,-8.849093821899728374e-01
-5.064697650257852235e-01,-5.064697650257852235e-01
-6.717568669323487063e-02,-6.717568669323487063e-02
-1.048901683381063821e-01,-1.048901683381063821e-01
-6.409856156326161347e-01,-6.409856156326162457e-01
-9.809808261733239387e-01,-9.809808261733238277e-01
-9.222607017322050904e-01,-9.222607017322050904e-01
-5.791871068925810162e-01,-5.791871068925810162e-01
-1.184977111242196401e-01,-1.184977111242195846e-01
-5.302785422269779003e-02,-5.302785422269779003e-02
-5.547499292348589961e-01,-5.547499292348589961e-01
-9.563704190882752476e-01,-9.563704190882752476e-01
-9.528832199772346856e-01,-9.528832199772346856e-01
-6.478270153422232003e-01,-6.478270153422232003e-01
-1.807982711805511400e-01,-1.807982711805510845e-01
-1.647544830477565281e-02,-1.647544830477559730e-02
-4.652320756630382026e-01,-4.652320756630381471e-01
-9.209692840419408943e-01,-9.209692840419408943e-01
-9.760523021998753768e-01,-9.760523021998752657e-01
-7.122197763397990489e-01,-7.122197763397990489e-01
-2.497648145313883794e-01,-2.497648145313883794e-01
1.483034725986376312e-03,1.483034725986320801e-03
-3.742915922578992638e-01,-3.742915922578993193e-01
-8.748612288914728863e-01,-8.748612288914729973e-01
-9.916025999578295114e-01,-9.916025999578294003e-01
-7.708253817152036502e-01,-7.708253817152037612e-01
-3.242992107810659941e-01,-3.242992107810659386e-01
2.597397046132543519e-03,2.597397046132488008e-03
-2.868588395872626595e-01,-2.868588395872626040e-01
-8.177783958654711860e-01,-8.177783958654710750e-01
-9.988314750867572922e-01,-9.988314750867574032e-01
-8.238010827380961576e-01,-8.238010827380960466e-01
-4.004246504219671210e-01,-4.004246504219670655e-01
-1.475604331604524200e-02,-1.475604331604524200e-02
-2.048357512303780048e-01,-2.048357512303779771e-01
-7.509157271389018673e-01,-7.509157271389018673e-01
-9.972646906878280815e-01,-9.972646906878279705e-01
-8.701728767881463655e-01,-8.701728767881462545e-01
-4.771625973957334121e-01,-4.771625973957334121e-01
-4.727955825483154406e-02,-4.727955825483159957e-02
-1.333925137533184535e-01,-1.333925137533184535e-01
-6.747176170521558269e-01,-6.747176170521558269e-01
-9.863304011632615387e-01,-9.863304011632616497e-01
-9.100283436656072533e-01,-9.100283436656072533e-01
-5.516616005652357213e-01,-5.516616005652357213e-01
-9.458868475475323834e-02,-9.458868475475323834e-02
-7.410963148627242036e-02,-7.410963148627247588e-02
-5.916220886143606084e-01,-5.916220886143606084e-01
-9.653823775060690338e-01,-9.653823775060690338e-01
-9.427998778692087134e-01,-9.427998778692087134e-01
-6.230680630939529063e-01,-6.230680630939530174e-01
-1.530106171499278078e-01,-1.530106171499278078e-01
-3.075918684210116050e-02,-3.075918684210116050e-02
-5.032895056656160326e-01,-5.032895056656160326e-01
-9.341097686282661128e-01,-9.341097686282662238e-01
-9.682940430477815497e-01,-9.682940430477815497e-01
-6.898245113043612875e-01,-6.898245113043611765e-01
-2.205065895195232328e-01,-2.205065895195232051e-01
-4.318579284903756310e-03,-4.318579284903700799e-03
-4.130099029395393195e-01,-4.130099029395393195e-01
-8.921167977042568920e-01,-8.921167977042570030e-01
-9.861252103247378775e-01,-9.861252103247379885e-01
-7.511734377883185765e-01,-7.511734377883185765e-01
-2.940414940524909704e-01,-2.940414940524909149e-01
4.113429019041103807e-03,4.113429019041103807e-03
-3.239172411381466277e-01,-3.239172411381466832e-01
-8.394930982135846431e-01,-8.394930982135847541e-01
-9.958147761173640200e-01,-9.958147761173639090e-01
-8.065709638398651515e-01,-8.065709638398651515e-01
-3.707306097255900212e-01,-3.707306097255899657e-01
-5.710153068896717254e-03,-5.710153068896717254e-03
-2.392467941704493062e-01,-2.392467941704493062e-01
-7.767254504948746252e-01,-7.767254504948745142e-01
-9.969574646801956375e-01,-9.969574646801957485e-01
-8.553244676753275488e-01,-8.553244676753275488e-01
-4.486588918641862822e-01,-4.486588918641862822e-01
-3.195475325982427561e-02,-3.195475325982433112e-02
-1.632998811263503547e-01,-1.632998811263503547e-01
-7.044235316645772738e-01,-7.044235316645772738e-01
-9.889732542643208113e-01,-9.889732542643208113e-01
-8.974322447301213979e-01,-8.974322447301212868e-01
-5.249472533865521262e-01,-5.249472533865522372e-01
-7.417832410060531956e-02,-7.417832410060531956e-02
-9.816349707646959688e-02,-9.816349707646954137e-02
-6.245669933825936937e-01,-6.245669933825936937e-01
-9.713463179635120071e-01,-9.713463179635121181e-01
-9.322495832681234607e-01,-9.322495832681235717e-01
-5.987442084913641160e-01,-5.987442084913641160e-01
-1.284495218120237925e-01,-1.284495218120237925e-01
-4.835240648789990159e-02,-4.835240648789984608e-02
-5.383444130268507655e-01,-5.383444130268506544e-01
-9.437228620218519604e-01,-9.437228620218520714e-01
-9.598653466931406086e-01,-9.598653466931404976e-01
-6.677535033640438211e-01,-6.677535033640438211e-01
