-1.000000000000000000e+00,-1.000000000000000000e+00
-7.652965773238495917e-01,-7.652965773238495917e-01
-2.789984730348414876e-01,-2.789984730348414876e-01
3.178334298604880148e-01,3.178334298604880703e-01
8.715647690875960585e-01,8.715647690875960585e-01
9.429410468091963260e-01,9.429410468091962150e-01
3.767150791593277814e-01,3.767150791593276704e-01
-3.286861186275195079e-01,-3.286861186275194524e-01
-8.036887771251902679e-01,-8.036887771251902679e-01
-9.990856872373854447e-01,-9.990856872373854447e-01
-7.836782978121829002e-01,-7.836782978121830112e-01
-5.994551239223544492e-02,-5.994551239223544492e-02
7.140824702812259561e-01,7.140824702812260671e-01
9.994743094650324622e-01,9.994743094650324622e-01
8.371220719898142537e-01,8.371220719898142537e-01
3.950472279039063950e-01,3.950472279039063395e-01
-2.813044097947600131e-01,-2.813044097947600131e-01
-8.964743174857499053e-01,-8.964743174857499053e-01
-9.197433580359427596e-01,-9.197433580359428706e-01
-3.921279823424421718e-01,-3.921279823424421163e-01
2.216552382203337834e-01,2.216552382203338389e-01
7.200432646213754673e-01,7.200432646213752452e-01
9.953318939020661116e-01,9.953318939020661116e-01
7.560471899265710505e-01,7.560471899265711615e-01
-9.066206348841587825e-03,-9.066206348841615581e-03
-7.131680530660300388e-01,-7.131680530660301498e-01
-9.911839035300300527e-01,-9.911839035300300527e-01
-9.025158043578797029e-01,-9.025158043578798139e-01
-4.574295511193964825e-01,-4.574295511193965380e-01
3.114258018211937262e-01,3.114258018211937817e-01
9.259700795600742662e-01,9.259700795600742662e-01
9.144047761534703778e-01,9.144047761534702667e-01
4.713900008815570253e-01,4.713900008815570808e-01
-8.820615107309320857e-02,-8.820615107309323633e-02
-6.598812189828087149e-01,-6.598812189828086039e-01
-9.969324757856881103e-01,-9.969324757856881103e-01
-7.068134100709225764e-01,-7.068134100709225764e-01
3.611266703680249268e-02,3.611266703680246493e-02
6.593267534756899195e-01,6.593267534756899195e-01
9.644883889472515293e-01,9.644883889472514182e-01
9.397186198520697253e-01,9.397186198520696143e-01
4.539193384466960746e-01,4.539193384466960191e-01
-3.774037771269841413e-01,-3.774037771269840857e-01
-9.401143117170832619e-01,-9.401143117170833730e-01
-9.367748688294503800e-01,-9.367748688294503800e-01
-5.827640982858854901e-01,-5.827640982858853791e-01
-1.944010401107454378e-02,-1.944010401107448827e-02
6.513914833970435581e-01,6.513914833970435581e-01
9.999235496103575649e-01,9.999235496103575649e-01
6.705368727512983629e-01,6.705368727512983629e-01
7.677093663807532664e-03,7.677093663807615931e-03
-5.597788711946749540e-01,-5.597788711946749540e-01
-9.268621864070153427e-01,-9.268621864070154537e-01
-9.485747163166428075e-01,-9.485747163166429186e-01
-4.002052704023236762e-01,-4.002052704023236207e-01
4.312211419833499315e-01,4.312211419833500425e-01
9.301854679579593110e-01,9.301854679579592000e-01
9.714975960229335072e-01,9.714975960229336183e-01
6.797666151591833517e-01,6.797666151591833517e-01
6.205410257873045232e-02,6.205410257873050783e-02
-6.890499933332455695e-01,-6.890499933332456806e-01
-9.985846297734233268e-01,-9.985846297734233268e-01
-6.796663757693414132e-01,-6.796663757693413022e-01
-1.159542214103665425e-01,-1.159542214103665148e-01
4.467961401689939382e-01,4.467961401689939382e-01
9.034782093212330167e-01,9.034782093212330167e-01
9.350836654358394284e-01,9.350836654358394284e-01
3.350700163224344941e-01,3.350700163224344941e-01
-4.337976942797565627e-01,-4.337976942797566182e-01
-8.902031924064954804e-01,-8.902031924064953694e-01
-9.944857300078275841e-01,-9.944857300078275841e-01
-7.314700801632815219e-01,-7.314700801632815219e-01
-3.408451061942974203e-02,-3.408451061942974203e-02
7.395377300723413594e-01,7.395377300723413594e-01
9.975151012535282691e-01,9.975151012535283801e-01
7.389478110727385474e-01,7.389478110727384363e-01
2.487898600616521572e-01,2.487898600616521572e-01
-3.674155684723968696e-01,-3.674155684723968696e-01
-9.095682651878036484e-01,-9.095682651878035374e-01
-9.071806903119441490e-01,-9.071806903119442600e-01
-3.060677961964619609e-01,-3.060677961964620164e-01
3.696647635475126537e-01,3.696647635475127647e-01
8.214888954404760968e-01,8.214888954404759858e-01
9.999850259304725597e-01,9.999850259304725597e-01
7.316093313483288396e-01,7.316093313483288396e-01
-3.523352726022122017e-02,-3.523352726022130343e-02
-7.674740518996641114e-01,-7.674740518996640004e-01
-9.998800071117273092e-01,-9.998800071117273092e-01
-8.200391595198794903e-01,-8.200391595198794903e-01
-3.542308748026811727e-01,-3.542308748026811727e-01
3.529035341145296822e-01,3.529035341145296267e-01
9.344186744918885346e-01,9.344186744918884235e-01
8.837621057487557996e-01,8.837621057487557996e-01
3.433672579287004867e-01,3.433672579287004867e-01
-2.520041658781803640e-01,-2.520041658781803084e-01
-7.473838704012759626e-01,-7.473838704012760736e-01
-9.996671613525409672e-01,-9.996671613525409672e-01
-6.914265560152940138e-01,-6.914265560152940138e-01
9.602890728618684868e-02,9.602890728618684868e-02
7.520827754640019291e-01,7.520827754640020402e-01
9.949843278536503188e-01,9.949843278536503188e-01
