-1.000000000000000000e+00,-1.000000000000000000e+00
-8.122093497517298699e-01,-8.122093497517297589e-01
-3.609919086910498010e-01,-3.609919086910498010e-01
2.347391133953436460e-01,2.347391133953437015e-01
8.010406137750814004e-01,8.010406137750814004e-01
9.885680917355778030e-01,9.885680917355779140e-01
5.316530382930497733e-01,5.316530382930497733e-01
-2.916819111394760577e-01,-2.916819111394761688e-01
-8.834655061055125547e-01,-8.834655061055125547e-01
-9.804601055330588455e-01,-9.804601055330588455e-01
-6.963791452006817817e-01,-6.963791452006816707e-01
-1.898505433052084523e-01,-1.898505433052084801e-01
4.230322273795911192e-01,4.230322273795911192e-01
9.169707129444848448e-01,9.169707129444848448e-01
9.176962112419674300e-01,9.176962112419675410e-01
2.918616492318500955e-01,2.918616492318500399e-01
-5.186884569782106436e-01,-5.186884569782106436e-01
-9.643006216019927024e-01,-9.643006216019927024e-01
-9.256656359217282359e-01,-9.256656359217283470e-01
-5.604906243566379898e-01,-5.604906243566381008e-01
-8.017194538431471340e-03,-8.017194538431443585e-03
6.018885793030355202e-01,6.018885793030355202e-01
9.856179898096977254e-01,9.856179898096976144e-01
7.836359616180438303e-01,7.836359616180438303e-01
3.415655215624291419e-02,3.415655215624294194e-02
-7.079212050896144248e-01,-7.079212050896143138e-01
-9.983066125660832180e-01,-9.983066125660831069e-01
-8.411294256057043617e-01,-8.411294256057044727e-01
-4.074851834160143071e-01,-4.074851834160142516e-01
1.804312322576805960e-01,1.804312322576805960e-01
7.608984038236040748e-01,7.608984038236040748e-01
9.968843738864849868e-01,9.968843738864850978e-01
5.941627636669162271e-01,5.941627636669163381e-01
-2.215947399030423481e-01,-2.215947399030423481e-01
-8.514064075302215651e-01,-8.514064075302216761e-01
-9.898914506141223146e-01,-9.898914506141223146e-01
-7.316643296920440909e-01,-7.316643296920440909e-01
-2.399859358475767701e-01,-2.399859358475767146e-01
3.697910393738532697e-01,3.697910393738532142e-01
8.881661959264505191e-01,8.881661959264505191e-01
9.445677304746233904e-01,9.445677304746232794e-01
3.630694394533416358e-01,3.630694394533415803e-01
-4.572047761815180023e-01,-4.572047761815180023e-01
-9.461275813601992546e-01,-9.461275813601992546e-01
-9.445873952014891550e-01,-9.445873952014891550e-01
-6.011810643962320899e-01,-6.011810643962320899e-01
-6.084876521852300435e-02,-6.084876521852305986e-02
5.523216987079149209e-01,5.523216987079148099e-01
9.714743303750277281e-01,9.714743303750277281e-01
8.280557201544546109e-01,8.280557201544544998e-01
1.084462138377860763e-01,1.084462138377860763e-01
-6.582716486999717898e-01,-6.582716486999717898e-01
-9.931434754093473316e-01,-9.931434754093473316e-01
-8.680203791701722738e-01,-8.680203791701722738e-01
-4.527939002083313236e-01,-4.527939002083312126e-01
1.262107445778063441e-01,1.262107445778063441e-01
7.181674760466771890e-01,7.181674760466771890e-01
9.999746355129044417e-01,9.999746355129044417e-01
6.532473955900485185e-01,6.532473955900485185e-01
-1.498389230422498275e-01,-1.498389230422498553e-01
-8.153407926491915703e-01,-8.153407926491916813e-01
-9.963111779186590855e-01,-9.963111779186589745e-01
-7.652389162370742959e-01,-7.652389162370742959e-01
-2.891659142308516950e-01,-2.891659142308516950e-01
3.160059874581780948e-01,3.160059874581780948e-01
8.557648301006637315e-01,8.557648301006637315e-01
9.661571714219224782e-01,9.661571714219224782e-01
4.323451398689852065e-01,4.323451398689852621e-01
-3.928694651780190172e-01,-3.928694651780190172e-01
-9.240427243024567083e-01,-9.240427243024568194e-01
-9.609609922130164517e-01,-9.609609922130164517e-01
-6.404129193001052434e-01,-6.404129193001053544e-01
-1.130243176727040444e-01,-1.130243176727039611e-01
5.014039502447235064e-01,5.014039502447235064e-01
9.528356020947510441e-01,9.528356020947511551e-01
8.676761865261304330e-01,8.676761865261304330e-01
1.824432482136781886e-01,1.824432482136781886e-01
-6.049979677063468397e-01,-6.049979677063468397e-01
-9.843918747039609451e-01,-9.843918747039608341e-01
-8.927771350376793036e-01,-8.927771350376793036e-01
-4.968581494575031732e-01,-4.968581494575031732e-01
7.222597330821478590e-02,7.222597330821475814e-02
6.731355038061755947e-01,6.731355038061757057e-01
9.979449383502336790e-01,9.979449383502336790e-01
7.085378963297586097e-01,7.085378963297586097e-01
-7.681666436596396030e-02,-7.681666436596393255e-02
-7.752990352747586300e-01,-7.752990352747587410e-01
-9.995846687843057410e-01,-9.995846687843057410e-01
-7.970194970200678020e-01,-7.970194970200679130e-01
-3.373201537485919776e-01,-3.373201537485919776e-01
2.618756860712195822e-01,2.618756860712196377e-01
8.200502292625311274e-01,8.200502292625311274e-01
9.824273829601902763e-01,9.824273829601902763e-01
4.992372772785211854e-01,4.992372772785210744e-01
-3.259811569802474329e-01,-3.259811569802474329e-01
-8.979907188618455605e-01,-8.979907188618454494e-01
-9.746572542629798885e-01,-9.746572542629797775e-01
-6.781196118874088796e-01,-6.781196118874088796e-01
-1.644480786804914385e-01,-1.644480786804914663e-01
4.493828052666217765e-01,4.493828052666217210e-01
9.299378308797513482e-01,9.299378308797513482e-01
