-1.000000000000000000e+00,-1.000000000000000000e+00
-7.209739316770662487e-01,-7.209739316770663597e-01
-2.174596535063138547e-01,-2.174596535063137992e-01
1.656188248747192393e-03,1.656188248747247904e-03
-2.197502156486917380e-01,-2.197502156486917935e-01
-7.256798198226818153e-01,-7.256798198226818153e-01
-9.990203065691629636e-01,-9.990203065691628526e-01
-7.536803414045176730e-01,-7.536803414045176730e-01
-2.992557538524744376e-01,-2.992557538524744931e-01
3.081549567015506863e-03,3.081549567015451352e-03
-1.998000811734461091e-01,-1.998000811734460536e-01
-6.767512306175027526e-01,-6.767512306175027526e-01
-9.879850311615688829e-01,-9.879850311615689940e-01
-8.333783352196925120e-01,-8.333783352196924010e-01
-3.067967065855397579e-01,-3.067967065855397579e-01
-1.618400874275516266e-02,-1.618400874275516266e-02
-1.190677475582722078e-01,-1.190677475582721523e-01
-5.893191695990982470e-01,-5.893191695990982470e-01
-9.670689135115558832e-01,-9.670689135115559942e-01
-8.711802523761993378e-01,-8.711802523761993378e-01
-4.525281837215653913e-01,-4.525281837215654468e-01
-2.834014554206626402e-02,-2.834014554206631953e-02
-1.191173718034932993e-01,-1.191173718034933549e-01
-5.978814614280828499e-01,-5.978814614280828499e-01
-9.659151632489831885e-01,-9.659151632489832995e-01
-8.987231257442948040e-01,-8.987231257442948040e-01
-4.198453551352981372e-01,-4.198453551352981372e-01
-3.308799074278423458e-02,-3.308799074278429009e-02
-1.155455420490967278e-01,-1.155455420490967833e-01
-5.848272849776460225e-01,-5.848272849776460225e-01
-9.416148150305535536e-01,-9.416148150305534426e-01
-9.098557581789611381e-01,-9.098557581789612492e-01
-4.264480436081460879e-01,-4.264480436081460879e-01
-2.515057561722361390e-02,-2.515057561722361390e-02
-1.130200443253636111e-01,-1.130200443253636111e-01
-5.522201156194721516e-01,-5.522201156194721516e-01
-9.592050394091641285e-01,-9.592050394091641285e-01
-9.027484212072223180e-01,-9.027484212072224290e-01
-4.082095680835027274e-01,-4.082095680835027829e-01
-3.473551811565001035e-02,-3.473551811564995484e-02
-7.003956929354016037e-02,-7.003956929354010486e-02
-5.397884048905379206e-01,-5.397884048905379206e-01
-9.394618089315922571e-01,-9.394618089315922571e-01
-9.115572786338179689e-01,-9.115572786338178579e-01
-4.549390151021188711e-01,-4.549390151021188156e-01
-7.069639944887828875e-02,-7.069639944887828875e-02
-5.219474417631081442e-02,-5.219474417631075891e-02
-4.349713172858976074e-01,-4.349713172858976074e-01
-9.055275116660719270e-01,-9.055275116660719270e-01
-9.679849887180739243e-01,-9.679849887180739243e-01
-6.185322945593296762e-01,-6.185322945593296762e-01
-1.438692253035643853e-01,-1.438692253035643853e-01
-9.247116786480935602e-03,-9.247116786480935602e-03
-2.974942692239714859e-01,-2.974942692239715414e-01
-8.079257131247167267e-01,-8.079257131247167267e-01
-9.968439323663330631e-01,-9.968439323663331741e-01
-7.394907593234643084e-01,-7.394907593234644194e-01
-2.146837613266773248e-01,-2.146837613266773248e-01
3.284517120111629662e-03,3.284517120111629662e-03
-3.150258647578128568e-01,-3.150258647578128013e-01
-7.747403019585130668e-01,-7.747403019585130668e-01
-9.979161832172694924e-01,-9.979161832172694924e-01
-7.862267039541239733e-01,-7.862267039541239733e-01
-2.827569008381224935e-01,-2.827569008381224935e-01
-3.440897788785868272e-03,-3.440897788785868272e-03
-1.967059913794919623e-01,-1.967059913794919346e-01
-6.949774971675666269e-01,-6.949774971675666269e-01
-9.974849806044698841e-01,-9.974849806044697731e-01
-8.164601767588257619e-01,-8.164601767588256509e-01
-3.092185312858495849e-01,-3.092185312858495849e-01
-9.556758346250582292e-03,-9.556758346250582292e-03
-1.631536223307673006e-01,-1.631536223307673006e-01
-6.376811377236963896e-01,-6.376811377236963896e-01
-9.918888179890299472e-01,-9.918888179890298362e-01
-8.450715516780012981e-01,-8.450715516780011871e-01
-3.723268608529569645e-01,-3.723268608529569645e-01
-2.173690436527830894e-02,-2.173690436527836445e-02
-1.447228895989048358e-01,-1.447228895989047803e-01
-5.775592102894837598e-01,-5.775592102894837598e-01
-9.522826946763949252e-01,-9.522826946763948142e-01
-9.364292893282055719e-01,-9.364292893282055719e-01
-5.012429017668865727e-01,-5.012429017668864617e-01
-9.108800584171961034e-02,-9.108800584171961034e-02
-2.707159226697491983e-02,-2.707159226697486432e-02
-3.580589484772874753e-01,-3.580589484772874753e-01
-8.522547759262779632e-01,-8.522547759262779632e-01
-9.848544961237821749e-01,-9.848544961237821749e-01
-6.373278052225319623e-01,-6.373278052225319623e-01
-1.993496046617282969e-01,-1.993496046617283246e-01
2.663743043428146162e-03,2.663743043428146162e-03
-2.703699743846056935e-01,-2.703699743846056935e-01
-7.553457550159728973e-01,-7.553457550159728973e-01
-9.983687895192024930e-01,-9.983687895192024930e-01
-6.994758869101054266e-01,-6.994758869101055376e-01
-1.911352731923991466e-01,-1.911352731923991188e-01
-4.409714693950794739e-03,-4.409714693950794739e-03
-3.160146801650889903e-01,-3.160146801650889348e-01
-7.651835152087174130e-01,-7.651835152087173020e-01
-9.995654975738724746e-01,-9.995654975738724746e-01
-7.487703182682317049e-01,-7.487703182682315939e-01
-2.902506885265278558e-01,-2.902506885265278003e-01
