-1.000000000000000000e+00,-1.000000000000000000e+00
-7.740474467473413833e-01,-7.740474467473414943e-01
-2.790146866621948663e-01,-2.790146866621948663e-01
2.922353371171734215e-01,2.922353371171734215e-01
7.982416471682145520e-01,7.982416471682145520e-01
9.970203824351213662e-01,9.970203824351212551e-01
6.246183537884554271e-01,6.246183537884553161e-01
-1.902610752033868646e-01,-1.902610752033867814e-01
-8.587939801749556734e-01,-8.587939801749557844e-01
-9.759895047089079956e-01,-9.759895047089079956e-01
-6.405512197935118168e-01,-6.405512197935118168e-01
-1.072001939921497504e-01,-1.072001939921497504e-01
4.613869582550819137e-01,4.613869582550818027e-01
9.058780570056877979e-01,9.058780570056877979e-01
9.499279612644132564e-01,9.499279612644133675e-01
4.012642474183119035e-01,4.012642474183119590e-01
-4.380572619500017750e-01,-4.380572619500017195e-01
-9.563200036115055980e-01,-9.563200036115055980e-01
-9.092251925428572745e-01,-9.092251925428573855e-01
-4.897428028025312963e-01,-4.897428028025313518e-01
6.782120230335253463e-02,6.782120230335247912e-02
6.202037327512017750e-01,6.202037327512018861e-01
9.762210611220802914e-01,9.762210611220802914e-01
8.437545503805055080e-01,8.437545503805055080e-01
1.480766551297886258e-01,1.480766551297886258e-01
-6.526277258509680657e-01,-6.526277258509680657e-01
-9.979175871280004939e-01,-9.979175871280006049e-01
-8.080950197073180075e-01,-8.080950197073180075e-01
-3.270575313360740699e-01,-3.270575313360740699e-01
2.427712210102941359e-01,2.427712210102941914e-01
7.619795930725516975e-01,7.619795930725518085e-01
9.999486570053973677e-01,9.999486570053974788e-01
6.806697282503424429e-01,6.806697282503425539e-01
-1.157806554938533017e-01,-1.157806554938533294e-01
-8.205914991226626043e-01,-8.205914991226624933e-01
-9.875677428659226376e-01,-9.875677428659226376e-01
-6.807305212715724085e-01,-6.807305212715725196e-01
-1.567574956685339194e-01,-1.567574956685339471e-01
4.138581906217195794e-01,4.138581906217196349e-01
8.785080517802436040e-01,8.785080517802436040e-01
9.693640164736633258e-01,9.693640164736634368e-01
4.688871526962656300e-01,4.688871526962655745e-01
-3.699359521268931195e-01,-3.699359521268931195e-01
-9.342368423066076399e-01,-9.342368423066075289e-01
-9.321780695396013616e-01,-9.321780695396012506e-01
-5.342561142003082741e-01,-5.342561142003081631e-01
1.767438380806651832e-02,1.767438380806651832e-02
5.762436593960700293e-01,5.762436593960701403e-01
9.604884651306379029e-01,9.604884651306380139e-01
8.801022345673085168e-01,8.801022345673086278e-01
2.223893030359442857e-01,2.223893030359442580e-01
-5.955930764906595121e-01,-5.955930764906595121e-01
-9.915762676231429928e-01,-9.915762676231429928e-01
-8.400076796762576681e-01,-8.400076796762576681e-01
-3.744837445058443182e-01,-3.744837445058443182e-01
1.929984174761097959e-01,1.929984174761097959e-01
7.236637743654658061e-01,7.236637743654659172e-01
9.984223714728563959e-01,9.984223714728563959e-01
7.327087517958449370e-01,7.327087517958450480e-01
-4.049804831759795665e-02,-4.049804831759787338e-02
-7.779183052517374408e-01,-7.779183052517373298e-01
-9.954610542754253055e-01,-9.954610542754254165e-01
-7.193583361074276095e-01,-7.193583361074277205e-01
-2.059790671158097108e-01,-2.059790671158097108e-01
3.656282197303584725e-01,3.656282197303584169e-01
8.483194358273021818e-01,8.483194358273021818e-01
9.839789536971825790e-01,9.839789536971826900e-01
5.336482231269767951e-01,5.336482231269767951e-01
-2.994627307520129622e-01,-2.994627307520129067e-01
-9.075265817887228081e-01,-9.075265817887228081e-01
-9.521285381912162338e-01,-9.521285381912163448e-01
-5.776918832874162746e-01,-5.776918832874162746e-01
-3.239741576047439064e-02,-3.239741576047439064e-02
5.310718346192174755e-01,5.310718346192175865e-01
9.411532128419077825e-01,9.411532128419076715e-01
9.116666815183306349e-01,9.116666815183307460e-01
2.953512586104003468e-01,2.953512586104003468e-01
-5.349861334083328979e-01,-5.349861334083327868e-01
-9.808500407992236658e-01,-9.808500407992237768e-01
-8.696011572260184952e-01,-8.696011572260183842e-01
-4.212029393883020001e-01,-4.212029393883020556e-01
1.430114337780912237e-01,1.430114337780911404e-01
6.834978929958024363e-01,6.834978929958024363e-01
9.926026530797296132e-01,9.926026530797297243e-01
7.804918028520789752e-01,7.804918028520789752e-01
3.510992408452251468e-02,3.510992408452251468e-02
-7.309044824068606783e-01,-7.309044824068607893e-01
-9.994889170428054026e-01,-9.994889170428054026e-01
-7.562787142939760843e-01,-7.562787142939761953e-01
-2.547887883858422908e-01,-2.547887883858422908e-01
3.168201791386959232e-01,3.168201791386959232e-01
8.155366856503875050e-01,8.155366856503875050e-01
9.938414431781774638e-01,9.938414431781773528e-01
5.951750653586446171e-01,5.951750653586446171e-01
-2.270543030536907869e-01,-2.270543030536907314e-01
-8.761887850098427633e-01,-8.761887850098428743e-01
-9.688774101200459121e-01,-9.688774101200459121e-01
-6.199260028280239032e-01,-6.199260028280237922e-01
-8.231894282178697786e-02,-8.231894282178703337e-02
4.848472534686655289e-01,4.848472534686656399e-01
9.184353713076108816e-01,9.184353713076108816e-01
