-1.000000000000000000e+00,-1.000000000000000000e+00
-6.910380215183093977e-01,-6.910380215183096198e-01
-1.317647065086231528e-01,-1.317647065086231528e-01
-2.324996132044221397e-02,-2.324996132044226949e-02
-3.136393573368151944e-01,-3.136393573368151388e-01
-7.138448899675609027e-01,-7.138448899675607917e-01
-9.927176847296698137e-01,-9.927176847296697026e-01
-7.750098350014805737e-01,-7.750098350014804627e-01
-2.003919144965760624e-01,-2.003919144965760624e-01
-5.316531060516827001e-03,-5.316531060516827001e-03
-2.556862545491066507e-01,-2.556862545491067062e-01
-6.511240808765057508e-01,-6.511240808765058619e-01
-9.724265017800908240e-01,-9.724265017800909350e-01
-8.482936091279551505e-01,-8.482936091279551505e-01
-2.800967526834441945e-01,-2.800967526834441945e-01
7.977590543439827542e-04,7.977590543440382653e-04
-2.009865060346890386e-01,-2.009865060346890664e-01
-5.872173792466839348e-01,-5.872173792466838238e-01
-9.403750398167161073e-01,-9.403750398167159963e-01
-9.086065693351285111e-01,-9.086065693351285111e-01
-3.681535472571471068e-01,-3.681535472571470513e-01
-6.186235936271711200e-03,-6.186235936271655689e-03
-1.505331977695588686e-01,-1.505331977695588686e-01
-5.229924131663762354e-01,-5.229924131663761244e-01
-8.987243009737843069e-01,-8.987243009737841959e-01
-9.535681390886741049e-01,-9.535681390886742159e-01
-4.622644047175806237e-01,-4.622644047175805682e-01
-2.634457712833943033e-02,-2.634457712833943033e-02
-1.060081037882912858e-01,-1.060081037882912858e-01
-4.589259573703247663e-01,-4.589259573703248218e-01
-8.494142575604448631e-01,-8.494142575604448631e-01
-9.830621315424612483e-01,-9.830621315424612483e-01
-5.570243772433505214e-01,-5.570243772433505214e-01
-6.193229932655081038e-02,-6.193229932655075487e-02
-6.739935384920608952e-02,-6.739935384920614503e-02
-3.966015982393797379e-01,-3.966015982393797379e-01
-7.938685922098709380e-01,-7.938685922098708270e-01
-9.963379912054552978e-01,-9.963379912054554088e-01
-6.507451877859049549e-01,-6.507451877859049549e-01
-1.103052996574392930e-01,-1.103052996574393485e-01
-3.792443069068984762e-02,-3.792443069068979211e-02
-3.354190797792442336e-01,-3.354190797792442336e-01
-7.345830749410785510e-01,-7.345830749410786620e-01
-9.944411018136805058e-01,-9.944411018136805058e-01
-7.372559032009269320e-01,-7.372559032009269320e-01
-1.738225631748554489e-01,-1.738225631748554489e-01
-1.653891931769996271e-02,-1.653891931769990720e-02
-2.778034530840990390e-01,-2.778034530840990390e-01
-6.718526708872447628e-01,-6.718526708872447628e-01
-9.786187803517618633e-01,-9.786187803517618633e-01
-8.153804594300330111e-01,-8.153804594300329001e-01
-2.474115757061148280e-01,-2.474115757061148835e-01
-7.525290843262477658e-03,-7.525290843262477658e-03
-2.224715551167523175e-01,-2.224715551167523730e-01
-6.084506417057339300e-01,-6.084506417057340411e-01
-9.500745808565302930e-01,-9.500745808565302930e-01
-8.803802086087805234e-01,-8.803802086087805234e-01
-3.323330864480796287e-01,-3.323330864480795732e-01
-8.991812985862102092e-03,-8.991812985862157603e-03
-1.725323137268700013e-01,-1.725323137268700013e-01
-5.437577240575589554e-01,-5.437577240575590665e-01
-9.115550220708632523e-01,-9.115550220708632523e-01
-9.314795095617879328e-01,-9.314795095617878218e-01
-4.223088182829086712e-01,-4.223088182829087267e-01
-2.517089217799023393e-02,-2.517089217799023393e-02
-1.266206687044159063e-01,-1.266206687044159063e-01
-4.804670660500459656e-01,-4.804670660500459656e-01
-8.639131844403172833e-01,-8.639131844403172833e-01
-9.667313218293911437e-01,-9.667313218293911437e-01
-5.166017426996241113e-01,-5.166017426996241113e-01
-5.371882235566005637e-02,-5.371882235566005637e-02
-8.806208258731984539e-02,-8.806208258731984539e-02
-4.176379336277470378e-01,-4.176379336277470933e-01
-8.103911341062282059e-01,-8.103911341062282059e-01
-9.858076633451626769e-01,-9.858076633451627879e-01
-6.094447186921149173e-01,-6.094447186921149173e-01
-9.727852344791965145e-02,-9.727852344791970696e-02
-5.608976100009172017e-02,-5.608976100009172017e-02
-3.575146189438120903e-01,-3.575146189438121458e-01
-7.515407891631565862e-01,-7.515407891631566972e-01
-9.894962493919819968e-01,-9.894962493919818858e-01
-6.981302407756801998e-01,-6.981302407756799777e-01
-1.535478033206145732e-01,-1.535478033206145732e-01
-3.349972710386628361e-02,-3.349972710386628361e-02
-2.995605590859603540e-01,-2.995605590859603540e-01
-6.900971209528159456e-01,-6.900971209528157235e-01
-9.781296009795777957e-01,-9.781296009795776847e-01
-7.788253528007188509e-01,-7.788253528007188509e-01
-2.222147820391738304e-01,-2.222147820391738582e-01
-2.068692521002918339e-02,-2.068692521002912788e-02
-2.452478558044146051e-01,-2.452478558044146051e-01
-6.266825451349999909e-01,-6.266825451349999909e-01
-9.540428940685130588e-01,-9.540428940685129477e-01
-8.479433693300681973e-01,-8.479433693300681973e-01
-3.014014170048117669e-01,-3.014014170048118224e-01
-1.902274074445264862e-02,-1.902274074445259311e-02
-1.950931347491091095e-01,-1.950931347491091372e-01
-5.628757938499101554e-01,-5.628757938499100444e-01
-9.184444400531996955e-01,-9.184444400531998065e-01
-9.040615029547413029e-01,-9.040615029547413029e-01
-3.874287421630717154e-01,-3.874287421630717154e-01
