-1.000000000000000000e+00,-1.000000000000000000e+00
-7.604397792061430295e-01,-7.604397792061430295e-01
-1.123704772304125465e-01,-1.123704772304125743e-01
5.985896143232714017e-01,5.985896143232714017e-01
9.867062851238301846e-01,9.867062851238300736e-01
8.691022868461041329e-01,8.691022868461040218e-01
3.167593487250828788e-01,3.167593487250829343e-01
-3.291909252821711984e-01,-3.291909252821712539e-01
-8.962125315082996035e-01,-8.962125315082997146e-01
-9.464065812042010695e-01,-9.464065812042010695e-01
-5.555515678981507444e-01,-5.555515678981507444e-01
1.246526519847031000e-01,1.246526519847031000e-01
7.805399086814579501e-01,7.805399086814580611e-01
9.979031875530077755e-01,9.979031875530076645e-01
7.492319350295495450e-01,7.492319350295496561e-01
1.868641732780623732e-01,1.868641732780624287e-01
-4.770267140447009280e-01,-4.770267140447009835e-01
-9.230793746798178212e-01,-9.230793746798178212e-01
-9.516321588422651523e-01,-9.516321588422651523e-01
-5.622576768495467503e-01,-5.622576768495467503e-01
1.522386140127661713e-01,1.522386140127661991e-01
7.833334399928412184e-01,7.833334399928411074e-01
9.991742954656169795e-01,9.991742954656170905e-01
7.523104317156715792e-01,7.523104317156715792e-01
1.275073910805935018e-01,1.275073910805934463e-01
-5.379777801638849777e-01,-5.379777801638849777e-01
-9.658355054429059727e-01,-9.658355054429059727e-01
-9.152105477538212686e-01,-9.152105477538212686e-01
-4.347196530696701977e-01,-4.347196530696701422e-01
2.496342246971778867e-01,2.496342246971779422e-01
8.480805401565510993e-01,8.480805401565509882e-01
9.871760919127631206e-01,9.871760919127630096e-01
6.111551416352470900e-01,6.111551416352470900e-01
-4.250959732472991970e-02,-4.250959732472991970e-02
-6.516295369958892136e-01,-6.516295369958892136e-01
-9.846869632752611734e-01,-9.846869632752610624e-01
-8.190603355452464873e-01,-8.190603355452463763e-01
-2.771141842250858800e-01,-2.771141842250858800e-01
4.402714145081628727e-01,4.402714145081629282e-01
8.992271860622178536e-01,8.992271860622178536e-01
9.678277821336296327e-01,9.678277821336297437e-01
5.447304339855859601e-01,5.447304339855858490e-01
-1.167152031021076453e-01,-1.167152031021076730e-01
-7.680282225447397915e-01,-7.680282225447397915e-01
-9.998543579473095910e-01,-9.998543579473097020e-01
-7.250494668571056955e-01,-7.250494668571054735e-01
-1.476163738748197396e-01,-1.476163738748197396e-01
5.948677080257810390e-01,5.948677080257810390e-01
9.769584927040441125e-01,9.769584927040442235e-01
8.691280426423204641e-01,8.691280426423205752e-01
3.750722070317457635e-01,3.750722070317457080e-01
-2.703960568798637887e-01,-2.703960568798638442e-01
-8.528286795715664947e-01,-8.528286795715664947e-01
-9.774634584450756503e-01,-9.774634584450756503e-01
-6.357390286932786960e-01,-6.357390286932786960e-01
8.711427916049163667e-02,8.711427916049160891e-02
6.855565533184944105e-01,6.855565533184944105e-01
9.935988355649580939e-01,9.935988355649580939e-01
8.136768567192236290e-01,8.136768567192236290e-01
2.804792763501179342e-01,2.804792763501178787e-01
-4.719461435581965292e-01,-4.719461435581965292e-01
-9.545942794986983504e-01,-9.545942794986984614e-01
-9.041141989901071430e-01,-9.041141989901071430e-01
-3.781675073286042132e-01,-3.781675073286041577e-01
3.429512652528912131e-01,3.429512652528912686e-01
9.003295392380157303e-01,9.003295392380157303e-01
9.603281682470659053e-01,9.603281682470660163e-01
5.604386714535867231e-01,5.604386714535867231e-01
-1.785679487876576932e-01,-1.785679487876577487e-01
-8.046473157069722326e-01,-8.046473157069723436e-01
-9.997357309697596506e-01,-9.997357309697596506e-01
-7.301968915581020791e-01,-7.301968915581021902e-01
-1.157557662781298902e-01,-1.157557662781299457e-01
5.822200787236094799e-01,5.822200787236094799e-01
9.804537025639448178e-01,9.804537025639448178e-01
8.648340222949637557e-01,8.648340222949637557e-01
2.802434765712180087e-01,2.802434765712179532e-01
-4.542920114705732426e-01,-4.542920114705731871e-01
-9.227024158993770708e-01,-9.227024158993771819e-01
-9.517308705489830878e-01,-9.517308705489830878e-01
-5.684446221350157868e-01,-5.684446221350157868e-01
1.173937790273106851e-01,1.173937790273106851e-01
7.402855284577460893e-01,7.402855284577460893e-01
9.996375056915483004e-01,9.996375056915484114e-01
7.589394624545746648e-01,7.589394624545747758e-01
1.232208339402789954e-01,1.232208339402789676e-01
-5.077357080711892845e-01,-5.077357080711892845e-01
-9.426244838007928895e-01,-9.426244838007928895e-01
-9.481915975630568205e-01,-9.481915975630568205e-01
-5.462821592613432697e-01,-5.462821592613432697e-01
1.495823738302103356e-01,1.495823738302102801e-01
7.827043766372017153e-01,7.827043766372018263e-01
9.986911135157009456e-01,9.986911135157010566e-01
6.638041308558570996e-01,6.638041308558572107e-01
2.778603894041808964e-02,2.778603894041814515e-02
-6.313338720189028974e-01,-6.313338720189027864e-01
-9.781995690427351953e-01,-9.781995690427351953e-01
-8.754257583991111868e-01,-8.754257583991112979e-01
-3.708243760449529969e-01,-3.708243760449529969e-01
3.310630673181516048e-01,3.310630673181516048e-01
8.794168127843471350e-01,8.794168127843472460e-01
