-1.000000000000000000e+00,-1.000000000000000000e+00
-7.955283433843212126e-01,-7.955283433843213237e-01
-3.302855245321597577e-01,-3.302855245321597577e-01
-4.204926373815864871e-03,-4.204926373815864871e-03
-1.775663911202160494e-01,-1.775663911202159939e-01
-6.310643102887047995e-01,-6.310643102887047995e-01
-9.676996019393788728e-01,-9.676996019393787618e-01
-8.879961499091247878e-01,-8.879961499091248989e-01
-4.334795183817072295e-01,-4.334795183817072295e-01
-5.103881285533418133e-02,-5.103881285533423684e-02
-7.957073215880317019e-02,-7.957073215880317019e-02
-5.216643848725768251e-01,-5.216643848725767141e-01
-9.551062550644638938e-01,-9.551062550644638938e-01
-9.224781078355213104e-01,-9.224781078355214214e-01
-4.684114695466780609e-01,-4.684114695466780609e-01
-6.877550316835445710e-02,-6.877550316835445710e-02
-4.004346150554521921e-02,-4.004346150554521921e-02
-4.643550266710876340e-01,-4.643550266710876895e-01
-9.175004601760700096e-01,-9.175004601760701206e-01
-9.411278520597060604e-01,-9.411278520597059494e-01
-5.673942026155710527e-01,-5.673942026155710527e-01
-1.098567070330740969e-01,-1.098567070330740414e-01
-3.785196632475062994e-02,-3.785196632475057443e-02
-4.351174040555164102e-01,-4.351174040555164102e-01
-8.936496346737755614e-01,-8.936496346737756724e-01
-9.600637399580430609e-01,-9.600637399580430609e-01
-6.052673925658491605e-01,-6.052673925658491605e-01
-1.391380749208739886e-01,-1.391380749208739886e-01
-1.137287585890084385e-02,-1.137287585890084385e-02
-3.423781657626906449e-01,-3.423781657626906449e-01
-8.287291060040435919e-01,-8.287291060040437030e-01
-9.840529098250945239e-01,-9.840529098250946349e-01
-6.918869256163839854e-01,-6.918869256163838743e-01
-1.968500538943970257e-01,-1.968500538943969980e-01
1.226612953116212879e-03,1.226612953116212879e-03
-2.857462459546435962e-01,-2.857462459546435962e-01
-7.468761618844119710e-01,-7.468761618844118599e-01
-9.982288819964311166e-01,-9.982288819964310056e-01
-7.683331879438480838e-01,-7.683331879438481948e-01
-3.036182020577940510e-01,-3.036182020577940510e-01
-6.887875616205074714e-03,-6.887875616205130225e-03
-1.445671625451190878e-01,-1.445671625451190878e-01
-5.987117863314330712e-01,-5.987117863314330712e-01
-9.685380450008256314e-01,-9.685380450008257425e-01
-8.668721924188447225e-01,-8.668721924188447225e-01
-4.494301347199781693e-01,-4.494301347199782248e-01
-5.451891667877484249e-02,-5.451891667877478698e-02
-8.428240604284475967e-02,-8.428240604284475967e-02
-5.416532397982306568e-01,-5.416532397982307678e-01
-9.568030307118333688e-01,-9.568030307118333688e-01
-9.008651351153840192e-01,-9.008651351153841302e-01
-4.194427758803870310e-01,-4.194427758803869755e-01
-2.826403185574438703e-02,-2.826403185574444255e-02
-1.172211278683465419e-01,-1.172211278683465419e-01
-5.819920320551266180e-01,-5.819920320551267290e-01
-9.746428227936750899e-01,-9.746428227936750899e-01
-8.592218785053230556e-01,-8.592218785053231667e-01
-3.769939185915152091e-01,-3.769939185915152646e-01
-3.846667131234193793e-02,-3.846667131234193793e-02
-1.009300546690035105e-01,-1.009300546690035105e-01
-5.252030835044045887e-01,-5.252030835044045887e-01
-9.464147029697035363e-01,-9.464147029697035363e-01
-8.993979491390047265e-01,-8.993979491390046155e-01
-4.618331134688081763e-01,-4.618331134688081763e-01
-6.710081438306431112e-02,-6.710081438306425561e-02
-7.099696933649246589e-02,-7.099696933649241037e-02
-4.549170476317430101e-01,-4.549170476317430101e-01
-9.097552399355213204e-01,-9.097552399355212094e-01
-9.455410194016464764e-01,-9.455410194016464764e-01
-5.495856498046860494e-01,-5.495856498046859384e-01
-1.279827754289729058e-01,-1.279827754289729058e-01
-2.292074800058441220e-02,-2.292074800058446771e-02
-4.099487291670649847e-01,-4.099487291670649292e-01
-8.444579528611926289e-01,-8.444579528611926289e-01
-9.890910179359219123e-01,-9.890910179359220233e-01
-6.948438362125997081e-01,-6.948438362125997081e-01
-1.694321127142454642e-01,-1.694321127142454919e-01
-6.771476748165861093e-03,-6.771476748165861093e-03
-2.990529394516764916e-01,-2.990529394516764916e-01
-7.658451612460646096e-01,-7.658451612460646096e-01
-9.988824444889938814e-01,-9.988824444889938814e-01
-7.403213152175427414e-01,-7.403213152175427414e-01
-2.733634649100966652e-01,-2.733634649100966652e-01
-2.332542096942336052e-03,-2.332542096942391563e-03
-1.982451051304724432e-01,-1.982451051304724432e-01
-6.548851049023620696e-01,-6.548851049023620696e-01
-9.829938502110474596e-01,-9.829938502110474596e-01
-8.253564831682970171e-01,-8.253564831682971281e-01
-3.478887816138864220e-01,-3.478887816138864220e-01
-2.045829834031098748e-02,-2.045829834031104300e-02
-1.141159090188336722e-01,-1.141159090188336722e-01
-5.361325730597569228e-01,-5.361325730597569228e-01
-9.518514921831958686e-01,-9.518514921831959796e-01
-9.365576253381575622e-01,-9.365576253381575622e-01
-5.676370476072616356e-01,-5.676370476072616356e-01
-1.026063178396711129e-01,-1.026063178396711129e-01
-2.350075579750365851e-02,-2.350075579750365851e-02
-3.643239767600153778e-01,-3.643239767600153223e-01
-8.563660262418038016e-01,-8.563660262418038016e-01
-9.803050002003430574e-01,-9.803050002003431684e-01
-5.978320915242455458e-01,-5.978320915242455458e-01
