-1.000000000000000000e+00,-1.000000000000000000e+00
-7.274266792738272036e-01,-7.274266792738273146e-01
-1.590060645714657106e-01,-1.590060645714656828e-01
4.147544308852332828e-01,4.147544308852332828e-01
8.495231227139712349e-01,8.495231227139713459e-01
9.950745557233113825e-01,9.950745557233113825e-01
6.557166594636457679e-01,6.557166594636456569e-01
-1.253790201439662355e-01,-1.253790201439662355e-01
-8.370717757507388779e-01,-8.370717757507388779e-01
-9.711273301904039812e-01,-9.711273301904039812e-01
-5.688835715685969241e-01,-5.688835715685969241e-01
2.350767733441427865e-02,2.350767733441425089e-02
5.671113642740851502e-01,5.671113642740850391e-01
9.337730870601121946e-01,9.337730870601121946e-01
9.496994231235991180e-01,9.496994231235992290e-01
4.493758087381124477e-01,4.493758087381124477e-01
-3.802256575296331098e-01,-3.802256575296331098e-01
-9.487652582686545433e-01,-9.487652582686545433e-01
-8.903820077881614559e-01,-8.903820077881613448e-01
-3.940127899251467669e-01,-3.940127899251467114e-01
2.005942201717990092e-01,2.005942201717990647e-01
7.036125108272595075e-01,7.036125108272593964e-01
9.858746149426745875e-01,9.858746149426744765e-01
8.538010937113524879e-01,8.538010937113524879e-01
2.087191054699313320e-01,2.087191054699312764e-01
-6.089014963648075041e-01,-6.089014963648076151e-01
-9.975247077216763403e-01,-9.975247077216762293e-01
-7.683001220313075974e-01,-7.683001220313075974e-01
-2.115396416278337299e-01,-2.115396416278337299e-01
3.687619702682834455e-01,3.687619702682835010e-01
8.204167741370270717e-01,8.204167741370271827e-01
9.992603844721771322e-01,9.992603844721772433e-01
7.067188638440636828e-01,7.067188638440636828e-01
-5.052274853090177320e-02,-5.052274853090174545e-02
-7.940602674142429596e-01,-7.940602674142430706e-01
-9.850799297652055309e-01,-9.850799297652055309e-01
-6.162759423439622131e-01,-6.162759423439623241e-01
-2.826146123873973792e-02,-2.826146123873976568e-02
5.250516322622534870e-01,5.250516322622533760e-01
9.127022906558712734e-01,9.127022906558713844e-01
9.676943050575799177e-01,9.676943050575799177e-01
5.124053354996180865e-01,5.124053354996180865e-01
-3.092378557670252825e-01,-3.092378557670252825e-01
-9.232018261900472034e-01,-9.232018261900470923e-01
-9.181617178529190015e-01,-9.181617178529191126e-01
-4.450971988936499035e-01,-4.450971988936498480e-01
1.507707468586220179e-01,1.507707468586220456e-01
6.664372579215103176e-01,6.664372579215103176e-01
9.746493296056131239e-01,9.746493296056132349e-01
8.864716143496025325e-01,8.864716143496024214e-01
2.801429881459256421e-01,2.801429881459256421e-01
-5.473214816614967448e-01,-5.473214816614968559e-01
-9.900214235812550001e-01,-9.900214235812550001e-01
-8.067335463890648040e-01,-8.067335463890648040e-01
-2.640186305739678496e-01,-2.640186305739677941e-01
3.218003589687237209e-01,3.218003589687237209e-01
7.893154130230005672e-01,7.893154130230005672e-01
9.997672987457344451e-01,9.997672987457344451e-01
7.538314039972880964e-01,7.538314039972882075e-01
2.436999572696169070e-02,2.436999572696171845e-02
-7.464361991726979895e-01,-7.464361991726982115e-01
-9.945654469510309958e-01,-9.945654469510309958e-01
-6.621147152448435547e-01,-6.621147152448436657e-01
-8.038540210798661434e-02,-8.038540210798664210e-02
4.817789861618861913e-01,4.817789861618863023e-01
8.891594056650506950e-01,8.891594056650506950e-01
9.816171548906144073e-01,9.816171548906142963e-01
5.723038853008269866e-01,5.723038853008268756e-01
-2.365545886786269425e-01,-2.365545886786269147e-01
-8.925102855865769680e-01,-8.925102855865769680e-01
-9.422997452483337089e-01,-9.422997452483337089e-01
-4.953857646749911803e-01,-4.953857646749911248e-01
1.002895600021641576e-01,1.002895600021641576e-01
6.277571577838793049e-01,6.277571577838793049e-01
9.604175945696745709e-01,9.604175945696744598e-01
9.149176238145841911e-01,9.149176238145840800e-01
3.496223240915006247e-01,3.496223240915006247e-01
-4.825329648599011589e-01,-4.825329648599011589e-01
-9.773999612705184248e-01,-9.773999612705184248e-01
-8.424594578397754940e-01,-8.424594578397754940e-01
-3.163007766319552161e-01,-3.163007766319552161e-01
2.739360631984495420e-01,2.739360631984494865e-01
7.563403811573882196e-01,7.563403811573883306e-01
9.967351257794441199e-01,9.967351257794441199e-01
7.969199640330683065e-01,7.969199640330684176e-01
9.883087591632877533e-02,9.883087591632885860e-02
-6.944442539329253039e-01,-6.944442539329253039e-01
-9.993896982290710884e-01,-9.993896982290711994e-01
-7.061573411565331693e-01,-7.061573411565330582e-01
-1.327599833542074670e-01,-1.327599833542074670e-01
4.373663424964172597e-01,4.373663424964171487e-01
8.632883245212297219e-01,8.632883245212297219e-01
9.915610045559535290e-01,9.915610045559535290e-01
6.288088601346686346e-01,6.288088601346686346e-01
-1.626450573398026123e-01,-1.626450573398026123e-01
-8.567829601924639160e-01,-8.567829601924639160e-01
-9.625425758079768634e-01,-9.625425758079768634e-01
-5.446776625443556785e-01,-5.446776625443556785e-01
4.922906937632098856e-02,4.922906937632096080e-02
5.876625259336419882e-01,5.876625259336419882e-01
9.433351217258078014e-01,9.433351217258079124e-01
