-1.000000000000000000e+00,-1.000000000000000000e+00
-7.883748547121404160e-01,-7.883748547121404160e-01
-3.067316559254313346e-01,-3.067316559254313346e-01
2.377118653503151879e-03,2.377118653503096368e-03
-2.101047538505936285e-01,-2.101047538505936840e-01
-6.942086313428914579e-01,-6.942086313428914579e-01
-9.894822425848883718e-01,-9.894822425848882608e-01
-8.363838666465851501e-01,-8.363838666465852612e-01
-3.647851902081155062e-01,-3.647851902081155062e-01
-1.619102786854048626e-02,-1.619102786854054177e-02
-1.354564666936944328e-01,-1.354564666936944328e-01
-5.999612004331221771e-01,-5.999612004331222881e-01
-9.747352818688777010e-01,-9.747352818688777010e-01
-8.588732003098236145e-01,-8.588732003098235035e-01
-3.775854020836659775e-01,-3.775854020836659775e-01
-2.641992863083680865e-02,-2.641992863083680865e-02
-8.323419334616083409e-02,-8.323419334616077858e-02
-4.842458927407514158e-01,-4.842458927407513603e-01
-9.101305724664715546e-01,-9.101305724664714436e-01
-9.731301093100809263e-01,-9.731301093100809263e-01
-5.628626621022925214e-01,-5.628626621022925214e-01
-9.747895299067899089e-02,-9.747895299067899089e-02
-1.835630426090573142e-02,-1.835630426090573142e-02
-3.583974291059079387e-01,-3.583974291059079387e-01
-8.017909166645862395e-01,-8.017909166645862395e-01
-9.952805774778795689e-01,-9.952805774778794579e-01
-6.888542113674182010e-01,-6.888542113674183121e-01
-1.789001939563700239e-01,-1.789001939563700516e-01
-8.311940597835187905e-03,-8.311940597835187905e-03
-3.131528204721243380e-01,-3.131528204721243380e-01
-8.279216763401671120e-01,-8.279216763401670010e-01
-9.923139510644390926e-01,-9.923139510644390926e-01
-7.017720163219742791e-01,-7.017720163219742791e-01
-1.872799554234449437e-01,-1.872799554234449437e-01
-3.876409567893313035e-03,-3.876409567893313035e-03
-2.669814430206196021e-01,-2.669814430206195466e-01
-7.886351619920316525e-01,-7.886351619920316525e-01
-9.976941476066147896e-01,-9.976941476066146786e-01
-6.920750254983742966e-01,-6.920750254983742966e-01
-1.935639034339330933e-01,-1.935639034339331210e-01
1.108001157481386389e-03,1.108001157481330878e-03
-2.493891449241034675e-01,-2.493891449241034675e-01
-7.258930184972450794e-01,-7.258930184972450794e-01
-9.937416271906478471e-01,-9.937416271906479581e-01
-7.932532596088203158e-01,-7.932532596088203158e-01
-3.108794549750084069e-01,-3.108794549750083513e-01
-1.516453272670736929e-02,-1.516453272670731378e-02
-1.384189976932759247e-01,-1.384189976932759802e-01
-5.707176018078577995e-01,-5.707176018078577995e-01
-9.595371993802730426e-01,-9.595371993802729316e-01
-8.827932224458610033e-01,-8.827932224458608923e-01
-4.642255186123844246e-01,-4.642255186123844246e-01
-4.903664000000418355e-02,-4.903664000000418355e-02
-9.029171193437479648e-02,-9.029171193437479648e-02
-5.254461767364027036e-01,-5.254461767364027036e-01
-9.459533229061651838e-01,-9.459533229061652948e-01
-9.314304675068635353e-01,-9.314304675068634243e-01
-5.198087008376728324e-01,-5.198087008376728324e-01
-1.151489475751079072e-01,-1.151489475751078517e-01
-1.321511634644589872e-02,-1.321511634644589872e-02
-3.350660720462469433e-01,-3.350660720462469988e-01
-7.957130539815306935e-01,-7.957130539815305825e-01
-9.910106689457712781e-01,-9.910106689457712781e-01
-6.753294900926193334e-01,-6.753294900926192224e-01
-1.806803151838236032e-01,-1.806803151838235477e-01
-1.062385989647157691e-02,-1.062385989647163242e-02
-3.627139816956215235e-01,-3.627139816956215790e-01
-8.217326653359300348e-01,-8.217326653359300348e-01
-9.830815939646138091e-01,-9.830815939646138091e-01
-6.352355065225832043e-01,-6.352355065225833153e-01
-1.244319472198444076e-01,-1.244319472198444076e-01
-9.039419022145389615e-03,-9.039419022145389615e-03
-3.648761548751364714e-01,-3.648761548751364159e-01
-8.396257805831603971e-01,-8.396257805831605081e-01
-9.776429101693927537e-01,-9.776429101693928647e-01
-6.658641708684635008e-01,-6.658641708684636118e-01
-1.714174377594585574e-01,-1.714174377594585574e-01
1.231859866703044482e-03,1.231859866702988970e-03
-2.948883065003407578e-01,-2.948883065003407578e-01
-7.796086329865449249e-01,-7.796086329865450359e-01
-9.988002703089591261e-01,-9.988002703089592371e-01
-7.951339720445792514e-01,-7.951339720445792514e-01
-3.379532567819611977e-01,-3.379532567819611422e-01
-3.496827807932145760e-03,-3.496827807932145760e-03
-2.068533351594648018e-01,-2.068533351594647463e-01
-7.158075420317489002e-01,-7.158075420317489002e-01
-9.994208423534337582e-01,-9.994208423534337582e-01
-7.883298526628010894e-01,-7.883298526628010894e-01
-2.661048694753223587e-01,-2.661048694753223587e-01
1.526186940020490823e-03,1.526186940020435312e-03
-2.089026234463955412e-01,-2.089026234463955412e-01
-6.954729221412069284e-01,-6.954729221412069284e-01
-9.940352569814236983e-01,-9.940352569814236983e-01
-8.212781094481597099e-01,-8.212781094481597099e-01
-3.723337884799827191e-01,-3.723337884799827746e-01
-1.183789728806244890e-02,-1.183789728806250441e-02
-1.140826164666539633e-01,-1.140826164666539633e-01
-6.097217280644724458e-01,-6.097217280644724458e-01
-9.732695141337289746e-01,-9.732695141337290856e-01
-9.058544287515024607e-01,-9.058544287515023496e-01
-5.099574439459226838e-01,-5.099574439459226838e-01
