-1.000000000000000000e+00,-1.000000000000000000e+00
-7.509252779042414616e-01,-7.509252779042414616e-01
-4.261492632614383158e-03,-4.261492632614383158e-03
7.496363526049534265e-01,7.496363526049534265e-01
9.999340654584447652e-01,9.999340654584447652e-01
8.152853082047946121e-01,8.152853082047945010e-01
3.563931918414857125e-01,3.563931918414857680e-01
-3.288277163419274229e-01,-3.288277163419274784e-01
-9.196828220211561433e-01,-9.196828220211561433e-01
-8.975740692390232756e-01,-8.975740692390232756e-01
-3.502187140048093617e-01,-3.502187140048094172e-01
2.595755582923859883e-01,2.595755582923859883e-01
7.477419464139792860e-01,7.477419464139792860e-01
9.988477614286999096e-01,9.988477614286999096e-01
7.188281007264986089e-01,7.188281007264986089e-01
-6.306774572721729477e-02,-6.306774572721729477e-02
-7.449256459260595875e-01,-7.449256459260595875e-01
-9.956476270654248673e-01,-9.956476270654249783e-01
-8.845657416175211063e-01,-8.845657416175211063e-01
-4.148157035880570276e-01,-4.148157035880569721e-01
3.627905358338351371e-01,3.627905358338351927e-01
9.452419684804352906e-01,9.452419684804354016e-01
8.940578602427322608e-01,8.940578602427322608e-01
4.355586091618559585e-01,4.355586091618560141e-01
-1.273775713797978826e-01,-1.273775713797978271e-01
-6.937835881109088998e-01,-6.937835881109087888e-01
-9.996994385932411742e-01,-9.996994385932410632e-01
-6.666632697273671138e-01,-6.666632697273670027e-01
8.501317931806084971e-02,8.501317931806082195e-02
6.896086638183085427e-01,6.896086638183085427e-01
9.740472596533757965e-01,9.740472596533757965e-01
9.234608667011224847e-01,9.234608667011224847e-01
4.061371492588310428e-01,4.061371492588310983e-01
-4.282790968639453855e-01,-4.282790968639454410e-01
-9.560451429424746683e-01,-9.560451429424746683e-01
-9.212612117230228881e-01,-9.212612117230228881e-01
-5.508585555632553588e-01,-5.508585555632554698e-01
2.414677764146605510e-02,2.414677764146602734e-02
6.898841909413476747e-01,6.898841909413477858e-01
9.990595055837346861e-01,9.990595055837345750e-01
6.315269883893456226e-01,6.315269883893457337e-01
-3.538311978488906107e-02,-3.538311978488908882e-02
-5.914111080125807884e-01,-5.914111080125807884e-01
-9.419624583029014842e-01,-9.419624583029014842e-01
-9.312843989376708986e-01,-9.312843989376707876e-01
-3.485798844215438064e-01,-3.485798844215437509e-01
4.779620713054881231e-01,4.779620713054880676e-01
9.455116017473800261e-01,9.455116017473801371e-01
9.615600261923595848e-01,9.615600261923595848e-01
6.487951760930166234e-01,6.487951760930166234e-01
1.252856604601126911e-02,1.252856604601124135e-02
-7.281461828560581440e-01,-7.281461828560581440e-01
-9.943179702220787952e-01,-9.943179702220787952e-01
-6.456069214956974278e-01,-6.456069214956974278e-01
-7.695368938124874658e-02,-7.695368938124874658e-02
4.827043022660695293e-01,4.827043022660694738e-01
9.231180738046474987e-01,9.231180738046474987e-01
9.141871957784648561e-01,9.141871957784649672e-01
2.834854774102985031e-01,2.834854774102985031e-01
-4.754526615450735960e-01,-4.754526615450735960e-01
-9.075896025279106549e-01,-9.075896025279107660e-01
-9.895214513332445394e-01,-9.895214513332446504e-01
-6.986243936347723560e-01,-6.986243936347722450e-01
2.028625077508305896e-02,2.028625077508303121e-02
7.753598218947259646e-01,7.753598218947259646e-01
9.929774324725604284e-01,9.929774324725604284e-01
7.111188526780092278e-01,7.111188526780093389e-01
2.105767793632433715e-01,2.105767793632433715e-01
-4.095329087088528941e-01,-4.095329087088528386e-01
-9.305232624102611760e-01,-9.305232624102612871e-01
-8.825046684405556396e-01,-8.825046684405556396e-01
-2.587367525663467616e-01,-2.587367525663467616e-01
4.076937883654768169e-01,4.076937883654767614e-01
8.430368308624585083e-01,8.430368308624585083e-01
9.987536887322281398e-01,9.987536887322281398e-01
6.947091110632688249e-01,6.947091110632688249e-01
-9.077131152115092139e-02,-9.077131152115089363e-02
-7.988996556672062210e-01,-7.988996556672062210e-01
-9.983319503411924867e-01,-9.983319503411925977e-01
-7.972816398883670885e-01,-7.972816398883669775e-01
-3.134496220293938595e-01,-3.134496220293939150e-01
4.006994674927015221e-01,4.006994674927015221e-01
9.528116566621622763e-01,9.528116566621621653e-01
8.583891363216179515e-01,8.583891363216178405e-01
3.023088989462206500e-01,3.023088989462207055e-01
-2.892679400724310068e-01,-2.892679400724309513e-01
-7.747272711908825826e-01,-7.747272711908826937e-01
-9.996962459688784053e-01,-9.996962459688785163e-01
-6.501837496261106963e-01,-6.501837496261105853e-01
1.483924901831522591e-01,1.483924901831522314e-01
7.807099518029029239e-01,7.807099518029029239e-01
9.981229007526098984e-01,9.981229007526097874e-01
8.661249332410656532e-01,8.661249332410656532e-01
3.521518603561602512e-01,3.521518603561602512e-01
-4.475444522788815660e-01,-4.475444522788815660e-01
-9.705145214190129543e-01,-9.705145214190128433e-01
-8.654694886640614815e-01,-8.654694886640614815e-01
-4.047672163943817347e-01,-4.047672163943817902e-01
1.622747599117161377e-01,1.622747599117161377e-01
7.377271200536343887e-01,7.377271200536343887e-01
9.978217157384673408e-01,9.978217157384674518e-01
