-1.000000000000000000e+00,-1.000000000000000000e+00
-7.443327596693364301e-01,-7.443327596693365411e-01
-1.751671527067940604e-01,-1.751671527067940326e-01
-2.149504193804507857e-02,-2.149504193804513408e-02
-3.692479838567603312e-01,-3.692479838567603867e-01
-7.710497014403566718e-01,-7.710497014403566718e-01
-9.944974939948063586e-01,-9.944974939948064696e-01
-8.176427512210159287e-01,-8.176427512210158177e-01
-2.542159834603510693e-01,-2.542159834603511248e-01
-2.346145827029355591e-03,-2.346145827029300079e-03
-3.022564819503970046e-01,-3.022564819503969491e-01
-7.154785408694411819e-01,-7.154785408694410709e-01
-9.790556503690516221e-01,-9.790556503690515111e-01
-8.794004455989223867e-01,-8.794004455989223867e-01
-3.418642028525176180e-01,-3.418642028525176735e-01
1.528083608550945272e-03,1.528083608550889760e-03
-2.374338095118403991e-01,-2.374338095118403991e-01
-6.564254104393467681e-01,-6.564254104393466571e-01
-9.545861709103400372e-01,-9.545861709103400372e-01
-9.285855072164562740e-01,-9.285855072164562740e-01
-4.344676369008679817e-01,-4.344676369008679817e-01
-1.098757811746908786e-02,-1.098757811746903235e-02
-1.765518412925443648e-01,-1.765518412925443648e-01
-5.944469331588091432e-01,-5.944469331588091432e-01
-9.223874817468149523e-01,-9.223874817468150633e-01
-9.643227018716052923e-01,-9.643227018716051813e-01
-5.289124802771901779e-01,-5.289124802771901779e-01
-3.956800935828769239e-02,-3.956800935828769239e-02
-1.220511377286032650e-01,-1.220511377286033206e-01
-5.299711679648920759e-01,-5.299711679648921869e-01
-8.835298102432158629e-01,-8.835298102432157519e-01
-9.871277817160375445e-01,-9.871277817160374335e-01
-6.203251865948198329e-01,-6.203251865948198329e-01
-8.529928648941048630e-02,-8.529928648941048630e-02
-7.495956246973695114e-02,-7.495956246973700665e-02
-4.643443392962582350e-01,-4.643443392962582350e-01
-8.387533047771166261e-01,-8.387533047771167372e-01
-9.971982400067285202e-01,-9.971982400067286312e-01
-7.067407614589501508e-01,-7.067407614589502618e-01
-1.448376401317976736e-01,-1.448376401317976736e-01
-3.903594368503082723e-02,-3.903594368503082723e-02
-3.975364902415557955e-01,-3.975364902415557955e-01
-7.893530387545851790e-01,-7.893530387545850679e-01
-9.956331215029206039e-01,-9.956331215029207149e-01
-7.838012560623676128e-01,-7.838012560623676128e-01
-2.186075286002392981e-01,-2.186075286002392426e-01
-1.416938731334810297e-02,-1.416938731334810297e-02
-3.319247153391126637e-01,-3.319247153391126637e-01
-7.353892976817064664e-01,-7.353892976817063554e-01
-9.835659284819833204e-01,-9.835659284819833204e-01
-8.506354077013461579e-01,-8.506354077013461579e-01
-3.010831192335269857e-01,-3.010831192335269302e-01
-4.653780410285079938e-03,-4.653780410285079938e-03
-2.672486892520066215e-01,-2.672486892520065660e-01
-6.784182594871501770e-01,-6.784182594871500660e-01
-9.619628598848380951e-01,-9.619628598848380951e-01
-9.046787326362220050e-01,-9.046787326362220050e-01
-3.915288955924707825e-01,-3.915288955924707825e-01
-9.088238347903121461e-03,-9.088238347903121461e-03
-2.068347066564332759e-01,-2.068347066564332204e-01
-6.180253463372678002e-01,-6.180253463372676892e-01
-9.324980622520815388e-01,-9.324980622520816498e-01
-9.458343824073826012e-01,-9.458343824073824901e-01
-4.839333219362348948e-01,-4.839333219362349503e-01
-3.092245832976847630e-02,-3.092245832976842079e-02
-1.505576021714258306e-01,-1.505576021714258306e-01
-5.559804576982493307e-01,-5.559804576982492197e-01
-8.957271941641725688e-01,-8.957271941641725688e-01
-9.736404895209026522e-01,-9.736404895209026522e-01
-5.763899973710150393e-01,-5.763899973710150393e-01
-6.769034644243487886e-02,-6.769034644243487886e-02
-1.021618349020141370e-01,-1.021618349020141370e-01
-4.918480015033601660e-01,-4.918480015033601105e-01
-8.533951051974333346e-01,-8.533951051974334456e-01
-9.884610253882841757e-01,-9.884610253882841757e-01
-6.641386965334296066e-01,-6.641386965334297177e-01
-1.205485115673542995e-01,-1.205485115673542995e-01
-6.205239095654813131e-02,-6.205239095654813131e-02
-4.274584726725443318e-01,-4.274584726725443318e-01
-8.057575010416618833e-01,-8.057575010416618833e-01
-9.913738454457370342e-01,-9.913738454457370342e-01
-7.446704546959781457e-01,-7.446704546959781457e-01
-1.865230709567996525e-01,-1.865230709567996248e-01
-3.341089467392271972e-02,-3.341089467392271972e-02
-3.629437848036559111e-01,-3.629437848036559666e-01
-7.542301631366313819e-01,-7.542301631366313819e-01
-9.830387696081338555e-01,-9.830387696081337445e-01
-8.154393559720468643e-01,-8.154393559720468643e-01
-2.637350923015814863e-01,-2.637350923015814863e-01
-1.740105552862630800e-02,-1.740105552862630800e-02
-2.999457004646235991e-01,-2.999457004646235991e-01
-6.991114989462903218e-01,-6.991114989462903218e-01
-9.651249344643917372e-01,-9.651249344643916261e-01
-8.742218849933061087e-01,-8.742218849933061087e-01
-3.493629641033285105e-01,-3.493629641033284550e-01
-1.546032653564188841e-02,-1.546032653564188841e-02
-2.397197581632564134e-01,-2.397197581632564412e-01
-6.412358546562445527e-01,-6.412358546562445527e-01
-9.385565163628326601e-01,-9.385565163628326601e-01
-9.205863426915753545e-01,-9.205863426915752434e-01
-4.389882646805678967e-01,-4.389882646805678967e-01
