-1.000000000000000000e+00,-1.000000000000000000e+00
-6.646366108610290979e-01,-6.646366108610290979e-01
1.255905984975821399e-01,1.255905984975821954e-01
7.599972932315147700e-01,7.599972932315148810e-01
9.950220942579679484e-01,9.950220942579678374e-01
8.832615971932014087e-01,8.832615971932014087e-01
3.763920968093382169e-01,3.763920968093382724e-01
-4.300784806349869371e-01,-4.300784806349869926e-01
-9.650018069903083529e-01,-9.650018069903082418e-01
-8.806158177442338086e-01,-8.806158177442338086e-01
-4.393692152853797550e-01,-4.393692152853797550e-01
1.262453432720554436e-01,1.262453432720554714e-01
7.189009673626367558e-01,7.189009673626367558e-01
9.989374335292725560e-01,9.989374335292724449e-01
6.123834399214407309e-01,6.123834399214407309e-01
-1.203739829056105215e-01,-1.203739829056105493e-01
-6.888058035415558500e-01,-6.888058035415557390e-01
-9.730735023624681457e-01,-9.730735023624681457e-01
-9.119046339809104840e-01,-9.119046339809104840e-01
-3.439730891732359352e-01,-3.439730891732358797e-01
4.933419993226776934e-01,4.933419993226776379e-01
9.674884817336378839e-01,9.674884817336379950e-01
9.201570745392662065e-01,9.201570745392662065e-01
5.562750769336096690e-01,5.562750769336097800e-01
-4.695925613899243345e-02,-4.695925613899246120e-02
-7.339358950020168360e-01,-7.339358950020167249e-01
-9.929878069598279122e-01,-9.929878069598278012e-01
-5.935434991381176584e-01,-5.935434991381177694e-01
4.286112261589303252e-02,4.286112261589303252e-02
5.850932177745362672e-01,5.850932177745361562e-01
9.474716647785978996e-01,9.474716647785980106e-01
9.086864552436970666e-01,9.086864552436971776e-01
2.764570618285764336e-01,2.764570618285764336e-01
-5.245948463124756600e-01,-5.245948463124755490e-01
-9.495852216948217350e-01,-9.495852216948218461e-01
-9.637683909711229902e-01,-9.637683909711228791e-01
-6.402458133368449378e-01,-6.402458133368450488e-01
3.973242819464006814e-02,3.973242819464015141e-02
7.779672624088380672e-01,7.779672624088380672e-01
9.862639114734930157e-01,9.862639114734931267e-01
6.313691385056590111e-01,6.313691385056589001e-01
8.446379478303633892e-02,8.446379478303636668e-02
-4.880208372441945386e-01,-4.880208372441945386e-01
-9.399338926308611342e-01,-9.399338926308610231e-01
-8.813881228193748418e-01,-8.813881228193747308e-01
-2.214958439340430352e-01,-2.214958439340430352e-01
4.969554930011998994e-01,4.969554930011999549e-01
9.050735003310798055e-01,9.050735003310796944e-01
9.892859764473284079e-01,9.892859764473285189e-01
6.693860935261930489e-01,6.693860935261931600e-01
-9.281311173831879868e-02,-9.281311173831885419e-02
-8.165802952354996869e-01,-8.165802952354996869e-01
-9.888437667840019873e-01,-9.888437667840019873e-01
-7.135434362505312933e-01,-7.135434362505312933e-01
-2.126216379495498021e-01,-2.126216379495497466e-01
4.400525910720067824e-01,4.400525910720066713e-01
9.537756452490471215e-01,9.537756452490471215e-01
8.466595722801819601e-01,8.466595722801818491e-01
2.225129070526620234e-01,2.225129070526620234e-01
-4.076090547024947552e-01,-4.076090547024947552e-01
-8.403501461554204743e-01,-8.403501461554205854e-01
-9.970157239472942079e-01,-9.970157239472943189e-01
-6.457921774051720298e-01,-6.457921774051718078e-01
1.640785796782635586e-01,1.640785796782635308e-01
8.243765201875310478e-01,8.243765201875308257e-01
9.980897248981737135e-01,9.980897248981737135e-01
8.014647902018628978e-01,8.014647902018627867e-01
2.933207784397543483e-01,2.933207784397542928e-01
-4.562100665853791037e-01,-4.562100665853791037e-01
-9.729822312689837549e-01,-9.729822312689837549e-01
-8.318294363417505499e-01,-8.318294363417504389e-01
-2.938244903437308708e-01,-2.938244903437308708e-01
2.815950240229027068e-01,2.815950240229027068e-01
7.842488097546744807e-01,7.842488097546743697e-01
9.967244326148287925e-01,9.967244326148286815e-01
5.906123684813603392e-01,5.906123684813603392e-01
-2.029728327791248121e-01,-2.029728327791248399e-01
-7.895662969248350427e-01,-7.895662969248350427e-01
-9.975952914269055061e-01,-9.975952914269053950e-01
-8.612316762552399974e-01,-8.612316762552401084e-01
-3.043074007992083718e-01,-3.043074007992083163e-01
5.138079316340858904e-01,5.138079316340858904e-01
9.833455935098120992e-01,9.833455935098120992e-01
8.551920025872233877e-01,8.551920025872234987e-01
4.113321432609388095e-01,4.113321432609388095e-01
-1.669839415263961735e-01,-1.669839415263961735e-01
-7.671039261155543354e-01,-7.671039261155543354e-01
-9.901815872441037669e-01,-9.901815872441038779e-01
-5.420106101061767934e-01,-5.420106101061769044e-01
1.757023911356951351e-01,1.757023911356951351e-01
7.118165435421359710e-01,7.118165435421359710e-01
9.810866238856212895e-01,9.810866238856211785e-01
8.822467564439726573e-01,8.822467564439726573e-01
2.557453563520286632e-01,2.557453563520286077e-01
-5.690016470964982531e-01,-5.690016470964982531e-01
-9.810733624893326343e-01,-9.810733624893326343e-01
-9.062282617940896623e-01,-9.062282617940895513e-01
-5.268844106525172322e-01,-5.268844106525172322e-01
1.091371394867688416e-01,1.091371394867688416e-01
7.921498009882794733e-01,7.921498009882794733e-01
9.779547400998829243e-01,9.779547400998829243e-01
