-1.000000000000000000e+00,-1.000000000000000000e+00
-7.682822955830475031e-01,-7.682822955830476142e-01
-1.759248282326509871e-01,-1.759248282326510149e-01
4.677232652148920478e-01,4.677232652148921033e-01
9.500825827705761117e-01,9.500825827705760007e-01
8.933427982889698971e-01,8.933427982889698971e-01
4.238916885895264719e-01,4.238916885895265274e-01
-3.280937154169529801e-01,-3.280937154169529246e-01
-8.983317755555302320e-01,-8.983317755555302320e-01
-9.477274947037435116e-01,-9.477274947037435116e-01
-4.933320179384199644e-01,-4.933320179384199644e-01
2.651230446868162449e-01,2.651230446868162449e-01
8.253523744413407970e-01,8.253523744413407970e-01
9.932864252677612305e-01,9.932864252677611194e-01
6.244876567756655339e-01,6.244876567756655339e-01
-1.171247683024130848e-01,-1.171247683024130293e-01
-7.892014865894355635e-01,-7.892014865894356745e-01
-9.970432700506927093e-01,-9.970432700506928203e-01
-6.635110992597419433e-01,-6.635110992597418322e-01
2.110019844204302775e-02,2.110019844204302775e-02
6.677550679270964906e-01,6.677550679270966016e-01
9.860291204846021174e-01,9.860291204846021174e-01
8.612819322794807997e-01,8.612819322794809107e-01
2.498606602947781030e-01,2.498606602947781585e-01
-4.453160638715378816e-01,-4.453160638715379371e-01
-9.367774576445483392e-01,-9.367774576445484502e-01
-9.409622143303755237e-01,-9.409622143303755237e-01
-4.984417863787353187e-01,-4.984417863787353187e-01
2.141180012482993833e-01,2.141180012482993000e-01
8.361712156129715856e-01,8.361712156129714746e-01
9.960924591872519773e-01,9.960924591872519773e-01
7.100874008540907223e-01,7.100874008540907223e-01
7.386112629201657676e-02,7.386112629201660451e-02
-6.376552561447931256e-01,-6.376552561447931256e-01
-9.905253571684448088e-01,-9.905253571684449199e-01
-8.290169502360253961e-01,-8.290169502360253961e-01
-3.028322269058922322e-01,-3.028322269058922322e-01
4.607989784427812263e-01,4.607989784427812263e-01
9.428120975727227737e-01,9.428120975727228847e-01
9.446736925529050088e-01,9.446736925529051199e-01
4.982891860323324651e-01,4.982891860323325206e-01
-1.638806777296887840e-01,-1.638806777296888118e-01
-7.448238942305847043e-01,-7.448238942305848154e-01
-9.983226783560448236e-01,-9.983226783560448236e-01
-8.215947839126729324e-01,-8.215947839126729324e-01
-2.944914070970504616e-01,-2.944914070970505726e-01
3.521775577101550203e-01,3.521775577101549648e-01
9.076783958331816615e-01,9.076783958331817725e-01
9.757241546275365884e-01,9.757241546275364774e-01
5.584297436168703666e-01,5.584297436168703666e-01
-1.601165241832231412e-01,-1.601165241832231134e-01
-8.025523922729135284e-01,-8.025523922729136395e-01
-9.988401949583601835e-01,-9.988401949583602946e-01
-6.736963093125771795e-01,-6.736963093125771795e-01
-1.150659945953824703e-02,-1.150659945953821928e-02
6.803678069606492462e-01,6.803678069606493573e-01
9.992526326648758506e-01,9.992526326648758506e-01
7.878511481146914797e-01,7.878511481146914797e-01
2.097842400839476928e-01,2.097842400839476928e-01
-4.284066516924531776e-01,-4.284066516924530665e-01
-9.448352258903109924e-01,-9.448352258903109924e-01
-9.369542888566220196e-01,-9.369542888566220196e-01
-4.881088224160546329e-01,-4.881088224160546885e-01
1.415307940386889562e-01,1.415307940386889562e-01
7.852416562949542378e-01,7.852416562949542378e-01
9.939464975704404015e-01,9.939464975704404015e-01
6.670497305650726627e-01,6.670497305650726627e-01
-3.683151503968051799e-02,-3.683151503968051799e-02
-6.841621732842138037e-01,-6.841621732842136927e-01
-9.991389310338371077e-01,-9.991389310338369967e-01
-7.686549847291295201e-01,-7.686549847291295201e-01
-1.137127980668015681e-01,-1.137127980668015959e-01
5.288336170293055361e-01,5.288336170293055361e-01
9.417008485166725729e-01,9.417008485166724618e-01
9.443724711302254882e-01,9.443724711302254882e-01
4.887193367688494883e-01,4.887193367688493773e-01
-2.544899906330379546e-01,-2.544899906330380102e-01
-8.313039262760821835e-01,-8.313039262760822945e-01
-9.978935015202985426e-01,-9.978935015202985426e-01
-6.908973682512744574e-01,-6.908973682512745684e-01
-9.624769954183587384e-02,-9.624769954183590159e-02
5.736792073231764544e-01,5.736792073231765654e-01
9.740662963255507512e-01,9.740662963255506401e-01
8.854616457956590025e-01,8.854616457956590025e-01
3.231278120471763327e-01,3.231278120471764437e-01
-4.182256959854885325e-01,-4.182256959854885325e-01
-8.940757140414945514e-01,-8.940757140414945514e-01
-9.728570702240901813e-01,-9.728570702240901813e-01
-5.534397994700006596e-01,-5.534397994700006596e-01
1.540008019683464235e-01,1.540008019683463403e-01
8.130414946814377153e-01,8.130414946814377153e-01
9.894951314237432349e-01,9.894951314237433460e-01
6.179528745507631982e-01,6.179528745507631982e-01
-2.951496611469928144e-02,-2.951496611469925369e-02
-6.740095453998403707e-01,-6.740095453998404817e-01
-9.955443028326862454e-01,-9.955443028326861343e-01
-8.303859223282405999e-01,-8.303859223282405999e-01
-2.685088457264822592e-01,-2.685088457264822592e-01
4.006632419946712931e-01,4.006632419946712931e-01
8.821885850452247935e-01,8.821885850452247935e-01
9.622608240263950119e-01,9.622608240263950119e-01
