-1.000000000000000000e+00,-1.000000000000000000e+00
-8.322630110776900736e-01,-8.322630110776899626e-01
-2.829953440612294480e-01,-2.829953440612295035e-01
5.168331133263843746e-01,5.168331133263843746e-01
9.861544798060017936e-01,9.861544798060016825e-01
8.292757807874979736e-01,8.292757807874979736e-01
3.476814249444057370e-01,3.476814249444056815e-01
-2.243235185822960442e-01,-2.243235185822960442e-01
-7.841323572321985402e-01,-7.841323572321986513e-01
-9.895493246080340199e-01,-9.895493246080340199e-01
-5.315157761342852449e-01,-5.315157761342852449e-01
2.181526946629160912e-01,2.181526946629160080e-01
7.575845614312173293e-01,7.575845614312174403e-01
9.911868111601602749e-01,9.911868111601602749e-01
8.667897048036969920e-01,8.667897048036969920e-01
2.498323963840057838e-01,2.498323963840057560e-01
-5.765974468875226799e-01,-5.765974468875227910e-01
-9.877735108443349565e-01,-9.877735108443348455e-01
-8.766071674929015733e-01,-8.766071674929014623e-01
-4.707370292430085312e-01,-4.707370292430085867e-01
1.457255006383447737e-01,1.457255006383447460e-01
7.972893578495733324e-01,7.972893578495732214e-01
9.765295480755675772e-01,9.765295480755675772e-01
5.110387148242511168e-01,5.110387148242511168e-01
-1.420475885066520005e-01,-1.420475885066519450e-01
-6.629846066447480091e-01,-6.629846066447480091e-01
-9.745266181037821607e-01,-9.745266181037822717e-01
-8.630961965070222952e-01,-8.630961965070222952e-01
-1.805452898123205419e-01,-1.805452898123205141e-01
6.061476397687851625e-01,6.061476397687852735e-01
9.760495616279470932e-01,9.760495616279469822e-01
9.323882161819054826e-01,9.323882161819054826e-01
5.608093106303007058e-01,5.608093106303007058e-01
-1.381340497142393708e-01,-1.381340497142393708e-01
-8.360134975445259187e-01,-8.360134975445259187e-01
-9.651400039752053850e-01,-9.651400039752053850e-01
-5.512098240066474197e-01,-5.512098240066474197e-01
1.526125357363972146e-02,1.526125357363966595e-02
5.723433137925553194e-01,5.723433137925552083e-01
9.690504913602865367e-01,9.690504913602864256e-01
8.306289531572983442e-01,8.306289531572982332e-01
1.242262896353918400e-01,1.242262896353918400e-01
-5.806307882032282208e-01,-5.806307882032283318e-01
-9.429452873033463689e-01,-9.429452873033462579e-01
-9.698624587397832730e-01,-9.698624587397833841e-01
-5.926728617103901309e-01,-5.926728617103901309e-01
1.903524078098535188e-01,1.903524078098534633e-01
8.695003810107924114e-01,8.695003810107924114e-01
9.691996339625887913e-01,9.691996339625887913e-01
6.401949552482303352e-01,6.401949552482302241e-01
1.143235360111878318e-01,1.143235360111878873e-01
-5.267398594649617127e-01,-5.267398594649617127e-01
-9.787276332024097414e-01,-9.787276332024097414e-01
-7.901226652297808073e-01,-7.901226652297808073e-01
-1.248369061390796064e-01,-1.248369061390796897e-01
4.965210379361058024e-01,4.965210379361056914e-01
8.901468411659866353e-01,8.901468411659866353e-01
9.844685512865067878e-01,9.844685512865067878e-01
5.674525105774671507e-01,5.674525105774672618e-01
-2.604051474614809680e-01,-2.604051474614810235e-01
-8.763497458056340728e-01,-8.763497458056339617e-01
-9.869838677021706141e-01,-9.869838677021707252e-01
-7.379039764390438183e-01,-7.379039764390438183e-01
-1.971031769991813953e-01,-1.971031769991813953e-01
5.416855951348450438e-01,5.416855951348449327e-01
9.909819020053085570e-01,9.909819020053086680e-01
7.728753532842089768e-01,7.728753532842089768e-01
1.972860839528893240e-01,1.972860839528892962e-01
-3.758057826663212531e-01,-3.758057826663213641e-01
-8.419432432375046904e-01,-8.419432432375046904e-01
-9.838902695167693890e-01,-9.838902695167695001e-01
-5.083411968599065300e-01,-5.083411968599064190e-01
2.987063757315845391e-01,2.987063757315845391e-01
8.466534733709801808e-01,8.466534733709802918e-01
9.995360996048723301e-01,9.995360996048724411e-01
8.065003938285901786e-01,8.065003938285900675e-01
2.088064867552574810e-01,2.088064867552574533e-01
-5.957267624910149717e-01,-5.957267624910149717e-01
-9.964821596558861572e-01,-9.964821596558861572e-01
-7.994871012814799283e-01,-7.994871012814799283e-01
-3.184464333797163427e-01,-3.184464333797162316e-01
2.641590216294538163e-01,2.641590216294538163e-01
8.267227857291827853e-01,8.267227857291828963e-01
9.716210343667298632e-01,9.716210343667299743e-01
4.564921648922871111e-01,4.564921648922871666e-01
-2.725191475958724796e-01,-2.725191475958724241e-01
-7.782608999252722537e-01,-7.782608999252722537e-01
-9.954754297482405478e-01,-9.954754297482404368e-01
-8.313756822228677290e-01,-8.313756822228677290e-01
-1.593546524526561203e-01,-1.593546524526561758e-01
6.472730079556695548e-01,6.472730079556695548e-01
9.954366530639163768e-01,9.954366530639162658e-01
8.596041283582425141e-01,8.596041283582425141e-01
4.396698329857149923e-01,4.396698329857150478e-01
-2.069780097378772776e-01,-2.069780097378773054e-01
-8.483923233327765878e-01,-8.483923233327768099e-01
-9.526328946818866106e-01,-9.526328946818867216e-01
-4.533414222577821784e-01,-4.533414222577821784e-01
1.784823639763579717e-01,1.784823639763579439e-01
6.871314978354357006e-01,6.871314978354357006e-01
9.857779947733562587e-01,9.857779947733562587e-01
