-1.000000000000000000e+00,-1.000000000000000000e+00
-7.694363680044351561e-01,-7.694363680044351561e-01
-2.280282561487624315e-01,-2.280282561487624038e-01
-8.443395756993543610e-03,-8.443395756993488099e-03
-4.218084988774208899e-01,-4.218084988774208899e-01
-9.028321957818573607e-01,-9.028321957818573607e-01
-9.755516594130011487e-01,-9.755516594130011487e-01
-7.024319552479456608e-01,-7.024319552479457718e-01
-3.017952709587661264e-01,-3.017952709587661264e-01
-1.476081220038888420e-02,-1.476081220038888420e-02
-1.436138721435049059e-01,-1.436138721435049059e-01
-6.873175809070320996e-01,-6.873175809070320996e-01
-9.995231494608837197e-01,-9.995231494608836087e-01
-6.732301608120201397e-01,-6.732301608120200287e-01
-1.795241326345156097e-01,-1.795241326345155819e-01
1.487834477372884656e-03,1.487834477372884656e-03
-1.692513434427946328e-01,-1.692513434427946606e-01
-5.583992186039058447e-01,-5.583992186039058447e-01
-9.367846755484035004e-01,-9.367846755484035004e-01
-9.177027461970604927e-01,-9.177027461970606037e-01
-3.939634739540466835e-01,-3.939634739540466835e-01
-1.908408543394746193e-03,-1.908408543394746193e-03
-2.274958777939436461e-01,-2.274958777939437016e-01
-7.085823244905706808e-01,-7.085823244905705698e-01
-9.823050577669769634e-01,-9.823050577669769634e-01
-9.259515324542010317e-01,-9.259515324542010317e-01
-5.777125699921149549e-01,-5.777125699921149549e-01
-1.285282428675529331e-01,-1.285282428675529331e-01
-3.429778436093999794e-02,-3.429778436093994243e-02
-5.149058626156524099e-01,-5.149058626156522989e-01
-9.726346981174577300e-01,-9.726346981174577300e-01
-8.582605822773525794e-01,-8.582605822773525794e-01
-4.195277657118292036e-01,-4.195277657118292036e-01
-7.676827920208328937e-02,-7.676827920208334488e-02
-1.434541675241945979e-02,-1.434541675241940428e-02
-2.940703171942350980e-01,-2.940703171942350425e-01
-7.859033302475552096e-01,-7.859033302475550986e-01
-9.894724981065390335e-01,-9.894724981065389224e-01
-5.698447776238705353e-01,-5.698447776238706464e-01
-6.580820657240094018e-02,-6.580820657240094018e-02
-6.648021019991412484e-02,-6.648021019991412484e-02
-4.370576335319759087e-01,-4.370576335319758532e-01
-8.231223677074807066e-01,-8.231223677074805956e-01
-9.996691294056765376e-01,-9.996691294056765376e-01
-8.109289496521684404e-01,-8.109289496521684404e-01
-3.016621051272928011e-01,-3.016621051272928566e-01
3.622066290113579168e-03,3.622066290113579168e-03
-3.392131579035982392e-01,-3.392131579035982947e-01
-8.678823682487071256e-01,-8.678823682487071256e-01
-9.813955626517585351e-01,-9.813955626517585351e-01
-7.016719033874528888e-01,-7.016719033874528888e-01
-3.032245250249878676e-01,-3.032245250249878676e-01
-2.284786514449438366e-02,-2.284786514449438366e-02
-1.028029075047032781e-01,-1.028029075047032781e-01
-6.022066583787565319e-01,-6.022066583787566429e-01
-9.941729951277572530e-01,-9.941729951277572530e-01
-7.432904556865246315e-01,-7.432904556865247425e-01
-2.143594071013272817e-01,-2.143594071013272262e-01
2.038507443674175690e-03,2.038507443674231201e-03
-1.714954179331900641e-01,-1.714954179331900364e-01
-5.511693533973772707e-01,-5.511693533973773818e-01
-9.176674828569569842e-01,-9.176674828569569842e-01
-9.526827549194988309e-01,-9.526827549194987199e-01
-4.872860896573664169e-01,-4.872860896573664169e-01
-2.324670596717498539e-02,-2.324670596717498539e-02
-1.724989280457562835e-01,-1.724989280457563112e-01
-6.780043068318861721e-01,-6.780043068318861721e-01
-9.809539883808063854e-01,-9.809539883808062743e-01
-9.247254558495521248e-01,-9.247254558495520138e-01
-5.923550168775096880e-01,-5.923550168775096880e-01
-1.629440446024749689e-01,-1.629440446024749134e-01
-1.008297413126607589e-02,-1.008297413126607589e-02
-4.189949297174749288e-01,-4.189949297174749843e-01
-9.372785150023265066e-01,-9.372785150023265066e-01
-8.959338464535586688e-01,-8.959338464535587798e-01
-4.422907972509357299e-01,-4.422907972509357299e-01
-7.656462006442554813e-02,-7.656462006442560364e-02
-1.450189881816876802e-02,-1.450189881816871251e-02
-2.725852480538425993e-01,-2.725852480538425437e-01
-7.360319256255504206e-01,-7.360319256255504206e-01
-9.997473737865634202e-01,-9.997473737865634202e-01
-6.628998527792758777e-01,-6.628998527792759887e-01
-1.116098623075702512e-01,-1.116098623075702512e-01
-4.410693958386058267e-02,-4.410693958386058267e-02
-4.231559483299262570e-01,-4.231559483299262014e-01
-8.249684920717834657e-01,-8.249684920717835768e-01
-9.994419970339171178e-01,-9.994419970339172288e-01
-8.370495190811657604e-01,-8.370495190811656494e-01
-3.667249973983646716e-01,-3.667249973983646716e-01
-3.192289035868711711e-03,-3.192289035868711711e-03
-2.532301886908732147e-01,-2.532301886908732147e-01
-8.164305904657656043e-01,-8.164305904657657154e-01
-9.899427694543735390e-01,-9.899427694543735390e-01
-7.075128290647916263e-01,-7.075128290647916263e-01
-3.009606124609571776e-01,-3.009606124609571776e-01
-2.673251616150756904e-02,-2.673251616150762455e-02
-7.759410493598417613e-02,-7.759410493598412062e-02
-5.245458396528835943e-01,-5.245458396528837053e-01
-9.709110899750528212e-01,-9.709110899750528212e-01
-8.168310662312063819e-01,-8.168310662312063819e-01
-2.657594851267605085e-01,-2.657594851267604530e-01
