-1.000000000000000000e+00,-1.000000000000000000e+00
-7.742638505301486784e-01,-7.742638505301487895e-01
-3.272232717410814562e-01,-3.272232717410814007e-01
-1.591476485602510982e-02,-1.591476485602510982e-02
-1.024998763913194111e-01,-1.024998763913194111e-01
-5.938756490458704240e-01,-5.938756490458705350e-01
-9.704900309873378816e-01,-9.704900309873377706e-01
-8.783241277685451820e-01,-8.783241277685451820e-01
-4.441174506624641083e-01,-4.441174506624641083e-01
-6.206894073229413111e-02,-6.206894073229413111e-02
-7.596931080077506948e-02,-7.596931080077506948e-02
-4.975581244105262146e-01,-4.975581244105262702e-01
-9.396466226664543786e-01,-9.396466226664543786e-01
-9.294625303113640546e-01,-9.294625303113639436e-01
-4.867103365877371579e-01,-4.867103365877372134e-01
-4.585098904887574545e-02,-4.585098904887568994e-02
-1.021722476673506130e-01,-1.021722476673506130e-01
-5.855396176918901130e-01,-5.855396176918901130e-01
-9.611670679790524918e-01,-9.611670679790524918e-01
-9.230513855727257022e-01,-9.230513855727257022e-01
-4.458194602873298273e-01,-4.458194602873297718e-01
-3.131161550155675544e-02,-3.131161550155669993e-02
-1.112528696785097804e-01,-1.112528696785097804e-01
-5.947632667245202898e-01,-5.947632667245204008e-01
-9.658491200529647491e-01,-9.658491200529647491e-01
-8.959690497396887165e-01,-8.959690497396887165e-01
-4.228760286813519897e-01,-4.228760286813520453e-01
-1.981965226671028590e-02,-1.981965226671023039e-02
-9.228826008676593862e-02,-9.228826008676588311e-02
-4.902531325479601021e-01,-4.902531325479601021e-01
-9.342542692433991602e-01,-9.342542692433990492e-01
-9.517566952127645141e-01,-9.517566952127645141e-01
-5.408951937673731614e-01,-5.408951937673731614e-01
-1.114597116261602516e-01,-1.114597116261603071e-01
-1.510319134380327943e-02,-1.510319134380333495e-02
-4.015234159226501176e-01,-4.015234159226501176e-01
-8.383164908300795304e-01,-8.383164908300795304e-01
-9.799585977974226703e-01,-9.799585977974225592e-01
-6.744352845993858425e-01,-6.744352845993858425e-01
-1.692114192290659069e-01,-1.692114192290659347e-01
-1.226347059030868936e-02,-1.226347059030874487e-02
-3.335202817841987355e-01,-3.335202817841986800e-01
-8.499485504738981678e-01,-8.499485504738980568e-01
-9.932787298894988348e-01,-9.932787298894988348e-01
-7.386283351549359777e-01,-7.386283351549360887e-01
-2.341416156328597342e-01,-2.341416156328597897e-01
3.687537107949778736e-04,3.687537107949778736e-04
-2.255848338304206058e-01,-2.255848338304205503e-01
-7.321708183561747019e-01,-7.321708183561745908e-01
-9.960315514928727021e-01,-9.960315514928727021e-01
-7.961172080705107845e-01,-7.961172080705107845e-01
-3.293276200540739551e-01,-3.293276200540739551e-01
-1.169421939057058157e-03,-1.169421939057002646e-03
-1.561270683529226155e-01,-1.561270683529226155e-01
-5.777692263562888009e-01,-5.777692263562888009e-01
-9.683688974431126084e-01,-9.683688974431126084e-01
-8.953580365081251768e-01,-8.953580365081252879e-01
-4.020760897836478387e-01,-4.020760897836478942e-01
-2.505933447455127583e-02,-2.505933447455133134e-02
-8.703468512759621190e-02,-8.703468512759621190e-02
-5.415652669411641362e-01,-5.415652669411641362e-01
-9.489122384265578081e-01,-9.489122384265578081e-01
-9.093984835044859327e-01,-9.093984835044860437e-01
-5.023534377507528070e-01,-5.023534377507528070e-01
-9.325678914987367563e-02,-9.325678914987362012e-02
-2.374894487058099024e-02,-2.374894487058099024e-02
-4.250281127477564813e-01,-4.250281127477565368e-01
-8.806457453524767498e-01,-8.806457453524766388e-01
-9.794305290838286604e-01,-9.794305290838286604e-01
-6.415823307302396250e-01,-6.415823307302396250e-01
-2.059282605322567683e-01,-2.059282605322568238e-01
6.586304426355715780e-03,6.586304426355771291e-03
-2.829339063563154899e-01,-2.829339063563154899e-01
-7.271715168847630029e-01,-7.271715168847630029e-01
-9.962469754457149440e-01,-9.962469754457149440e-01
-7.881029774977805769e-01,-7.881029774977806879e-01
-2.868480022605374713e-01,-2.868480022605374713e-01
-1.199920535166743019e-02,-1.199920535166748570e-02
-1.703543743703914704e-01,-1.703543743703914981e-01
-7.019540711838784253e-01,-7.019540711838783142e-01
-9.950807704195950842e-01,-9.950807704195949732e-01
-7.756182353090856907e-01,-7.756182353090859127e-01
-2.731837680986844985e-01,-2.731837680986844430e-01
7.648756600540707051e-03,7.648756600540762562e-03
-2.187794583266730042e-01,-2.187794583266730319e-01
-7.023227481271009376e-01,-7.023227481271008266e-01
-9.947854901067908484e-01,-9.947854901067908484e-01
-7.921965781123715411e-01,-7.921965781123714301e-01
-2.832515725959727781e-01,-2.832515725959728337e-01
-3.531954408994009142e-04,-3.531954408994564254e-04
-2.298396690360511863e-01,-2.298396690360511585e-01
-7.176142627184719514e-01,-7.176142627184719514e-01
-9.875798784462214153e-01,-9.875798784462214153e-01
-8.269696642682966559e-01,-8.269696642682966559e-01
-3.244864696250043812e-01,-3.244864696250044367e-01
-4.442409689245085946e-03,-4.442409689245085946e-03
-1.778369615049809060e-01,-1.778369615049808505e-01
-6.264419032373798046e-01,-6.264419032373798046e-01
-9.658377075363187014e-01,-9.658377075363188125e-01
-9.082653569302263641e-01,-9.082653569302263641e-01
-4.561618488922514758e-01,-4.561618488922514203e-01
