-1.000000000000000000e+00,-1.000000000000000000e+00
-7.928655233950703263e-01,-7.928655233950703263e-01
-1.629780599762000737e-01,-1.629780599762000459e-01
4.905485029608388503e-01,4.905485029608388503e-01
9.406270787210346818e-01,9.406270787210347928e-01
9.436113922214190985e-01,9.436113922214192096e-01
4.836043476352493431e-01,4.836043476352492876e-01
-1.922854721772093156e-01,-1.922854721772093711e-01
-7.918022146481555890e-01,-7.918022146481557000e-01
-9.977966782380723876e-01,-9.977966782380722766e-01
-6.560504815647656418e-01,-6.560504815647658639e-01
-3.727383724376998053e-02,-3.727383724376995278e-02
6.506047184846085463e-01,6.506047184846085463e-01
9.835434825306396123e-01,9.835434825306397233e-01
8.889032178639609816e-01,8.889032178639608706e-01
4.172442614676515893e-01,4.172442614676516448e-01
-2.259335446591368424e-01,-2.259335446591368701e-01
-7.722161089979570070e-01,-7.722161089979570070e-01
-9.996846314263498900e-01,-9.996846314263497790e-01
-7.602868943759786280e-01,-7.602868943759786280e-01
-1.491218417771174587e-01,-1.491218417771174587e-01
5.997512423595730002e-01,5.997512423595730002e-01
9.630316653519749304e-01,9.630316653519750414e-01
8.842465701203084949e-01,8.842465701203083839e-01
3.495991513098871128e-01,3.495991513098871128e-01
-2.983846119064318403e-01,-2.983846119064318403e-01
-8.449403104981252355e-01,-8.449403104981252355e-01
-9.902283979010682025e-01,-9.902283979010682025e-01
-6.380226356966084422e-01,-6.380226356966084422e-01
-3.213356483802587427e-02,-3.213356483802587427e-02
6.754845150487328587e-01,6.754845150487328587e-01
9.871505903890209765e-01,9.871505903890209765e-01
8.780877568997496052e-01,8.780877568997496052e-01
3.291283547660924236e-01,3.291283547660924236e-01
-3.388898768351957802e-01,-3.388898768351957802e-01
-8.703849025882134383e-01,-8.703849025882133272e-01
-9.637971870692527698e-01,-9.637971870692526588e-01
-5.908993974800396121e-01,-5.908993974800396121e-01
1.354936548261278517e-01,1.354936548261278240e-01
7.834213175295668963e-01,7.834213175295670073e-01
9.979241834874622574e-01,9.979241834874621464e-01
6.731006279275461024e-01,6.731006279275461024e-01
3.095705400239234795e-02,3.095705400239234795e-02
-6.797449837165933095e-01,-6.797449837165933095e-01
-9.992467890178358125e-01,-9.992467890178359236e-01
-7.639523059975202868e-01,-7.639523059975203978e-01
-2.017162393860933434e-01,-2.017162393860933711e-01
5.533222124332074499e-01,5.533222124332074499e-01
9.777706124120221221e-01,9.777706124120222331e-01
9.032457108895718401e-01,9.032457108895717290e-01
3.824019072760858062e-01,3.824019072760856952e-01
-3.346511835650324285e-01,-3.346511835650324285e-01
-8.928170379393690625e-01,-8.928170379393691736e-01
-9.563486457480087077e-01,-9.563486457480085967e-01
-5.832820313399209589e-01,-5.832820313399208478e-01
6.382491190256489588e-02,6.382491190256486813e-02
6.834890449863781914e-01,6.834890449863781914e-01
9.869501814137565665e-01,9.869501814137566775e-01
8.251709982501180818e-01,8.251709982501179708e-01
2.929964786986772318e-01,2.929964786986771763e-01
-3.763773379136009511e-01,-3.763773379136009511e-01
-9.145069063883036753e-01,-9.145069063883037863e-01
-9.593116023221732735e-01,-9.593116023221732735e-01
-5.232974321863128608e-01,-5.232974321863128608e-01
1.582419167298402263e-01,1.582419167298403095e-01
8.136011986528699502e-01,8.136011986528698392e-01
9.985482194126261701e-01,9.985482194126260591e-01
7.322219386403659991e-01,7.322219386403658881e-01
8.596552430250137267e-02,8.596552430250140042e-02
-6.275964517709466950e-01,-6.275964517709466950e-01
-9.804210199307206164e-01,-9.804210199307206164e-01
-8.479654504059315201e-01,-8.479654504059314091e-01
-2.893228866172891101e-01,-2.893228866172891101e-01
4.337164818199092386e-01,4.337164818199092942e-01
9.185876949952771486e-01,9.185876949952770376e-01
9.592780245958040242e-01,9.592780245958041352e-01
4.965251049838706465e-01,4.965251049838707020e-01
-1.981592237585193539e-01,-1.981592237585193816e-01
-7.570493820117770722e-01,-7.570493820117770722e-01
-9.984515674562236542e-01,-9.984515674562237653e-01
-7.527259874066732914e-01,-7.527259874066734024e-01
-1.471322593212678331e-01,-1.471322593212678886e-01
5.505594386451756472e-01,5.505594386451756472e-01
9.704839552801354241e-01,9.704839552801353131e-01
8.664239104743962638e-01,8.664239104743961528e-01
3.575968326737879455e-01,3.575968326737878900e-01
-3.151481067997788377e-01,-3.151481067997788377e-01
-8.787759987658951832e-01,-8.787759987658951832e-01
-9.697773920173275997e-01,-9.697773920173275997e-01
-5.533747434551905542e-01,-5.533747434551906652e-01
1.183289026765558249e-01,1.183289026765557972e-01
7.284769158842648862e-01,7.284769158842648862e-01
9.968811952957628009e-01,9.968811952957629119e-01
8.193760012934944159e-01,8.193760012934945269e-01
2.265191284351958378e-01,2.265191284351958934e-01
-4.893534051797543416e-01,-4.893534051797543971e-01
-9.401002950131647218e-01,-9.401002950131646108e-01
-9.396260525692373688e-01,-9.396260525692373688e-01
-4.139048984568001743e-01,-4.139048984568002298e-01
2.247163623056600557e-01,2.247163623056601112e-01
8.321762515030092233e-01,8.321762515030093343e-01
