-1.000000000000000000e+00,-1.000000000000000000e+00
-7.159867449520876947e-01,-7.159867449520875837e-01
-2.628554799045330070e-01,-2.628554799045329515e-01
4.242332711053509176e-03,4.242332711053509176e-03
-2.214915703252039458e-01,-2.214915703252039736e-01
-7.205485531191401227e-01,-7.205485531191401227e-01
-9.982332340820393446e-01,-9.982332340820392336e-01
-7.479662141142147114e-01,-7.479662141142147114e-01
-2.187001386882054810e-01,-2.187001386882055087e-01
-7.482416379321343847e-04,-7.482416379321343847e-04
-2.238197677764568461e-01,-2.238197677764569016e-01
-7.483814798147814251e-01,-7.483814798147814251e-01
-9.960011884362180989e-01,-9.960011884362180989e-01
-7.651021680240012168e-01,-7.651021680240012168e-01
-2.704218633765623214e-01,-2.704218633765622659e-01
6.711876699138974445e-03,6.711876699138974445e-03
-2.402042130972923961e-01,-2.402042130972924239e-01
-7.603939191153621380e-01,-7.603939191153620270e-01
-9.946823889293623377e-01,-9.946823889293624488e-01
-6.739329484492272426e-01,-6.739329484492272426e-01
-2.283883110136699091e-01,-2.283883110136699646e-01
-8.621982510298997759e-04,-8.621982510298997759e-04
-1.784317465040846651e-01,-1.784317465040846096e-01
-6.291160748314714724e-01,-6.291160748314713613e-01
-9.687290362064753246e-01,-9.687290362064753246e-01
-8.787564154893977575e-01,-8.787564154893976465e-01
-4.342893508146611348e-01,-4.342893508146611903e-01
-3.060391686032765124e-02,-3.060391686032770675e-02
-1.100552457765842651e-01,-1.100552457765842651e-01
-5.673904414774253446e-01,-5.673904414774254557e-01
-9.676823964812374390e-01,-9.676823964812375500e-01
-8.667834882261757912e-01,-8.667834882261756801e-01
-4.118127154022409586e-01,-4.118127154022410141e-01
-3.878893163592805893e-02,-3.878893163592805893e-02
-6.954674802389843036e-02,-6.954674802389843036e-02
-4.485885259455925644e-01,-4.485885259455925644e-01
-9.069010836556429256e-01,-9.069010836556428146e-01
-9.652957374797788148e-01,-9.652957374797787038e-01
-5.710653419328630687e-01,-5.710653419328630687e-01
-1.141788567727544113e-01,-1.141788567727544668e-01
-1.184303808713926820e-02,-1.184303808713926820e-02
-3.468218403356186363e-01,-3.468218403356186363e-01
-8.002109884660013606e-01,-8.002109884660014716e-01
-9.963864371521496954e-01,-9.963864371521498065e-01
-7.473936652069771425e-01,-7.473936652069771425e-01
-2.683746951971914818e-01,-2.683746951971915373e-01
5.958743241942232594e-03,5.958743241942232594e-03
-2.182392488260838648e-01,-2.182392488260839203e-01
-6.962269495224300275e-01,-6.962269495224300275e-01
-9.889860878891114648e-01,-9.889860878891114648e-01
-8.295350948472020036e-01,-8.295350948472021146e-01
-3.301080315350431449e-01,-3.301080315350432004e-01
-4.013674725731886106e-04,-4.013674725731330994e-04
-1.891951730164615486e-01,-1.891951730164615209e-01
-6.968641459015743056e-01,-6.968641459015743056e-01
-9.892970997282263257e-01,-9.892970997282262147e-01
-7.944956366015443194e-01,-7.944956366015443194e-01
-3.417834324920849265e-01,-3.417834324920848710e-01
-2.002216119994204568e-02,-2.002216119994204568e-02
-1.212304824025405847e-01,-1.212304824025405847e-01
-5.991504713053372733e-01,-5.991504713053372733e-01
-9.665137588984527017e-01,-9.665137588984528128e-01
-8.844777064883946327e-01,-8.844777064883946327e-01
-4.066167956357135127e-01,-4.066167956357135127e-01
-1.871823960575041967e-02,-1.871823960575041967e-02
-1.199614864569674144e-01,-1.199614864569674144e-01
-5.793401072713703082e-01,-5.793401072713704192e-01
-9.681549423198707593e-01,-9.681549423198707593e-01
-8.693611606816443738e-01,-8.693611606816443738e-01
-3.557918848510395748e-01,-3.557918848510395748e-01
-2.772637970812757979e-02,-2.772637970812752428e-02
-1.183072977645777679e-01,-1.183072977645777679e-01
-5.968768284439077698e-01,-5.968768284439078808e-01
-9.565884871220308172e-01,-9.565884871220309282e-01
-8.670703127177576963e-01,-8.670703127177575853e-01
-4.218322504395168870e-01,-4.218322504395168315e-01
-1.269871896027019442e-02,-1.269871896027019442e-02
-1.095630616703484606e-01,-1.095630616703485161e-01
-5.353442186394734570e-01,-5.353442186394734570e-01
-9.573942732269700162e-01,-9.573942732269701272e-01
-9.067459345896339284e-01,-9.067459345896339284e-01
-4.908422279869057436e-01,-4.908422279869056881e-01
-6.935839854386438574e-02,-6.935839854386438574e-02
-6.783133867567658903e-02,-6.783133867567653352e-02
-5.340992760110566673e-01,-5.340992760110567783e-01
-9.172790650642723698e-01,-9.172790650642724808e-01
-9.404644170595277686e-01,-9.404644170595278796e-01
-5.582155586825420235e-01,-5.582155586825420235e-01
-7.397220822986688704e-02,-7.397220822986683153e-02
-6.255292751361857251e-02,-6.255292751361857251e-02
-4.508602825659818736e-01,-4.508602825659818736e-01
-8.945595409614353066e-01,-8.945595409614351956e-01
-9.485437423238761712e-01,-9.485437423238762822e-01
-5.073125279428702950e-01,-5.073125279428702950e-01
-9.418723498758524437e-02,-9.418723498758524437e-02
-1.750682744055265250e-02,-1.750682744055265250e-02
-3.784257066046598506e-01,-3.784257066046597950e-01
-8.722111247317052563e-01,-8.722111247317053673e-01
-9.638996791502332240e-01,-9.638996791502332240e-01
-6.249567425056010705e-01,-6.249567425056010705e-01
-1.515932923274560529e-01,-1.515932923274561084e-01
