-1.000000000000000000e+00,-1.000000000000000000e+00
-8.170614298418781285e-01,-8.170614298418781285e-01
-3.634481596631352063e-01,-3.634481596631352063e-01
3.092529133998007662e-01,3.092529133998007662e-01
9.075623129227718966e-01,9.075623129227717856e-01
9.088620532878965985e-01,9.088620532878965985e-01
3.627993007426765226e-01,3.627993007426764671e-01
-2.561190763264289405e-01,-2.561190763264289405e-01
-7.436742426018577712e-01,-7.436742426018576602e-01
-9.977803300027758837e-01,-9.977803300027758837e-01
-7.388013227462775223e-01,-7.388013227462775223e-01
3.545030800970538909e-02,3.545030800970536133e-02
7.344829806502003455e-01,7.344829806502003455e-01
9.952298365548586379e-01,9.952298365548585268e-01
8.868358039036728924e-01,8.868358039036728924e-01
4.298259848322886212e-01,4.298259848322886212e-01
-3.363439186779576540e-01,-3.363439186779577095e-01
-9.354744551912415051e-01,-9.354744551912415051e-01
-9.018012968302973054e-01,-9.018012968302974164e-01
-4.404706749826732270e-01,-4.404706749826732826e-01
1.234653553322626607e-01,1.234653553322626052e-01
6.832768031524307784e-01,6.832768031524307784e-01
9.986725203472608392e-01,9.986725203472609502e-01
6.883865265524971022e-01,6.883865265524971022e-01
-6.541953289676150085e-02,-6.541953289676150085e-02
-6.846655852046892310e-01,-6.846655852046891200e-01
-9.732977941183083015e-01,-9.732977941183083015e-01
-9.281716647567862521e-01,-9.281716647567863632e-01
-4.293565191138400960e-01,-4.293565191138400960e-01
4.009416191613299763e-01,4.009416191613300318e-01
9.494791097442402128e-01,9.494791097442403238e-01
9.244837344621914532e-01,9.244837344621914532e-01
5.533086548810651761e-01,5.533086548810650651e-01
-1.361308278264572458e-02,-1.361308278264572458e-02
-6.723919864973468830e-01,-6.723919864973468830e-01
-9.999137001522918622e-01,-9.999137001522917512e-01
-6.495693950984799958e-01,-6.495693950984799958e-01
2.526601299938791012e-02,2.526601299938785461e-02
5.890675484668070894e-01,5.890675484668070894e-01
9.389905114982509682e-01,9.389905114982509682e-01
9.390936149168764846e-01,9.390936149168763736e-01
3.766422751115446887e-01,3.766422751115445777e-01
-4.556756694331332014e-01,-4.556756694331332014e-01
-9.415285675150028011e-01,-9.415285675150029121e-01
-9.624291461063654296e-01,-9.624291461063653186e-01
-6.542082446716398492e-01,-6.542082446716397381e-01
-3.262369985286278640e-02,-3.262369985286278640e-02
7.074863432157048049e-01,7.074863432157046939e-01
9.968060952810247066e-01,9.968060952810247066e-01
6.562574802720909650e-01,6.562574802720909650e-01
8.071288308644575249e-02,8.071288308644575249e-02
-4.776672585855634701e-01,-4.776672585855634701e-01
-9.160239224739296082e-01,-9.160239224739296082e-01
-9.255321619868273064e-01,-9.255321619868273064e-01
-3.102027678656811838e-01,-3.102027678656811838e-01
4.612322367983703320e-01,4.612322367983703320e-01
9.056257900015193263e-01,9.056257900015192153e-01
9.901750243285729614e-01,9.901750243285729614e-01
7.099702618789736075e-01,7.099702618789734965e-01
7.629714543366250545e-03,7.629714543366222790e-03
-7.567301944531312774e-01,-7.567301944531312774e-01
-9.949630378945403253e-01,-9.949630378945402143e-01
-7.151926994648460933e-01,-7.151926994648462044e-01
-2.142231547298004690e-01,-2.142231547298004413e-01
3.967944581478287103e-01,3.967944581478287103e-01
9.204408290748334887e-01,9.204408290748334887e-01
8.960857189548455670e-01,8.960857189548455670e-01
2.782032843526912047e-01,2.782032843526912602e-01
-4.010933854172904489e-01,-4.010933854172905044e-01
-8.413331127412472243e-01,-8.413331127412472243e-01
-9.992775800484184900e-01,-9.992775800484186011e-01
-7.125529536727521762e-01,-7.125529536727520652e-01
6.073095006276224561e-02,6.073095006276219010e-02
7.853742951980240417e-01,7.853742951980240417e-01
9.988031990762915591e-01,9.988031990762915591e-01
7.990269803403196036e-01,7.990269803403194926e-01
3.229516291211209644e-01,3.229516291211209089e-01
-3.791524510897910649e-01,-3.791524510897910649e-01
-9.431998487564163813e-01,-9.431998487564164924e-01
-8.704467714781823906e-01,-8.704467714781822796e-01
-3.124304816978109023e-01,-3.124304816978109578e-01
2.864433854561218573e-01,2.864433854561219128e-01
7.694661657377441788e-01,7.694661657377440678e-01
9.999951299669385119e-01,9.999951299669384008e-01
6.726986348999988152e-01,6.726986348999988152e-01
-1.229889062334869609e-01,-1.229889062334869887e-01
-7.727922902479114065e-01,-7.727922902479114065e-01
-9.979143600245589107e-01,-9.979143600245590218e-01
-8.694668724714559316e-01,-8.694668724714558206e-01
-3.703720095713630145e-01,-3.703720095713630700e-01
4.209698077972622854e-01,4.209698077972622299e-01
9.636305627110252070e-01,9.636305627110253180e-01
8.726907406448276561e-01,8.726907406448277671e-01
4.084099304473784997e-01,4.084099304473784997e-01
-1.569451097746406565e-01,-1.569451097746406287e-01
-7.258113219700187413e-01,-7.258113219700186303e-01
-9.993032466800677582e-01,-9.993032466800677582e-01
-6.181639533361110717e-01,-6.181639533361109606e-01
1.332024719181815753e-01,1.332024719181815475e-01
7.120989306429699184e-01,7.120989306429699184e-01
9.801378375074623062e-01,9.801378375074623062e-01
