-1.000000000000000000e+00,-1.000000000000000000e+00
-8.256915264241849739e-01,-8.256915264241850849e-01
-3.632593968033434595e-01,-3.632593968033434040e-01
-4.050438507867348825e-03,-4.050438507867293314e-03
-2.456493647966695448e-01,-2.456493647966695448e-01
-8.136966444784533570e-01,-8.136966444784533570e-01
-9.883638123392552988e-01,-9.883638123392552988e-01
-6.909900440063869720e-01,-6.909900440063869720e-01
-2.793046365022629485e-01,-2.793046365022630040e-01
-2.029237117838428306e-02,-2.029237117838422755e-02
-8.396516413688082103e-02,-8.396516413688076552e-02
-5.250321230630609071e-01,-5.250321230630609071e-01
-9.683080414631906052e-01,-9.683080414631906052e-01
-8.226791646072232345e-01,-8.226791646072232345e-01
-2.664139067824681240e-01,-2.664139067824681795e-01
2.253155442738685732e-03,2.253155442738630221e-03
-1.860412130304755496e-01,-1.860412130304754941e-01
-5.754543955490627472e-01,-5.754543955490627472e-01
-9.163648959192596255e-01,-9.163648959192597365e-01
-9.707893140474622706e-01,-9.707893140474622706e-01
-5.757230109887460090e-01,-5.757230109887460090e-01
-6.690722587000386135e-02,-6.690722587000386135e-02
-1.102819525079765106e-01,-1.102819525079765661e-01
-6.327761976513530673e-01,-6.327761976513530673e-01
-9.803546863471922501e-01,-9.803546863471923611e-01
-9.113247734849528880e-01,-9.113247734849528880e-01
-5.734332886646010818e-01,-5.734332886646010818e-01
-1.745398713344157304e-01,-1.745398713344157027e-01
-3.306606782304544190e-04,-3.306606782305099301e-04
-3.254364644689851094e-01,-3.254364644689851094e-01
-8.782127538330029015e-01,-8.782127538330027905e-01
-9.384098601283991092e-01,-9.384098601283989982e-01
-4.747390901084067583e-01,-4.747390901084068138e-01
-7.176118907905754130e-02,-7.176118907905754130e-02
-2.162903620284201134e-02,-2.162903620284201134e-02
-2.830241341785810771e-01,-2.830241341785810771e-01
-7.102117377804382237e-01,-7.102117377804383347e-01
-9.963750197585333757e-01,-9.963750197585333757e-01
-7.557148325214096962e-01,-7.557148325214096962e-01
-1.810540767613575408e-01,-1.810540767613575408e-01
-2.024614399337898440e-02,-2.024614399337892889e-02
-4.041264128985602166e-01,-4.041264128985602722e-01
-8.379569116907521487e-01,-8.379569116907521487e-01
-9.999789298201239296e-01,-9.999789298201240406e-01
-8.362481942339075047e-01,-8.362481942339073937e-01
-4.094688135636121440e-01,-4.094688135636121995e-01
-2.396219903096052928e-02,-2.396219903096047377e-02
-1.679156070265620526e-01,-1.679156070265620249e-01
-7.408121538128025207e-01,-7.408121538128024097e-01
-9.975176202964231020e-01,-9.975176202964231020e-01
-7.127481660538877994e-01,-7.127481660538876884e-01
-2.794835702708731162e-01,-2.794835702708731717e-01
-2.051984302286175010e-02,-2.051984302286169459e-02
-7.164324899639212818e-02,-7.164324899639212818e-02
-4.674563592590880168e-01,-4.674563592590880168e-01
-9.308772534980792601e-01,-9.308772534980792601e-01
-8.897091481245844591e-01,-8.897091481245843481e-01
-3.403304339539371393e-01,-3.403304339539370837e-01
-8.601843644668871747e-04,-8.601843644668316635e-04
-1.744888806628288047e-01,-1.744888806628288047e-01
-5.777915293074117331e-01,-5.777915293074118441e-01
-9.136491673732537455e-01,-9.136491673732537455e-01
-9.808926612335407969e-01,-9.808926612335407969e-01
-6.424042488800417727e-01,-6.424042488800416617e-01
-1.212983552673637666e-01,-1.212983552673637666e-01
-5.770890473389733710e-02,-5.770890473389739261e-02
-5.623541721932566739e-01,-5.623541721932565629e-01
-9.687339645233348229e-01,-9.687339645233348229e-01
-9.154158465387046695e-01,-9.154158465387046695e-01
-5.705565764265219109e-01,-5.705565764265219109e-01
-1.839243689893548250e-01,-1.839243689893547695e-01
2.113043041359563556e-03,2.113043041359508045e-03
-2.553413645633302864e-01,-2.553413645633303419e-01
-8.091844653903750295e-01,-8.091844653903751405e-01
-9.740016523270739190e-01,-9.740016523270738080e-01
-5.364282516792849842e-01,-5.364282516792848732e-01
-8.580124403508859743e-02,-8.580124403508854192e-02
-2.116917391671491178e-02,-2.116917391671491178e-02
-2.837703320181437228e-01,-2.837703320181437783e-01
-6.917531600439401629e-01,-6.917531600439401629e-01
-9.868906229905491934e-01,-9.868906229905490823e-01
-8.248008231791971179e-01,-8.248008231791970069e-01
-2.615372856849879635e-01,-2.615372856849880190e-01
-1.465420477764045604e-03,-1.465420477764101115e-03
-3.545227634830600549e-01,-3.545227634830599994e-01
-8.249519549593302692e-01,-8.249519549593302692e-01
-9.999521502978588883e-01,-9.999521502978588883e-01
-8.388345535859027535e-01,-8.388345535859027535e-01
-4.393131285945223730e-01,-4.393131285945223730e-01
-4.981462673644287964e-02,-4.981462673644293515e-02
-1.049008954189181719e-01,-1.049008954189181719e-01
-6.540685384281094139e-01,-6.540685384281094139e-01
-9.992935320046284486e-01,-9.992935320046284486e-01
-7.480454136308655189e-01,-7.480454136308655189e-01
-2.878741952362174339e-01,-2.878741952362174894e-01
-1.941259253180094291e-02,-1.941259253180094291e-02
-6.714022904153110760e-02,-6.714022904153105209e-02
-4.268204380954242483e-01,-4.268204380954242483e-01
-8.884202282570273779e-01,-8.884202282570274889e-01
-9.419008466919271960e-01,-9.419008466919271960e-01
-4.283475651615920587e-01,-4.283475651615920032e-01
