-1.000000000000000000e+00,-1.000000000000000000e+00
-7.143855082279571000e-01,-7.143855082279571000e-01
-1.727904758131487695e-02,-1.727904758131493246e-02
6.062541645217962571e-01,6.062541645217962571e-01
9.707746987153145213e-01,9.707746987153145213e-01
8.619213498026989662e-01,8.619213498026989662e-01
2.472289579459965303e-01,2.472289579459966136e-01
-4.331051599521241191e-01,-4.331051599521240636e-01
-8.932768627884661861e-01,-8.932768627884660750e-01
-9.591061370223783467e-01,-9.591061370223783467e-01
-5.252378697797027707e-01,-5.252378697797026597e-01
2.062100326814618190e-01,2.062100326814617635e-01
8.382300884232257721e-01,8.382300884232258831e-01
9.797711629560130753e-01,9.797711629560130753e-01
6.365708979276019086e-01,6.365708979276017976e-01
-2.182237840195999645e-02,-2.182237840195999645e-02
-7.003387516101049481e-01,-7.003387516101049481e-01
-9.994980371399495578e-01,-9.994980371399495578e-01
-7.446675546009523528e-01,-7.446675546009523528e-01
-4.574719083056766333e-02,-4.574719083056769109e-02
6.675794874561099546e-01,6.675794874561099546e-01
9.903602947052682071e-01,9.903602947052683181e-01
8.571172361429464370e-01,8.571172361429464370e-01
2.835206809184203647e-01,2.835206809184204202e-01
-4.395397021593620557e-01,-4.395397021593620002e-01
-9.365654820636397648e-01,-9.365654820636397648e-01
-9.214272962880347695e-01,-9.214272962880347695e-01
-4.421998473756661996e-01,-4.421998473756661996e-01
2.231034721882276806e-01,2.231034721882276806e-01
7.779565193672711709e-01,7.779565193672711709e-01
9.995496619843093900e-01,9.995496619843093900e-01
7.687164740878636993e-01,7.687164740878636993e-01
1.855335002849919368e-01,1.855335002849919368e-01
-5.655598256027244419e-01,-5.655598256027245530e-01
-9.809699129231671533e-01,-9.809699129231672643e-01
-8.652892968974890131e-01,-8.652892968974889021e-01
-3.772214177041540717e-01,-3.772214177041540162e-01
3.941409223689757990e-01,3.941409223689759100e-01
8.904017179070478072e-01,8.904017179070478072e-01
9.561894294746007272e-01,9.561894294746007272e-01
4.788613463052749375e-01,4.788613463052748820e-01
-2.814865880196871784e-01,-2.814865880196871784e-01
-8.670689823594479595e-01,-8.670689823594479595e-01
-9.695865367662814815e-01,-9.695865367662814815e-01
-6.081071277475587067e-01,-6.081071277475588177e-01
3.756066864955021067e-02,3.756066864955029394e-02
6.624336121773821695e-01,6.624336121773821695e-01
9.810843497392442991e-01,9.810843497392442991e-01
8.262394265680893524e-01,8.262394265680893524e-01
1.902901023427546745e-01,1.902901023427546745e-01
-4.627713674396233823e-01,-4.627713674396233268e-01
-9.541207420579931320e-01,-9.541207420579930210e-01
-8.989266086837262026e-01,-8.989266086837260916e-01
-4.201901172142626928e-01,-4.201901172142625818e-01
2.357690099527378624e-01,2.357690099527378069e-01
7.890119445941422560e-01,7.890119445941423670e-01
9.943875549400922331e-01,9.943875549400922331e-01
6.997216176549824196e-01,6.997216176549825306e-01
9.177499001084055141e-02,9.177499001084055141e-02
-6.307381188379803660e-01,-6.307381188379802550e-01
-9.825605890571629253e-01,-9.825605890571628143e-01
-8.653591280065672242e-01,-8.653591280065672242e-01
-3.540030032245702341e-01,-3.540030032245702341e-01
3.919187257419309289e-01,3.919187257419309289e-01
8.772386615174715407e-01,8.772386615174716518e-01
9.875388824489413908e-01,9.875388824489415018e-01
6.013432076150730943e-01,6.013432076150729833e-01
-4.714382059676536230e-02,-4.714382059676533454e-02
-7.277036687305380447e-01,-7.277036687305380447e-01
-9.977011546979156487e-01,-9.977011546979157597e-01
-7.870278949957272285e-01,-7.870278949957272285e-01
-1.595366135082963988e-01,-1.595366135082963710e-01
5.436766686862595233e-01,5.436766686862594122e-01
9.605185900239510133e-01,9.605185900239510133e-01
9.231020199082445865e-01,9.231020199082446975e-01
4.508689917462891938e-01,4.508689917462891938e-01
-2.055786306986626677e-01,-2.055786306986625844e-01
-8.026308795153852538e-01,-8.026308795153852538e-01
-9.907096531469266054e-01,-9.907096531469266054e-01
-6.230917016166945821e-01,-6.230917016166945821e-01
8.922645031136705596e-02,8.922645031136702820e-02
6.860040548242012370e-01,6.860040548242012370e-01
9.903703448391079078e-01,9.903703448391079078e-01
7.930813447008885353e-01,7.930813447008885353e-01
2.535532603595664347e-01,2.535532603595664347e-01
-3.848940449336885616e-01,-3.848940449336885061e-01
-9.169991986867591649e-01,-9.169991986867591649e-01
-9.394145605213380934e-01,-9.394145605213382044e-01
-4.274450238877979258e-01,-4.274450238877979258e-01
2.389359147599634525e-01,2.389359147599633693e-01
8.067131844029796772e-01,8.067131844029795662e-01
9.961393856314533224e-01,9.961393856314533224e-01
6.880587868438425847e-01,6.880587868438425847e-01
-1.199648234622946452e-02,-1.199648234622943677e-02
-7.035794445630461080e-01,-7.035794445630459970e-01
-9.951766180001857531e-01,-9.951766180001858642e-01
-7.977137226843855622e-01,-7.977137226843856732e-01
-1.383981301338018666e-01,-1.383981301338018388e-01
5.603541964874401149e-01,5.603541964874401149e-01
9.835166998408216843e-01,9.835166998408217953e-01
8.532687354947185998e-01,8.532687354947185998e-01
