-1.000000000000000000e+00,-1.000000000000000000e+00
-8.296324239394882172e-01,-8.296324239394881062e-01
-3.684003176504674903e-01,-3.684003176504675459e-01
3.417747374936122018e-01,3.417747374936122018e-01
9.307489567661563212e-01,9.307489567661564323e-01
8.891863873835014198e-01,8.891863873835013088e-01
3.574572590095511648e-01,3.574572590095512203e-01
-2.355594092213193491e-01,-2.355594092213194046e-01
-7.369083611323851146e-01,-7.369083611323852256e-01
-9.992729436959175704e-01,-9.992729436959175704e-01
-6.987736043916484840e-01,-6.987736043916484840e-01
8.476480482540738048e-02,8.476480482540740824e-02
7.424056954342481696e-01,7.424056954342482806e-01
9.931558309802686058e-01,9.931558309802686058e-01
8.932834764296617713e-01,8.932834764296616603e-01
4.095078614777390436e-01,4.095078614777390991e-01
-3.878845736478514494e-01,-3.878845736478514494e-01
-9.529195375129462242e-01,-9.529195375129461132e-01
-8.939078066936433364e-01,-8.939078066936433364e-01
-4.553252523517610229e-01,-4.553252523517609673e-01
1.061087362231886155e-01,1.061087362231886433e-01
6.949995991042050569e-01,6.949995991042050569e-01
9.999998076231171318e-01,9.999998076231171318e-01
6.466769587983829393e-01,6.466769587983829393e-01
-8.947463386433018862e-02,-8.947463386433018862e-02
-6.750838513545664998e-01,-6.750838513545666109e-01
-9.685208197140654507e-01,-9.685208197140654507e-01
-9.243934566081051241e-01,-9.243934566081051241e-01
-3.853182031393598272e-01,-3.853182031393598828e-01
4.534589872558094092e-01,4.534589872558093537e-01
9.585218040207024170e-01,9.585218040207024170e-01
9.277980839337822694e-01,9.277980839337822694e-01
5.711470337590380808e-01,5.711470337590381918e-01
-1.768638158425611673e-02,-1.768638158425614448e-02
-7.040292673471342244e-01,-7.040292673471342244e-01
-9.973816694775314851e-01,-9.973816694775314851e-01
-6.217832340531727064e-01,-6.217832340531728175e-01
2.138972107279257795e-02,2.138972107279257795e-02
5.709436768629565506e-01,5.709436768629564396e-01
9.384582289817555711e-01,9.384582289817554601e-01
9.251946754507750503e-01,9.251946754507751614e-01
3.209368975181682848e-01,3.209368975181682848e-01
-4.921282674248848021e-01,-4.921282674248849132e-01
-9.420502238508284831e-01,-9.420502238508284831e-01
-9.681658749135043651e-01,-9.681658749135044761e-01
-6.592591274416030878e-01,-6.592591274416030878e-01
1.636234824219373607e-04,1.636234824219096051e-04
7.477395941938648205e-01,7.477395941938647095e-01
9.920445097157883918e-01,9.920445097157882808e-01
6.506757998135997978e-01,6.506757998135996868e-01
1.014114964252011974e-01,1.014114964252012252e-01
-4.677381366780106187e-01,-4.677381366780106187e-01
-9.264528596551674378e-01,-9.264528596551674378e-01
-9.024320625750863467e-01,-9.024320625750862357e-01
-2.618043534652836346e-01,-2.618043534652836346e-01
4.731287131133352641e-01,4.731287131133353197e-01
8.975479366307514972e-01,8.975479366307514972e-01
9.921795920428921889e-01,9.921795920428921889e-01
6.952664021572818598e-01,6.952664021572819708e-01
-4.686405481239319659e-02,-4.686405481239325210e-02
-7.909215239158378097e-01,-7.909215239158379207e-01
-9.928006642542392957e-01,-9.928006642542392957e-01
-7.260828999179839149e-01,-7.260828999179838039e-01
-2.320135956111547548e-01,-2.320135956111546716e-01
4.100249895158550317e-01,4.100249895158549762e-01
9.392174678385090125e-01,9.392174678385089015e-01
8.694901901577604120e-01,8.694901901577605230e-01
2.533015349914143344e-01,2.533015349914142789e-01
-3.901199079014617266e-01,-3.901199079014617821e-01
-8.300747367145648870e-01,-8.300747367145647759e-01
-9.989254529592124232e-01,-9.989254529592125342e-01
-6.787926297285384880e-01,-6.787926297285384880e-01
1.189942282240385452e-01,1.189942282240385174e-01
8.046830545593420814e-01,8.046830545593419703e-01
9.991412562983302825e-01,9.991412562983301715e-01
8.119756109756803841e-01,8.119756109756803841e-01
3.206079256249465548e-01,3.206079256249464993e-01
-4.178831120731834048e-01,-4.178831120731834048e-01
-9.612575846242455979e-01,-9.612575846242454869e-01
-8.513556277770244485e-01,-8.513556277770243375e-01
-3.147260870153922308e-01,-3.147260870153922863e-01
2.650363969395603814e-01,2.650363969395603814e-01
7.675297277156043485e-01,7.675297277156044595e-01
9.991988804254682277e-01,9.991988804254681167e-01
6.276331465779622087e-01,6.276331465779620977e-01
-1.653508063527648342e-01,-1.653508063527648064e-01
-7.747772436891507963e-01,-7.747772436891507963e-01
-9.962748261484897228e-01,-9.962748261484897228e-01
-8.734051698224877258e-01,-8.734051698224877258e-01
-3.412494954830030958e-01,-3.412494954830030403e-01
4.731486628821340856e-01,4.731486628821341411e-01
9.752375449274014452e-01,9.752375449274015562e-01
8.682403861741412321e-01,8.682403861741411211e-01
4.268448578333888799e-01,4.268448578333888799e-01
-1.446694405460761113e-01,-1.446694405460761390e-01
-7.428657121102293370e-01,-7.428657121102293370e-01
-9.956069056104843717e-01,-9.956069056104842607e-01
-5.768281524707465913e-01,-5.768281524707465913e-01
1.482215003487941107e-01,1.482215003487941385e-01
6.993922158758036911e-01,6.993922158758038021e-01
9.768199990225223672e-01,9.768199990225222562e-01
