-1.000000000000000000e+00,-1.000000000000000000e+00
-7.325984242398770885e-01,-7.325984242398770885e-01
1.400783364794516705e-02,1.400783364794522257e-02
7.712877605658114977e-01,7.712877605658114977e-01
9.908310373225017731e-01,9.908310373225016621e-01
6.462339462319146577e-01,6.462339462319147687e-01
6.780345517603264538e-02,6.780345517603264538e-02
-4.907476263427231755e-01,-4.907476263427231200e-01
-8.959743570754378217e-01,-8.959743570754378217e-01
-9.765939210180767382e-01,-9.765939210180768493e-01
-5.438083611104687076e-01,-5.438083611104687076e-01
2.743650740203524840e-01,2.743650740203524285e-01
9.084437790340125218e-01,9.084437790340124108e-01
9.324753288472338308e-01,9.324753288472338308e-01
4.796539701834832137e-01,4.796539701834831582e-01
-1.113637732110600576e-01,-1.113637732110600576e-01
-6.362993874889554258e-01,-6.362993874889555368e-01
-9.652064891098404154e-01,-9.652064891098404154e-01
-9.032943867213252265e-01,-9.032943867213252265e-01
-3.152190694250132097e-01,-3.152190694250132097e-01
5.164419894869486383e-01,5.164419894869486383e-01
9.841246745312746125e-01,9.841246745312746125e-01
8.286905016837017302e-01,8.286905016837017302e-01
3.016927394948657470e-01,3.016927394948657470e-01
-2.838361718133853850e-01,-2.838361718133853850e-01
-7.644197652200536153e-01,-7.644197652200536153e-01
-9.981920792589151770e-01,-9.981920792589151770e-01
-7.778572407880298689e-01,-7.778572407880297579e-01
-6.090632041105836780e-02,-6.090632041105828454e-02
7.216148441638864375e-01,7.216148441638864375e-01
9.977589961521278195e-01,9.977589961521278195e-01
6.904912319082644467e-01,6.904912319082644467e-01
1.197151740372590645e-01,1.197151740372590090e-01
-4.464926013513920711e-01,-4.464926013513921266e-01
-8.704894211731374343e-01,-8.704894211731375453e-01
-9.881898673814923928e-01,-9.881898673814923928e-01
-6.022984698108604373e-01,-6.022984698108604373e-01
2.009653330819564099e-01,2.009653330819563544e-01
8.753488047076567469e-01,8.753488047076567469e-01
9.542440960874846168e-01,9.542440960874845057e-01
5.287791981635951988e-01,5.287791981635951988e-01
-6.070725766062756712e-02,-6.070725766062759488e-02
-5.963157829737582016e-01,-5.963157829737582016e-01
-9.488228421673164936e-01,-9.488228421673166046e-01
-9.295280004775680061e-01,-9.295280004775681171e-01
-3.838616023013111112e-01,-3.838616023013111667e-01
4.502855796178018011e-01,4.502855796178018011e-01
9.689214137258006510e-01,9.689214137258006510e-01
8.623466205079689528e-01,8.623466205079689528e-01
3.532351944483457240e-01,3.532351944483457240e-01
-2.354305543420875391e-01,-2.354305543420874836e-01
-7.298419677179927012e-01,-7.298419677179927012e-01
-9.928685197325132217e-01,-9.928685197325133327e-01
-8.189911722888461032e-01,-8.189911722888461032e-01
-1.351907758736920484e-01,-1.351907758736920484e-01
6.677055378547017694e-01,6.677055378547016584e-01
9.999973296044166737e-01,9.999973296044166737e-01
7.328372024690260611e-01,7.328372024690260611e-01
1.717629036618972815e-01,1.717629036618972260e-01
-4.011928637172574863e-01,-4.011928637172574308e-01
-8.427460368972651272e-01,-8.427460368972651272e-01
-9.957983035551627449e-01,-9.957983035551627449e-01
-6.572537021219848619e-01,-6.572537021219848619e-01
1.265361970854397278e-01,1.265361970854397278e-01
8.373018154960111259e-01,8.373018154960111259e-01
9.720508984740272584e-01,9.720508984740271474e-01
5.767867938307518205e-01,5.767867938307518205e-01
-9.579948348329092589e-03,-9.579948348329037078e-03
-5.550073678657941878e-01,-5.550073678657942988e-01
-9.296422672840891632e-01,-9.296422672840891632e-01
-9.515023800382913510e-01,-9.515023800382913510e-01
-4.500068508905753495e-01,-4.500068508905754050e-01
3.815030973468390152e-01,3.815030973468389597e-01
9.485793650818826750e-01,9.485793650818826750e-01
8.929308856335835820e-01,8.929308856335835820e-01
4.043055338032611745e-01,4.043055338032612300e-01
-1.862917377330612911e-01,-1.862917377330612634e-01
-6.935876032178591721e-01,-6.935876032178591721e-01
-9.841843587920833247e-01,-9.841843587920833247e-01
-8.559135391422573180e-01,-8.559135391422573180e-01
-2.083923289834630488e-01,-2.083923289834630488e-01
6.098574145258192081e-01,6.098574145258193191e-01
9.973898567714236663e-01,9.973898567714235552e-01
7.730230314750491383e-01,7.730230314750492493e-01
2.238310959152514101e-01,2.238310959152513546e-01
-3.549197593689299435e-01,-3.549197593689299435e-01
-8.128858743724112212e-01,-8.128858743724111102e-01
-9.995389404258424593e-01,-9.995389404258423482e-01
-7.084589921664790069e-01,-7.084589921664788958e-01
5.155557048504699758e-02,5.155557048504699758e-02
7.944534513330093750e-01,7.944534513330092640e-01
9.856644761397752585e-01,9.856644761397752585e-01
6.234639747914172414e-01,6.234639747914173524e-01
4.193203211839380273e-02,4.193203211839371947e-02
-5.124602507260538342e-01,-5.124602507260539452e-01
-9.078239250051431952e-01,-9.078239250051431952e-01
-9.692676006160414470e-01,-9.692676006160415580e-01
-5.133150995744357736e-01,-5.133150995744358847e-01
3.105308242007520092e-01,3.105308242007519537e-01
9.230991677598848755e-01,9.230991677598849865e-01
9.201811743242278574e-01,9.201811743242278574e-01
