-1.000000000000000000e+00,-1.000000000000000000e+00
-7.682880768295914375e-01,-7.682880768295914375e-01
-2.651067461289368654e-01,-2.651067461289368099e-01
3.051355547599604590e-01,3.051355547599604590e-01
8.022634771134043996e-01,8.022634771134043996e-01
9.972156703253415300e-01,9.972156703253416410e-01
6.321546725954452217e-01,6.321546725954452217e-01
-1.793732085967822965e-01,-1.793732085967822687e-01
-8.556779954960469503e-01,-8.556779954960469503e-01
-9.753578446849304751e-01,-9.753578446849303640e-01
-6.318678036948668364e-01,-6.318678036948669474e-01
-9.238965206714155887e-02,-9.238965206714161438e-02
4.719616802389847154e-01,4.719616802389846599e-01
9.075371428052981804e-01,9.075371428052981804e-01
9.515319830011728097e-01,9.515319830011726987e-01
4.111467025514052853e-01,4.111467025514052298e-01
-4.288927395714063895e-01,-4.288927395714064450e-01
-9.552730534567810405e-01,-9.552730534567809295e-01
-9.068337739271810083e-01,-9.068337739271811193e-01
-4.783618822106281976e-01,-4.783618822106281421e-01
8.246421829208860910e-02,8.246421829208858134e-02
6.279430457816064237e-01,6.279430457816063127e-01
9.764494471900324601e-01,9.764494471900324601e-01
8.477241993245594465e-01,8.477241993245595575e-01
1.592779322298102374e-01,1.592779322298102096e-01
-6.460220865170265281e-01,-6.460220865170265281e-01
-9.978647734670597069e-01,-9.978647734670598179e-01
-8.031505487018772982e-01,-8.031505487018774092e-01
-3.135907656672813903e-01,-3.135907656672813903e-01
2.561947159392958806e-01,2.561947159392958806e-01
7.667901483938074358e-01,7.667901483938075469e-01
9.999651734675419901e-01,9.999651734675418790e-01
6.874255400712732111e-01,6.874255400712733222e-01
-1.046229998186761212e-01,-1.046229998186761490e-01
-8.167446709671434268e-01,-8.167446709671434268e-01
-9.872422214995162371e-01,-9.872422214995162371e-01
-6.728783079516651444e-01,-6.728783079516650334e-01
-1.420983021614071751e-01,-1.420983021614071751e-01
4.251654262871558676e-01,4.251654262871559231e-01
8.807639033238346959e-01,8.807639033238348070e-01
9.704499287860540724e-01,9.704499287860541834e-01
4.781818917618237408e-01,4.781818917618237408e-01
-3.601694553336435844e-01,-3.601694553336435844e-01
-9.326931286761660500e-01,-9.326931286761660500e-01
-9.303877558235948975e-01,-9.303877558235947864e-01
-5.235986578447888729e-01,-5.235986578447889839e-01
3.247599713824184109e-02,3.247599713824186884e-02
5.848222859759983905e-01,5.848222859759983905e-01
9.610102508501457974e-01,9.610102508501457974e-01
8.833259151367378603e-01,8.833259151367377493e-01
2.333442341168684431e-01,2.333442341168684153e-01
-5.882062106398400214e-01,-5.882062106398399104e-01
-9.913655079532905923e-01,-9.913655079532904812e-01
-8.358490531888690400e-01,-8.358490531888690400e-01
-3.615318769093475715e-01,-3.615318769093475715e-01
2.068711692621760245e-01,2.068711692621759968e-01
7.292937035465366646e-01,7.292937035465366646e-01
9.983664841275086133e-01,9.983664841275086133e-01
7.386636542369958702e-01,7.386636542369957592e-01
-2.918284378281188474e-02,-2.918284378281188474e-02
-7.733025007769341874e-01,-7.733025007769341874e-01
-9.953429974795930946e-01,-9.953429974795932056e-01
-7.123460171261506435e-01,-7.123460171261507545e-01
-1.915577881178244235e-01,-1.915577881178244235e-01
3.776172910541927275e-01,3.776172910541927275e-01
8.512397340111546029e-01,8.512397340111544919e-01
9.846356750519263956e-01,9.846356750519262846e-01
5.422821538188832280e-01,5.422821538188832280e-01
-2.891764900582733944e-01,-2.891764900582733944e-01
-9.054053156398357283e-01,-9.054053156398357283e-01
-9.508647613495115891e-01,-9.508647613495115891e-01
-5.678001959367281470e-01,-5.678001959367281470e-01
-1.752552280192803957e-02,-1.752552280192809508e-02
5.404713699853607167e-01,5.404713699853608277e-01
9.420640800468752518e-01,9.420640800468753628e-01
9.141939623885969590e-01,9.141939623885969590e-01
3.059515709080570245e-01,3.059515709080570245e-01
-5.268504392370720879e-01,-5.268504392370720879e-01
-9.803783352675838891e-01,-9.803783352675838891e-01
-8.661885062528050794e-01,-8.661885062528049684e-01
-4.088340794330808103e-01,-4.088340794330808103e-01
1.572546611328650146e-01,1.572546611328649313e-01
6.899666805751801801e-01,6.899666805751802912e-01
9.925814020945847860e-01,9.925814020945846750e-01
7.856416482950070446e-01,7.856416482950070446e-01
4.646694873063395015e-02,4.646694873063400566e-02
-7.254964643488259757e-01,-7.254964643488259757e-01
-9.994757379029681754e-01,-9.994757379029680644e-01
-7.501044115040251814e-01,-7.501044115040252924e-01
-2.406894303634635746e-01,-2.406894303634636023e-01
3.294327278541815951e-01,3.294327278541815396e-01
8.191791070646137207e-01,8.191791070646137207e-01
9.941652752775929081e-01,9.941652752775929081e-01
6.030889609797385198e-01,6.030889609797385198e-01
-2.163416701830505606e-01,-2.163416701830505884e-01
-8.734195350048917783e-01,-8.734195350048917783e-01
-9.680573031809609486e-01,-9.680573031809608375e-01
-6.108334549906183630e-01,-6.108334549906182520e-01
-6.746574058905019378e-02,-6.746574058905013827e-02
4.950393181729087488e-01,4.950393181729087488e-01
9.198243849257750071e-01,9.198243849257751181e-01
