-1.000000000000000000e+00,-1.000000000000000000e+00
-8.401302663238406909e-01,-8.401302663238406909e-01
-4.228090841401351274e-01,-4.228090841401351274e-01
-3.237215236105939198e-02,-3.237215236105939198e-02
-1.458236008192800859e-01,-1.458236008192800859e-01
-7.144595671149875926e-01,-7.144595671149874816e-01
-9.992136293746710640e-01,-9.992136293746710640e-01
-7.243716733406276864e-01,-7.243716733406276864e-01
-2.838874902887990048e-01,-2.838874902887990603e-01
-2.121918001159189826e-02,-2.121918001159195377e-02
-6.801909878407852439e-02,-6.801909878407846888e-02
-4.508173854316229190e-01,-4.508173854316229190e-01
-9.172023601951161398e-01,-9.172023601951160288e-01
-9.081221364399905127e-01,-9.081221364399905127e-01
-3.673487934460379911e-01,-3.673487934460379911e-01
-3.592042612539925184e-03,-3.592042612539925184e-03
-1.667694431811588829e-01,-1.667694431811589106e-01
-5.744005551702133783e-01,-5.744005551702133783e-01
-9.117609443178307238e-01,-9.117609443178307238e-01
-9.835207831091599129e-01,-9.835207831091599129e-01
-6.612066933538214286e-01,-6.612066933538214286e-01
-1.405309944513801756e-01,-1.405309944513801756e-01
-4.374223326097120834e-02,-4.374223326097115283e-02
-5.362478074542942341e-01,-5.362478074542942341e-01
-9.625765552278280346e-01,-9.625765552278280346e-01
-9.194978683339813941e-01,-9.194978683339813941e-01
-5.732208027243234083e-01,-5.732208027243232973e-01
-1.875337748972998320e-01,-1.875337748972998597e-01
1.958275353152350018e-03,1.958275353152350018e-03
-2.357005812821261204e-01,-2.357005812821261759e-01
-7.854706160402890047e-01,-7.854706160402891157e-01
-9.827183453971798377e-01,-9.827183453971797267e-01
-5.598409228528825610e-01,-5.598409228528824499e-01
-9.390338433173733845e-02,-9.390338433173733845e-02
-1.937162896945204826e-02,-1.937162896945199275e-02
-2.816503865320395539e-01,-2.816503865320394984e-01
-6.855260004998414702e-01,-6.855260004998413592e-01
-9.830875876795995838e-01,-9.830875876795996948e-01
-8.437443322505555621e-01,-8.437443322505555621e-01
-2.886396308100581121e-01,-2.886396308100581121e-01
1.495713128881193121e-03,1.495713128881193121e-03
-3.343605901502003652e-01,-3.343605901502003652e-01
-8.166526552313000398e-01,-8.166526552312999288e-01
-9.999836125600889414e-01,-9.999836125600890524e-01
-8.409801222581981817e-01,-8.409801222581980706e-01
-4.485629119504764284e-01,-4.485629119504764284e-01
-5.835594619371320402e-02,-5.835594619371325953e-02
-8.876004044301571971e-02,-8.876004044301566420e-02
-6.243487231757969269e-01,-6.243487231757969269e-01
-9.972107250400004119e-01,-9.972107250400004119e-01
-7.634997727970793679e-01,-7.634997727970794790e-01
-2.950856515628623167e-01,-2.950856515628623167e-01
-2.042641648297682799e-02,-2.042641648297682799e-02
-6.481776066852512619e-02,-6.481776066852512619e-02
-4.153549026957741863e-01,-4.153549026957741863e-01
-8.741934579829124807e-01,-8.741934579829125918e-01
-9.547368121799070240e-01,-9.547368121799071350e-01
-4.587097150986069183e-01,-4.587097150986069183e-01
-1.906228909197088539e-02,-1.906228909197088539e-02
-1.416844988467605426e-01,-1.416844988467605981e-01
-5.688633840848917878e-01,-5.688633840848917878e-01
-9.132163543828931696e-01,-9.132163543828931696e-01
-9.868652460677819205e-01,-9.868652460677820315e-01
-7.049783848752443349e-01,-7.049783848752443349e-01
-2.008261340741590573e-01,-2.008261340741591128e-01
-1.162012289137903664e-02,-1.162012289137909216e-02
-4.483662133327584454e-01,-4.483662133327585009e-01
-9.370485015215079816e-01,-9.370485015215078706e-01
-9.320847204922417806e-01,-9.320847204922417806e-01
-5.735251049467218198e-01,-5.735251049467219309e-01
-1.877631464581827614e-01,-1.877631464581827891e-01
1.107547719487900206e-03,1.107547719487844695e-03
-1.888174804174355681e-01,-1.888174804174355681e-01
-7.100727777473995195e-01,-7.100727777473996305e-01
-9.985803940739456097e-01,-9.985803940739457207e-01
-6.388349436120045466e-01,-6.388349436120045466e-01
-1.234975961297878344e-01,-1.234975961297878344e-01
-1.523574954558282180e-02,-1.523574954558287731e-02
-2.836128897991984643e-01,-2.836128897991984088e-01
-6.811828138080476824e-01,-6.811828138080477935e-01
-9.735316949914635254e-01,-9.735316949914636364e-01
-8.897327205377550952e-01,-8.897327205377549841e-01
-3.761757490327133358e-01,-3.761757490327133913e-01
8.986344699454806850e-04,8.986344699454806850e-04
-2.683335644047127322e-01,-2.683335644047127322e-01
-7.868302250852554636e-01,-7.868302250852555746e-01
-9.999220702559683538e-01,-9.999220702559683538e-01
-8.389851221181237051e-01,-8.389851221181237051e-01
-4.601466550468624739e-01,-4.601466550468624184e-01
-8.157392446199218661e-02,-8.157392446199218661e-02
-4.911724786997156977e-02,-4.911724786997151426e-02
-5.302753311112584633e-01,-5.302753311112584633e-01
-9.800038073461891930e-01,-9.800038073461893040e-01
-8.136756553571447004e-01,-8.136756553571448114e-01
-3.198864777385674318e-01,-3.198864777385673763e-01
-2.053825392361402491e-02,-2.053825392361408042e-02
-6.561787826418230551e-02,-6.561787826418230551e-02
-3.954386690536794702e-01,-3.954386690536794702e-01
-8.360460468673129864e-01,-8.360460468673129864e-01
-9.833953154221755089e-01,-9.833953154221755089e-01
-5.548159176608626897e-01,-5.548159176608628007e-01
