-1.000000000000000000e+00,-1.000000000000000000e+00
-7.895740947946339183e-01,-7.895740947946339183e-01
-2.274163076209843037e-01,-2.274163076209842205e-01
5.292637816471290613e-01,5.292637816471289502e-01
9.607930670633025860e-01,9.607930670633024750e-01
8.996919244210455080e-01,8.996919244210453970e-01
3.539738139748514478e-01,3.539738139748514478e-01
-3.789524425262862928e-01,-3.789524425262862928e-01
-8.641377606955440438e-01,-8.641377606955440438e-01
-9.891193778323202901e-01,-9.891193778323201791e-01
-6.465196419934077232e-01,-6.465196419934077232e-01
3.315419870881480824e-02,3.315419870881483599e-02
6.553824407323799450e-01,6.553824407323798340e-01
9.821391708599105375e-01,9.821391708599105375e-01
8.916136735967828963e-01,8.916136735967828963e-01
3.338812525669476727e-01,3.338812525669477282e-01
-3.453417123821728163e-01,-3.453417123821727608e-01
-8.766980823323256011e-01,-8.766980823323257122e-01
-9.829325696800272905e-01,-9.829325696800272905e-01
-6.166704185349372036e-01,-6.166704185349372036e-01
2.684779722647634426e-02,2.684779722647631650e-02
7.285648387208091270e-01,7.285648387208092380e-01
9.999317983984797875e-01,9.999317983984798985e-01
7.664025843698439866e-01,7.664025843698440976e-01
9.232535251803924981e-02,9.232535251803919429e-02
-5.452838585730661602e-01,-5.452838585730661602e-01
-9.648807678179913694e-01,-9.648807678179913694e-01
-8.786178289485582216e-01,-8.786178289485581105e-01
-2.929667932436852418e-01,-2.929667932436851863e-01
4.755457217629729949e-01,4.755457217629729949e-01
9.456089762618129502e-01,9.456089762618128391e-01
9.420122117174559717e-01,9.420122117174560827e-01
4.856553865772570977e-01,4.856553865772570422e-01
-2.747620578306676498e-01,-2.747620578306677053e-01
-8.749090233520581128e-01,-8.749090233520581128e-01
-9.770447303864815414e-01,-9.770447303864815414e-01
-6.172088200630666543e-01,-6.172088200630666543e-01
9.989143116459686667e-02,9.989143116459692218e-02
7.678743452614696929e-01,7.678743452614698040e-01
9.993387786001792783e-01,9.993387786001791673e-01
7.939829077089033404e-01,7.939829077089032294e-01
1.407944572117659776e-01,1.407944572117659499e-01
-5.660447058786004515e-01,-5.660447058786003405e-01
-9.748722242545473371e-01,-9.748722242545473371e-01
-9.044645074797503792e-01,-9.044645074797503792e-01
-4.087997457416402969e-01,-4.087997457416403524e-01
2.856876028160694192e-01,2.856876028160694747e-01
8.439475238071026952e-01,8.439475238071028063e-01
9.941081067522858916e-01,9.941081067522858916e-01
6.917821361438682981e-01,6.917821361438681871e-01
8.739994514402116277e-02,8.739994514402121828e-02
-5.717512180324977322e-01,-5.717512180324977322e-01
-9.599197492038724633e-01,-9.599197492038723523e-01
-8.991533489208898278e-01,-8.991533489208898278e-01
-3.595726179737840367e-01,-3.595726179737840367e-01
2.885746940612072819e-01,2.885746940612072264e-01
8.825029199739384822e-01,8.825029199739384822e-01
9.553996556447190702e-01,9.553996556447190702e-01
4.728048234237722247e-01,4.728048234237721692e-01
-1.935356188440221503e-01,-1.935356188440220948e-01
-7.589631646536942888e-01,-7.589631646536942888e-01
-9.997463678041398349e-01,-9.997463678041398349e-01
-7.400746919940159874e-01,-7.400746919940158763e-01
-6.939606755327754062e-02,-6.939606755327759613e-02
5.867996964939807825e-01,5.867996964939808935e-01
9.801243741255969422e-01,9.801243741255968311e-01
8.470091133379284987e-01,8.470091133379284987e-01
2.348503958974469397e-01,2.348503958974469397e-01
-4.789168527959030142e-01,-4.789168527959030142e-01
-9.333704824090842678e-01,-9.333704824090843788e-01
-9.441254289621763274e-01,-9.441254289621764384e-01
-4.705770283083723915e-01,-4.705770283083724470e-01
2.630160535121800480e-01,2.630160535121801035e-01
8.177188446911014541e-01,8.177188446911015651e-01
9.944834542313533143e-01,9.944834542313532033e-01
7.271116548780620636e-01,7.271116548780620636e-01
1.266678015799611590e-01,1.266678015799611867e-01
-5.696435908360402145e-01,-5.696435908360402145e-01
-9.809385097160847611e-01,-9.809385097160847611e-01
-8.477044053046093319e-01,-8.477044053046092209e-01
-2.745401768359206907e-01,-2.745401768359206907e-01
4.180981528969248129e-01,4.180981528969248684e-01
9.271690442975568658e-01,9.271690442975568658e-01
9.258838236603844640e-01,9.258838236603843530e-01
4.594217831949297670e-01,4.594217831949296560e-01
-1.941327597997581922e-01,-1.941327597997581367e-01
-8.213474026621098156e-01,-8.213474026621099267e-01
-9.843872802746722606e-01,-9.843872802746722606e-01
-5.756964229591170490e-01,-5.756964229591170490e-01
1.411205981646768692e-01,1.411205981646768137e-01
7.295091314824420081e-01,7.295091314824421191e-01
9.992394271799138750e-01,9.992394271799138750e-01
8.007701922273963158e-01,8.007701922273964268e-01
1.905976043498985306e-01,1.905976043498985584e-01
-5.360195354633467968e-01,-5.360195354633467968e-01
-9.673535888768345359e-01,-9.673535888768346469e-01
-8.732986502578258259e-01,-8.732986502578258259e-01
-2.812819349563909777e-01,-2.812819349563909777e-01
3.981928085687816976e-01,3.981928085687817531e-01
9.212779666034862647e-01,9.212779666034863757e-01
9.669579574309353776e-01,9.669579574309354886e-01
