-1.000000000000000000e+00,-1.000000000000000000e+00
-7.473346280190217295e-01,-7.473346280190218405e-01
-2.848892847238309045e-01,-2.848892847238308490e-01
-5.123789591898575413e-03,-5.123789591898575413e-03
-1.529032231809449027e-01,-1.529032231809449027e-01
-6.731702927923173263e-01,-6.731702927923172153e-01
-9.898767650228623705e-01,-9.898767650228623705e-01
-8.134481904721603263e-01,-8.134481904721604373e-01
-3.011767200549634871e-01,-3.011767200549634316e-01
-3.227625098365993761e-03,-3.227625098366049272e-03
-1.548148282785994367e-01,-1.548148282785994367e-01
-5.862234312277998516e-01,-5.862234312277998516e-01
-9.436425242693644577e-01,-9.436425242693644577e-01
-9.089241759649806518e-01,-9.089241759649806518e-01
-4.300493266708546036e-01,-4.300493266708546036e-01
-3.064856845057528645e-02,-3.064856845057528645e-02
-1.224488766470788192e-01,-1.224488766470788192e-01
-5.388296638604785915e-01,-5.388296638604785915e-01
-9.623058336201827379e-01,-9.623058336201826268e-01
-9.072285159380500952e-01,-9.072285159380500952e-01
-4.876558296181677798e-01,-4.876558296181677798e-01
-6.713668024121033362e-02,-6.713668024121027811e-02
-7.598964275139996616e-02,-7.598964275139996616e-02
-5.195088258106304036e-01,-5.195088258106305146e-01
-9.519517119565552576e-01,-9.519517119565552576e-01
-8.941056483847389380e-01,-8.941056483847389380e-01
-4.773154654465190383e-01,-4.773154654465190383e-01
-4.137074211921543121e-02,-4.137074211921548672e-02
-8.154464048164627998e-02,-8.154464048164627998e-02
-5.334378659589330551e-01,-5.334378659589329441e-01
-9.508992309594902492e-01,-9.508992309594902492e-01
-9.402795971906245942e-01,-9.402795971906247052e-01
-4.799047592358087200e-01,-4.799047592358087200e-01
-9.090727090167510793e-02,-9.090727090167516344e-02
-5.312693867600826181e-02,-5.312693867600826181e-02
-4.688089583184530951e-01,-4.688089583184530396e-01
-9.258208666462863778e-01,-9.258208666462862668e-01
-9.122550775886362207e-01,-9.122550775886361096e-01
-5.169145209592304058e-01,-5.169145209592304058e-01
-9.702648531732260828e-02,-9.702648531732260828e-02
-3.945784817278313872e-02,-3.945784817278319423e-02
-4.181983951819393530e-01,-4.181983951819392975e-01
-8.645837275557202162e-01,-8.645837275557201052e-01
-9.734725834142186063e-01,-9.734725834142186063e-01
-6.248260851248927938e-01,-6.248260851248927938e-01
-1.558135240769417118e-01,-1.558135240769417118e-01
-2.150185692167683182e-03,-2.150185692167627671e-03
-3.568780475676738284e-01,-3.568780475676738284e-01
-8.367462704192871747e-01,-8.367462704192872858e-01
-9.933875261432233428e-01,-9.933875261432233428e-01
-6.554010360239441724e-01,-6.554010360239440613e-01
-1.784861360701943123e-01,-1.784861360701942568e-01
2.099665106061188169e-04,2.099665106061188169e-04
-2.409885323340406615e-01,-2.409885323340406893e-01
-7.075290595487622181e-01,-7.075290595487622181e-01
-9.917326528864679469e-01,-9.917326528864679469e-01
-8.359323741477348024e-01,-8.359323741477346914e-01
-3.591599904850503733e-01,-3.591599904850503733e-01
-1.783492630471555929e-02,-1.783492630471555929e-02
-1.129010119213544328e-01,-1.129010119213544883e-01
-5.785044316788046093e-01,-5.785044316788046093e-01
-9.542177128423442456e-01,-9.542177128423442456e-01
-9.047782920549738428e-01,-9.047782920549737318e-01
-4.393809188256186382e-01,-4.393809188256186382e-01
-6.558880183535698016e-02,-6.558880183535698016e-02
-5.281559425665760532e-02,-5.281559425665760532e-02
-5.143697454887966591e-01,-5.143697454887966591e-01
-9.501717976446999447e-01,-9.501717976446998337e-01
-9.231909744233889326e-01,-9.231909744233889326e-01
-5.189550438649176423e-01,-5.189550438649176423e-01
-9.337939866234312714e-02,-9.337939866234307162e-02
-5.032169146313963948e-02,-5.032169146313969499e-02
-4.934168119023496502e-01,-4.934168119023496502e-01
-9.073714288363142755e-01,-9.073714288363142755e-01
-9.436179522650127716e-01,-9.436179522650127716e-01
-5.082770384706278843e-01,-5.082770384706277733e-01
-8.891805442584133079e-02,-8.891805442584133079e-02
-4.447213844631542345e-02,-4.447213844631536794e-02
-4.420571492914054379e-01,-4.420571492914054379e-01
-9.131716286843608588e-01,-9.131716286843607477e-01
-9.429816363833264381e-01,-9.429816363833263271e-01
-5.049435976384156755e-01,-5.049435976384156755e-01
-9.973413882226961347e-02,-9.973413882226955796e-02
-2.542826969826916805e-02,-2.542826969826911254e-02
-3.903559038081377275e-01,-3.903559038081377275e-01
-8.838711992395604788e-01,-8.838711992395604788e-01
-9.742670433136838559e-01,-9.742670433136837449e-01
-6.643088850004035262e-01,-6.643088850004035262e-01
-1.868724462699931643e-01,-1.868724462699931366e-01
-3.283609605882642501e-03,-3.283609605882642501e-03
-2.674743173257009832e-01,-2.674743173257009832e-01
-7.666161693843576153e-01,-7.666161693843576153e-01
-9.970184134483974780e-01,-9.970184134483975891e-01
-7.532592366099495340e-01,-7.532592366099494230e-01
-3.141641573808811039e-01,-3.141641573808810484e-01
-2.387194976170514682e-03,-2.387194976170514682e-03
-1.823634394788156143e-01,-1.823634394788155866e-01
-6.343739836409250099e-01,-6.343739836409250099e-01
-9.739292108933936820e-01,-9.739292108933937930e-01
-8.850305960900824997e-01,-8.850305960900823887e-01
-4.030855321999566310e-01,-4.030855321999566310e-01
