-1.000000000000000000e+00,-1.000000000000000000e+00
-8.280575743822546908e-01,-8.280575743822545798e-01
-2.988893270703880667e-01,-2.988893270703880667e-01
4.535455004775648113e-01,4.535455004775647558e-01
9.690444999702909623e-01,9.690444999702909623e-01
8.176582645144364614e-01,8.176582645144363504e-01
1.516258927261111555e-01,1.516258927261111555e-01
-5.259537466666112104e-01,-5.259537466666113215e-01
-9.203875933826499711e-01,-9.203875933826499711e-01
-9.844930072580443392e-01,-9.844930072580444502e-01
-7.042388998184534454e-01,-7.042388998184534454e-01
-7.840883136122733799e-02,-7.840883136122733799e-02
6.623653208934888736e-01,6.623653208934888736e-01
9.998828582390594244e-01,9.998828582390593134e-01
6.468448101650101645e-01,6.468448101650100535e-01
-7.374885018592092223e-02,-7.374885018592089447e-02
-6.808662518565735677e-01,-6.808662518565734567e-01
-9.747625512930651048e-01,-9.747625512930651048e-01
-9.372809181789527599e-01,-9.372809181789527599e-01
-5.466992006835084128e-01,-5.466992006835084128e-01
1.555150069819318803e-01,1.555150069819319358e-01
8.321394108534567735e-01,8.321394108534567735e-01
9.613018560051944661e-01,9.613018560051944661e-01
4.410393989647983237e-01,4.410393989647983237e-01
-2.859542914558824145e-01,-2.859542914558823590e-01
-8.054863518760986274e-01,-8.054863518760986274e-01
-9.987476262700841767e-01,-9.987476262700842877e-01
-8.571538752062568545e-01,-8.571538752062568545e-01
-3.578981494183377521e-01,-3.578981494183377521e-01
3.891204854900992549e-01,3.891204854900993104e-01
9.476538328741406225e-01,9.476538328741406225e-01
8.578002589434672309e-01,8.578002589434672309e-01
2.168347936198508075e-01,2.168347936198508630e-01
-4.763733340961265883e-01,-4.763733340961265883e-01
-8.992481453346481413e-01,-8.992481453346481413e-01
-9.921102292934245170e-01,-9.921102292934246281e-01
-7.431034260901953070e-01,-7.431034260901953070e-01
-1.432905184686735778e-01,-1.432905184686735500e-01
6.059477047212853407e-01,6.059477047212854517e-01
9.981802117706184418e-01,9.981802117706184418e-01
6.999378566243945610e-01,6.999378566243944499e-01
-1.023632644222915999e-02,-1.023632644222915999e-02
-6.396403049626820936e-01,-6.396403049626822046e-01
-9.623306549777912444e-01,-9.623306549777912444e-01
-9.540743648445173530e-01,-9.540743648445173530e-01
-5.950570961632597466e-01,-5.950570961632597466e-01
8.804860469199915496e-02,8.804860469199921047e-02
7.885686534195466280e-01,7.885686534195466280e-01
9.792722219093823455e-01,9.792722219093823455e-01
5.024408121513422865e-01,5.024408121513421754e-01
-2.272349498055067363e-01,-2.272349498055067363e-01
-7.730251701978170242e-01,-7.730251701978171353e-01
-9.949990722503411211e-01,-9.949990722503412321e-01
-8.834752142152397791e-01,-8.834752142152397791e-01
-4.147772541659863199e-01,-4.147772541659863754e-01
3.233323882752583422e-01,3.233323882752582867e-01
9.209178484259779029e-01,9.209178484259779029e-01
8.934782079119396592e-01,8.934782079119396592e-01
2.818265711376132243e-01,2.818265711376132798e-01
-4.245597916764444202e-01,-4.245597916764444757e-01
-8.756039123591548012e-01,-8.756039123591548012e-01
-9.971669608683288999e-01,-9.971669608683287889e-01
-7.791813442197561557e-01,-7.791813442197561557e-01
-2.067825427708064323e-01,-2.067825427708064323e-01
5.467293618214348339e-01,5.467293618214348339e-01
9.907646694504665952e-01,9.907646694504667062e-01
7.497843231468321878e-01,7.497843231468321878e-01
5.411990607259165031e-02,5.411990607259165031e-02
-5.959637201093055392e-01,-5.959637201093055392e-01
-9.474183792067480958e-01,-9.474183792067480958e-01
-9.682095840699438405e-01,-9.682095840699438405e-01
-6.407663146160753609e-01,-6.407663146160753609e-01
2.092395278283498694e-02,2.092395278283498694e-02
7.408697513673199175e-01,7.408697513673199175e-01
9.917413480220742539e-01,9.917413480220742539e-01
5.619586598778247843e-01,5.619586598778248954e-01
-1.668881953069629720e-01,-1.668881953069629720e-01
-7.380432814704908084e-01,-7.380432814704909195e-01
-9.887642588262915977e-01,-9.887642588262914867e-01
-9.070417241623144333e-01,-9.070417241623143223e-01
-4.693717770557982449e-01,-4.693717770557982449e-01
2.565841478160428846e-01,2.565841478160428846e-01
8.890421747015287979e-01,8.890421747015286869e-01
9.243992231430957496e-01,9.243992231430956386e-01
3.462539903921154072e-01,3.462539903921154072e-01
-3.706122655779214847e-01,-3.706122655779214847e-01
-8.494468982504573829e-01,-8.494468982504572718e-01
-9.996859521269714222e-01,-9.996859521269713111e-01
-8.124641332411741690e-01,-8.124641332411741690e-01
-2.686413931586349446e-01,-2.686413931586349446e-01
4.851188759486687596e-01,4.851188759486688151e-01
9.776827773907037500e-01,9.776827773907037500e-01
7.960126292877234278e-01,7.960126292877233167e-01
1.190436314527890671e-01,1.190436314527890949e-01
-5.498804482962619256e-01,-5.498804482962619256e-01
-9.300206440402533081e-01,-9.300206440402534191e-01
-9.797163028589296330e-01,-9.797163028589297440e-01
-6.837676042014924072e-01,-6.837676042014924072e-01
-4.552995824245553713e-02,-4.552995824245562040e-02
6.893984754424511419e-01,6.893984754424512529e-01
9.985904182860670941e-01,9.985904182860672051e-01
