-1.000000000000000000e+00,-1.000000000000000000e+00
-7.463004856613755233e-01,-7.463004856613754123e-01
-2.544097834239322786e-01,-2.544097834239322231e-01
2.875051859109023500e-03,2.875051859109023500e-03
-2.477140948767431738e-01,-2.477140948767432016e-01
-7.520224391455970769e-01,-7.520224391455970769e-01
-9.979083975217734048e-01,-9.979083975217734048e-01
-7.891175563241505930e-01,-7.891175563241505930e-01
-3.360302098917383740e-01,-3.360302098917384295e-01
-1.110027300281757334e-02,-1.110027300281757334e-02
-1.317041491489941984e-01,-1.317041491489942540e-01
-6.202690691353376362e-01,-6.202690691353375252e-01
-9.777913558409284667e-01,-9.777913558409283556e-01
-8.680001033912352337e-01,-8.680001033912353448e-01
-3.697050359746711368e-01,-3.697050359746711368e-01
-3.625883361863441179e-02,-3.625883361863441179e-02
-6.987994803639513419e-02,-6.987994803639518970e-02
-4.655041249283499161e-01,-4.655041249283498606e-01
-8.839025550452086488e-01,-8.839025550452086488e-01
-9.785085087107723290e-01,-9.785085087107723290e-01
-6.562722957811416569e-01,-6.562722957811416569e-01
-1.669046962971263426e-01,-1.669046962971263703e-01
-1.530742567383192032e-02,-1.530742567383192032e-02
-4.053238588223430638e-01,-4.053238588223430638e-01
-8.473915289191376043e-01,-8.473915289191376043e-01
-9.925827024041300461e-01,-9.925827024041300461e-01
-6.595133134881574488e-01,-6.595133134881575598e-01
-2.155424827358712880e-01,-2.155424827358712325e-01
4.162077028353194930e-03,4.162077028353250441e-03
-2.601923933837936853e-01,-2.601923933837937408e-01
-7.033923318762700383e-01,-7.033923318762700383e-01
-9.973269580984688298e-01,-9.973269580984687188e-01
-7.893357473416734438e-01,-7.893357473416733328e-01
-2.813854871553642667e-01,-2.813854871553643222e-01
-6.860728580701691559e-03,-6.860728580701691559e-03
-1.473932808838397390e-01,-1.473932808838397390e-01
-6.521824389310011405e-01,-6.521824389310011405e-01
-9.864521362316931441e-01,-9.864521362316930331e-01
-8.799032872995389276e-01,-8.799032872995388166e-01
-4.591827176918565900e-01,-4.591827176918565900e-01
-3.568879893029935912e-02,-3.568879893029935912e-02
-8.574085250911517297e-02,-8.574085250911517297e-02
-4.982975183241896144e-01,-4.982975183241896699e-01
-9.392222497507163315e-01,-9.392222497507162204e-01
-9.424283404146402976e-01,-9.424283404146401866e-01
-5.419497747070216587e-01,-5.419497747070215476e-01
-9.478680742247075353e-02,-9.478680742247080904e-02
-4.645887409743026941e-02,-4.645887409743026941e-02
-4.462764416123060629e-01,-4.462764416123061184e-01
-8.805059737374324458e-01,-8.805059737374325568e-01
-9.615783937134187997e-01,-9.615783937134186887e-01
-5.394601074703099242e-01,-5.394601074703099242e-01
-1.065189876311064543e-01,-1.065189876311064543e-01
-1.445349545353669107e-02,-1.445349545353669107e-02
-3.195640486846521577e-01,-3.195640486846521022e-01
-8.228315347049237616e-01,-8.228315347049237616e-01
-9.878312568817105843e-01,-9.878312568817104733e-01
-6.290232873418584170e-01,-6.290232873418584170e-01
-1.296886528215958068e-01,-1.296886528215957513e-01
-7.523976880142613233e-03,-7.523976880142613233e-03
-3.146660806807078936e-01,-3.146660806807078936e-01
-8.271548180099408398e-01,-8.271548180099408398e-01
-9.963617865352596414e-01,-9.963617865352597525e-01
-7.386420378611242565e-01,-7.386420378611242565e-01
-2.520925718196255216e-01,-2.520925718196255216e-01
3.547577774321686306e-03,3.547577774321630795e-03
-2.411423617824093868e-01,-2.411423617824093868e-01
-7.718120905226680817e-01,-7.718120905226679707e-01
-9.982133533328435560e-01,-9.982133533328435560e-01
-7.724298074459761132e-01,-7.724298074459761132e-01
-3.016309282731106101e-01,-3.016309282731106101e-01
-1.150042286592239948e-02,-1.150042286592234397e-02
-1.557415089473621617e-01,-1.557415089473621617e-01
-6.753053993655583342e-01,-6.753053993655584453e-01
-9.841707573613407423e-01,-9.841707573613407423e-01
-8.309501927204555605e-01,-8.309501927204555605e-01
-3.181817369806321794e-01,-3.181817369806322349e-01
-8.714467490361699209e-03,-8.714467490361754720e-03
-1.563743111772564198e-01,-1.563743111772564198e-01
-6.482655648282504846e-01,-6.482655648282504846e-01
-9.717496159332233985e-01,-9.717496159332233985e-01
-8.587076648375642218e-01,-8.587076648375642218e-01
-3.707920502454207234e-01,-3.707920502454206679e-01
-1.830884089371620504e-02,-1.830884089371614953e-02
-1.380524267789903781e-01,-1.380524267789903781e-01
-5.850701489010246004e-01,-5.850701489010246004e-01
-9.630110656959396387e-01,-9.630110656959396387e-01
-9.250664509986529227e-01,-9.250664509986529227e-01
-4.845150413065865136e-01,-4.845150413065865136e-01
-8.315160847273633804e-02,-8.315160847273633804e-02
-5.514430118163082817e-02,-5.514430118163082817e-02
-4.432166818995400548e-01,-4.432166818995400548e-01
-9.077004117843864295e-01,-9.077004117843864295e-01
-9.517930704515001894e-01,-9.517930704515001894e-01
-5.578648719759329300e-01,-5.578648719759329300e-01
-8.466038071573667168e-02,-8.466038071573667168e-02
-5.108370816767804357e-02,-5.108370816767804357e-02
-4.999269436123472965e-01,-4.999269436123472410e-01
-9.067333672504127584e-01,-9.067333672504127584e-01
-9.709682767596429231e-01,-9.709682767596429231e-01
-5.722185545272575613e-01,-5.722185545272575613e-01
