-1.000000000000000000e+00,-1.000000000000000000e+00
-7.838608028111875292e-01,-7.838608028111875292e-01
-1.581210689224351595e-01,-1.581210689224351595e-01
5.280167782246976138e-01,5.280167782246976138e-01
9.441892930940729567e-01,9.441892930940728457e-01
9.345302041753578148e-01,9.345302041753577038e-01
4.747503301811459853e-01,4.747503301811460408e-01
-2.886281814194353590e-01,-2.886281814194353590e-01
-8.844434784573933506e-01,-8.844434784573933506e-01
-9.659830298453195851e-01,-9.659830298453194741e-01
-5.459678573191204531e-01,-5.459678573191205642e-01
8.107464832484012618e-02,8.107464832484018169e-02
7.283422141990163468e-01,7.283422141990163468e-01
9.995287150236503715e-01,9.995287150236502605e-01
7.423460130459447193e-01,7.423460130459447193e-01
1.262444469562756244e-01,1.262444469562755689e-01
-5.281214769083663052e-01,-5.281214769083661942e-01
-9.683943526083360620e-01,-9.683943526083361730e-01
-8.807123238722660563e-01,-8.807123238722660563e-01
-4.081391087533045581e-01,-4.081391087533045581e-01
3.463176819683000396e-01,3.463176819683000951e-01
8.499184417502004818e-01,8.499184417502005928e-01
9.921796676643287460e-01,9.921796676643288571e-01
6.866869031876529084e-01,6.866869031876529084e-01
7.195291183301610882e-02,7.195291183301608107e-02
-6.056926101745421231e-01,-6.056926101745421231e-01
-9.915632409463397412e-01,-9.915632409463397412e-01
-7.903301409553417090e-01,-7.903301409553417090e-01
-2.142408863853367262e-01,-2.142408863853367540e-01
4.301969157500631358e-01,4.301969157500631358e-01
9.261810964418963898e-01,9.261810964418963898e-01
9.456767802190855221e-01,9.456767802190855221e-01
4.486817479567704048e-01,4.486817479567704048e-01
-1.965255848800266936e-01,-1.965255848800266936e-01
-8.214606574729133026e-01,-8.214606574729133026e-01
-9.955503772881467706e-01,-9.955503772881468816e-01
-7.101768044872703856e-01,-7.101768044872703856e-01
-1.597309229910104378e-02,-1.597309229910109929e-02
6.484030310085290294e-01,6.484030310085291404e-01
9.846512128221001081e-01,9.846512128221001081e-01
8.303522522012718454e-01,8.303522522012719564e-01
2.149087063017555144e-01,2.149087063017554866e-01
-5.319798803552446831e-01,-5.319798803552446831e-01
-9.686498104964430533e-01,-9.686498104964431644e-01
-8.944872158446760535e-01,-8.944872158446760535e-01
-4.191346139120207814e-01,-4.191346139120207814e-01
3.122494080393690696e-01,3.122494080393691251e-01
8.378067862754126072e-01,8.378067862754126072e-01
9.924279352237324048e-01,9.924279352237322938e-01
7.048066744340486522e-01,7.048066744340485412e-01
8.001670912034103411e-02,8.001670912034106187e-02
-6.011865559653598590e-01,-6.011865559653598590e-01
-9.696585082001376588e-01,-9.696585082001375477e-01
-8.855348164133101108e-01,-8.855348164133101108e-01
-3.284627982143730196e-01,-3.284627982143729641e-01
3.679736971689831493e-01,3.679736971689831493e-01
9.038147393269527763e-01,9.038147393269528873e-01
9.514187280109219769e-01,9.514187280109219769e-01
5.169982115714476523e-01,5.169982115714477633e-01
-1.874069486621277036e-01,-1.874069486621277036e-01
-8.004616062500735651e-01,-8.004616062500735651e-01
-9.920715321774445927e-01,-9.920715321774444817e-01
-6.283054212888763423e-01,-6.283054212888763423e-01
8.052733847944471002e-02,8.052733847944473777e-02
7.092664892525165632e-01,7.092664892525166742e-01
9.994455743502479450e-01,9.994455743502479450e-01
7.787274747137451492e-01,7.787274747137451492e-01
2.187556816520602188e-01,2.187556816520602188e-01
-4.521752680328151586e-01,-4.521752680328152141e-01
-9.237992767549002560e-01,-9.237992767549002560e-01
-9.605964964979105680e-01,-9.605964964979104570e-01
-5.432505146768921156e-01,-5.432505146768920046e-01
1.914361877868804296e-01,1.914361877868804018e-01
7.783373939513240636e-01,7.783373939513240636e-01
9.985464285744869439e-01,9.985464285744870550e-01
6.832969116664140419e-01,6.832969116664139309e-01
-8.603048457994033615e-03,-8.603048457994005860e-03
-6.781365084136761201e-01,-6.781365084136761201e-01
-9.992321644947130821e-01,-9.992321644947131931e-01
-8.054144529512055062e-01,-8.054144529512055062e-01
-2.815791903400972629e-01,-2.815791903400972629e-01
4.675900679556258543e-01,4.675900679556258543e-01
9.402053681004295393e-01,9.402053681004295393e-01
9.193418255599966615e-01,9.193418255599966615e-01
3.955790516606436658e-01,3.955790516606436102e-01
-3.253552783719571018e-01,-3.253552783719571018e-01
-9.024653362037640125e-01,-9.024653362037639015e-01
-9.756351526069544366e-01,-9.756351526069544366e-01
-6.266717665430642237e-01,-6.266717665430642237e-01
8.552594897669107965e-02,8.552594897669107965e-02
6.928117413261412061e-01,6.928117413261409840e-01
9.973081592447563537e-01,9.973081592447563537e-01
7.956336467911109267e-01,7.956336467911109267e-01
2.469654149770980078e-01,2.469654149770980078e-01
-5.035437547011047954e-01,-5.035437547011046844e-01
-9.305840874642696825e-01,-9.305840874642696825e-01
-9.404142815217010343e-01,-9.404142815217011453e-01
-4.257501394037731535e-01,-4.257501394037731535e-01
2.578126171751371487e-01,2.578126171751372042e-01
8.578687172994905463e-01,8.578687172994904353e-01
9.747477855940271940e-01,9.747477855940271940e-01
