-1.000000000000000000e+00,-1.000000000000000000e+00
-7.554447453552385339e-01,-7.554447453552385339e-01
-3.440289236462936717e-01,-3.440289236462936717e-01
-4.190477441752177290e-02,-4.190477441752177290e-02
-7.711532480568966674e-02,-7.711532480568966674e-02
-5.873583869697487359e-01,-5.873583869697487359e-01
-9.919012456826207247e-01,-9.919012456826206137e-01
-8.161482394262735696e-01,-8.161482394262736806e-01
-4.055205593711624368e-01,-4.055205593711624368e-01
-7.480762245560462764e-02,-7.480762245560457213e-02
-3.687794588146253716e-02,-3.687794588146253716e-02
-4.927968270836646791e-01,-4.927968270836646236e-01
-9.674932127435524887e-01,-9.674932127435523777e-01
-8.707787264724325960e-01,-8.707787264724325960e-01
-4.699363805649275916e-01,-4.699363805649275916e-01
-1.137397139082313990e-01,-1.137397139082314546e-01
-1.175464532178366328e-02,-1.175464532178366328e-02
-3.981100926138825824e-01,-3.981100926138825824e-01
-9.268102943954356077e-01,-9.268102943954354966e-01
-9.186765784388620792e-01,-9.186765784388619682e-01
-5.348037604398048206e-01,-5.348037604398048206e-01
-1.598411248087955872e-01,-1.598411248087956427e-01
1.620054266522008568e-03,1.620054266522008568e-03
-3.095935744292617198e-01,-3.095935744292617198e-01
-8.702037694338090601e-01,-8.702037694338090601e-01
-9.564838034485623197e-01,-9.564838034485623197e-01
-6.011731545880125704e-01,-6.011731545880125704e-01
-2.097070279217417843e-01,-2.097070279217417843e-01
8.086308430137467695e-04,8.086308430137467695e-04
-2.272225777787076906e-01,-2.272225777787077183e-01
-8.004933914708809439e-01,-8.004933914708808329e-01
-9.832904277986284081e-01,-9.832904277986284081e-01
-6.661190423136754690e-01,-6.661190423136754690e-01
-2.649281969116548119e-01,-2.649281969116548119e-01
-9.739728441233552747e-03,-9.739728441233608258e-03
-1.571721765056349196e-01,-1.571721765056349196e-01
-7.185928044038450979e-01,-7.185928044038449869e-01
-9.964240677902075349e-01,-9.964240677902075349e-01
-7.302537665575905557e-01,-7.302537665575906667e-01
-3.224272709030699957e-01,-3.224272709030699957e-01
-3.188391230615011951e-02,-3.188391230615006400e-02
-9.771466067062967165e-02,-9.771466067062967165e-02
-6.297119056769912016e-01,-6.297119056769912016e-01
-9.948284231876430850e-01,-9.948284231876429740e-01
-7.905809044034791677e-01,-7.905809044034792787e-01
-3.835635205764224565e-01,-3.835635205764224565e-01
-6.151780142194557266e-02,-6.151780142194557266e-02
-5.332866185330120690e-02,-5.332866185330115139e-02
-5.352964376148716674e-01,-5.352964376148716674e-01
-9.774520344558720319e-01,-9.774520344558719209e-01
-8.467371999818826822e-01,-8.467371999818826822e-01
-4.459805584987664440e-01,-4.459805584987664995e-01
-9.958275061746207912e-02,-9.958275061746202361e-02
-2.161839046619862259e-02,-2.161839046619867810e-02
-4.412734440644790479e-01,-4.412734440644789924e-01
-9.437452873950447074e-01,-9.437452873950448184e-01
-8.960331254578880467e-01,-8.960331254578881577e-01
-5.102271565425235966e-01,-5.102271565425235966e-01
-1.432361488767692204e-01,-1.432361488767692204e-01
-4.462168737084881709e-03,-4.462168737084826198e-03
-3.496890968529450250e-01,-3.496890968529450805e-01
-8.945845977405885163e-01,-8.945845977405884053e-01
-9.370281134792153299e-01,-9.370281134792152189e-01
-5.747746569431632091e-01,-5.747746569431632091e-01
-1.923596916809688362e-01,-1.923596916809688084e-01
8.076270746415481483e-05,8.076270746415481483e-05
-2.650365259168503407e-01,-2.650365259168503407e-01
-8.309316893596915277e-01,-8.309316893596914166e-01
-9.676351044053274064e-01,-9.676351044053274064e-01
-6.389999041681289071e-01,-6.389999041681289071e-01
-2.456785079556050855e-01,-2.456785079556051410e-01
-7.272706370963055722e-03,-7.272706370963055722e-03
-1.899650842918320093e-01,-1.899650842918320648e-01
-7.550155231508656195e-01,-7.550155231508657305e-01
-9.858730875855001852e-01,-9.858730875855000741e-01
-7.020531823182152298e-01,-7.020531823182152298e-01
-3.020606721975279130e-01,-3.020606721975278575e-01
-2.571895304844290520e-02,-2.571895304844290520e-02
-1.260054440598746828e-01,-1.260054440598746273e-01
-6.700888397792736928e-01,-6.700888397792735818e-01
-9.904062477120186836e-01,-9.904062477120187946e-01
-7.620806036312699483e-01,-7.620806036312700593e-01
-3.615956158480146398e-01,-3.615956158480145843e-01
-5.264454485026953678e-02,-5.264454485026953678e-02
-7.620182999158209292e-02,-7.620182999158209292e-02
-5.785207330302155615e-01,-5.785207330302155615e-01
-9.798352646551957701e-01,-9.798352646551956591e-01
-8.185812792171669461e-01,-8.185812792171668351e-01
-4.223252180596547278e-01,-4.223252180596546723e-01
-8.846335612517336466e-02,-8.846335612517336466e-02
-3.889634241910844281e-02,-3.889634241910844281e-02
-4.857873395366938962e-01,-4.857873395366938407e-01
-9.535907234523358644e-01,-9.535907234523357534e-01
-8.687784823462461059e-01,-8.687784823462461059e-01
-4.851740859938175054e-01,-4.851740859938175054e-01
-1.296386159038169783e-01,-1.296386159038169783e-01
-1.710333614484321751e-02,-1.710333614484321751e-02
-3.932027729967410012e-01,-3.932027729967409457e-01
-9.120986917373672398e-01,-9.120986917373672398e-01
-9.121448761205571687e-01,-9.121448761205572797e-01
-5.476303616144624353e-01,-5.476303616144624353e-01
