-1.000000000000000000e+00,-1.000000000000000000e+00
-6.711794081286130975e-01,-6.711794081286130975e-01
1.106130501059388038e-02,1.106130501059388038e-02
6.112528916476989149e-01,6.112528916476989149e-01
9.464060306206167894e-01,9.464060306206167894e-01
9.658188989353788667e-01,9.658188989353788667e-01
6.011792371921619305e-01,6.011792371921620415e-01
-1.203260312109138974e-01,-1.203260312109138697e-01
-8.230124728069422302e-01,-8.230124728069423412e-01
-9.662025172511949922e-01,-9.662025172511949922e-01
-4.773038437404087397e-01,-4.773038437404087952e-01
2.159017096429680649e-01,2.159017096429680094e-01
7.441164505960746745e-01,7.441164505960747855e-01
9.882985875178921242e-01,9.882985875178920132e-01
8.986082829037487230e-01,8.986082829037487230e-01
4.102948853085650605e-01,4.102948853085651160e-01
-3.633633144713181995e-01,-3.633633144713181995e-01
-9.429371979338068144e-01,-9.429371979338068144e-01
-8.695966443425588999e-01,-8.695966443425588999e-01
-2.655218232262355760e-01,-2.655218232262356315e-01
4.033252260263714972e-01,4.033252260263714972e-01
8.503353351353754030e-01,8.503353351353755141e-01
9.996774207528176248e-01,9.996774207528176248e-01
7.933281295755726381e-01,7.933281295755726381e-01
1.897033371980541006e-01,1.897033371980540728e-01
-5.886430635680020007e-01,-5.886430635680020007e-01
-9.971775811461837113e-01,-9.971775811461836003e-01
-7.211559261970229562e-01,-7.211559261970230672e-01
-4.969177798879276242e-02,-4.969177798879279018e-02
5.685459972708533094e-01,5.685459972708534204e-01
9.290817726728165526e-01,9.290817726728166637e-01
9.782995313384609259e-01,9.782995313384610370e-01
6.492887534120667103e-01,6.492887534120665993e-01
-5.017688512267015621e-02,-5.017688512267012846e-02
-7.779013007798680768e-01,-7.779013007798679658e-01
-9.826282436534496956e-01,-9.826282436534498066e-01
-5.351784048782680658e-01,-5.351784048782681769e-01
1.588808815126829810e-01,1.588808815126829532e-01
7.088342194971122279e-01,7.088342194971123389e-01
9.793580960189920415e-01,9.793580960189920415e-01
9.216230203421273970e-01,9.216230203421272860e-01
4.682137295279435452e-01,4.682137295279436007e-01
-2.949258464660926560e-01,-2.949258464660926560e-01
-9.150655763880788385e-01,-9.150655763880788385e-01
-9.030493363014904240e-01,-9.030493363014904240e-01
-3.270092456846002138e-01,-3.270092456846002693e-01
3.518767403588985987e-01,3.518767403588985987e-01
8.227549464976310345e-01,8.227549464976310345e-01
9.996617143458903509e-01,9.996617143458902399e-01
8.273690981016821322e-01,8.273690981016821322e-01
2.552330012912573665e-01,2.552330012912573665e-01
-5.271728367720773800e-01,-5.271728367720773800e-01
-9.886957416583124214e-01,-9.886957416583124214e-01
-7.680619380413082897e-01,-7.680619380413082897e-01
-1.110564551663718591e-01,-1.110564551663718591e-01
5.237957350137506518e-01,5.237957350137506518e-01
9.094367806988375991e-01,9.094367806988377101e-01
9.878972277023740922e-01,9.878972277023740922e-01
6.943534134920886780e-01,6.943534134920886780e-01
1.955563853643638161e-02,1.955563853643635386e-02
-7.285080126526881639e-01,-7.285080126526880528e-01
-9.937080602375979455e-01,-9.937080602375978344e-01
-5.912477979112175097e-01,-5.912477979112175097e-01
1.005705422791902115e-01,1.005705422791902393e-01
6.713961340511731546e-01,6.713961340511731546e-01
9.679747821072274272e-01,9.679747821072275382e-01
9.415635387165480763e-01,9.415635387165481873e-01
5.235020302583077711e-01,5.235020302583077711e-01
-2.254748013305285514e-01,-2.254748013305285237e-01
-8.819668065195347406e-01,-8.819668065195347406e-01
-9.319538373051737823e-01,-9.319538373051737823e-01
-3.878762500603388230e-01,-3.878762500603388785e-01
2.986934429356753462e-01,2.986934429356754572e-01
7.929513484423490466e-01,7.929513484423490466e-01
9.970309793568419288e-01,9.970309793568419288e-01
8.582326814219943811e-01,8.582326814219944922e-01
3.188833352250041719e-01,3.188833352250041164e-01
-4.631702243223961846e-01,-4.631702243223961291e-01
-9.745680467519268753e-01,-9.745680467519268753e-01
-8.115431322185645557e-01,-8.115431322185645557e-01
-1.727931119583359654e-01,-1.727931119583359376e-01
4.770508153473090318e-01,4.770508153473090318e-01
8.874972334413692154e-01,8.874972334413691044e-01
9.946727276999147715e-01,9.946727276999147715e-01
7.363096273928759761e-01,7.363096273928759761e-01
8.850298657333333097e-02,8.850298657333327546e-02
-6.751810949642202964e-01,-6.751810949642201853e-01
-9.992975830265049542e-01,-9.992975830265049542e-01
-6.451523657278417367e-01,-6.451523657278418478e-01
4.113922962682886597e-02,4.113922962682883822e-02
6.318272431275288037e-01,6.318272431275288037e-01
9.541887248092774110e-01,9.541887248092775220e-01
9.584788638602784738e-01,9.584788638602785849e-01
5.760087773366302510e-01,5.760087773366302510e-01
-1.554359513512030833e-01,-1.554359513512031388e-01
-8.438618973239930821e-01,-8.438618973239929710e-01
-9.560410840104845986e-01,-9.560410840104847097e-01
-4.478002134812205104e-01,-4.478002134812204549e-01
2.438811605079621581e-01,2.438811605079621303e-01
7.609423158202690551e-01,7.609423158202690551e-01
9.918390896803150891e-01,9.918390896803150891e-01
