-1.000000000000000000e+00,-1.000000000000000000e+00
-7.507728306846780386e-01,-7.507728306846781496e-01
-2.558709676561389257e-01,-2.558709676561389257e-01
2.771364541821863536e-03,2.771364541821863536e-03
-2.231084180859194688e-01,-2.231084180859194688e-01
-6.752130988736040340e-01,-6.752130988736040340e-01
-9.921663403868759001e-01,-9.921663403868759001e-01
-8.663009556161216373e-01,-8.663009556161216373e-01
-4.178360396011325806e-01,-4.178360396011325251e-01
-2.767302629883333642e-02,-2.767302629883333642e-02
-9.540186782338250238e-02,-9.540186782338244686e-02
-4.963680585632609943e-01,-4.963680585632609943e-01
-9.263319040718750452e-01,-9.263319040718751562e-01
-9.261979606326674608e-01,-9.261979606326675718e-01
-5.191619696499647496e-01,-5.191619696499647496e-01
-7.633961944244477271e-02,-7.633961944244471720e-02
-4.400909720427254035e-02,-4.400909720427248484e-02
-3.871788859230609336e-01,-3.871788859230608781e-01
-8.656428097723524173e-01,-8.656428097723525283e-01
-9.833387221240434961e-01,-9.833387221240434961e-01
-6.132402545435500230e-01,-6.132402545435500230e-01
-1.797362082107462067e-01,-1.797362082107462622e-01
1.727008791973405621e-03,1.727008791973405621e-03
-3.102336184727030877e-01,-3.102336184727030322e-01
-7.617379323705641969e-01,-7.617379323705641969e-01
-9.984289568585702490e-01,-9.984289568585702490e-01
-8.138351261961668248e-01,-8.138351261961668248e-01
-3.118021246286460935e-01,-3.118021246286460935e-01
1.930227627837510784e-03,1.930227627837566295e-03
-2.315144450262203724e-01,-2.315144450262203168e-01
-7.100821783955231226e-01,-7.100821783955231226e-01
-9.981896195434106778e-01,-9.981896195434107888e-01
-8.257547014646996475e-01,-8.257547014646997585e-01
-3.721143371136046429e-01,-3.721143371136045874e-01
-1.400140573353891860e-02,-1.400140573353891860e-02
-1.448825077036352549e-01,-1.448825077036353104e-01
-5.694550971554469543e-01,-5.694550971554469543e-01
-9.756957593322229672e-01,-9.756957593322229672e-01
-8.485738518982760548e-01,-8.485738518982759437e-01
-3.997094011728462015e-01,-3.997094011728461460e-01
-2.919072220039908849e-02,-2.919072220039908849e-02
-9.931435820854139784e-02,-9.931435820854139784e-02
-5.486952282380196388e-01,-5.486952282380196388e-01
-9.589793427701445161e-01,-9.589793427701446271e-01
-9.079128638726737810e-01,-9.079128638726737810e-01
-4.806717115967196197e-01,-4.806717115967196197e-01
-4.051616040456501588e-02,-4.051616040456501588e-02
-8.735349448357027091e-02,-8.735349448357027091e-02
-4.820766931177664638e-01,-4.820766931177664638e-01
-9.234235622692573697e-01,-9.234235622692572587e-01
-9.649156253024328000e-01,-9.649156253024329111e-01
-5.630908584189235899e-01,-5.630908584189235899e-01
-9.752346012479207182e-02,-9.752346012479207182e-02
-2.203209218201535036e-02,-2.203209218201529485e-02
-3.631386266236307225e-01,-3.631386266236307225e-01
-8.190404527859567185e-01,-8.190404527859566075e-01
-9.842240744389432194e-01,-9.842240744389432194e-01
-6.163134866755313190e-01,-6.163134866755313190e-01
-1.242724773735925381e-01,-1.242724773735925381e-01
-2.078737490366300289e-02,-2.078737490366300289e-02
-3.858453966866660090e-01,-3.858453966866660090e-01
-8.658477679855869358e-01,-8.658477679855869358e-01
-9.822314229766782034e-01,-9.822314229766783145e-01
-6.546060587528225172e-01,-6.546060587528224062e-01
-1.718914072377629720e-01,-1.718914072377629998e-01
-2.940961594026014758e-03,-2.940961594026070269e-03
-2.712137666198338737e-01,-2.712137666198338182e-01
-7.706132589512035835e-01,-7.706132589512034725e-01
-9.960933796367269499e-01,-9.960933796367269499e-01
-7.113115861476289048e-01,-7.113115861476289048e-01
-2.178583336007761662e-01,-2.178583336007762217e-01
1.894460320801483189e-03,1.894460320801427677e-03
-2.461610774209930241e-01,-2.461610774209929964e-01
-7.350674725199011217e-01,-7.350674725199011217e-01
-9.984562461607882078e-01,-9.984562461607882078e-01
-8.125449502342305674e-01,-8.125449502342306785e-01
-3.418839765110933682e-01,-3.418839765110933682e-01
-2.128967639188966698e-02,-2.128967639188966698e-02
-1.171646280763917192e-01,-1.171646280763917747e-01
-5.722403837632779044e-01,-5.722403837632780155e-01
-9.540656185138256529e-01,-9.540656185138257639e-01
-9.035934932094353833e-01,-9.035934932094353833e-01
-5.082055263862795824e-01,-5.082055263862794714e-01
-6.339578628777936542e-02,-6.339578628777936542e-02
-4.832732618159590876e-02,-4.832732618159596427e-02
-4.925661440490548548e-01,-4.925661440490548548e-01
-9.379526580661551316e-01,-9.379526580661552426e-01
-9.349826478714333700e-01,-9.349826478714332589e-01
-5.047628533202267453e-01,-5.047628533202266343e-01
-8.355095937079204393e-02,-8.355095937079209945e-02
-3.563917974387975640e-02,-3.563917974387970089e-02
-4.396362068663822731e-01,-4.396362068663822731e-01
-8.814445660790540815e-01,-8.814445660790540815e-01
-9.660495917902610641e-01,-9.660495917902610641e-01
-5.440117240704547275e-01,-5.440117240704547275e-01
-9.412949198612341473e-02,-9.412949198612341473e-02
-4.523205339048141926e-02,-4.523205339048147477e-02
-4.287894220076339802e-01,-4.287894220076339802e-01
-8.681225844154702997e-01,-8.681225844154701887e-01
-9.840008170992516900e-01,-9.840008170992516900e-01
-6.842482166182279890e-01,-6.842482166182279890e-01
