-1.000000000000000000e+00,-1.000000000000000000e+00
-8.372143511316245679e-01,-8.372143511316245679e-01
-3.275712447776611413e-01,-3.275712447776610858e-01
4.491841915378488870e-01,4.491841915378488315e-01
9.718403769185680607e-01,9.718403769185681718e-01
8.480689250157678050e-01,8.480689250157676939e-01
3.497220719300816461e-01,3.497220719300816461e-01
-2.192678949072539574e-01,-2.192678949072539296e-01
-7.582541837154047615e-01,-7.582541837154048725e-01
-9.975499720335802012e-01,-9.975499720335800902e-01
-5.932525010092166706e-01,-5.932525010092166706e-01
1.782576288265321773e-01,1.782576288265321218e-01
7.541755253196803510e-01,7.541755253196803510e-01
9.908983044931186646e-01,9.908983044931187756e-01
8.834653455918903830e-01,8.834653455918902720e-01
3.181342625067140606e-01,3.181342625067141161e-01
-5.117739680843805816e-01,-5.117739680843806926e-01
-9.793875044608559843e-01,-9.793875044608558733e-01
-8.809115117710301091e-01,-8.809115117710299980e-01
-4.707271550252891679e-01,-4.707271550252891124e-01
1.175720864145084477e-01,1.175720864145085309e-01
7.550358312968313834e-01,7.550358312968312724e-01
9.904862606221640497e-01,9.904862606221640497e-01
5.557128025557683815e-01,5.557128025557683815e-01
-1.286463371272443812e-01,-1.286463371272443812e-01
-6.639422981885287900e-01,-6.639422981885287900e-01
-9.692168194968676653e-01,-9.692168194968675543e-01
-8.928502115741331346e-01,-8.928502115741331346e-01
-2.584145792658666396e-01,-2.584145792658666396e-01
5.586229600297554221e-01,5.586229600297555331e-01
9.718291052559769883e-01,9.718291052559770993e-01
9.318026332460198624e-01,9.318026332460197514e-01
5.749025965787760706e-01,5.749025965787760706e-01
-8.156946144776389129e-02,-8.156946144776386354e-02
-7.896700371356597525e-01,-7.896700371356597525e-01
-9.798423987277128377e-01,-9.798423987277129488e-01
-5.712328705091959113e-01,-5.712328705091959113e-01
1.627467296128726204e-02,1.627467296128731755e-02
5.623124152418976784e-01,5.623124152418976784e-01
9.551593255443860953e-01,9.551593255443862063e-01
8.718041275572859794e-01,8.718041275572860904e-01
1.916911179381947106e-01,1.916911179381947938e-01
-5.558578707615412506e-01,-5.558578707615413617e-01
-9.427735168332660454e-01,-9.427735168332660454e-01
-9.717480043874558993e-01,-9.717480043874560103e-01
-6.283997459949541842e-01,-6.283997459949541842e-01
1.146117647970369413e-01,1.146117647970369413e-01
8.315446683684163398e-01,8.315446683684163398e-01
9.774846541846033965e-01,9.774846541846033965e-01
6.424471153774440335e-01,6.424471153774441445e-01
1.185581591063636919e-01,1.185581591063636919e-01
-4.932432808330703411e-01,-4.932432808330703966e-01
-9.609330081340087260e-01,-9.609330081340088370e-01
-8.341122691203249895e-01,-8.341122691203249895e-01
-1.668022613764635342e-01,-1.668022613764635342e-01
4.911385694806578162e-01,4.911385694806578162e-01
8.894761517389425665e-01,8.894761517389426775e-01
9.896930029347470459e-01,9.896930029347469349e-01
6.237843112020815539e-01,6.237843112020815539e-01
-1.844999900201609311e-01,-1.844999900201609311e-01
-8.519479692480694810e-01,-8.519479692480694810e-01
-9.885735080020259247e-01,-9.885735080020259247e-01
-7.375965116266265387e-01,-7.375965116266265387e-01
-2.232574665908458877e-01,-2.232574665908459433e-01
4.852379304024084794e-01,4.852379304024083684e-01
9.772419601816441093e-01,9.772419601816442203e-01
8.062552796860470439e-01,8.062552796860469329e-01
2.118571280310365679e-01,2.118571280310365401e-01
-3.771653949759176117e-01,-3.771653949759176117e-01
-8.304192622464589002e-01,-8.304192622464587892e-01
-9.929385929602472238e-01,-9.929385929602472238e-01
-5.754502571877589956e-01,-5.754502571877589956e-01
2.409626002913413112e-01,2.409626002913413112e-01
8.357722673667934421e-01,8.357722673667934421e-01
9.994879052312006795e-01,9.994879052312007905e-01
8.156800339839312963e-01,8.156800339839311853e-01
2.625930673265060022e-01,2.625930673265060022e-01
-5.300567844623547131e-01,-5.300567844623548242e-01
-9.889278647265443700e-01,-9.889278647265444810e-01
-8.147205867129272416e-01,-8.147205867129273527e-01
-3.178009020079209934e-01,-3.178009020079210489e-01
2.536156786265900687e-01,2.536156786265900687e-01
7.978697801907839171e-01,7.978697801907840281e-01
9.871268782134408060e-01,9.871268782134408060e-01
5.171853277502920232e-01,5.171853277502921342e-01
-2.417968786528211789e-01,-2.417968786528211789e-01
-7.775698304711329278e-01,-7.775698304711329278e-01
-9.948076090538049421e-01,-9.948076090538049421e-01
-8.547110227644163505e-01,-8.547110227644164615e-01
-2.338041890413017354e-01,-2.338041890413017909e-01
5.897301554466722884e-01,5.897301554466722884e-01
9.910995342117585594e-01,9.910995342117585594e-01
8.615180770226583684e-01,8.615180770226583684e-01
4.427251009263487580e-01,4.427251009263488135e-01
-1.704216024232826365e-01,-1.704216024232826643e-01
-8.075958666112976747e-01,-8.075958666112976747e-01
-9.730331370643370281e-01,-9.730331370643370281e-01
-4.922243600090336901e-01,-4.922243600090337456e-01
1.713624093923715730e-01,1.713624093923716563e-01
6.865165238648381907e-01,6.865165238648383017e-01
9.800789048978082452e-01,9.800789048978082452e-01
