-1.000000000000000000e+00,-1.000000000000000000e+00
-8.411553456246558813e-01,-8.411553456246558813e-01
-4.502471679264697380e-01,-4.502471679264697380e-01
-6.063161418562768024e-02,-6.063161418562768024e-02
-8.472485121908213124e-02,-8.472485121908213124e-02
-6.167368108660949977e-01,-6.167368108660949977e-01
-9.963910681924365020e-01,-9.963910681924366131e-01
-7.674080799015127186e-01,-7.674080799015126075e-01
-2.968373540595066751e-01,-2.968373540595066751e-01
-2.048375145965969368e-02,-2.048375145965969368e-02
-6.461836569520335027e-02,-6.461836569520340579e-02
-4.128970427704452550e-01,-4.128970427704452550e-01
-8.707307640723065401e-01,-8.707307640723064290e-01
-9.577268099566160764e-01,-9.577268099566159654e-01
-4.666427990921580560e-01,-4.666427990921580560e-01
-2.092380291559664540e-02,-2.092380291559664540e-02
-1.390914280908742140e-01,-1.390914280908741585e-01
-5.676101017408801130e-01,-5.676101017408801130e-01
-9.131528857319516357e-01,-9.131528857319516357e-01
-9.871064781227520957e-01,-9.871064781227519846e-01
-7.079329843094896990e-01,-7.079329843094898100e-01
-2.058731228094085042e-01,-2.058731228094085319e-01
-9.652089474700253913e-03,-9.652089474700253913e-03
-4.408904787524143831e-01,-4.408904787524143276e-01
-9.342589527426266027e-01,-9.342589527426267137e-01
-9.334686697791272358e-01,-9.334686697791272358e-01
-5.743317402140399874e-01,-5.743317402140399874e-01
-1.877587437533066450e-01,-1.877587437533066728e-01
8.229655299072380359e-04,8.229655299071825247e-04
-1.854065412616974218e-01,-1.854065412616973663e-01
-7.040801631088198231e-01,-7.040801631088198231e-01
-9.991195062244720981e-01,-9.991195062244719871e-01
-6.455342156987144975e-01,-6.455342156987143865e-01
-1.269799189629733926e-01,-1.269799189629733926e-01
-1.445612218377412272e-02,-1.445612218377417824e-02
-2.834837766972940210e-01,-2.834837766972940765e-01
-6.807134311015337058e-01,-6.807134311015335948e-01
-9.728372130534959084e-01,-9.728372130534959084e-01
-8.929621261457985071e-01,-8.929621261457985071e-01
-3.830161499777170464e-01,-3.830161499777169909e-01
-3.568457960009263630e-04,-3.568457960009263630e-04
-2.622012220564952645e-01,-2.622012220564952645e-01
-7.836599331216403952e-01,-7.836599331216403952e-01
-9.999108265047598199e-01,-9.999108265047598199e-01
-8.389837190308409021e-01,-8.389837190308406800e-01
-4.611349604759640286e-01,-4.611349604759640841e-01
-8.304331421384741896e-02,-8.304331421384741896e-02
-4.692593339699430155e-02,-4.692593339699430155e-02
-5.223555999833890962e-01,-5.223555999833890962e-01
-9.778488113550491967e-01,-9.778488113550491967e-01
-8.183931003178676056e-01,-8.183931003178677166e-01
-3.225777272045125543e-01,-3.225777272045126098e-01
-2.103198457566479718e-02,-2.103198457566485269e-02
-6.533649373622424372e-02,-6.533649373622424372e-02
-3.943358685480010672e-01,-3.943358685480010117e-01
-8.330019167708923034e-01,-8.330019167708924144e-01
-9.850086785627754082e-01,-9.850086785627754082e-01
-5.629044142990324850e-01,-5.629044142990324850e-01
-5.303997245123015514e-02,-5.303997245123015514e-02
-1.041688832136646869e-01,-1.041688832136647425e-01
-5.491845484122441778e-01,-5.491845484122440668e-01
-9.139880806111541078e-01,-9.139880806111541078e-01
-9.876619851072500067e-01,-9.876619851072498957e-01
-7.339002996503765086e-01,-7.339002996503763976e-01
-2.601290546891958932e-01,-2.601290546891958377e-01
2.713467781550571445e-03,2.713467781550626956e-03
-3.476755949364246367e-01,-3.476755949364245812e-01
-8.919746075177505951e-01,-8.919746075177507061e-01
-9.527217441507596085e-01,-9.527217441507594975e-01
-5.842004583959705677e-01,-5.842004583959704567e-01
-1.856035063355445103e-01,-1.856035063355445103e-01
2.404228176605682776e-04,2.404228176605682776e-04
-1.562014317020245513e-01,-1.562014317020245513e-01
-6.348544902409554158e-01,-6.348544902409553048e-01
-9.953506965014835561e-01,-9.953506965014834451e-01
-7.303317550752725928e-01,-7.303317550752723708e-01
-1.738482632799507321e-01,-1.738482632799507321e-01
-7.403430637612340437e-03,-7.403430637612340437e-03
-2.797995630669607992e-01,-2.797995630669607992e-01
-6.827407193048052880e-01,-6.827407193048053990e-01
-9.671701448132185019e-01,-9.671701448132185019e-01
-9.218994738834174196e-01,-9.218994738834174196e-01
-4.646579251163364677e-01,-4.646579251163365232e-01
-2.071256906742546811e-02,-2.071256906742552362e-02
-1.904091135173590632e-01,-1.904091135173590077e-01
-7.359521450419603816e-01,-7.359521450419603816e-01
-9.991063518934877319e-01,-9.991063518934878429e-01
-8.385981311400545479e-01,-8.385981311400544369e-01
-4.622661687377790929e-01,-4.622661687377790374e-01
-9.862646387239393242e-02,-9.862646387239393242e-02
-2.385466226673832457e-02,-2.385466226673826906e-02
-4.339735343774306919e-01,-4.339735343774306919e-01
-9.410707167385772287e-01,-9.410707167385771177e-01
-8.742399999830677837e-01,-8.742399999830677837e-01
-3.651721502340213310e-01,-3.651721502340212755e-01
-2.434987216025302770e-02,-2.434987216025297219e-02
-6.696433988968597539e-02,-6.696433988968597539e-02
-3.876535041194874576e-01,-3.876535041194875131e-01
-8.053747808161992872e-01,-8.053747808161991761e-01
-9.973036893120064139e-01,-9.973036893120065249e-01
-6.540345141789416505e-01,-6.540345141789417616e-01
