-1.000000000000000000e+00,-1.000000000000000000e+00
-8.010565162907594683e-01,-8.010565162907594683e-01
-1.867961897949365069e-01,-1.867961897949364791e-01
5.999083440844921178e-01,5.999083440844920068e-01
9.981806359923084404e-01,9.981806359923084404e-01
7.176907094951422428e-01,7.176907094951423538e-01
6.024508982711340721e-02,6.024508982711346272e-02
-5.485731713828647660e-01,-5.485731713828646550e-01
-9.180487433525477137e-01,-9.180487433525476026e-01
-9.826854613333531052e-01,-9.826854613333531052e-01
-6.553308708580877218e-01,-6.553308708580878328e-01
5.732108117300360739e-02,5.732108117300369066e-02
7.875289325063481449e-01,7.875289325063480339e-01
9.801686383593676277e-01,9.801686383593677387e-01
5.347342950684625951e-01,5.347342950684625951e-01
-1.437916549305028879e-01,-1.437916549305029434e-01
-6.897777928392968549e-01,-6.897777928392968549e-01
-9.733223587110688690e-01,-9.733223587110688690e-01
-9.286566559426596701e-01,-9.286566559426595591e-01
-4.709237913743274384e-01,-4.709237913743274384e-01
3.051258186603554301e-01,3.051258186603554856e-01
9.213527303462070162e-01,9.213527303462069051e-01
8.987574691061135379e-01,8.987574691061135379e-01
3.310460527787138507e-01,3.310460527787139062e-01
-3.335226610449359974e-01,-3.335226610449359419e-01
-8.063591462581642944e-01,-8.063591462581641833e-01
-9.986419461723926583e-01,-9.986419461723925473e-01
-8.352255675595009476e-01,-8.352255675595009476e-01
-2.536191947643619549e-01,-2.536191947643619549e-01
5.385152064179105080e-01,5.385152064179105080e-01
9.908611288633570879e-01,9.908611288633571990e-01
7.640951411391568859e-01,7.640951411391568859e-01
1.201760556071775898e-01,1.201760556071775621e-01
-5.039104372942737609e-01,-5.039104372942737609e-01
-8.970717076323035943e-01,-8.970717076323034833e-01
-9.912436253075287418e-01,-9.912436253075287418e-01
-7.010653803770436898e-01,-7.010653803770438008e-01
-1.354168245253739578e-02,-1.354168245253742353e-02
7.388075457354129627e-01,7.388075457354128517e-01
9.921067906474845266e-01,9.921067906474845266e-01
5.897587418166490014e-01,5.897587418166491124e-01
-8.667482070043869280e-02,-8.667482070043869280e-02
-6.518883478327945902e-01,-6.518883478327947012e-01
-9.604800283976379083e-01,-9.604800283976380193e-01
-9.480132204074975810e-01,-9.480132204074974700e-01
-5.272999720866732298e-01,-5.272999720866733409e-01
2.349719526285830584e-01,2.349719526285830029e-01
8.893350088569526024e-01,8.893350088569526024e-01
9.279786823649780469e-01,9.279786823649779359e-01
3.905311524159231773e-01,3.905311524159232328e-01
-2.811101396408016706e-01,-2.811101396408016706e-01
-7.756357975322653031e-01,-7.756357975322654141e-01
-9.946154850726254271e-01,-9.946154850726254271e-01
-8.660544653385450209e-01,-8.660544653385450209e-01
-3.185561021327653064e-01,-3.185561021327653064e-01
4.744076017887351449e-01,4.744076017887351449e-01
9.779254086273183599e-01,9.779254086273183599e-01
8.072535894492803843e-01,8.072535894492803843e-01
1.804531188136925812e-01,1.804531188136926367e-01
-4.574105615526700142e-01,-4.574105615526701252e-01
-8.738692838254935591e-01,-8.738692838254935591e-01
-9.968756030519509981e-01,-9.968756030519509981e-01
-7.435446698771147611e-01,-7.435446698771147611e-01
-8.369517171981144532e-02,-8.369517171981147308e-02
6.859950281059860044e-01,6.859950281059860044e-01
9.986707716459612971e-01,9.986707716459614081e-01
6.427564085534189786e-01,6.427564085534188676e-01
-2.852742916270067930e-02,-2.852742916270070705e-02
-6.120176524201483836e-01,-6.120176524201483836e-01
-9.452522647178156490e-01,-9.452522647178156490e-01
-9.642017580204692573e-01,-9.642017580204693683e-01
-5.807937894112517041e-01,-5.807937894112515931e-01
1.640853902111525375e-01,1.640853902111524543e-01
8.522210889249588472e-01,8.522210889249588472e-01
9.525541361885780933e-01,9.525541361885780933e-01
4.491441738309852050e-01,4.491441738309852050e-01
-2.272035708555344424e-01,-2.272035708555344702e-01
-7.428301610925520659e-01,-7.428301610925521770e-01
-9.879900559859102760e-01,-9.879900559859102760e-01
-8.935597874786147532e-01,-8.935597874786146422e-01
-3.813331822014514039e-01,-3.813331822014514039e-01
4.080188844582545160e-01,4.080188844582546270e-01
9.594071999415720864e-01,9.594071999415720864e-01
8.468275010372570133e-01,8.468275010372570133e-01
2.408374217985359556e-01,2.408374217985358723e-01
-4.091306867617382492e-01,-4.091306867617381937e-01
-8.484780337004181883e-01,-8.484780337004180772e-01
-9.996559265564822772e-01,-9.996559265564823882e-01
-7.827186643352563866e-01,-7.827186643352563866e-01
-1.527709118822361267e-01,-1.527709118822361267e-01
6.294551209565029115e-01,6.294551209565028005e-01
9.997366081252490044e-01,9.997366081252490044e-01
6.933792737776738324e-01,6.933792737776737214e-01
3.047876359001844282e-02,3.047876359001849833e-02
-5.702000561691583647e-01,-5.702000561691583647e-01
-9.276902870136123358e-01,-9.276902870136124468e-01
-9.772860431089480659e-01,-9.772860431089480659e-01
-6.312649769586746729e-01,-6.312649769586747839e-01
9.289715886464944283e-02,9.289715886464941508e-02
8.102500647707452375e-01,8.102500647707451265e-01
9.722340600626728779e-01,9.722340600626729890e-01
