-1.000000000000000000e+00,-1.000000000000000000e+00
-6.478861497517282020e-01,-6.478861497517283130e-01
7.740943376912767793e-02,7.740943376912765017e-02
6.586005637900701482e-01,6.586005637900702592e-01
9.627970869595006143e-01,9.627970869595006143e-01
9.288896404850971456e-01,9.288896404850972566e-01
3.867067069976655169e-01,3.867067069976654614e-01
-4.528509890455920672e-01,-4.528509890455920672e-01
-9.555415243527193292e-01,-9.555415243527194402e-01
-9.354690064346661282e-01,-9.354690064346660172e-01
-5.897366014927543088e-01,-5.897366014927541977e-01
3.907422115521363981e-03,3.907422115521363981e-03
7.021645636167063165e-01,7.021645636167064275e-01
9.973837659949624790e-01,9.973837659949624790e-01
6.284024788629452019e-01,6.284024788629449798e-01
-1.498339012800942172e-03,-1.498339012800969927e-03
-5.516184309839503586e-01,-5.516184309839503586e-01
-9.329748822377779138e-01,-9.329748822377779138e-01
-9.266849272975713481e-01,-9.266849272975712370e-01
-3.205980531304143399e-01,-3.205980531304142844e-01
4.862383892961115728e-01,4.862383892961116283e-01
9.356911547385005079e-01,9.356911547385005079e-01
9.738033358342077506e-01,9.738033358342077506e-01
6.721119649694945464e-01,6.721119649694944354e-01
5.281914760819073074e-03,5.281914760819100829e-03
-7.480511025617450072e-01,-7.480511025617448961e-01
-9.926781114987467403e-01,-9.926781114987466292e-01
-6.634172072712316570e-01,-6.634172072712316570e-01
-1.248335091461124646e-01,-1.248335091461125201e-01
4.510660282064921089e-01,4.510660282064921089e-01
9.237621576969550219e-01,9.237621576969550219e-01
9.023014823018710162e-01,9.023014823018709052e-01
2.653441803051139192e-01,2.653441803051139192e-01
-4.596792496510953008e-01,-4.596792496510952453e-01
-8.870458402063827741e-01,-8.870458402063827741e-01
-9.944931883577132758e-01,-9.944931883577132758e-01
-7.015865968010186471e-01,-7.015865968010186471e-01
4.672695921611047520e-02,4.672695921611053071e-02
7.894601907350896619e-01,7.894601907350897729e-01
9.943190046975218799e-01,9.943190046975218799e-01
7.415004687569640707e-01,7.415004687569641817e-01
2.527105185498510487e-01,2.527105185498511597e-01
-4.002984179820620048e-01,-4.002984179820620048e-01
-9.389283002340246265e-01,-9.389283002340247375e-01
-8.701371560827624307e-01,-8.701371560827624307e-01
-2.645054153224180582e-01,-2.645054153224180027e-01
3.698950770739457550e-01,3.698950770739458105e-01
8.174389350610324900e-01,8.174389350610323790e-01
9.994256535560217536e-01,9.994256535560216426e-01
6.801081285632314399e-01,6.801081285632313289e-01
-1.185227168776025741e-01,-1.185227168776025464e-01
-7.988412472312509394e-01,-7.988412472312510504e-01
-9.997868514293442033e-01,-9.997868514293442033e-01
-8.251853840359509862e-01,-8.251853840359509862e-01
-3.340985152222579746e-01,-3.340985152222579746e-01
4.151828788517002988e-01,4.151828788517003543e-01
9.612866678082776506e-01,9.612866678082776506e-01
8.555209426198078226e-01,8.555209426198079337e-01
3.331911405291900219e-01,3.331911405291899664e-01
-2.423557381279176637e-01,-2.423557381279176637e-01
-7.571600090824763818e-01,-7.571600090824763818e-01
-9.993633663000198730e-01,-9.993633663000198730e-01
-6.273088300138986995e-01,-6.273088300138986995e-01
1.591423787980544291e-01,1.591423787980543736e-01
7.632367835634701336e-01,7.632367835634701336e-01
9.939600669788675180e-01,9.939600669788675180e-01
8.818726696437717560e-01,8.818726696437716450e-01
3.467784478678933580e-01,3.467784478678934135e-01
-4.735458736792191314e-01,-4.735458736792191314e-01
-9.741842963102955721e-01,-9.741842963102955721e-01
-8.762802505456105395e-01,-8.762802505456105395e-01
-4.479919196130239811e-01,-4.479919196130240366e-01
1.256740083554325205e-01,1.256740083554324650e-01
7.377821995587627857e-01,7.377821995587627857e-01
9.955874120751866396e-01,9.955874120751866396e-01
5.795152094219980787e-01,5.795152094219980787e-01
-1.336514760349426512e-01,-1.336514760349426512e-01
-6.826695308369306048e-01,-6.826695308369306048e-01
-9.722267516359817119e-01,-9.722267516359817119e-01
-9.021539170769229399e-01,-9.021539170769230509e-01
-3.000901063471144159e-01,-3.000901063471143604e-01
5.309135065578606261e-01,5.309135065578606261e-01
9.718455059808477348e-01,9.718455059808477348e-01
9.227206716300762057e-01,9.227206716300760947e-01
5.614034295767258431e-01,5.614034295767258431e-01
-6.561280723447615593e-02,-6.561280723447615593e-02
-7.632435664545222931e-01,-7.632435664545221821e-01
-9.865012303796303339e-01,-9.865012303796303339e-01
-5.754315439210325733e-01,-5.754315439210324623e-01
3.869750304066182922e-02,3.869750304066180147e-02
5.784782496601584834e-01,5.784782496601584834e-01
9.519232743769507898e-01,9.519232743769509009e-01
8.905795750444727155e-01,8.905795750444727155e-01
2.303801721890805232e-01,2.303801721890805232e-01
-5.471709742331909432e-01,-5.471709742331908322e-01
-9.492106682041626664e-01,-9.492106682041625554e-01
-9.662453840411922013e-01,-9.662453840411922013e-01
-6.326313936882529410e-01,-6.326313936882529410e-01
7.795163000619098614e-02,7.795163000619106941e-02
8.075852481108407588e-01,8.075852481108406478e-01
9.806722839795346536e-01,9.806722839795347646e-01
