-1.000000000000000000e+00,-1.000000000000000000e+00
-8.318311601983283676e-01,-8.318311601983282566e-01
-3.555703742375899701e-01,-3.555703742375899146e-01
1.749342715649526703e-03,1.749342715649582214e-03
-2.776794407900923245e-01,-2.776794407900922690e-01
-7.757803116919518294e-01,-7.757803116919519404e-01
-9.959317937806008159e-01,-9.959317937806008159e-01
-8.810847016635806606e-01,-8.810847016635805495e-01
-4.396951776943271994e-01,-4.396951776943271994e-01
-1.591203363065923915e-02,-1.591203363065923915e-02
-2.008472207872647464e-01,-2.008472207872647464e-01
-7.109812946297761060e-01,-7.109812946297762171e-01
-9.837874083963363825e-01,-9.837874083963363825e-01
-9.216851694570982190e-01,-9.216851694570983300e-01
-5.234671687079059943e-01,-5.234671687079059943e-01
-5.041862552840725709e-02,-5.041862552840725709e-02
-1.325966919623154383e-01,-1.325966919623154383e-01
-6.391530759481293122e-01,-6.391530759481293122e-01
-9.634679384361521937e-01,-9.634679384361520826e-01
-9.538156108069906214e-01,-9.538156108069906214e-01
-6.038811283511775763e-01,-6.038811283511776873e-01
-1.009321397055060743e-01,-1.009321397055061298e-01
-7.520166377316189754e-02,-7.520166377316189754e-02
-5.618772455936948962e-01,-5.618772455936948962e-01
-9.348576524746843308e-01,-9.348576524746843308e-01
-9.773207597886146569e-01,-9.773207597886146569e-01
-6.796134874004817750e-01,-6.796134874004817750e-01
-1.638103304962521545e-01,-1.638103304962521822e-01
-3.255662119857022363e-02,-3.255662119857022363e-02
-4.802443739073398166e-01,-4.802443739073398721e-01
-8.980290733874555231e-01,-8.980290733874555231e-01
-9.925413418074547911e-01,-9.925413418074546801e-01
-7.484223394718414468e-01,-7.484223394718414468e-01
-2.375534766701574152e-01,-2.375534766701574152e-01
-5.307553313115331850e-03,-5.307553313115331850e-03
-3.972419314573411020e-01,-3.972419314573411575e-01
-8.527348300563079020e-01,-8.527348300563079020e-01
-9.994744801528285816e-01,-9.994744801528285816e-01
-8.099051214790984332e-01,-8.099051214790983222e-01
-3.175267011196387101e-01,-3.175267011196387656e-01
3.404942425925483462e-03,3.404942425925483462e-03
-3.143616257492863886e-01,-3.143616257492863886e-01
-7.994997152729722556e-01,-7.994997152729721446e-01
-9.982897680264811724e-01,-9.982897680264811724e-01
-8.628138733648380576e-01,-8.628138733648381686e-01
-4.019114859077067559e-01,-4.019114859077068114e-01
-5.138561392954266172e-03,-5.138561392954210660e-03
-2.357345453826693582e-01,-2.357345453826693304e-01
-7.381951836388811472e-01,-7.381951836388810362e-01
-9.890728380836438793e-01,-9.890728380836438793e-01
-9.072378974812810304e-01,-9.072378974812811414e-01
-4.864834811738855125e-01,-4.864834811738855680e-01
-3.226639168845490957e-02,-3.226639168845496508e-02
-1.631511153893911437e-01,-1.631511153893911159e-01
-6.700370289648311939e-01,-6.700370289648311939e-01
-9.717231582018239777e-01,-9.717231582018239777e-01
-9.427787732563328582e-01,-9.427787732563327472e-01
-5.694709063102609825e-01,-5.694709063102609825e-01
-7.517322067633497307e-02,-7.517322067633497307e-02
-1.009583422374436545e-01,-1.009583422374436545e-01
-5.954434786125194501e-01,-5.954434786125194501e-01
-9.463753379964171542e-01,-9.463753379964170431e-01
-9.696528858167127174e-01,-9.696528858167127174e-01
-6.479604274085293270e-01,-6.479604274085292159e-01
-1.329254416114712400e-01,-1.329254416114712400e-01
-5.098822591581025909e-02,-5.098822591581025909e-02
-5.163945275526198309e-01,-5.163945275526198309e-01
-9.127953718499697278e-01,-9.127953718499696167e-01
-9.879720230239031897e-01,-9.879720230239031897e-01
-7.205109549421080395e-01,-7.205109549421079285e-01
-2.020910643057041711e-01,-2.020910643057041989e-01
-1.644327254395705484e-02,-1.644327254395705484e-02
-4.343371234190841479e-01,-4.343371234190840924e-01
-8.711620093033951573e-01,-8.711620093033951573e-01
-9.978790897775335900e-01,-9.978790897775335900e-01
-7.857064414376437878e-01,-7.857064414376437878e-01
-2.798737236443091247e-01,-2.798737236443090692e-01
1.196441358804367638e-03,1.196441358804367638e-03
-3.517992633858709750e-01,-3.517992633858709750e-01
-8.214472060613209337e-01,-8.214472060613210447e-01
-9.996322020202356162e-01,-9.996322020202357272e-01
-8.425801862008861498e-01,-8.425801862008860388e-01
-3.631559956703311887e-01,-3.631559956703312442e-01
1.071224483203236932e-03,1.071224483203236932e-03
-2.715470905794377665e-01,-2.715470905794377110e-01
-7.639225224010710580e-01,-7.639225224010710580e-01
-9.932726280813590769e-01,-9.932726280813590769e-01
-8.908612149486536680e-01,-8.908612149486535570e-01
-4.482962979143251259e-01,-4.482962979143250704e-01
-1.752998170625530427e-02,-1.752998170625535979e-02
-1.961148144417278472e-01,-1.961148144417278472e-01
-6.992284712420794301e-01,-6.992284712420794301e-01
-9.789305965069741156e-01,-9.789305965069741156e-01
-9.300590334980887164e-01,-9.300590334980887164e-01
-5.330778529334228022e-01,-5.330778529334229132e-01
-5.272669233035659486e-02,-5.272669233035653935e-02
-1.293902470181810815e-01,-1.293902470181810815e-01
-6.278426278873981969e-01,-6.278426278873983080e-01
-9.566499202299488802e-01,-9.566499202299488802e-01
-9.604877737776306157e-01,-9.604877737776305047e-01
-6.141255105274370241e-01,-6.141255105274370241e-01
