-1.000000000000000000e+00,-1.000000000000000000e+00
-7.183570580090399282e-01,-7.183570580090399282e-01
6.214381834968241147e-02,6.214381834968243923e-02
7.740143894385245193e-01,7.740143894385244083e-01
9.999997877053100614e-01,9.999997877053101725e-01
8.337364884691385036e-01,8.337364884691385036e-01
3.628112817632577758e-01,3.628112817632578313e-01
-3.679769448355252326e-01,-3.679769448355252326e-01
-9.438410925129940843e-01,-9.438410925129940843e-01
-8.771860836552001217e-01,-8.771860836552001217e-01
-3.542190501470098285e-01,-3.542190501470098285e-01
2.281586050058563853e-01,2.281586050058563575e-01
7.389096421085827870e-01,7.389096421085827870e-01
9.999146841909358763e-01,9.999146841909358763e-01
6.714121306061862082e-01,6.714121306061860972e-01
-1.131266588503503367e-01,-1.131266588503503923e-01
-7.467745742097684492e-01,-7.467745742097684492e-01
-9.922764077841843555e-01,-9.922764077841843555e-01
-8.931917848576886865e-01,-8.931917848576886865e-01
-3.894451042619250236e-01,-3.894451042619250791e-01
4.217186865892178504e-01,4.217186865892179060e-01
9.618876469906825211e-01,9.618876469906825211e-01
8.894627273443692639e-01,8.894627273443693749e-01
4.610872824090596622e-01,4.610872824090596622e-01
-1.039053556582307247e-01,-1.039053556582306970e-01
-7.082100649234795986e-01,-7.082100649234795986e-01
-9.993319918861012230e-01,-9.993319918861012230e-01
-6.209012318369796501e-01,-6.209012318369795391e-01
1.026294477010432638e-01,1.026294477010432638e-01
6.712633793094422430e-01,6.712633793094422430e-01
9.674572429800041284e-01,9.674572429800041284e-01
9.185229865691447726e-01,9.185229865691448836e-01
3.533716287090687413e-01,3.533716287090686858e-01
-4.844859560157479539e-01,-4.844859560157479539e-01
-9.631351682240917311e-01,-9.631351682240918421e-01
-9.290555001436318072e-01,-9.290555001436318072e-01
-5.759109219283466974e-01,-5.759109219283466974e-01
2.936879668814718070e-02,2.936879668814712518e-02
7.266515002651010580e-01,7.266515002651010580e-01
9.940811490340211165e-01,9.940811490340210055e-01
6.059540579491223822e-01,6.059540579491222712e-01
-2.021174831650340842e-02,-2.021174831650340842e-02
-5.652549015695086387e-01,-5.652549015695086387e-01
-9.413042335262963300e-01,-9.413042335262963300e-01
-9.134035068753592057e-01,-9.134035068753592057e-01
-2.853748283056836144e-01,-2.853748283056836144e-01
5.123074510488978550e-01,5.123074510488978550e-01
9.425195596252655683e-01,9.425195596252654573e-01
9.700168982194405931e-01,9.700168982194404821e-01
6.553876253739299163e-01,6.553876253739301383e-01
-2.739499304767956112e-02,-2.739499304767964438e-02
-7.722053329322871029e-01,-7.722053329322872139e-01
-9.883714306196640376e-01,-9.883714306196639265e-01
-6.474076401533788161e-01,-6.474076401533788161e-01
-1.089451239300820440e-01,-1.089451239300819607e-01
4.696534752705467941e-01,4.696534752705468496e-01
9.352927363660181737e-01,9.352927363660180626e-01
8.856618375185570935e-01,8.856618375185569825e-01
2.334592516466793555e-01,2.334592516466793832e-01
-4.796679986886033253e-01,-4.796679986886032698e-01
-8.943830957604302911e-01,-8.943830957604301801e-01
-9.922424162550472770e-01,-9.922424162550472770e-01
-6.800425830481312550e-01,-6.800425830481313660e-01
8.354101872153035790e-02,8.354101872153033015e-02
8.099528974329387454e-01,8.099528974329387454e-01
9.914551733307774839e-01,9.914551733307774839e-01
7.303088420720000862e-01,7.303088420720000862e-01
2.347545537753086276e-01,2.347545537753086276e-01
-4.260079520857938951e-01,-4.260079520857938951e-01
-9.508263416114531852e-01,-9.508263416114532962e-01
-8.522629761729195730e-01,-8.522629761729195730e-01
-2.395695418469670490e-01,-2.395695418469671045e-01
3.857722999915871309e-01,3.857722999915871864e-01
8.274323831878251934e-01,8.274323831878251934e-01
9.981691078465144695e-01,9.981691078465144695e-01
6.535380075120846843e-01,6.535380075120844623e-01
-1.542122549817929178e-01,-1.542122549817929733e-01
-8.150093264274999028e-01,-8.150093264274997917e-01
-9.992538498903190680e-01,-9.992538498903191790e-01
-8.155611501202721936e-01,-8.155611501202721936e-01
-3.104122141885149455e-01,-3.104122141885149455e-01
4.465141512782260236e-01,4.465141512782259681e-01
9.707388537998047351e-01,9.707388537998047351e-01
8.401636817425152115e-01,8.401636817425151005e-01
3.151980657595653268e-01,3.151980657595653268e-01
-2.581564138265006747e-01,-2.581564138265006747e-01
-7.722702282822209163e-01,-7.722702282822209163e-01
-9.976010533125544422e-01,-9.976010533125543311e-01
-5.980323538579437326e-01,-5.980323538579437326e-01
1.891836666330796723e-01,1.891836666330797001e-01
7.761512860453870788e-01,7.761512860453869678e-01
9.955929069160726064e-01,9.955929069160724953e-01
8.713091904119434350e-01,8.713091904119433240e-01
3.162990144854865848e-01,3.162990144854866403e-01
-5.059773884334324290e-01,-5.059773884334324290e-01
-9.808999719108590920e-01,-9.808999719108590920e-01
-8.656757379598744029e-01,-8.656757379598744029e-01
-4.336178995070437692e-01,-4.336178995070437692e-01
1.460486928303186827e-01,1.460486928303187104e-01
7.582786041793341258e-01,7.582786041793341258e-01
9.914202118987931467e-01,9.914202118987930357e-01
