-1.000000000000000000e+00,-1.000000000000000000e+00
-7.427572601681544651e-01,-7.427572601681544651e-01
-2.267171705997007569e-01,-2.267171705997007292e-01
-2.925610623342178584e-04,-2.925610623342178584e-04
-3.084157687908080092e-01,-3.084157687908079537e-01
-7.755358949902574350e-01,-7.755358949902573240e-01
-9.999026087152987907e-01,-9.999026087152987907e-01
-7.195235006531834898e-01,-7.195235006531834898e-01
-1.959222291972006480e-01,-1.959222291972006758e-01
-8.235650114421511070e-04,-8.235650114420955958e-04
-3.072058808345514147e-01,-3.072058808345514147e-01
-8.017456743652386919e-01,-8.017456743652386919e-01
-9.964192113215053492e-01,-9.964192113215053492e-01
-7.259875063868529432e-01,-7.259875063868529432e-01
-2.075932436389565372e-01,-2.075932436389565372e-01
-7.695047012848399426e-04,-7.695047012848399426e-04
-2.826245017916748092e-01,-2.826245017916748092e-01
-7.940569756472747320e-01,-7.940569756472746210e-01
-9.966619292354375048e-01,-9.966619292354375048e-01
-7.433274216740775042e-01,-7.433274216740775042e-01
-2.562889057236292234e-01,-2.562889057236292234e-01
1.041967261840859305e-03,1.041967261840859305e-03
-2.539126359122695908e-01,-2.539126359122695908e-01
-7.697958562751919809e-01,-7.697958562751920919e-01
-9.989698214852421598e-01,-9.989698214852422709e-01
-7.715144149978874211e-01,-7.715144149978873100e-01
-2.531317853242162630e-01,-2.531317853242162630e-01
-4.637164008083616284e-03,-4.637164008083671796e-03
-2.132449751063260068e-01,-2.132449751063260346e-01
-7.175834660517350638e-01,-7.175834660517350638e-01
-9.981711934365002925e-01,-9.981711934365002925e-01
-7.237732092402827666e-01,-7.237732092402828776e-01
-2.036088893934820399e-01,-2.036088893934819843e-01
2.440708871074726005e-03,2.440708871074670494e-03
-3.339531862994045142e-01,-3.339531862994044586e-01
-8.051698406052650858e-01,-8.051698406052649748e-01
-9.980840643373413146e-01,-9.980840643373413146e-01
-6.943450187992912248e-01,-6.943450187992913358e-01
-1.943868203168723219e-01,-1.943868203168723774e-01
-5.668954046416985193e-03,-5.668954046416985193e-03
-3.191710109321055366e-01,-3.191710109321055922e-01
-8.231064681297770580e-01,-8.231064681297769470e-01
-9.839738111027378498e-01,-9.839738111027379608e-01
-6.716754115826518712e-01,-6.716754115826517602e-01
-2.013627122667578928e-01,-2.013627122667578928e-01
1.871775358111671395e-03,1.871775358111671395e-03
-2.136629262727946510e-01,-2.136629262727947065e-01
-6.669072022028095237e-01,-6.669072022028095237e-01
-9.908619916871592714e-01,-9.908619916871591604e-01
-8.196399137688794578e-01,-8.196399137688793468e-01
-3.349897905510514917e-01,-3.349897905510514917e-01
-4.749752407020080280e-03,-4.749752407020135792e-03
-1.661536156765042738e-01,-1.661536156765042460e-01
-6.764496972650854145e-01,-6.764496972650855255e-01
-9.938625495829376266e-01,-9.938625495829376266e-01
-7.839076633036088371e-01,-7.839076633036088371e-01
-3.023555736706318164e-01,-3.023555736706318720e-01
-1.420272317230297787e-03,-1.420272317230297787e-03
-2.006750375890007931e-01,-2.006750375890007931e-01
-7.291115753906436403e-01,-7.291115753906436403e-01
-9.988510846315998837e-01,-9.988510846315998837e-01
-7.587312906446420646e-01,-7.587312906446420646e-01
-2.858265693991914325e-01,-2.858265693991914880e-01
3.321682110684898159e-03,3.321682110684842648e-03
-2.094230036272237694e-01,-2.094230036272237694e-01
-7.226087993131562470e-01,-7.226087993131563580e-01
-9.987873425284496953e-01,-9.987873425284496953e-01
-7.858407297432699057e-01,-7.858407297432700167e-01
-3.133873760922915586e-01,-3.133873760922915586e-01
-1.650446461312121693e-02,-1.650446461312121693e-02
-1.403246931163463218e-01,-1.403246931163463218e-01
-6.517014988181922819e-01,-6.517014988181922819e-01
-9.759755752054453115e-01,-9.759755752054453115e-01
-8.957378700612832478e-01,-8.957378700612832478e-01
-4.688368085673502716e-01,-4.688368085673502161e-01
-3.632434273848972328e-02,-3.632434273848972328e-02
-6.758996577796300143e-02,-6.758996577796305694e-02
-4.706523664775377203e-01,-4.706523664775377203e-01
-9.033626900387387026e-01,-9.033626900387385916e-01
-9.374959712359538511e-01,-9.374959712359537400e-01
-5.248994192099327716e-01,-5.248994192099326606e-01
-8.397838329586071460e-02,-8.397838329586071460e-02
-3.235538536197074544e-02,-3.235538536197080095e-02
-4.450861254908547449e-01,-4.450861254908547449e-01
-8.648270061541177833e-01,-8.648270061541177833e-01
-9.743256410165976877e-01,-9.743256410165976877e-01
-6.231259693362528607e-01,-6.231259693362528607e-01
-1.651550121279454775e-01,-1.651550121279454497e-01
-4.136966342267234253e-03,-4.136966342267234253e-03
-3.074588112952688634e-01,-3.074588112952688634e-01
-8.042952114413968179e-01,-8.042952114413967069e-01
-9.901923396303444758e-01,-9.901923396303444758e-01
-7.079467203052137725e-01,-7.079467203052138835e-01
-2.140130688448348972e-01,-2.140130688448348972e-01
3.834920943244390923e-03,3.834920943244335412e-03
-2.359583368401343417e-01,-2.359583368401343417e-01
-6.903072293141230276e-01,-6.903072293141230276e-01
-9.968135498976945508e-01,-9.968135498976945508e-01
-8.393451736079229342e-01,-8.393451736079230452e-01
-3.980424951695901714e-01,-3.980424951695902269e-01
-1.149480217998727349e-02,-1.149480217998721798e-02
