-1.000000000000000000e+00,-1.000000000000000000e+00
-6.700950078109668695e-01,-6.700950078109667585e-01
1.232255577443030492e-01,1.232255577443030214e-01
7.665272566954263178e-01,7.665272566954264288e-01
9.966705904457526799e-01,9.966705904457526799e-01
8.765404265880187840e-01,8.765404265880187840e-01
3.746944444189223011e-01,3.746944444189223566e-01
-4.237757293723023455e-01,-4.237757293723022900e-01
-9.639876554336941350e-01,-9.639876554336941350e-01
-8.766875496060246853e-01,-8.766875496060246853e-01
-4.234091928393952098e-01,-4.234091928393952653e-01
1.416047305084169317e-01,1.416047305084168761e-01
7.215013048812869423e-01,7.215013048812869423e-01
9.992088571610271419e-01,9.992088571610270309e-01
6.163924532681369639e-01,6.163924532681369639e-01
-1.266111937815385113e-01,-1.266111937815385391e-01
-7.009622268064464867e-01,-7.009622268064464867e-01
-9.767700578902969166e-01,-9.767700578902969166e-01
-9.095484177516355295e-01,-9.095484177516355295e-01
-3.490410585226187412e-01,-3.490410585226187967e-01
4.880460441042578368e-01,4.880460441042577813e-01
9.685732962319497652e-01,9.685732962319497652e-01
9.138330471519162668e-01,9.138330471519162668e-01
5.416589231030155549e-01,5.416589231030155549e-01
-5.460679331935069936e-02,-5.460679331935069936e-02
-7.310554489693338320e-01,-7.310554489693338320e-01
-9.937695860516438939e-01,-9.937695860516437829e-01
-5.916167590902710050e-01,-5.916167590902708939e-01
5.741168660517070865e-02,5.741168660517079192e-02
5.996564291609309816e-01,5.996564291609309816e-01
9.504860280488801605e-01,9.504860280488801605e-01
9.098664003676827372e-01,9.098664003676827372e-01
2.834206482439579622e-01,2.834206482439579622e-01
-5.250465406383827416e-01,-5.250465406383826306e-01
-9.536023076215786043e-01,-9.536023076215787153e-01
-9.587042440912332264e-01,-9.587042440912331154e-01
-6.314710749425558323e-01,-6.314710749425558323e-01
3.848666236311937272e-02,3.848666236311942823e-02
7.732932410221372566e-01,7.732932410221371455e-01
9.864640275627809540e-01,9.864640275627808430e-01
6.224867000205253076e-01,6.224867000205251966e-01
6.613720674423839707e-02,6.613720674423836932e-02
-4.993635344712370472e-01,-4.993635344712370472e-01
-9.401035570499501892e-01,-9.401035570499503002e-01
-8.847940102757306802e-01,-8.847940102757306802e-01
-2.242327639884458268e-01,-2.242327639884458268e-01
5.052582513347723125e-01,5.052582513347722015e-01
9.126157621682343679e-01,9.126157621682343679e-01
9.870582493424213677e-01,9.870582493424213677e-01
6.676332292717421790e-01,6.676332292717420680e-01
-8.602184315853966812e-02,-8.602184315853964036e-02
-8.141444128746962994e-01,-8.141444128746962994e-01
-9.876685948973846774e-01,-9.876685948973845663e-01
-7.011736863626862881e-01,-7.011736863626861771e-01
-1.971227783745888029e-01,-1.971227783745888029e-01
4.439000311478834560e-01,4.439000311478834560e-01
9.519266084370894276e-01,9.519266084370894276e-01
8.495119554963185271e-01,8.495119554963185271e-01
2.169120185029486669e-01,2.169120185029486947e-01
-4.227465575336410986e-01,-4.227465575336409875e-01
-8.493840893278357118e-01,-8.493840893278358228e-01
-9.965138193473744854e-01,-9.965138193473743744e-01
-6.496789973948582375e-01,-6.496789973948582375e-01
1.578526893799592767e-01,1.578526893799592212e-01
8.265124673598587268e-01,8.265124673598585048e-01
9.970105657540426769e-01,9.970105657540425659e-01
7.907671818832116006e-01,7.907671818832116006e-01
2.854790221557788610e-01,2.854790221557788055e-01
-4.527673529301740052e-01,-4.527673529301741162e-01
-9.713516228008690634e-01,-9.713516228008690634e-01
-8.307921155037553129e-01,-8.307921155037552019e-01
-2.802477878201756201e-01,-2.802477878201756201e-01
2.990007565126985845e-01,2.990007565126986400e-01
7.904589237193451190e-01,7.904589237193451190e-01
9.969166053881129974e-01,9.969166053881131084e-01
5.965077917289279830e-01,5.965077917289280940e-01
-2.030048123732720589e-01,-2.030048123732720589e-01
-7.972504733052487857e-01,-7.972504733052488968e-01
-9.987019766695887091e-01,-9.987019766695888201e-01
-8.551494941132223859e-01,-8.551494941132222749e-01
-3.050471265523949649e-01,-3.050471265523949649e-01
5.074501689358051904e-01,5.074501689358051904e-01
9.830398243174185424e-01,9.830398243174185424e-01
8.494854807942984198e-01,8.494854807942985309e-01
3.945592102319789851e-01,3.945592102319789851e-01
-1.802576257546435468e-01,-1.802576257546436023e-01
-7.677474046615245795e-01,-7.677474046615245795e-01
-9.911578745116655931e-01,-9.911578745116655931e-01
-5.447110372399613931e-01,-5.447110372399612821e-01
1.846281823226449403e-01,1.846281823226449403e-01
7.243095877125148574e-01,7.243095877125147464e-01
9.838660894629351894e-01,9.838660894629351894e-01
8.808835599385840265e-01,8.808835599385840265e-01
2.621640409168686237e-01,2.621640409168685126e-01
-5.652479684047586606e-01,-5.652479684047585495e-01
-9.824336109742204393e-01,-9.824336109742204393e-01
-8.987837369703522983e-01,-8.987837369703522983e-01
-5.130878510434804252e-01,-5.130878510434805362e-01
1.139392022538408544e-01,1.139392022538408267e-01
7.885692324568089884e-01,7.885692324568088774e-01
9.791222321147667884e-01,9.791222321147667884e-01
