-1.000000000000000000e+00,-1.000000000000000000e+00
-7.039251931502530368e-01,-7.039251931502530368e-01
-6.046209971558447194e-02,-6.046209971558449969e-02
6.683422783866186379e-01,6.683422783866186379e-01
9.955507309287326967e-01,9.955507309287328077e-01
8.463132468854446255e-01,8.463132468854446255e-01
2.496996720393781510e-01,2.496996720393780678e-01
-5.049839293690415731e-01,-5.049839293690415731e-01
-9.455528989189405653e-01,-9.455528989189404543e-01
-9.372991356012272401e-01,-9.372991356012272401e-01
-5.266976178735101044e-01,-5.266976178735101044e-01
2.108420285646475656e-01,2.108420285646475378e-01
7.987028926078932889e-01,7.987028926078932889e-01
9.961509025097230463e-01,9.961509025097230463e-01
6.629976289782838483e-01,6.629976289782839594e-01
7.216391883086836767e-02,7.216391883086839543e-02
-6.008645906572117612e-01,-6.008645906572118722e-01
-9.759476028591764774e-01,-9.759476028591764774e-01
-8.976742229120817651e-01,-8.976742229120817651e-01
-4.148835229988794282e-01,-4.148835229988794837e-01
2.517656518068331906e-01,2.517656518068331906e-01
8.637745651871115982e-01,8.637745651871114871e-01
9.830513986729603193e-01,9.830513986729602083e-01
6.087581924508783660e-01,6.087581924508784770e-01
-9.685030829996271740e-02,-9.685030829996271740e-02
-7.034635074037336455e-01,-7.034635074037336455e-01
-9.953308779027421060e-01,-9.953308779027421060e-01
-8.150251474192018453e-01,-8.150251474192018453e-01
-2.119255976789392037e-01,-2.119255976789392037e-01
4.491695893456582045e-01,4.491695893456582600e-01
9.345390080359861074e-01,9.345390080359862184e-01
9.407297704995201126e-01,9.407297704995201126e-01
4.973900994904782991e-01,4.973900994904783546e-01
-1.695385114943318006e-01,-1.695385114943318006e-01
-7.785116864096712774e-01,-7.785116864096712774e-01
-9.974840881087219113e-01,-9.974840881087219113e-01
-6.989566601793070211e-01,-6.989566601793070211e-01
-2.083905469136987376e-02,-2.083905469136990152e-02
6.187080049767212930e-01,6.187080049767214041e-01
9.772263330016954797e-01,9.772263330016954797e-01
8.749456532034054490e-01,8.749456532034054490e-01
3.721814668604029319e-01,3.721814668604028764e-01
-2.885475156298189514e-01,-2.885475156298189514e-01
-8.756692252208668759e-01,-8.756692252208668759e-01
-9.893014528158239340e-01,-9.893014528158238230e-01
-6.326544049456532814e-01,-6.326544049456532814e-01
3.249265012163082833e-02,3.249265012163082833e-02
6.922361960001626180e-01,6.922361960001626180e-01
9.986656039066024171e-01,9.986656039066024171e-01
8.113163738607606090e-01,8.113163738607607200e-01
1.811425984077202900e-01,1.811425984077202345e-01
-5.250810338574263270e-01,-5.250810338574263270e-01
-9.523806912792018853e-01,-9.523806912792017743e-01
-8.931999831482588803e-01,-8.931999831482588803e-01
-3.978784528462387948e-01,-3.978784528462387393e-01
2.540717574314726446e-01,2.540717574314725891e-01
7.972768802519261122e-01,7.972768802519261122e-01
9.925364102492537643e-01,9.925364102492538754e-01
6.702599928705939014e-01,6.702599928705937904e-01
7.728185227035239135e-02,7.728185227035241911e-02
-5.564481807875247821e-01,-5.564481807875247821e-01
-9.581734047752201722e-01,-9.581734047752201722e-01
-9.042508766145089805e-01,-9.042508766145089805e-01
-3.306095868212186595e-01,-3.306095868212187150e-01
3.275881980308175123e-01,3.275881980308175123e-01
8.815334261023346496e-01,8.815334261023346496e-01
9.872420016377836394e-01,9.872420016377835283e-01
5.795071849541728604e-01,5.795071849541728604e-01
-1.501791680329006562e-01,-1.501791680329006562e-01
-7.735659908399290519e-01,-7.735659908399290519e-01
-9.983224388613838318e-01,-9.983224388613838318e-01
-7.487401505383410871e-01,-7.487401505383411981e-01
-1.272593787067778370e-01,-1.272593787067778648e-01
5.363553978389907773e-01,5.363553978389907773e-01
9.540871793846257276e-01,9.540871793846257276e-01
8.928845754261411916e-01,8.928845754261410805e-01
3.364530627967420306e-01,3.364530627967420306e-01
-4.203679341422563720e-01,-4.203679341422563165e-01
-9.051986947924477445e-01,-9.051986947924477445e-01
-9.721971656807641970e-01,-9.721971656807641970e-01
-5.175157612633967119e-01,-5.175157612633968229e-01
1.968825936768962004e-01,1.968825936768962281e-01
7.747207958217772195e-01,7.747207958217772195e-01
9.999925560116678103e-01,9.999925560116678103e-01
7.059330816194742120e-01,7.059330816194742120e-01
5.019629661434649170e-02,5.019629661434651946e-02
-5.721878728160463279e-01,-5.721878728160463279e-01
-9.682449413516018843e-01,-9.682449413516018843e-01
-9.174947230135326315e-01,-9.174947230135326315e-01
-3.836905457173446776e-01,-3.836905457173447331e-01
3.694346109048742277e-01,3.694346109048742832e-01
8.858424149472130527e-01,8.858424149472129416e-01
9.684428734405323702e-01,9.684428734405322592e-01
5.168540823897516123e-01,5.168540823897516123e-01
-1.127420081283568298e-01,-1.127420081283568021e-01
-7.257335478941536744e-01,-7.257335478941535634e-01
-9.967262182184726260e-01,-9.967262182184725150e-01
-8.408800502611387673e-01,-8.408800502611387673e-01
-3.141723004018177612e-01,-3.141723004018178167e-01
4.328398109027964957e-01,4.328398109027965512e-01
9.293731768971940088e-01,9.293731768971938978e-01
