-1.000000000000000000e+00,-1.000000000000000000e+00
-6.836313078805367205e-01,-6.836313078805367205e-01
-2.008328696807240021e-01,-2.008328696807240576e-01
-8.430750981200940686e-04,-8.430750981200385574e-04
-1.340752849735307173e-01,-1.340752849735307173e-01
-5.939098735873011847e-01,-5.939098735873011847e-01
-9.907113130117216615e-01,-9.907113130117215505e-01
-7.628290380058624365e-01,-7.628290380058623255e-01
-2.620465007789616330e-01,-2.620465007789615774e-01
-1.068090506053387401e-02,-1.068090506053387401e-02
-8.954508023337792721e-02,-8.954508023337792721e-02
-5.088594472489399445e-01,-5.088594472489399445e-01
-9.637250556941797663e-01,-9.637250556941798774e-01
-8.346905185187571963e-01,-8.346905185187571963e-01
-3.310283871695688385e-01,-3.310283871695688385e-01
-2.807273836285323343e-02,-2.807273836285317792e-02
-5.451274073307615931e-02,-5.451274073307621482e-02
-4.252953570972941022e-01,-4.252953570972941577e-01
-9.201692865349967443e-01,-9.201692865349968553e-01
-8.973852280404996939e-01,-8.973852280404995829e-01
-4.051530647232600701e-01,-4.051530647232600701e-01
-5.450953616569048643e-02,-5.450953616569048643e-02
-2.740424029852384091e-02,-2.740424029852378540e-02
-3.469740927071505165e-01,-3.469740927071505721e-01
-8.618404746656124216e-01,-8.618404746656125326e-01
-9.465304284672009238e-01,-9.465304284672010349e-01
-4.851427533638709155e-01,-4.851427533638708600e-01
-8.795902149719825314e-02,-8.795902149719825314e-02
-1.015425697745730993e-02,-1.015425697745730993e-02
-2.735865479171142312e-01,-2.735865479171142867e-01
-7.924179041927998934e-01,-7.924179041928000045e-01
-9.810389085403345977e-01,-9.810389085403345977e-01
-5.665292195127000774e-01,-5.665292195127000774e-01
-1.309151056823145143e-01,-1.309151056823145143e-01
-4.545139278422372087e-05,-4.545139278427923202e-05
-2.091447636847467706e-01,-2.091447636847467706e-01
-7.134176708716000181e-01,-7.134176708716000181e-01
-9.980339494488267293e-01,-9.980339494488267293e-01
-6.497287123821989807e-01,-6.497287123821989807e-01
-1.804499048644301884e-01,-1.804499048644301884e-01
3.192933214126170149e-04,3.192933214125615038e-04
-1.515218181312181223e-01,-1.515218181312180667e-01
-6.303240725593785010e-01,-6.303240725593785010e-01
-9.970644169040054905e-01,-9.970644169040054905e-01
-7.293413097293491854e-01,-7.293413097293490743e-01
-2.392165397066426391e-01,-2.392165397066426946e-01
-6.041420864755397968e-03,-6.041420864755453479e-03
-1.043524318109466664e-01,-1.043524318109466664e-01
-5.437469375201020583e-01,-5.437469375201019472e-01
-9.780944713412097480e-01,-9.780944713412096370e-01
-8.047705173637287324e-01,-8.047705173637287324e-01
-3.038286212085288263e-01,-3.038286212085288263e-01
-2.181722209039371752e-02,-2.181722209039371752e-02
-6.480788113758173541e-02,-6.480788113758173541e-02
-4.594426593049644736e-01,-4.594426593049644181e-01
-9.413711560040277648e-01,-9.413711560040278759e-01
-8.710253149697959607e-01,-8.710253149697959607e-01
-3.760373193570666905e-01,-3.760373193570666905e-01
-4.443920520810573649e-02,-4.443920520810573649e-02
-3.558955872320795910e-02,-3.558955872320795910e-02
-3.772817094144644279e-01,-3.772817094144644279e-01
-8.896698828461484521e-01,-8.896698828461483410e-01
-9.263862281800447906e-01,-9.263862281800446796e-01
-4.524880535970703388e-01,-4.524880535970702833e-01
-7.599447244079599040e-02,-7.599447244079604591e-02
-1.429140010111634718e-02,-1.429140010111629167e-02
-3.017202032127199729e-01,-3.017202032127199729e-01
-8.241771590314436180e-01,-8.241771590314435070e-01
-9.675160606168938804e-01,-9.675160606168937694e-01
-5.330663566589376456e-01,-5.330663566589376456e-01
-1.148934018787192146e-01,-1.148934018787191591e-01
-2.328067630706531776e-03,-2.328067630706476265e-03
-2.325521408675521040e-01,-2.325521408675521040e-01
-7.490864656189588633e-01,-7.490864656189588633e-01
-9.923464086914113302e-01,-9.923464086914112192e-01
-6.148701679297412515e-01,-6.148701679297412515e-01
-1.619533984628168666e-01,-1.619533984628169221e-01
1.496896933904534599e-03,1.496896933904534599e-03
-1.719685744269441319e-01,-1.719685744269441319e-01
-6.667567380946584077e-01,-6.667567380946584077e-01
-9.997613948275044793e-01,-9.997613948275045903e-01
-6.955096970208315410e-01,-6.955096970208315410e-01
-2.167682423327536023e-01,-2.167682423327536023e-01
-2.825045198452891260e-03,-2.825045198452835749e-03
-1.203581439946514453e-01,-1.203581439946514453e-01
-5.808517340584106181e-01,-5.808517340584107291e-01
-9.887450741973318191e-01,-9.887450741973319301e-01
-7.727551561372730804e-01,-7.727551561372729694e-01
-2.783845895190939501e-01,-2.783845895190940056e-01
-1.562844166381455180e-02,-1.562844166381455180e-02
-7.751887258138651093e-02,-7.751887258138651093e-02
-4.948796959508579008e-01,-4.948796959508578452e-01
-9.600340327782918015e-01,-9.600340327782916905e-01
-8.424813200644183375e-01,-8.424813200644184485e-01
-3.473799275354448324e-01,-3.473799275354447769e-01
-3.560882820210947708e-02,-3.560882820210947708e-02
-4.477040467817411384e-02,-4.477040467817416936e-02
-4.105196638547171095e-01,-4.105196638547171095e-01
-9.149271315663755066e-01,-9.149271315663755066e-01
-9.031118288026360741e-01,-9.031118288026360741e-01
-4.208691983728464203e-01,-4.208691983728464203e-01
