-1.000000000000000000e+00,-1.000000000000000000e+00
-7.320504428538905373e-01,-7.320504428538905373e-01
-2.778865778167721179e-01,-2.778865778167721179e-01
-1.750448112652058796e-02,-1.750448112652058796e-02
-7.231659312895633018e-02,-7.231659312895627467e-02
-4.424503547623425126e-01,-4.424503547623424571e-01
-9.025106662958275461e-01,-9.025106662958275461e-01
-9.282429403797456402e-01,-9.282429403797457512e-01
-4.007317396289874489e-01,-4.007317396289873934e-01
-8.094920510233916122e-03,-8.094920510233916122e-03
-1.640486118049094832e-01,-1.640486118049095388e-01
-5.847429443147023065e-01,-5.847429443147023065e-01
-9.187889866934378924e-01,-9.187889866934380034e-01
-9.825854716109569953e-01,-9.825854716109569953e-01
-6.749012998954576625e-01,-6.749012998954577736e-01
-1.622492837487518602e-01,-1.622492837487518047e-01
-3.026929212890022702e-02,-3.026929212890017151e-02
-5.046602867344057719e-01,-5.046602867344056609e-01
-9.563597664767538031e-01,-9.563597664767539142e-01
-9.187737077741788827e-01,-9.187737077741788827e-01
-5.607144778520719575e-01,-5.607144778520718464e-01
-1.796456041508519008e-01,-1.796456041508519286e-01
1.975940575666967902e-03,1.975940575666912391e-03
-2.202620653156027175e-01,-2.202620653156027175e-01
-7.571886233924035592e-01,-7.571886233924034482e-01
-9.909046365157626601e-01,-9.909046365157627712e-01
-5.875691401024180083e-01,-5.875691401024180083e-01
-9.966511753110890437e-02,-9.966511753110890437e-02
-2.182888383472564309e-02,-2.182888383472558758e-02
-2.935351779395009020e-01,-2.935351779395009020e-01
-6.934899137044638895e-01,-6.934899137044637785e-01
-9.811182618902990482e-01,-9.811182618902989372e-01
-8.610155735846274361e-01,-8.610155735846274361e-01
-3.227105506863679474e-01,-3.227105506863678919e-01
3.526887492881991548e-03,3.526887492881991548e-03
-3.137687766326880956e-01,-3.137687766326880956e-01
-8.125947599931910847e-01,-8.125947599931910847e-01
-9.998092282149042553e-01,-9.998092282149043664e-01
-8.314311605279892659e-01,-8.314311605279892659e-01
-4.440736694071002466e-01,-4.440736694071002466e-01
-6.550996618702759067e-02,-6.550996618702759067e-02
-7.258054510284472904e-02,-7.258054510284478456e-02
-5.889013198015564665e-01,-5.889013198015565775e-01
-9.927784342433529918e-01,-9.927784342433529918e-01
-7.779651690683222487e-01,-7.779651690683223597e-01
-2.953694345702389534e-01,-2.953694345702389534e-01
-1.695145110089107954e-02,-1.695145110089107954e-02
-7.147417153658497391e-02,-7.147417153658497391e-02
-4.150271117523013364e-01,-4.150271117523012809e-01
-8.623585532996340675e-01,-8.623585532996340675e-01
-9.674012845478107137e-01,-9.674012845478106026e-01
-4.955844786937869673e-01,-4.955844786937869673e-01
-2.898555790186224668e-02,-2.898555790186224668e-02
-1.331994544093071386e-01,-1.331994544093071386e-01
-5.738436854664679121e-01,-5.738436854664680231e-01
-9.203440798396322897e-01,-9.203440798396322897e-01
-9.846566555812978905e-01,-9.846566555812978905e-01
-7.101005830893623028e-01,-7.101005830893620807e-01
-2.200220306111840829e-01,-2.200220306111841106e-01
-4.992108270317929808e-03,-4.992108270317874297e-03
-4.130185209705567462e-01,-4.130185209705566907e-01
-9.249880970805225422e-01,-9.249880970805224312e-01
-9.352425629097991244e-01,-9.352425629097992354e-01
-5.651150409351324289e-01,-5.651150409351324289e-01
-1.777431407405391517e-01,-1.777431407405391239e-01
1.008313064099486400e-03,1.008313064099486400e-03
-1.808402396406653678e-01,-1.808402396406653956e-01
-6.846254293198452689e-01,-6.846254293198453800e-01
-9.999905810309310805e-01,-9.999905810309310805e-01
-6.704832779417411182e-01,-6.704832779417412292e-01
-1.366531176042042328e-01,-1.366531176042041773e-01
-1.502144036169333896e-02,-1.502144036169333896e-02
-2.940599435152959074e-01,-2.940599435152959074e-01
-6.925506643062456780e-01,-6.925506643062456780e-01
-9.738284657984180859e-01,-9.738284657984179749e-01
-8.999577709204710230e-01,-8.999577709204711340e-01
-4.072928903193283046e-01,-4.072928903193282490e-01
-5.085442746925294966e-03,-5.085442746925239454e-03
-2.422661960447317075e-01,-2.422661960447317631e-01
-7.757340580990916834e-01,-7.757340580990917944e-01
-9.999481793263945706e-01,-9.999481793263945706e-01
-8.291979062836667413e-01,-8.291979062836667413e-01
-4.506177748806339811e-01,-4.506177748806339811e-01
-8.385708324397733726e-02,-8.385708324397733726e-02
-4.081066481081074837e-02,-4.081066481081069286e-02
-4.956156561930263327e-01,-4.956156561930263882e-01
-9.687666565274448693e-01,-9.687666565274447583e-01
-8.334167773379997923e-01,-8.334167773379997923e-01
-3.270799277896864199e-01,-3.270799277896864199e-01
-1.898605027004574008e-02,-1.898605027004568457e-02
-7.238144692396580870e-02,-7.238144692396586422e-02
-4.025293580946056604e-01,-4.025293580946056604e-01
-8.289672718776959215e-01,-8.289672718776960325e-01
-9.894329368352532406e-01,-9.894329368352533516e-01
-5.916119819713204775e-01,-5.916119819713204775e-01
-6.598536216615036309e-02,-6.598536216615036309e-02
-9.534942845484428720e-02,-9.534942845484428720e-02
-5.487515375221401204e-01,-5.487515375221401204e-01
-9.200643739378563390e-01,-9.200643739378562280e-01
-9.846234711099587367e-01,-9.846234711099587367e-01
-7.297839399580430264e-01,-7.297839399580430264e-01
