-1.000000000000000000e+00,-1.000000000000000000e+00
-7.369063700856156585e-01,-7.369063700856155474e-01
-2.249779000094143111e-01,-2.249779000094143111e-01
2.896145240022240941e-05,2.896145240022240941e-05
-2.412107856836775421e-01,-2.412107856836775144e-01
-6.943465694230640528e-01,-6.943465694230640528e-01
-9.880784023841034935e-01,-9.880784023841034935e-01
-8.095113536967618595e-01,-8.095113536967617485e-01
-2.852147307225944561e-01,-2.852147307225945116e-01
5.311195446017158428e-03,5.311195446017102917e-03
-2.576553936456200122e-01,-2.576553936456200122e-01
-7.647631087447149811e-01,-7.647631087447149811e-01
-9.988291806299458564e-01,-9.988291806299458564e-01
-7.569607321910997166e-01,-7.569607321910996056e-01
-2.272465167882264936e-01,-2.272465167882264658e-01
-4.800249881349860637e-04,-4.800249881349305525e-04
-2.966483995655437855e-01,-2.966483995655437855e-01
-7.968029082097095595e-01,-7.968029082097096705e-01
-9.975823032490374054e-01,-9.975823032490372944e-01
-7.442834167704313053e-01,-7.442834167704314163e-01
-2.429768504574847943e-01,-2.429768504574847665e-01
5.246845214640694088e-03,5.246845214640694088e-03
-2.303537910156236435e-01,-2.303537910156236712e-01
-6.744988594443641627e-01,-6.744988594443641627e-01
-9.962141114528985097e-01,-9.962141114528983987e-01
-8.343264037967150770e-01,-8.343264037967150770e-01
-4.050891482597152593e-01,-4.050891482597153148e-01
-2.394538514118776940e-02,-2.394538514118771388e-02
-1.381482794009273318e-01,-1.381482794009273318e-01
-6.164164111172837357e-01,-6.164164111172837357e-01
-9.697966075987548562e-01,-9.697966075987548562e-01
-8.652436718927725146e-01,-8.652436718927725146e-01
-4.383152180591730618e-01,-4.383152180591730618e-01
-2.659325129731043846e-02,-2.659325129731038295e-02
-1.248878356988745164e-01,-1.248878356988745164e-01
-6.199839580459467481e-01,-6.199839580459467481e-01
-9.770592109475180198e-01,-9.770592109475181308e-01
-8.907335889276919438e-01,-8.907335889276919438e-01
-4.834419885834295716e-01,-4.834419885834296271e-01
-7.822332510049218035e-02,-7.822332510049218035e-02
-3.969099546599336170e-02,-3.969099546599336170e-02
-4.588979599021931755e-01,-4.588979599021931755e-01
-9.002908468433137301e-01,-9.002908468433136191e-01
-9.724035895669211893e-01,-9.724035895669211893e-01
-5.904394451087979778e-01,-5.904394451087979778e-01
-1.454396002868374449e-01,-1.454396002868374449e-01
-1.160654474516831236e-02,-1.160654474516825685e-02
-3.153408789877144569e-01,-3.153408789877144569e-01
-7.974456106085218154e-01,-7.974456106085217044e-01
-9.949381844970721644e-01,-9.949381844970721644e-01
-6.949063781529667416e-01,-6.949063781529665196e-01
-2.186553066679443047e-01,-2.186553066679443325e-01
5.238266475958708313e-04,5.238266475958708313e-04
-2.472753623601393613e-01,-2.472753623601394168e-01
-7.443840040907147015e-01,-7.443840040907147015e-01
-9.975828707548948238e-01,-9.975828707548947127e-01
-7.280660072009799144e-01,-7.280660072009799144e-01
-2.450304907837728696e-01,-2.450304907837728419e-01
7.829987251435577278e-03,7.829987251435632789e-03
-2.208625188956645502e-01,-2.208625188956645502e-01
-7.155046535158660070e-01,-7.155046535158660070e-01
-9.950890418319269237e-01,-9.950890418319269237e-01
-7.778776993256245609e-01,-7.778776993256244499e-01
-2.755544600928856447e-01,-2.755544600928856447e-01
-4.603901370967555806e-03,-4.603901370967500295e-03
-1.871203932640200240e-01,-1.871203932640200240e-01
-7.129518359801513272e-01,-7.129518359801512162e-01
-9.886434563992868574e-01,-9.886434563992868574e-01
-8.419839694468085334e-01,-8.419839694468085334e-01
-3.592198654643108946e-01,-3.592198654643108946e-01
2.861457569817316138e-03,2.861457569817316138e-03
-1.446557895231415092e-01,-1.446557895231414537e-01
-5.813603516042928909e-01,-5.813603516042928909e-01
-9.470525807286398479e-01,-9.470525807286397368e-01
-9.376674454360829358e-01,-9.376674454360830469e-01
-4.956527244539790100e-01,-4.956527244539790100e-01
-9.423536562616940948e-02,-9.423536562616946499e-02
-2.554561922356562986e-02,-2.554561922356557435e-02
-4.072756671684737984e-01,-4.072756671684738539e-01
-8.279798232455224394e-01,-8.279798232455225504e-01
-9.876045995758730989e-01,-9.876045995758730989e-01
-6.867947922611660205e-01,-6.867947922611661316e-01
-2.234794060827790529e-01,-2.234794060827789974e-01
-1.619089103115700645e-03,-1.619089103115645134e-03
-3.006432935367562287e-01,-3.006432935367562287e-01
-7.632923580060456681e-01,-7.632923580060457791e-01
-9.901940752427653702e-01,-9.901940752427654813e-01
-6.826718732069937401e-01,-6.826718732069937401e-01
-2.359455705568412887e-01,-2.359455705568412887e-01
1.234777500194372823e-02,1.234777500194372823e-02
-2.476566030294539145e-01,-2.476566030294538590e-01
-7.460016204930050021e-01,-7.460016204930048911e-01
-9.882198839510331068e-01,-9.882198839510329957e-01
-7.548105630993598991e-01,-7.548105630993600101e-01
-2.424048451146244010e-01,-2.424048451146244565e-01
1.829636466163575559e-03,1.829636466163520048e-03
-1.801194112157051830e-01,-1.801194112157051275e-01
-6.496807876542760596e-01,-6.496807876542760596e-01
-9.770696661712786613e-01,-9.770696661712786613e-01
-8.228603843571256071e-01,-8.228603843571256071e-01
-3.923277725917759251e-01,-3.923277725917759251e-01
