-1.000000000000000000e+00,-1.000000000000000000e+00
-7.775431512435695414e-01,-7.775431512435696524e-01
-2.938327229594345780e-01,-2.938327229594345780e-01
-3.845147746416865964e-03,-3.845147746416865964e-03
-1.639502178547530553e-01,-1.639502178547531108e-01
-6.358390305164576262e-01,-6.358390305164576262e-01
-9.903556154858954574e-01,-9.903556154858954574e-01
-8.237684946349581594e-01,-8.237684946349581594e-01
-3.138505994771315089e-01,-3.138505994771315644e-01
-5.874537733103812887e-03,-5.874537733103812887e-03
-1.998848382240467347e-01,-1.998848382240467070e-01
-6.430549981988329389e-01,-6.430549981988329389e-01
-9.705302262839956562e-01,-9.705302262839957672e-01
-8.580472200031411534e-01,-8.580472200031411534e-01
-3.881717460183728430e-01,-3.881717460183727875e-01
-7.640804460021521916e-03,-7.640804460021577427e-03
-1.838176044019751987e-01,-1.838176044019751709e-01
-6.860625900319827775e-01,-6.860625900319828885e-01
-9.926855090481878641e-01,-9.926855090481878641e-01
-8.549988174094608206e-01,-8.549988174094608206e-01
-3.971354872642502976e-01,-3.971354872642502976e-01
-3.871389632468918984e-02,-3.871389632468918984e-02
-8.733284246932615513e-02,-8.733284246932615513e-02
-5.663134040330605190e-01,-5.663134040330606300e-01
-9.465914532983330520e-01,-9.465914532983330520e-01
-9.114795430000256493e-01,-9.114795430000256493e-01
-4.458259194125366309e-01,-4.458259194125365754e-01
-5.078400171805846908e-02,-5.078400171805846908e-02
-7.445900909093816633e-02,-7.445900909093816633e-02
-4.825360357898725860e-01,-4.825360357898725860e-01
-9.198206770173232849e-01,-9.198206770173232849e-01
-9.552545413295856491e-01,-9.552545413295856491e-01
-6.027996708922254143e-01,-6.027996708922254143e-01
-1.209766582837400462e-01,-1.209766582837399906e-01
-1.948929563835993806e-02,-1.948929563835999357e-02
-3.322353986440809148e-01,-3.322353986440809703e-01
-7.991828056754338716e-01,-7.991828056754337606e-01
-9.906071624766703554e-01,-9.906071624766703554e-01
-6.733158613113182644e-01,-6.733158613113182644e-01
-2.262783659428300731e-01,-2.262783659428301009e-01
2.791264717183772337e-03,2.791264717183716826e-03
-2.430659559959547633e-01,-2.430659559959547911e-01
-6.991661352627762671e-01,-6.991661352627762671e-01
-9.903092044759295165e-01,-9.903092044759294055e-01
-8.266858630519808848e-01,-8.266858630519809958e-01
-3.849776934036007736e-01,-3.849776934036007736e-01
-3.722569753556764782e-02,-3.722569753556759231e-02
-9.350635209402180514e-02,-9.350635209402180514e-02
-5.561465627981112547e-01,-5.561465627981112547e-01
-9.583074128415383086e-01,-9.583074128415384196e-01
-9.195853010164694030e-01,-9.195853010164692920e-01
-5.331756152084666800e-01,-5.331756152084666800e-01
-8.901834920538947982e-02,-8.901834920538947982e-02
-5.692730759433428656e-02,-5.692730759433428656e-02
-4.455150476406457560e-01,-4.455150476406457005e-01
-9.000756002456501426e-01,-9.000756002456501426e-01
-9.576934697262399210e-01,-9.576934697262400320e-01
-5.361679660089943011e-01,-5.361679660089944122e-01
-1.117043470974523056e-01,-1.117043470974523056e-01
-1.255884664102924209e-02,-1.255884664102918657e-02
-3.667145227385365525e-01,-3.667145227385365525e-01
-8.110072026043516624e-01,-8.110072026043516624e-01
-9.989904271232665778e-01,-9.989904271232666888e-01
-7.599309443285977572e-01,-7.599309443285976462e-01
-3.094313277340591806e-01,-3.094313277340591251e-01
1.308892650912718558e-03,1.308892650912774069e-03
-1.970579380845165485e-01,-1.970579380845165207e-01
-6.624813234898978553e-01,-6.624813234898979664e-01
-9.948682784896411002e-01,-9.948682784896411002e-01
-8.238958600212564765e-01,-8.238958600212564765e-01
-3.849079134115009349e-01,-3.849079134115009904e-01
-1.991547457302222934e-02,-1.991547457302228485e-02
-1.504280875160730058e-01,-1.504280875160730058e-01
-6.416942693555404142e-01,-6.416942693555404142e-01
-9.713274663198242509e-01,-9.713274663198242509e-01
-9.153413513434861537e-01,-9.153413513434862647e-01
-4.376382912803423730e-01,-4.376382912803424285e-01
-4.271798422381656302e-02,-4.271798422381656302e-02
-1.121266955953316158e-01,-1.121266955953316158e-01
-5.882075884019465351e-01,-5.882075884019465351e-01
-9.508038073791386102e-01,-9.508038073791384992e-01
-9.094218345242078838e-01,-9.094218345242078838e-01
-5.113639308368854719e-01,-5.113639308368854719e-01
-8.728593176017768185e-02,-8.728593176017768185e-02
-3.827988359512840555e-02,-3.827988359512846106e-02
-4.516209715210350861e-01,-4.516209715210351416e-01
-9.158089585682418488e-01,-9.158089585682418488e-01
-9.319593521902876931e-01,-9.319593521902876931e-01
-5.137574815855192600e-01,-5.137574815855191490e-01
-6.931127561662397962e-02,-6.931127561662392411e-02
-7.234003188283361085e-02,-7.234003188283366637e-02
-4.722173937616129247e-01,-4.722173937616129802e-01
-8.933375434500729906e-01,-8.933375434500729906e-01
-9.778094885223332922e-01,-9.778094885223332922e-01
-6.632745539352101760e-01,-6.632745539352101760e-01
-2.109602426542871445e-01,-2.109602426542871167e-01
2.387440658744854893e-04,2.387440658744299782e-04
-2.180785262583470607e-01,-2.180785262583471162e-01
-7.162023867581555070e-01,-7.162023867581555070e-01
-9.908971067028050639e-01,-9.908971067028051749e-01
-7.986848253200812264e-01,-7.986848253200813375e-01
