-1.000000000000000000e+00,-1.000000000000000000e+00
-7.847517103280003958e-01,-7.847517103280003958e-01
-3.040226549814321610e-01,-3.040226549814322166e-01
2.705033490388081274e-01,2.705033490388080164e-01
7.931885151447654048e-01,7.931885151447655158e-01
9.962322192165420365e-01,9.962322192165419255e-01
6.070787851615069286e-01,6.070787851615068176e-01
-2.130516825022771843e-01,-2.130516825022771565e-01
-8.649472329705760743e-01,-8.649472329705760743e-01
-9.771889729780711686e-01,-9.771889729780710576e-01
-6.565436644157374158e-01,-6.565436644157373047e-01
-1.334638437224039409e-01,-1.334638437224040242e-01
4.442770299477253326e-01,4.442770299477253326e-01
9.046694291738319738e-01,9.046694291738318627e-01
9.453263784230200306e-01,9.453263784230199196e-01
3.792103525457044544e-01,3.792103525457044544e-01
-4.568492290184809068e-01,-4.568492290184809068e-01
-9.583598862757883863e-01,-9.583598862757882753e-01
-9.137224592795265554e-01,-9.137224592795265554e-01
-5.105021145774686353e-01,-5.105021145774686353e-01
4.231678960538132195e-02,4.231678960538132195e-02
6.084797823410711404e-01,6.084797823410712514e-01
9.768115702568824776e-01,9.768115702568824776e-01
8.337035356095989780e-01,8.337035356095989780e-01
1.238629789482267318e-01,1.238629789482267873e-01
-6.659330660732749596e-01,-6.659330660732748486e-01
-9.980192623670158802e-01,-9.980192623670158802e-01
-8.173084919487323408e-01,-8.173084919487323408e-01
-3.513559980663587545e-01,-3.513559980663587545e-01
2.199581242050124841e-01,2.199581242050124841e-01
7.555569225687047696e-01,7.555569225687047696e-01
9.998329427418261028e-01,9.998329427418262139e-01
6.647110038303511992e-01,6.647110038303514212e-01
-1.392886923607076777e-01,-1.392886923607076499e-01
-8.282194511621350230e-01,-8.282194511621350230e-01
-9.881876823306952051e-01,-9.881876823306952051e-01
-6.952302389493120183e-01,-6.952302389493120183e-01
-1.828648378205940395e-01,-1.828648378205939840e-01
3.953164445768044821e-01,3.953164445768044266e-01
8.763799130995199027e-01,8.763799130995199027e-01
9.660609705157796601e-01,9.660609705157795490e-01
4.479215064729248352e-01,4.479215064729249463e-01
-3.900742072286678130e-01,-3.900742072286677020e-01
-9.372557066120008606e-01,-9.372557066120008606e-01
-9.355540228468516295e-01,-9.355540228468517405e-01
-5.537512077690728285e-01,-5.537512077690727175e-01
-8.252817815722179873e-03,-8.252817815722124362e-03
5.629498960758531068e-01,5.629498960758531068e-01
9.608083847143489287e-01,9.608083847143489287e-01
8.717125995689980478e-01,8.717125995689980478e-01
1.985097521097350937e-01,1.985097521097351769e-01
-6.105444308761932559e-01,-6.105444308761932559e-01
-9.919833555046917439e-01,-9.919833555046918550e-01
-8.477769409309516835e-01,-8.477769409309517945e-01
-3.979299238366852398e-01,-3.979299238366852398e-01
1.692347899246428033e-01,1.692347899246428311e-01
7.157888959979891164e-01,7.157888959979890053e-01
9.987729632647430744e-01,9.987729632647431854e-01
7.184054623824970287e-01,7.184054623824970287e-01
-6.450184226874222659e-02,-6.450184226874228210e-02
-7.871103372268889453e-01,-7.871103372268889453e-01
-9.956865600551163542e-01,-9.956865600551163542e-01
-7.323408766360695044e-01,-7.323408766360693933e-01
-2.317660710284080716e-01,-2.317660710284080161e-01
3.457356818703428702e-01,3.457356818703428702e-01
8.451193680527646634e-01,8.451193680527646634e-01
9.818162055796189058e-01,9.818162055796189058e-01
5.139448942946176491e-01,5.139448942946176491e-01
-3.207963765191755856e-01,-3.207963765191756411e-01
-9.116906979050433124e-01,-9.116906979050434234e-01
-9.545181851371193904e-01,-9.545181851371193904e-01
-5.958363124237172626e-01,-5.958363124237172626e-01
-5.858379138924119101e-02,-5.858379138924119101e-02
5.162229348762543690e-01,5.162229348762544801e-01
9.410023720255911162e-01,9.410023720255911162e-01
9.048691353754413358e-01,9.048691353754413358e-01
2.720380588430257318e-01,2.720380588430256763e-01
-5.515364260980355482e-01,-5.515364260980355482e-01
-9.817642543315672210e-01,-9.817642543315672210e-01
-8.759934531037479877e-01,-8.759934531037480987e-01
-4.436638971922761687e-01,-4.436638971922761687e-01
1.184383047954180035e-01,1.184383047954179757e-01
6.741098913691053740e-01,6.741098913691053740e-01
9.932083367762369885e-01,9.932083367762369885e-01
7.678862625349625048e-01,7.678862625349626159e-01
1.084294293985288427e-02,1.084294293985288427e-02
-7.417220051533560676e-01,-7.417220051533560676e-01
-9.995141684681108085e-01,-9.995141684681106975e-01
-7.677393641463327034e-01,-7.677393641463327034e-01
-2.800953322833319437e-01,-2.800953322833319437e-01
2.956739778802576768e-01,2.956739778802577323e-01
8.111306544007027552e-01,8.111306544007027552e-01
9.926423935099770723e-01,9.926423935099769613e-01
5.768828432208282786e-01,5.768828432208281676e-01
-2.494077144717784522e-01,-2.494077144717784800e-01
-8.816463193637417151e-01,-8.816463193637418261e-01
-9.704324980190647265e-01,-9.704324980190648375e-01
-6.366496769957308288e-01,-6.366496769957306068e-01
-1.085984979629970315e-01,-1.085984979629970038e-01
4.684782017652273090e-01,4.684782017652273090e-01
9.176240787259536402e-01,9.176240787259537512e-01
