-1.000000000000000000e+00,-1.000000000000000000e+00
-7.260068103857333366e-01,-7.260068103857334476e-01
-2.617995474795629107e-01,-2.617995474795629107e-01
3.462713651364857093e-03,3.462713651364857093e-03
-2.125295796883441835e-01,-2.125295796883442112e-01
-6.725911386175693618e-01,-6.725911386175694728e-01
-9.821750017761737839e-01,-9.821750017761737839e-01
-8.654431137686821041e-01,-8.654431137686821041e-01
-4.248499610999702525e-01,-4.248499610999701970e-01
-3.806022722559415650e-02,-3.806022722559415650e-02
-1.091755959295025447e-01,-1.091755959295026002e-01
-5.707422372488782925e-01,-5.707422372488782925e-01
-9.546026755855259172e-01,-9.546026755855259172e-01
-9.379744697315500757e-01,-9.379744697315499646e-01
-4.874654665305897527e-01,-4.874654665305897527e-01
-4.629438231038540685e-02,-4.629438231038535134e-02
-8.402356031872171283e-02,-8.402356031872171283e-02
-4.750114159767123145e-01,-4.750114159767123145e-01
-9.129996688484488532e-01,-9.129996688484487422e-01
-9.421266513039958657e-01,-9.421266513039959767e-01
-4.821012923260517558e-01,-4.821012923260517558e-01
-5.737653139786247358e-02,-5.737653139786247358e-02
-7.036368529006620243e-02,-7.036368529006620243e-02
-4.921534618757329449e-01,-4.921534618757328894e-01
-9.075931986701865073e-01,-9.075931986701866183e-01
-9.584608892081447618e-01,-9.584608892081447618e-01
-6.063223361267917610e-01,-6.063223361267917610e-01
-1.470437919696997442e-01,-1.470437919696997442e-01
-4.609906540384012263e-03,-4.609906540384012263e-03
-2.819034476444790549e-01,-2.819034476444790549e-01
-7.334724648625694510e-01,-7.334724648625693399e-01
-9.935943413858711049e-01,-9.935943413858712159e-01
-8.443331745024855728e-01,-8.443331745024855728e-01
-3.825399755846956573e-01,-3.825399755846957128e-01
-3.246934828006375895e-02,-3.246934828006375895e-02
-1.282047972988469287e-01,-1.282047972988469287e-01
-6.235619677560935159e-01,-6.235619677560934049e-01
-9.758685797908691617e-01,-9.758685797908690507e-01
-8.907357361079129010e-01,-8.907357361079130120e-01
-3.961045178173905335e-01,-3.961045178173905335e-01
-4.766152171594428832e-02,-4.766152171594428832e-02
-5.622260605455936533e-02,-5.622260605455936533e-02
-4.561308628812099086e-01,-4.561308628812098531e-01
-8.847500682982054609e-01,-8.847500682982054609e-01
-9.709053310638894319e-01,-9.709053310638894319e-01
-5.933507454157747052e-01,-5.933507454157747052e-01
-1.340045356745380167e-01,-1.340045356745380167e-01
-5.891478791911930468e-03,-5.891478791911930468e-03
-3.080205638109204114e-01,-3.080205638109204669e-01
-7.946344769304263256e-01,-7.946344769304263256e-01
-9.983239808939948778e-01,-9.983239808939948778e-01
-7.385168943184389212e-01,-7.385168943184389212e-01
-2.630651113576275013e-01,-2.630651113576274458e-01
-3.418495506195551314e-04,-3.418495506196106426e-04
-2.205582721022367187e-01,-2.205582721022367465e-01
-6.980141358012273978e-01,-6.980141358012275088e-01
-9.964601927935706760e-01,-9.964601927935707870e-01
-8.061725949839625427e-01,-8.061725949839625427e-01
-3.300325949019774496e-01,-3.300325949019775051e-01
-1.342446858700285794e-02,-1.342446858700285794e-02
-1.403473042116553104e-01,-1.403473042116553104e-01
-6.036333076370402617e-01,-6.036333076370401507e-01
-9.771796752703530986e-01,-9.771796752703530986e-01
-9.037737018382437926e-01,-9.037737018382437926e-01
-4.916069913043386586e-01,-4.916069913043387141e-01
-9.541914129128675759e-02,-9.541914129128670208e-02
-5.079494012167817818e-02,-5.079494012167817818e-02
-4.735605297345476528e-01,-4.735605297345476528e-01
-9.035072509409308728e-01,-9.035072509409307617e-01
-9.551211539179813581e-01,-9.551211539179813581e-01
-5.791304664572343164e-01,-5.791304664572343164e-01
-1.234847518652172904e-01,-1.234847518652172904e-01
-2.874144552708696176e-02,-2.874144552708696176e-02
-4.241015367809397585e-01,-4.241015367809397585e-01
-9.008027720623881240e-01,-9.008027720623881240e-01
-9.483557768183469294e-01,-9.483557768183468184e-01
-5.507997698780163764e-01,-5.507997698780163764e-01
-1.064571172234194396e-01,-1.064571172234194396e-01
-3.815649044678137702e-02,-3.815649044678137702e-02
-4.616605140518234562e-01,-4.616605140518235117e-01
-9.081149557910439540e-01,-9.081149557910440651e-01
-9.405088355651175513e-01,-9.405088355651176624e-01
-5.266492391270470863e-01,-5.266492391270469753e-01
-9.019561578392198964e-02,-9.019561578392198964e-02
-5.108777713469914161e-02,-5.108777713469914161e-02
-4.615124797403807322e-01,-4.615124797403807877e-01
-9.017285205221859945e-01,-9.017285205221858835e-01
-9.796035000718027463e-01,-9.796035000718027463e-01
-6.084796235356282335e-01,-6.084796235356281224e-01
-1.518748548503477402e-01,-1.518748548503476847e-01
-7.015774828052823153e-03,-7.015774828052767642e-03
-3.209953510661696652e-01,-3.209953510661697207e-01
-8.238476570748960448e-01,-8.238476570748960448e-01
-9.956836365336879657e-01,-9.956836365336880768e-01
-7.040163224125196573e-01,-7.040163224125197683e-01
-1.739758729313689578e-01,-1.739758729313689301e-01
-1.180596436231939883e-02,-1.180596436231945434e-02
-3.363110282517946525e-01,-3.363110282517946525e-01
-8.163382766018113523e-01,-8.163382766018113523e-01
-9.956695420883273639e-01,-9.956695420883273639e-01
-7.358135073757521294e-01,-7.358135073757521294e-01
