-1.000000000000000000e+00,-1.000000000000000000e+00
-7.523143012198174606e-01,-7.523143012198174606e-01
-1.704221467431260573e-01,-1.704221467431260850e-01
4.944330813390994117e-01,4.944330813390993562e-01
9.204845439721796030e-01,9.204845439721796030e-01
9.562725362050368272e-01,9.562725362050368272e-01
5.418232128640340095e-01,5.418232128640340095e-01
-1.569865949473137623e-01,-1.569865949473137345e-01
-7.862299443298599311e-01,-7.862299443298599311e-01
-9.996757673732548088e-01,-9.996757673732548088e-01
-7.224036615916711312e-01,-7.224036615916711312e-01
-9.537628384171448204e-02,-9.537628384171448204e-02
5.957042572598063579e-01,5.957042572598064689e-01
9.846341022822018285e-01,9.846341022822018285e-01
8.416487496727569351e-01,8.416487496727569351e-01
2.485032958151351945e-01,2.485032958151352500e-01
-3.904540016269785752e-01,-3.904540016269785196e-01
-9.072966469350189911e-01,-9.072966469350188801e-01
-9.684733637574053366e-01,-9.684733637574054477e-01
-5.052220983133075549e-01,-5.052220983133075549e-01
1.839402827905903259e-01,1.839402827905903814e-01
8.106997956020522977e-01,8.106997956020521867e-01
9.972111204904663406e-01,9.972111204904663406e-01
6.793020410397235809e-01,6.793020410397235809e-01
4.862371301162565773e-02,4.862371301162562998e-02
-6.209802748150656804e-01,-6.209802748150657914e-01
-9.722250457703789372e-01,-9.722250457703789372e-01
-8.705554951396637930e-01,-8.705554951396637930e-01
-3.607723848325082305e-01,-3.607723848325082305e-01
4.031313930664988110e-01,4.031313930664987000e-01
8.822482885161999633e-01,8.822482885161999633e-01
9.808405034615070850e-01,9.808405034615070850e-01
6.363789948850562261e-01,6.363789948850563372e-01
1.573756898412159710e-03,1.573756898412131955e-03
-6.124905853540678624e-01,-6.124905853540678624e-01
-9.920779891144648754e-01,-9.920779891144649865e-01
-8.526176639421496617e-01,-8.526176639421496617e-01
-2.311232344067370992e-01,-2.311232344067370714e-01
5.211512822193851147e-01,5.211512822193851147e-01
9.715768657400843944e-01,9.715768657400842834e-01
8.962812447719801234e-01,8.962812447719800124e-01
3.735968688736694965e-01,3.735968688736694965e-01
-2.864586160093223199e-01,-2.864586160093223755e-01
-8.667513645172227887e-01,-8.667513645172228998e-01
-9.630565611530034209e-01,-9.630565611530035319e-01
-5.950514016051439148e-01,-5.950514016051439148e-01
3.948867272457823319e-02,3.948867272457823319e-02
6.569492008589852272e-01,6.569492008589852272e-01
9.863767168311589062e-01,9.863767168311590172e-01
8.348871565903996927e-01,8.348871565903995817e-01
2.956269661618509681e-01,2.956269661618509126e-01
-4.380619809243196383e-01,-4.380619809243196383e-01
-9.058587774460209463e-01,-9.058587774460209463e-01
-9.441940921336401393e-01,-9.441940921336400283e-01
-4.266689502151204128e-01,-4.266689502151203572e-01
3.404887978940184246e-01,3.404887978940184801e-01
8.937569050801952297e-01,8.937569050801952297e-01
9.792896274516569299e-01,9.792896274516569299e-01
5.531149777721258154e-01,5.531149777721258154e-01
-1.412044433610080141e-01,-1.412044433610080141e-01
-7.966667185411608898e-01,-7.966667185411608898e-01
-9.999863244632165582e-01,-9.999863244632165582e-01
-7.182891733838778769e-01,-7.182891733838778769e-01
-1.399805239168621096e-01,-1.399805239168621374e-01
5.363388211060435840e-01,5.363388211060434729e-01
9.385646898565634944e-01,9.385646898565633833e-01
9.397257901613584874e-01,9.397257901613583764e-01
4.665393281330323383e-01,4.665393281330322828e-01
-1.929857807365932265e-01,-1.929857807365932265e-01
-7.959925066365663993e-01,-7.959925066365665103e-01
-9.985157937874017398e-01,-9.985157937874016287e-01
-6.668345377879896230e-01,-6.668345377879896230e-01
-1.916438208691945144e-02,-1.916438208691942369e-02
6.325875791455778385e-01,6.325875791455778385e-01
9.930937813687494842e-01,9.930937813687494842e-01
7.961513383950518108e-01,7.961513383950516998e-01
1.725573650265669889e-01,1.725573650265669612e-01
-4.997617506313752900e-01,-4.997617506313753455e-01
-9.305608650928678394e-01,-9.305608650928678394e-01
-9.292995321214885251e-01,-9.292995321214885251e-01
-4.572600741124143719e-01,-4.572600741124144275e-01
2.282717903891776645e-01,2.282717903891776368e-01
8.161013728095281028e-01,8.161013728095281028e-01
9.988278971465456291e-01,9.988278971465455180e-01
7.187637759597811371e-01,7.187637759597811371e-01
9.130549269900517517e-02,9.130549269900520293e-02
-6.260093471461701808e-01,-6.260093471461702919e-01
-9.931651233827725189e-01,-9.931651233827725189e-01
-7.908898619767401605e-01,-7.908898619767401605e-01
-1.873283672443544212e-01,-1.873283672443543657e-01
5.032418883881339955e-01,5.032418883881339955e-01
9.629907193385895958e-01,9.629907193385895958e-01
8.730204419313070119e-01,8.730204419313071229e-01
3.182039938447758787e-01,3.182039938447758787e-01
-3.551193764256245777e-01,-3.551193764256246332e-01
-8.716739348203842441e-01,-8.716739348203841331e-01
-9.668339076373935193e-01,-9.668339076373936303e-01
-5.318291958446570433e-01,-5.318291958446570433e-01
1.768529053913506788e-01,1.768529053913506233e-01
7.405918433952068947e-01,7.405918433952068947e-01
9.997722560656205903e-01,9.997722560656207014e-01
