1.000000000000000000e+00,1.000000000000000000e+00,1.000000000000000000e+00,1.000000000000000000e+00
1.000000000000000222e+00,5.881985985020892205e-01,5.881985985020892205e-01,1.000000000000000222e+00
1.000000000000000222e+00,1.411468007642033284e-02,1.411468007642033284e-02,1.000000000000000222e+00
1.000000000000000222e+00,2.651550507468559692e-01,2.651550507468559692e-01,1.000000000000000222e+00
1.000000000000000222e+00,8.922108432422539703e-01,8.922108432422539703e-01,1.000000000000000222e+00
1.000000000000000000e+00,8.984793982244112520e-01,8.984793982244112520e-01,1.000000000000000000e+00
1.000000000000000000e+00,2.983151992275151487e-01,2.983151992275151487e-01,1.000000000000000000e+00
1.000000000000000000e+00,2.135374577720156042e-02,2.135374577720156042e-02,1.000000000000000000e+00
1.000000000000000000e+00,5.756531546827750034e-01,5.756531546827750034e-01,1.000000000000000000e+00
1.000000000000000222e+00,9.999881911509629351e-01,9.999881911509629351e-01,1.000000000000000222e+00
1.000000000000000222e+00,5.357241852916708735e-01,5.357241852916708735e-01,1.000000000000000222e+00
1.000000000000000444e+00,2.658670180995725829e-02,2.658670180995725829e-02,1.000000000000000444e+00
1.000000000000000666e+00,2.987401489528634380e-01,2.987401489528634380e-01,1.000000000000000666e+00
1.000000000000000666e+00,9.345521318094422991e-01,9.345521318094422991e-01,1.000000000000000666e+00
1.000000000000000666e+00,8.265956987844058634e-01,8.265956987844058634e-01,1.000000000000000666e+00
1.000000000000000444e+00,2.122895917710661273e-01,2.122895917710661273e-01,1.000000000000000444e+00
1.000000000000000666e+00,3.235058672933383006e-02,3.235058672933383006e-02,1.000000000000000666e+00
1.000000000000000888e+00,6.288431955940602114e-01,6.288431955940602114e-01,1.000000000000000888e+00
1.000000000000000444e+00,9.950065975037287735e-01,9.950065975037287735e-01,1.000000000000000444e+00
1.000000000000000222e+00,5.461704878122336515e-01,5.461704878122336515e-01,1.000000000000000222e+00
1.000000000000000444e+00,6.327729467214465719e-03,6.327729467214465719e-03,1.000000000000000444e+00
1.000000000000000444e+00,3.040736284458528949e-01,3.040736284458528949e-01,1.000000000000000444e+00
1.000000000000000222e+00,9.472757123796491374e-01,9.472757123796491374e-01,1.000000000000000222e+00
1.000000000000000444e+00,7.404744899270551128e-01,7.404744899270551128e-01,1.000000000000000444e+00
1.000000000000000444e+00,6.036111436358218563e-02,6.036111436358218563e-02,1.000000000000000444e+00
1.000000000000000444e+00,2.234590188177867087e-01,2.234590188177867087e-01,1.000000000000000444e+00
1.000000000000000666e+00,8.653269911688334926e-01,8.653269911688334926e-01,1.000000000000000666e+00
1.000000000000000666e+00,9.258422526110835493e-01,9.258422526110835493e-01,1.000000000000000666e+00
1.000000000000000666e+00,2.816418484768237196e-01,2.816418484768237196e-01,1.000000000000000666e+00
1.000000000000000888e+00,1.097446691198511459e-02,1.097446691198511459e-02,1.000000000000000888e+00
1.000000000000000888e+00,5.571986774151842514e-01,5.571986774151842514e-01,1.000000000000000888e+00
1.000000000000000888e+00,9.980028536660863203e-01,9.980028536660863203e-01,1.000000000000000888e+00
1.000000000000000888e+00,5.479612067642499751e-01,5.479612067642499751e-01,1.000000000000000888e+00
1.000000000000000888e+00,1.709175550679098432e-02,1.709175550679098432e-02,1.000000000000000888e+00
1.000000000000001332e+00,2.570073746903417944e-01,2.570073746903417944e-01,1.000000000000001332e+00
1.000000000000001332e+00,9.352936388227890419e-01,9.352936388227890419e-01,1.000000000000001332e+00
1.000000000000001110e+00,8.051897099127078850e-01,8.051897099127078850e-01,1.000000000000001110e+00
1.000000000000000888e+00,1.005533666926459457e-01,1.005533666926459457e-01,1.000000000000000888e+00
1.000000000000000666e+00,1.829716657685318271e-01,1.829716657685318271e-01,1.000000000000000666e+00
1.000000000000000888e+00,8.025127553577641182e-01,8.025127553577641182e-01,1.000000000000000888e+00
1.000000000000001110e+00,9.352132548831171288e-01,9.352132548831171288e-01,1.000000000000001110e+00
1.000000000000001110e+00,3.257441555513146403e-01,3.257441555513146403e-01,1.000000000000001110e+00
1.000000000000001332e+00,3.342536022559447484e-02,3.342536022559447484e-02,1.000000000000001332e+00
1.000000000000000888e+00,5.799044177432369773e-01,5.799044177432369773e-01,1.000000000000000888e+00
1.000000000000000888e+00,9.999205139549167676e-01,9.999205139549167676e-01,1.000000000000000888e+00
1.000000000000000888e+00,5.426247558157540896e-01,5.426247558157540896e-01,1.000000000000000888e+00
1.000000000000000666e+00,1.940808111423106275e-02,1.940808111423106275e-02,1.000000000000000666e+00
1.000000000000000444e+00,2.496781612097396796e-01,2.496781612097396796e-01,1.000000000000000444e+00
1.000000000000000444e+00,8.933972469476239020e-01,8.933972469476239020e-01,1.000000000000000444e+00
1.000000000000000666e+00,8.956422821121485800e-01,8.956422821121485800e-01,1.000000000000000666e+00
1.000000000000000666e+00,2.079336660310968643e-01,2.079336660310968643e-01,1.000000000000000666e+00
1.000000000000000444e+00,6.805657099120057674e-02,6.805657099120057674e-02,1.000000000000000444e+00
1.000000000000000666e+00,7.333988606681219879e-01,7.333988606681219879e-01,1.000000000000000666e+00
1.000000000000000444e+00,9.882401976955748069e-01,9.882401976955748069e-01,1.000000000000000444e+00
1.000000000000000444e+00,5.165419008633863607e-01,5.165419008633863607e-01,1.000000000000000444e+00
1.000000000000000666e+00,2.041031660277581317e-02,2.041031660277581317e-02,1.000000000000000666e+00
1.000000000000000666e+00,3.487307844413473079e-01,3.487307844413473079e-01,1.000000000000000666e+00
1.000000000000000888e+00,9.343183232137750593e-01,9.343183232137750593e-01,1.000000000000000888e+00
1.000000000000000888e+00,8.235149009965905265e-01,8.235149009965905265e-01,1.000000000000000888e+00
1.000000000000000666e+00,2.120902435341290304e-01,2.120902435341290304e-01,1.000000000000000666e+00
1.000000000000000444e+00,3.793601067229895873e-02,3.793601067229895873e-02,1.000000000000000444e+00
1.000000000000000444e+00,6.009738636680891366e-01,6.009738636680891366e-01,1.000000000000000444e+00
1.000000000000000444e+00,9.999787917617917188e-01,9.999787917617917188e-01,1.000000000000000444e+00
1.000000000000000222e+00,5.230609363505418496e-01,5.230609363505418496e-01,1.000000000000000222e+00
1.000000000000000444e+00,3.618102405730044824e-03,3.618102405730044824e-03,1.000000000000000444e+00
1.000000000000000222e+00,3.957301586680304073e-01,3.957301586680304073e-01,1.000000000000000222e+00
1.000000000000000444e+00,9.744342034341556547e-01,9.744342034341556547e-01,1.000000000000000444e+00
1.000000000000000444e+00,7.304408629915797313e-01,7.304408629915797313e-01,1.000000000000000444e+00
1.000000000000000666e+00,1.173852533128057901e-01,1.173852533128057901e-01,1.000000000000000666e+00
1.000000000000000888e+00,1.167625524519103064e-01,1.167625524519103064e-01,1.000000000000000888e+00
1.000000000000001110e+00,7.231977500721732399e-01,7.231977500721732399e-01,1.000000000000001110e+00
1.000000000000000888e+00,9.443781680358100949e-01,9.443781680358100949e-01,1.000000000000000888e+00
1.000000000000001110e+00,3.418166147641905628e-01,3.418166147641905628e-01,1.000000000000001110e+00
1.000000000000001110e+00,5.304366048090813912e-03,5.304366048090813912e-03,1.000000000000001110e+00
1.000000000000001332e+00,4.817796022693209834e-01,4.817796022693209834e-01,1.000000000000001332e+00
1.000000000000001332e+00,9.921448375726852342e-01,9.921448375726852342e-01,1.000000000000001332e+00
1.000000000000001332e+00,6.174533471292398268e-01,6.174533471292398268e-01,1.000000000000001332e+00
1.000000000000001332e+00,1.324354474687172711e-02,1.324354474687172711e-02,1.000000000000001332e+00
1.000000000000001110e+00,3.078935274497229813e-01,3.078935274497229813e-01,1.000000000000001110e+00
1.000000000000000888e+00,9.444580671062637878e-01,9.444580671062637878e-01,1.000000000000000888e+00
1.000000000000000666e+00,7.793594733424037413e-01,7.793594733424037413e-01,1.000000000000000666e+00
1.000000000000000888e+00,1.122871299009177704e-01,1.122871299009177704e-01,1.000000000000000888e+00
1.000000000000000888e+00,1.616365703735110348e-01,1.616365703735110348e-01,1.000000000000000888e+00
1.000000000000000888e+00,8.243444436843336831e-01,8.243444436843336831e-01,1.000000000000000888e+00
1.000000000000000888e+00,9.073186739711709414e-01,9.073186739711709414e-01,1.000000000000000888e+00
1.000000000000000888e+00,2.613036121138617718e-01,2.613036121138617718e-01,1.000000000000000888e+00
1.000000000000001110e+00,4.579839714370886883e-02,4.579839714370886883e-02,1.000000000000001110e+00
1.000000000000001110e+00,6.609663678413687515e-01,6.609663678413687515e-01,1.000000000000001110e+00
1.000000000000001110e+00,9.925136931351470349e-01,9.925136931351470349e-01,1.000000000000001110e+00
1.000000000000001110e+00,5.435831511161278717e-01,5.435831511161278717e-01,1.000000000000001110e+00
1.000000000000000888e+00,1.747368442182220538e-02,1.747368442182220538e-02,1.000000000000000888e+00
1.000000000000001332e+00,2.768031094970093697e-01,2.768031094970093697e-01,1.000000000000001332e+00
1.000000000000001332e+00,9.187775120251485683e-01,9.187775120251485683e-01,1.000000000000001332e+00
1.000000000000001110e+00,8.174560318977558415e-01,8.174560318977558415e-01,1.000000000000001110e+00
1.000000000000000888e+00,1.444404704580435628e-01,1.444404704580435628e-01,1.000000000000000888e+00
1.000000000000000666e+00,1.050363783903964232e-01,1.050363783903964232e-01,1.000000000000000666e+00
1.000000000000000666e+00,7.846234025527770717e-01,7.846234025527770717e-01,1.000000000000000666e+00
1.000000000000000666e+00,9.088458744095697650e-01,9.088458744095697650e-01,1.000000000000000666e+00
1.000000000000000444e+00,2.796885232628789630e-01,2.796885232628789630e-01,1.000000000000000444e+00
1.000000000000000444e+00,4.215413506057164028e-02,4.215413506057164028e-02,1.000000000000000444e+00
1.000000000000000888e+00,6.899778479893617922e-01,6.899778479893617922e-01,1.000000000000000888e+00
