1.000000000000000000e+00,1.000000000000000000e+00,1.000000000000000000e+00,1.000000000000000000e+00
9.999999999999997780e-01,5.422109503956862309e-01,5.422109503956862309e-01,9.999999999999997780e-01
1.000000000000000000e+00,-4.127050729488719316e-01,-4.127050729488719316e-01,1.000000000000000000e+00
9.999999999999997780e-01,-9.784937015472499056e-01,-9.784937015472499056e-01,9.999999999999997780e-01
9.999999999999993339e-01,-7.239067684336408792e-01,-7.239067684336408792e-01,9.999999999999993339e-01
9.999999999999995559e-01,1.730171110023543402e-01,1.730171110023543402e-01,9.999999999999995559e-01
9.999999999999994449e-01,9.405581319729705569e-01,9.405581319729705569e-01,9.999999999999994449e-01
9.999999999999994449e-01,7.778313198328329348e-01,7.778313198328329348e-01,9.999999999999994449e-01
9.999999999999990008e-01,-9.625934784769929475e-02,-9.625934784769929475e-02,9.999999999999990008e-01
9.999999999999984457e-01,-9.284395976519463911e-01,-9.284395976519463911e-01,9.999999999999984457e-01
9.999999999999982236e-01,-8.096352393717001217e-01,-8.096352393717001217e-01,9.999999999999982236e-01
9.999999999999981126e-01,1.707719173261653400e-01,1.707719173261653400e-01,9.999999999999981126e-01
9.999999999999981126e-01,9.012443958050186943e-01,9.012443958050186943e-01,9.999999999999981126e-01
9.999999999999983347e-01,8.256870158209297372e-01,8.256870158209297372e-01,9.999999999999983347e-01
9.999999999999988898e-01,-1.089576866531000721e-01,-1.089576866531000721e-01,9.999999999999988898e-01
9.999999999999986677e-01,-9.223613056532669052e-01,-9.223613056532669052e-01,9.999999999999986677e-01
9.999999999999992228e-01,-7.464018078322763872e-01,-7.464018078322763872e-01,9.999999999999992228e-01
9.999999999999993339e-01,1.644623439344188032e-01,1.644623439344188032e-01,9.999999999999993339e-01
9.999999999999998890e-01,8.991934993967881651e-01,8.991934993967881651e-01,9.999999999999998890e-01
9.999999999999998890e-01,8.120314434115049051e-01,8.120314434115049051e-01,9.999999999999998890e-01
1.000000000000000444e+00,-6.486602700211430150e-02,-6.486602700211430150e-02,1.000000000000000444e+00
1.000000000000000222e+00,-8.646125331135248171e-01,-8.646125331135248171e-01,1.000000000000000222e+00
9.999999999999997780e-01,-8.838083082531589252e-01,-8.838083082531589252e-01,9.999999999999997780e-01
9.999999999999995559e-01,-6.572360215926575933e-02,-6.572360215926575933e-02,9.999999999999995559e-01
9.999999999999994449e-01,8.008737097173044273e-01,8.008737097173044273e-01,9.999999999999994449e-01
9.999999999999997780e-01,9.048044618974835362e-01,9.048044618974835362e-01,9.999999999999997780e-01
1.000000000000000000e+00,1.748950523237331189e-01,1.748950523237331189e-01,1.000000000000000000e+00
1.000000000000000000e+00,-7.864665327118344207e-01,-7.864665327118344207e-01,1.000000000000000000e+00
1.000000000000000000e+00,-9.146247779395022537e-01,-9.146247779395022537e-01,1.000000000000000000e+00
1.000000000000000000e+00,-2.587716056063058545e-01,-2.587716056063058545e-01,1.000000000000000000e+00
9.999999999999997780e-01,7.586122489256650336e-01,7.586122489256650336e-01,9.999999999999997780e-01
9.999999999999998890e-01,9.461817035980444324e-01,9.461817035980444324e-01,9.999999999999998890e-01
1.000000000000000000e+00,1.292691797787727248e-01,1.292691797787727248e-01,1.000000000000000000e+00
1.000000000000000222e+00,-7.923747565135409454e-01,-7.923747565135409454e-01,1.000000000000000222e+00
1.000000000000000000e+00,-9.009328752317238287e-01,-9.009328752317238287e-01,1.000000000000000000e+00
1.000000000000000000e+00,-4.500960654682095718e-02,-4.500960654682095718e-02,1.000000000000000000e+00
1.000000000000000222e+00,7.816002660832307436e-01,7.816002660832307436e-01,1.000000000000000222e+00
1.000000000000000000e+00,9.518389182349890065e-01,9.518389182349890065e-01,1.000000000000000000e+00
9.999999999999997780e-01,2.930252466226746511e-01,2.930252466226746511e-01,9.999999999999997780e-01
1.000000000000000000e+00,-6.550900410859340495e-01,-6.550900410859340495e-01,1.000000000000000000e+00
9.999999999999998890e-01,-9.832088947204814522e-01,-9.832088947204814522e-01,9.999999999999998890e-01
1.000000000000000000e+00,-3.981993112750552011e-01,-3.981993112750552011e-01,1.000000000000000000e+00
1.000000000000000000e+00,6.397911591884524185e-01,6.397911591884524185e-01,1.000000000000000000e+00
1.000000000000000000e+00,9.803600074168975498e-01,9.803600074168975498e-01,1.000000000000000000e+00
9.999999999999996669e-01,3.976789059171418339e-01,3.976789059171418339e-01,9.999999999999996669e-01
9.999999999999995559e-01,-6.226816971522758370e-01,-6.226816971522758370e-01,9.999999999999995559e-01
9.999999999999994449e-01,-9.726380750882643866e-01,-9.726380750882643866e-01,9.999999999999994449e-01
9.999999999999991118e-01,-2.866091736860265082e-01,-2.866091736860265082e-01,9.999999999999991118e-01
9.999999999999996669e-01,6.840075556768918652e-01,6.840075556768918652e-01,9.999999999999996669e-01
1.000000000000000000e+00,9.581952141674352497e-01,9.581952141674352497e-01,1.000000000000000000e+00
1.000000000000000000e+00,1.656382713689690811e-01,1.656382713689690811e-01,1.000000000000000000e+00
1.000000000000000222e+00,-8.013700394803522364e-01,-8.013700394803522364e-01,1.000000000000000222e+00
1.000000000000000000e+00,-8.793474636740468142e-01,-8.793474636740468142e-01,1.000000000000000000e+00
1.000000000000000222e+00,-9.192010221979673990e-02,-9.192010221979673990e-02,1.000000000000000222e+00
1.000000000000000222e+00,8.277125920994961028e-01,8.277125920994961028e-01,1.000000000000000222e+00
1.000000000000000000e+00,9.388730195500508691e-01,9.388730195500508691e-01,1.000000000000000000e+00
1.000000000000000000e+00,1.139169351854577572e-01,1.139169351854577572e-01,1.000000000000000000e+00
1.000000000000000222e+00,-7.622879134401248091e-01,-7.622879134401248091e-01,1.000000000000000222e+00
1.000000000000000222e+00,-9.352039266035863108e-01,-9.352039266035863108e-01,1.000000000000000222e+00
1.000000000000000444e+00,-1.754788379780609642e-01,-1.754788379780609642e-01,1.000000000000000444e+00
1.000000000000000666e+00,7.462570078838337562e-01,7.462570078838337562e-01,1.000000000000000666e+00
1.000000000000000444e+00,9.353115863377485795e-01,9.353115863377485795e-01,1.000000000000000444e+00
1.000000000000000222e+00,1.380667031626090224e-01,1.380667031626090224e-01,1.000000000000000222e+00
1.000000000000000222e+00,-7.654550746673378647e-01,-7.654550746673378647e-01,1.000000000000000222e+00
1.000000000000000222e+00,-9.268703229026673540e-01,-9.268703229026673540e-01,1.000000000000000222e+00
1.000000000000000000e+00,-8.374975568118847580e-02,-8.374975568118847580e-02,1.000000000000000000e+00
9.999999999999998890e-01,8.180571930455412533e-01,8.180571930455412533e-01,9.999999999999998890e-01
9.999999999999998890e-01,9.393734280369029355e-01,9.393734280369029355e-01,9.999999999999998890e-01
1.000000000000000000e+00,1.440620216291548517e-01,1.440620216291548517e-01,1.000000000000000000e+00
9.999999999999997780e-01,-7.955860187055703303e-01,-7.955860187055703303e-01,9.999999999999997780e-01
1.000000000000000000e+00,-8.922366650600813687e-01,-8.922366650600813687e-01,1.000000000000000000e+00
1.000000000000000444e+00,-2.096127962359680685e-01,-2.096127962359680685e-01,1.000000000000000444e+00
1.000000000000000222e+00,6.669200625175177866e-01,6.669200625175177866e-01,1.000000000000000222e+00
9.999999999999998890e-01,9.749267510294993277e-01,9.749267510294993277e-01,9.999999999999998890e-01
1.000000000000000000e+00,3.670748810566162867e-01,3.670748810566162867e-01,1.000000000000000000e+00
1.000000000000000222e+00,-5.023394839980050985e-01,-5.023394839980050985e-01,1.000000000000000222e+00
1.000000000000000222e+00,-9.945724022975706013e-01,-9.945724022975706013e-01,1.000000000000000222e+00
1.000000000000000444e+00,-3.783104379985916532e-01,-3.783104379985916532e-01,1.000000000000000444e+00
1.000000000000000000e+00,6.218619073817639453e-01,6.218619073817639453e-01,1.000000000000000000e+00
1.000000000000000444e+00,9.894104497817641786e-01,9.894104497817641786e-01,1.000000000000000444e+00
1.000000000000000444e+00,3.352170742483754351e-01,3.352170742483754351e-01,1.000000000000000444e+00
1.000000000000000444e+00,-6.770529610476344606e-01,-6.770529610476344606e-01,1.000000000000000444e+00
1.000000000000000000e+00,-9.751969355698022479e-01,-9.751969355698022479e-01,1.000000000000000000e+00
1.000000000000000222e+00,-4.087081399061310294e-01,-4.087081399061310294e-01,1.000000000000000222e+00
1.000000000000000222e+00,5.630869412897566706e-01,5.630869412897566706e-01,1.000000000000000222e+00
1.000000000000000222e+00,9.997608228690592069e-01,9.997608228690592069e-01,1.000000000000000222e+00
1.000000000000000000e+00,5.120803782578959851e-01,5.120803782578959851e-01,1.000000000000000000e+00
9.999999999999997780e-01,-4.778627557844940532e-01,-4.778627557844940532e-01,9.999999999999997780e-01
1.000000000000000666e+00,-9.897741678492801842e-01,-9.897741678492801842e-01,1.000000000000000666e+00
1.000000000000000666e+00,-5.367780401016630787e-01,-5.367780401016630787e-01,1.000000000000000666e+00
1.000000000000000888e+00,3.305484016502582834e-01,3.305484016502582834e-01,1.000000000000000888e+00
1.000000000000000666e+00,9.830941177715761814e-01,9.830941177715761814e-01,1.000000000000000666e+00
1.000000000000000666e+00,6.446035323120465899e-01,6.446035323120465899e-01,1.000000000000000666e+00
1.000000000000000222e+00,-2.786410086146504095e-01,-2.786410086146504095e-01,1.000000000000000222e+00
1.000000000000000444e+00,-9.098753672229913381e-01,-9.098753672229913381e-01,1.000000000000000444e+00
1.000000000000001110e+00,-8.285695541600939240e-01,-8.285695541600939240e-01,1.000000000000001110e+00
1.000000000000000666e+00,3.908572517561226256e-02,3.908572517561226256e-02,1.000000000000000666e+00
1.000000000000000444e+00,8.443334924698322475e-01,8.443334924698322475e-01,1.000000000000000444e+00
9.999999999999998890e-01,9.318118921066064209e-01,9.318118921066064209e-01,9.999999999999998890e-01
1.000000000000000222e+00,2.424323495909067316e-01,2.424323495909067316e-01,1.000000000000000222e+00
1.000000000000000000e+00,-6.513072707029996522e-01,-6.513072707029996522e-01,1.000000000000000000e+00
