1.000000000000000000e+00,1.000000000000000000e+00,1.000000000000000000e+00,1.000000000000000000e+00
9.999999999999997780e-01,4.470852922440420318e-01,4.470852922440420318e-01,9.999999999999997780e-01
9.999999999999997780e-01,-4.860808311712496166e-01,-4.860808311712496166e-01,9.999999999999997780e-01
1.000000000000000444e+00,-9.905254480771199521e-01,-9.905254480771199521e-01,1.000000000000000444e+00
1.000000000000000888e+00,-4.549203287618618918e-01,-4.549203287618618918e-01,1.000000000000000888e+00
1.000000000000000666e+00,5.844070229212670053e-01,5.844070229212670053e-01,1.000000000000000666e+00
1.000000000000000666e+00,9.987740486881108160e-01,9.987740486881108160e-01,1.000000000000000666e+00
1.000000000000000666e+00,4.712240163618071076e-01,4.712240163618071076e-01,1.000000000000000666e+00
1.000000000000001332e+00,-5.108103792418019484e-01,-5.108103792418019484e-01,1.000000000000001332e+00
1.000000000000001554e+00,-9.938598676008290056e-01,-9.938598676008290056e-01,1.000000000000001554e+00
1.000000000000001554e+00,-5.095736329945055321e-01,-5.095736329945055321e-01,1.000000000000001554e+00
1.000000000000001776e+00,5.322189430068172689e-01,5.322189430068172689e-01,1.000000000000001776e+00
1.000000000000001998e+00,9.983990300244192095e-01,9.983990300244192095e-01,1.000000000000001998e+00
1.000000000000001998e+00,6.224582516452634717e-01,6.224582516452634717e-01,1.000000000000001998e+00
1.000000000000002220e+00,-4.086347971115462108e-01,-4.086347971115462108e-01,1.000000000000002220e+00
1.000000000000002442e+00,-9.849905783078791721e-01,-9.849905783078791721e-01,1.000000000000002442e+00
1.000000000000002665e+00,-6.423491379967928294e-01,-6.423491379967928294e-01,1.000000000000002665e+00
1.000000000000002665e+00,2.698882317225356209e-01,2.698882317225356209e-01,1.000000000000002665e+00
1.000000000000002887e+00,9.586313873462101176e-01,9.586313873462101176e-01,1.000000000000002887e+00
1.000000000000003109e+00,7.030796704626625093e-01,7.030796704626625093e-01,1.000000000000003109e+00
1.000000000000003109e+00,-2.949637323365031927e-01,-2.949637323365031927e-01,1.000000000000003109e+00
1.000000000000002665e+00,-9.713882461799793200e-01,-9.713882461799793200e-01,1.000000000000002665e+00
1.000000000000003109e+00,-7.048848115592624142e-01,-7.048848115592624142e-01,1.000000000000003109e+00
1.000000000000002665e+00,2.315468300699849435e-01,2.315468300699849435e-01,1.000000000000002665e+00
1.000000000000002887e+00,9.146046053834194778e-01,9.146046053834194778e-01,1.000000000000002887e+00
1.000000000000002887e+00,8.006006292598725205e-01,8.006006292598725205e-01,1.000000000000002887e+00
1.000000000000002665e+00,-1.487711891748022541e-02,-1.487711891748022541e-02,1.000000000000002665e+00
1.000000000000002442e+00,-8.958459379738328288e-01,-8.958459379738328288e-01,1.000000000000002442e+00
1.000000000000002887e+00,-7.962542199539820453e-01,-7.962542199539820453e-01,1.000000000000002887e+00
1.000000000000003331e+00,-3.487096295539116042e-03,-3.487096295539116042e-03,1.000000000000003331e+00
1.000000000000003331e+00,7.933251440915645158e-01,7.933251440915645158e-01,1.000000000000003331e+00
1.000000000000003109e+00,9.161979199283717401e-01,9.161979199283717401e-01,1.000000000000003109e+00
1.000000000000003109e+00,1.054244605580708094e-01,1.054244605580708094e-01,1.000000000000003109e+00
1.000000000000002887e+00,-8.199013740009881701e-01,-8.199013740009881701e-01,1.000000000000002887e+00
1.000000000000003109e+00,-9.144136442984645008e-01,-9.144136442984645008e-01,1.000000000000003109e+00
1.000000000000003109e+00,-1.635520915492561511e-01,-1.635520915492561511e-01,1.000000000000003109e+00
1.000000000000002887e+00,6.990118327605194803e-01,6.990118327605194803e-01,1.000000000000002887e+00
1.000000000000003109e+00,9.566570513552061783e-01,9.566570513552061783e-01,1.000000000000003109e+00
1.000000000000002665e+00,1.657213081250246411e-01,1.657213081250246411e-01,1.000000000000002665e+00
1.000000000000003331e+00,-7.368908740158535142e-01,-7.368908740158535142e-01,1.000000000000003331e+00
1.000000000000003997e+00,-9.717137382709345461e-01,-9.717137382709345461e-01,1.000000000000003997e+00
1.000000000000003553e+00,-4.338767778880888715e-01,-4.338767778880888715e-01,1.000000000000003553e+00
1.000000000000003331e+00,5.996243231084619207e-01,5.996243231084619207e-01,1.000000000000003331e+00
1.000000000000003775e+00,9.939807567224679952e-01,9.939807567224679952e-01,1.000000000000003775e+00
1.000000000000004219e+00,3.516480473334178680e-01,3.516480473334178680e-01,1.000000000000004219e+00
1.000000000000003997e+00,-5.744080983453426770e-01,-5.744080983453426770e-01,1.000000000000003997e+00
1.000000000000004663e+00,-9.915115758660275613e-01,-9.915115758660275613e-01,1.000000000000004663e+00
1.000000000000004663e+00,-4.377366704314855639e-01,-4.377366704314855639e-01,1.000000000000004663e+00
1.000000000000004885e+00,5.773701512342839237e-01,5.773701512342839237e-01,1.000000000000004885e+00
1.000000000000005107e+00,9.999314325300401318e-01,9.999314325300401318e-01,1.000000000000005107e+00
1.000000000000004663e+00,5.607920391193983445e-01,5.607920391193983445e-01,1.000000000000004663e+00
1.000000000000005107e+00,-3.710738203772792621e-01,-3.710738203772792621e-01,1.000000000000005107e+00
1.000000000000005329e+00,-9.692609058722545523e-01,-9.692609058722545523e-01,1.000000000000005329e+00
1.000000000000005329e+00,-6.348360040253759884e-01,-6.348360040253759884e-01,1.000000000000005329e+00
1.000000000000004885e+00,3.430038208756688300e-01,3.430038208756688300e-01,1.000000000000004885e+00
1.000000000000004885e+00,9.874171527879457289e-01,9.874171527879457289e-01,1.000000000000004885e+00
1.000000000000004663e+00,6.403035129129769354e-01,6.403035129129769354e-01,1.000000000000004663e+00
1.000000000000004441e+00,-3.263238658119484437e-01,-3.263238658119484437e-01,1.000000000000004441e+00
1.000000000000004219e+00,-9.711258402061646589e-01,-9.711258402061646589e-01,1.000000000000004219e+00
1.000000000000004219e+00,-6.307287176721959598e-01,-6.307287176721959598e-01,1.000000000000004219e+00
1.000000000000004219e+00,3.995293941511651181e-01,3.995293941511651181e-01,1.000000000000004219e+00
1.000000000000004219e+00,9.716611819122412674e-01,9.716611819122412674e-01,1.000000000000004219e+00
1.000000000000004219e+00,6.854174406486200910e-01,6.854174406486200910e-01,1.000000000000004219e+00
1.000000000000003997e+00,-3.026539996536303234e-01,-3.026539996536303234e-01,1.000000000000003997e+00
1.000000000000004885e+00,-9.618535018826280814e-01,-9.618535018826280814e-01,1.000000000000004885e+00
1.000000000000005329e+00,-7.304493187388476638e-01,-7.304493187388476638e-01,1.000000000000005329e+00
1.000000000000005773e+00,1.941284692997910788e-01,1.941284692997910788e-01,1.000000000000005773e+00
1.000000000000006439e+00,9.122909159639289722e-01,9.122909159639289722e-01,1.000000000000006439e+00
1.000000000000006439e+00,7.725575610749112476e-01,7.725575610749112476e-01,1.000000000000006439e+00
1.000000000000006439e+00,-5.870679894792446563e-02,-5.870679894792446563e-02,1.000000000000006439e+00
1.000000000000007105e+00,-8.382350830276494857e-01,-8.382350830276494857e-01,1.000000000000007105e+00
1.000000000000007105e+00,-9.064910060123598790e-01,-9.064910060123598790e-01,1.000000000000007105e+00
1.000000000000006883e+00,-1.238104393399885872e-01,-1.238104393399885872e-01,1.000000000000006883e+00
1.000000000000006661e+00,7.171741442416701418e-01,7.171741442416701418e-01,1.000000000000006661e+00
1.000000000000006883e+00,9.468833774581407736e-01,9.468833774581407736e-01,1.000000000000006883e+00
1.000000000000006439e+00,2.560122459993388055e-01,2.560122459993388055e-01,1.000000000000006439e+00
1.000000000000006439e+00,-6.615334059669286670e-01,-6.615334059669286670e-01,1.000000000000006439e+00
1.000000000000006217e+00,-9.754392812388382739e-01,-9.754392812388382739e-01,1.000000000000006217e+00
1.000000000000006883e+00,-4.148576081799256743e-01,-4.148576081799256743e-01,1.000000000000006883e+00
1.000000000000006439e+00,5.072417352068122609e-01,5.072417352068122609e-01,1.000000000000006439e+00
1.000000000000006661e+00,9.998404808562432189e-01,9.998404808562432189e-01,1.000000000000006661e+00
1.000000000000006439e+00,4.784817279669432710e-01,4.784817279669432710e-01,1.000000000000006439e+00
1.000000000000006661e+00,-5.423793980888634847e-01,-5.423793980888634847e-01,1.000000000000006661e+00
1.000000000000007105e+00,-9.943081427751372381e-01,-9.943081427751372381e-01,1.000000000000007105e+00
1.000000000000006439e+00,-4.691971427788884097e-01,-4.691971427788884097e-01,1.000000000000006439e+00
1.000000000000006217e+00,5.522458837037094170e-01,5.522458837037094170e-01,1.000000000000006217e+00
1.000000000000006439e+00,9.995496690745102608e-01,9.995496690745102608e-01,1.000000000000006439e+00
1.000000000000006661e+00,5.106099112534403517e-01,5.106099112534403517e-01,1.000000000000006661e+00
1.000000000000006661e+00,-4.582159702145154334e-01,-4.582159702145154334e-01,1.000000000000006661e+00
1.000000000000007105e+00,-9.865600899459184836e-01,-9.865600899459184836e-01,1.000000000000007105e+00
1.000000000000007550e+00,-5.415726046924960180e-01,-5.415726046924960180e-01,1.000000000000007550e+00
1.000000000000007550e+00,3.770467274555452386e-01,3.770467274555452386e-01,1.000000000000007550e+00
1.000000000000007327e+00,9.667528162160248240e-01,9.667528162160248240e-01,1.000000000000007327e+00
1.000000000000007105e+00,7.820542973262302189e-01,7.820542973262302189e-01,1.000000000000007105e+00
1.000000000000007105e+00,-2.130347212561126136e-01,-2.130347212561126136e-01,1.000000000000007105e+00
1.000000000000006661e+00,-9.668826257232612242e-01,-9.668826257232612242e-01,1.000000000000006661e+00
1.000000000000006883e+00,-7.002954834582959531e-01,-7.002954834582959531e-01,1.000000000000006883e+00
1.000000000000007105e+00,2.471491193176613421e-01,2.471491193176613421e-01,1.000000000000007105e+00
1.000000000000007105e+00,9.440157227591150502e-01,9.440157227591150502e-01,1.000000000000007105e+00
1.000000000000007105e+00,7.750409555527975058e-01,7.750409555527975058e-01,1.000000000000007105e+00
1.000000000000006661e+00,-5.249492203100297738e-02,-5.249492203100297738e-02,1.000000000000006661e+00
