1.000000000000000000e+00,1.000000000000000000e+00,1.000000000000000000e+00,1.000000000000000000e+00
9.999999999999998890e-01,6.718728063879908508e-01,6.718728063879908508e-01,9.999999999999998890e-01
1.000000000000000444e+00,-2.523640292043521915e-01,-2.523640292043521915e-01,1.000000000000000444e+00
1.000000000000000000e+00,-9.810223307911298818e-01,-9.810223307911298818e-01,1.000000000000000000e+00
9.999999999999997780e-01,-4.633776156650958877e-01,-4.633776156650958877e-01,9.999999999999997780e-01
1.000000000000000000e+00,5.425371109440506601e-01,5.425371109440506601e-01,1.000000000000000000e+00
1.000000000000000222e+00,9.918805108382905411e-01,9.918805108382905411e-01,1.000000000000000222e+00
1.000000000000000444e+00,7.673054969693489102e-01,7.673054969693489102e-01,1.000000000000000444e+00
1.000000000000000444e+00,-8.743204867593606933e-02,-8.743204867593606933e-02,1.000000000000000444e+00
1.000000000000000666e+00,-9.394586864660400272e-01,-9.394586864660400272e-01,1.000000000000000666e+00
1.000000000000000888e+00,-6.134888563397807859e-01,-6.134888563397807859e-01,1.000000000000000888e+00
1.000000000000000888e+00,4.098106681810151919e-01,4.098106681810151919e-01,1.000000000000000888e+00
1.000000000000000666e+00,9.674128079879948938e-01,9.674128079879948938e-01,1.000000000000000666e+00
1.000000000000000888e+00,8.465106694895258022e-01,8.465106694895258022e-01,1.000000000000000888e+00
1.000000000000000888e+00,7.515707017270881196e-02,7.515707017270881196e-02,1.000000000000000888e+00
1.000000000000000444e+00,-8.640930116394707206e-01,-8.640930116394707206e-01,1.000000000000000444e+00
1.000000000000000666e+00,-7.461527196831707620e-01,-7.461527196831707620e-01,1.000000000000000666e+00
1.000000000000000444e+00,2.636814582223729886e-01,2.636814582223729886e-01,1.000000000000000444e+00
1.000000000000000222e+00,9.261905723807392077e-01,9.261905723807392077e-01,1.000000000000000222e+00
1.000000000000000000e+00,9.090545624823369586e-01,9.090545624823369586e-01,1.000000000000000000e+00
1.000000000000000444e+00,2.318910418347530644e-01,2.318910418347530644e-01,1.000000000000000444e+00
1.000000000000000222e+00,-7.605623178183740229e-01,-7.605623178183740229e-01,1.000000000000000222e+00
1.000000000000000444e+00,-8.535304923833371138e-01,-8.535304923833371138e-01,1.000000000000000444e+00
1.000000000000000444e+00,1.058605086448854982e-01,1.058605086448854982e-01,1.000000000000000444e+00
1.000000000000000000e+00,8.681933611889287583e-01,8.681933611889287583e-01,1.000000000000000000e+00
1.000000000000000000e+00,9.553630270038628858e-01,9.553630270038628858e-01,1.000000000000000000e+00
1.000000000000000222e+00,3.778291420461320493e-01,3.778291420461320493e-01,1.000000000000000222e+00
1.000000000000000444e+00,-6.314272651490486776e-01,-6.314272651490486776e-01,1.000000000000000444e+00
1.000000000000000000e+00,-9.331684748392145012e-01,-9.331684748392145012e-01,1.000000000000000000e+00
9.999999999999997780e-01,-5.835288040089864348e-02,-5.835288040089864348e-02,9.999999999999997780e-01
9.999999999999997780e-01,7.927432087601407051e-01,7.927432087601407051e-01,9.999999999999997780e-01
1.000000000000000000e+00,9.852253229794932787e-01,9.852253229794932787e-01,1.000000000000000000e+00
1.000000000000000000e+00,5.116366519546260427e-01,5.116366519546260427e-01,1.000000000000000000e+00
1.000000000000000444e+00,-4.853210135521145441e-01,-4.853210135521145441e-01,1.000000000000000444e+00
1.000000000000000000e+00,-9.780163461200160890e-01,-9.780163461200160890e-01,1.000000000000000000e+00
9.999999999999997780e-01,-2.263589803269300815e-01,-2.263589803269300815e-01,9.999999999999997780e-01
9.999999999999998890e-01,7.005273291595548457e-01,7.005273291595548457e-01,9.999999999999998890e-01
1.000000000000000222e+00,9.989999071684123599e-01,9.989999071684123599e-01,1.000000000000000222e+00
1.000000000000000444e+00,6.300083692676398117e-01,6.300083692676398117e-01,1.000000000000000444e+00
1.000000000000000222e+00,-3.254964665021799486e-01,-3.254964665021799486e-01,1.000000000000000222e+00
1.000000000000000222e+00,-9.893679567078572656e-01,-9.893679567078572656e-01,1.000000000000000222e+00
1.000000000000000222e+00,-3.903047927396568473e-01,-3.903047927396568473e-01,1.000000000000000222e+00
9.999999999999998890e-01,5.909864417109409462e-01,5.909864417109409462e-01,9.999999999999998890e-01
9.999999999999996669e-01,9.965960931247324073e-01,9.965960931247324073e-01,9.999999999999996669e-01
9.999999999999997780e-01,7.329683570820529903e-01,7.329683570820529903e-01,9.999999999999997780e-01
9.999999999999998890e-01,-1.608673803983632355e-01,-1.608673803983632355e-01,9.999999999999998890e-01
1.000000000000000222e+00,-9.631131124418368383e-01,-9.631131124418368383e-01,1.000000000000000222e+00
1.000000000000000222e+00,-5.468089469254318047e-01,-5.468089469254318047e-01,1.000000000000000222e+00
1.000000000000000444e+00,4.660522631590342524e-01,4.660522631590342524e-01,1.000000000000000444e+00
1.000000000000000444e+00,9.779311335102551794e-01,9.779311335102551794e-01,1.000000000000000444e+00
1.000000000000000444e+00,8.188741797086422913e-01,8.188741797086422913e-01,1.000000000000000444e+00
1.000000000000000666e+00,5.328346986736925972e-03,5.328346986736925972e-03,1.000000000000000666e+00
1.000000000000000666e+00,-9.039995540691909692e-01,-9.039995540691909692e-01,1.000000000000000666e+00
1.000000000000000666e+00,-6.869525467668442520e-01,-6.869525467668442520e-01,1.000000000000000666e+00
1.000000000000000888e+00,3.260755674430336759e-01,3.260755674430336759e-01,1.000000000000000888e+00
1.000000000000001332e+00,9.429770711102045677e-01,9.429770711102045677e-01,1.000000000000001332e+00
1.000000000000001110e+00,8.882535940650112538e-01,8.882535940650112538e-01,1.000000000000001110e+00
1.000000000000000888e+00,1.660812016994457352e-01,1.660812016994457352e-01,1.000000000000000888e+00
1.000000000000000444e+00,-8.121129720087991721e-01,-8.121129720087991721e-01,1.000000000000000444e+00
1.000000000000000666e+00,-8.070263014905354471e-01,-8.070263014905354471e-01,1.000000000000000666e+00
1.000000000000000444e+00,1.745039335594422703e-01,1.745039335594422703e-01,1.000000000000000444e+00
1.000000000000000444e+00,8.913130189912011891e-01,8.913130189912011891e-01,1.000000000000000444e+00
1.000000000000000222e+00,9.406581777514253506e-01,9.406581777514253506e-01,1.000000000000000222e+00
1.000000000000000444e+00,3.186788175799991629e-01,3.186788175799991629e-01,1.000000000000000444e+00
1.000000000000000444e+00,-6.941688401269382469e-01,-6.941688401269382469e-01,1.000000000000000444e+00
1.000000000000000222e+00,-8.995389982241759341e-01,-8.995389982241759341e-01,1.000000000000000222e+00
1.000000000000000000e+00,1.358835941595254448e-02,1.358835941595254448e-02,1.000000000000000000e+00
1.000000000000000222e+00,8.229727737500740492e-01,8.229727737500740492e-01,1.000000000000000222e+00
1.000000000000000222e+00,9.765500956543637923e-01,9.765500956543637923e-01,1.000000000000000222e+00
1.000000000000000222e+00,4.589624336419928508e-01,4.589624336419928508e-01,1.000000000000000222e+00
9.999999999999996669e-01,-5.542070590604245561e-01,-5.542070590604245561e-01,9.999999999999996669e-01
1.000000000000000000e+00,-9.612364755228787194e-01,-9.612364755228787194e-01,1.000000000000000000e+00
1.000000000000000222e+00,-1.519479036701947838e-01,-1.519479036701947838e-01,1.000000000000000222e+00
1.000000000000000222e+00,7.377516956738922049e-01,7.377516956738922049e-01,1.000000000000000222e+00
1.000000000000000222e+00,9.960198618169503471e-01,9.960198618169503471e-01,1.000000000000000222e+00
1.000000000000000666e+00,5.849878864805381218e-01,5.849878864805381218e-01,1.000000000000000666e+00
1.000000000000001332e+00,-3.989566227251178931e-01,-3.989566227251178931e-01,1.000000000000001332e+00
1.000000000000001110e+00,-9.885909996191353244e-01,-9.885909996191353244e-01,1.000000000000001110e+00
1.000000000000000888e+00,-3.172272350923843187e-01,-3.172272350923843187e-01,1.000000000000000888e+00
1.000000000000000888e+00,6.358332901103749268e-01,6.358332901103749268e-01,1.000000000000000888e+00
1.000000000000001332e+00,9.992684069375248335e-01,9.992684069375248335e-01,1.000000000000001332e+00
1.000000000000001554e+00,6.951882199003385221e-01,6.951882199003385221e-01,1.000000000000001554e+00
1.000000000000001332e+00,-2.348620933958686097e-01,-2.348620933958686097e-01,1.000000000000001332e+00
1.000000000000001776e+00,-9.796757351796042679e-01,-9.796757351796042679e-01,1.000000000000001776e+00
1.000000000000001776e+00,-4.771230034703919376e-01,-4.771230034703919376e-01,1.000000000000001776e+00
1.000000000000001332e+00,5.181095094128663758e-01,5.181095094128663758e-01,1.000000000000001332e+00
1.000000000000001332e+00,9.863444590280013857e-01,9.863444590280013857e-01,1.000000000000001332e+00
1.000000000000001110e+00,7.884017290879696827e-01,7.884017290879696827e-01,1.000000000000001110e+00
1.000000000000001554e+00,-6.712788178585377130e-02,-6.712788178585377130e-02,1.000000000000001554e+00
1.000000000000002442e+00,-9.362792123433532065e-01,-9.362792123433532065e-01,1.000000000000002442e+00
1.000000000000001776e+00,-6.242602639082640570e-01,-6.242602639082640570e-01,1.000000000000001776e+00
1.000000000000002442e+00,3.851280305297721807e-01,3.851280305297721807e-01,1.000000000000002442e+00
1.000000000000002220e+00,9.573094149185615853e-01,9.573094149185615853e-01,1.000000000000002220e+00
1.000000000000002220e+00,8.647050429290086271e-01,8.647050429290086271e-01,1.000000000000002220e+00
1.000000000000001998e+00,9.744781097707946871e-02,9.744781097707946871e-02,1.000000000000001998e+00
1.000000000000001776e+00,-8.583871872881363441e-01,-8.583871872881363441e-01,1.000000000000001776e+00
1.000000000000001554e+00,-7.544609952912839645e-01,-7.544609952912839645e-01,1.000000000000001554e+00
1.000000000000000888e+00,2.398017935805689116e-01,2.398017935805689116e-01,1.000000000000000888e+00
1.000000000000001332e+00,9.118444397612028851e-01,9.118444397612028851e-01,1.000000000000001332e+00
1.000000000000001110e+00,9.235834201562953538e-01,9.235834201562953538e-01,1.000000000000001110e+00
1.000000000000001110e+00,2.557947506320683573e-01,2.557947506320683573e-01,1.000000000000001110e+00
