1.000000000000000000e+00,1.000000000000000000e+00,1.000000000000000000e+00,1.000000000000000000e+00
9.999999999999997780e-01,5.013650996017020578e-01,5.013650996017020578e-01,9.999999999999997780e-01
1.000000000000000000e+00,1.541301008323259225e-02,1.541301008323259225e-02,1.000000000000000000e+00
1.000000000000000000e+00,2.821327399071807962e-01,2.821327399071807962e-01,1.000000000000000000e+00
1.000000000000000000e+00,8.910017834950560989e-01,8.910017834950560989e-01,1.000000000000000000e+00
1.000000000000000222e+00,8.540322008069417548e-01,8.540322008069417548e-01,1.000000000000000222e+00
1.000000000000000000e+00,1.579582462740130033e-01,1.579582462740130033e-01,1.000000000000000000e+00
9.999999999999997780e-01,1.237153433911851452e-01,1.237153433911851452e-01,9.999999999999997780e-01
1.000000000000000000e+00,8.065303763078963684e-01,8.065303763078963684e-01,1.000000000000000000e+00
1.000000000000000222e+00,9.180727848287898452e-01,9.180727848287898452e-01,1.000000000000000222e+00
1.000000000000000222e+00,2.373073147245736703e-01,2.373073147245736703e-01,1.000000000000000222e+00
1.000000000000000000e+00,2.815896578058940669e-02,2.815896578058940669e-02,1.000000000000000000e+00
1.000000000000000000e+00,6.123290499426300437e-01,6.123290499426300437e-01,1.000000000000000000e+00
1.000000000000000222e+00,9.934610049689693856e-01,9.934610049689693856e-01,1.000000000000000222e+00
1.000000000000000222e+00,4.694593814688593492e-01,4.694593814688593492e-01,1.000000000000000222e+00
1.000000000000000000e+00,3.707268698522059314e-04,3.707268698522059314e-04,1.000000000000000000e+00
1.000000000000000222e+00,4.534464961666645477e-01,4.534464961666645477e-01,1.000000000000000222e+00
9.999999999999998890e-01,9.887184258709720286e-01,9.887184258709720286e-01,9.999999999999998890e-01
9.999999999999998890e-01,6.749695435276961142e-01,6.749695435276961142e-01,9.999999999999998890e-01
1.000000000000000222e+00,8.423677258455797290e-02,8.423677258455797290e-02,1.000000000000000222e+00
1.000000000000000222e+00,1.827468478204014035e-01,1.827468478204014035e-01,1.000000000000000222e+00
1.000000000000000000e+00,8.810249659428451841e-01,8.810249659428451841e-01,1.000000000000000000e+00
1.000000000000000222e+00,8.691069441225149905e-01,8.691069441225149905e-01,1.000000000000000222e+00
1.000000000000000000e+00,2.058238844924713817e-01,2.058238844924713817e-01,1.000000000000000000e+00
1.000000000000000000e+00,9.326032893968362603e-02,9.326032893968362603e-02,1.000000000000000000e+00
1.000000000000000000e+00,7.675874510196862843e-01,7.675874510196862843e-01,1.000000000000000000e+00
1.000000000000000000e+00,9.775835480459919014e-01,9.775835480459919014e-01,1.000000000000000000e+00
1.000000000000000222e+00,4.733924916162675633e-01,4.733924916162675633e-01,1.000000000000000222e+00
1.000000000000000222e+00,1.902457861769818459e-03,1.902457861769818459e-03,1.000000000000000222e+00
1.000000000000000222e+00,4.122753077163203717e-01,4.122753077163203717e-01,1.000000000000000222e+00
1.000000000000000000e+00,9.542842604689618646e-01,9.542842604689618646e-01,1.000000000000000000e+00
1.000000000000000000e+00,7.865966696643096334e-01,7.865966696643096334e-01,1.000000000000000000e+00
9.999999999999996669e-01,1.169227471630149423e-01,1.169227471630149423e-01,9.999999999999996669e-01
9.999999999999997780e-01,1.103635989386185789e-01,1.103635989386185789e-01,9.999999999999997780e-01
9.999999999999997780e-01,7.131827126736226541e-01,7.131827126736226541e-01,9.999999999999997780e-01
1.000000000000000000e+00,9.673020741651376930e-01,9.673020741651376930e-01,1.000000000000000000e+00
1.000000000000000000e+00,4.477167497465748269e-01,4.477167497465748269e-01,1.000000000000000000e+00
1.000000000000000000e+00,1.349081674559549082e-04,1.349081674559549082e-04,1.000000000000000000e+00
1.000000000000000000e+00,4.707597789401521404e-01,4.707597789401521404e-01,1.000000000000000000e+00
1.000000000000000000e+00,9.812013706428083237e-01,9.812013706428083237e-01,1.000000000000000000e+00
9.999999999999998890e-01,6.854389848009971864e-01,6.854389848009971864e-01,9.999999999999998890e-01
1.000000000000000000e+00,9.780575758789972207e-02,9.780575758789972207e-02,1.000000000000000000e+00
9.999999999999997780e-01,1.221994225427404518e-01,1.221994225427404518e-01,9.999999999999997780e-01
1.000000000000000222e+00,7.240776442750773700e-01,7.240776442750773700e-01,1.000000000000000222e+00
1.000000000000000444e+00,9.855001111675588676e-01,9.855001111675588676e-01,1.000000000000000444e+00
1.000000000000000444e+00,3.989760017447493423e-01,3.989760017447493423e-01,1.000000000000000444e+00
1.000000000000000222e+00,1.001472311867951381e-02,1.001472311867951381e-02,1.000000000000000222e+00
1.000000000000000222e+00,4.979744875185706521e-01,4.979744875185706521e-01,1.000000000000000222e+00
1.000000000000000000e+00,9.820773466054344425e-01,9.820773466054344425e-01,1.000000000000000000e+00
1.000000000000000222e+00,7.070925422378290248e-01,7.070925422378290248e-01,1.000000000000000222e+00
1.000000000000000000e+00,1.158560914907296874e-01,1.158560914907296874e-01,1.000000000000000000e+00
9.999999999999998890e-01,1.829303918746692792e-01,1.829303918746692792e-01,9.999999999999998890e-01
1.000000000000000222e+00,8.013031609010469181e-01,8.013031609010469181e-01,1.000000000000000222e+00
1.000000000000000222e+00,9.619318227117308329e-01,9.619318227117308329e-01,1.000000000000000222e+00
1.000000000000000222e+00,3.694974617930509853e-01,3.694974617930509853e-01,1.000000000000000222e+00
1.000000000000000222e+00,2.937656819440581657e-06,2.937656819440581657e-06,1.000000000000000222e+00
1.000000000000000222e+00,4.630489223735941851e-01,4.630489223735941851e-01,1.000000000000000222e+00
1.000000000000000000e+00,9.973227015333220313e-01,9.973227015333220313e-01,1.000000000000000000e+00
1.000000000000000000e+00,6.023273144728445994e-01,6.023273144728445994e-01,1.000000000000000000e+00
1.000000000000000000e+00,1.969513102765782508e-02,1.969513102765782508e-02,1.000000000000000000e+00
1.000000000000000222e+00,2.595288968978837763e-01,2.595288968978837763e-01,1.000000000000000222e+00
1.000000000000000444e+00,8.820228586353602296e-01,8.820228586353602296e-01,1.000000000000000444e+00
1.000000000000000222e+00,8.699297486762638254e-01,8.699297486762638254e-01,1.000000000000000222e+00
1.000000000000000444e+00,2.572834129227574151e-01,2.572834129227574151e-01,1.000000000000000444e+00
1.000000000000000000e+00,5.668971642489967211e-02,5.668971642489967211e-02,1.000000000000000000e+00
1.000000000000000000e+00,6.520796643849557928e-01,6.520796643849557928e-01,1.000000000000000000e+00
1.000000000000000000e+00,9.809954828839146934e-01,9.809954828839146934e-01,1.000000000000000000e+00
1.000000000000000000e+00,4.705260464908110896e-01,4.705260464908110896e-01,1.000000000000000000e+00
1.000000000000000000e+00,2.977198069037928496e-03,2.977198069037928496e-03,1.000000000000000000e+00
9.999999999999997780e-01,3.468047773049052762e-01,3.468047773049052762e-01,9.999999999999997780e-01
1.000000000000000222e+00,9.404390712644745687e-01,9.404390712644745687e-01,1.000000000000000222e+00
1.000000000000000444e+00,8.004486223034438241e-01,8.004486223034438241e-01,1.000000000000000444e+00
1.000000000000000444e+00,1.931005192996871067e-01,1.931005192996871067e-01,1.000000000000000444e+00
1.000000000000000888e+00,5.806457837962772373e-02,5.806457837962772373e-02,1.000000000000000888e+00
1.000000000000000666e+00,6.913098521549259079e-01,6.913098521549259079e-01,1.000000000000000666e+00
1.000000000000001110e+00,9.931711514637536764e-01,9.931711514637536764e-01,1.000000000000001110e+00
1.000000000000001332e+00,5.374484842529194673e-01,5.374484842529194673e-01,1.000000000000001332e+00
1.000000000000001110e+00,9.827008416594118501e-04,9.827008416594118501e-04,1.000000000000001110e+00
1.000000000000001110e+00,4.336330847417732004e-01,4.336330847417732004e-01,1.000000000000001110e+00
1.000000000000000888e+00,9.874693212473714121e-01,9.874693212473714121e-01,1.000000000000000888e+00
1.000000000000001110e+00,7.144562001318647271e-01,7.144562001318647271e-01,1.000000000000001110e+00
1.000000000000000888e+00,9.545841755026540643e-02,9.545841755026540643e-02,1.000000000000000888e+00
1.000000000000000666e+00,1.862025455702280563e-01,1.862025455702280563e-01,1.000000000000000666e+00
1.000000000000000888e+00,8.727042352030828232e-01,8.727042352030828232e-01,1.000000000000000888e+00
1.000000000000000888e+00,8.387288166831207148e-01,8.387288166831207148e-01,1.000000000000000888e+00
1.000000000000000888e+00,1.668211643035476532e-01,1.668211643035476532e-01,1.000000000000000888e+00
1.000000000000001332e+00,8.415189882565732304e-02,8.415189882565732304e-02,1.000000000000001332e+00
1.000000000000001332e+00,6.639001607622518897e-01,6.639001607622518897e-01,1.000000000000001332e+00
1.000000000000001332e+00,9.881527266861388492e-01,9.881527266861388492e-01,1.000000000000001332e+00
1.000000000000001554e+00,4.147866617976637693e-01,4.147866617976637693e-01,1.000000000000001554e+00
1.000000000000001554e+00,1.265126523991660923e-03,1.265126523991660923e-03,1.000000000000001554e+00
1.000000000000001332e+00,5.349058975540768035e-01,5.349058975540768035e-01,1.000000000000001332e+00
1.000000000000001776e+00,9.995145746410929455e-01,9.995145746410929455e-01,1.000000000000001776e+00
1.000000000000001554e+00,5.557173816543296008e-01,5.557173816543296008e-01,1.000000000000001554e+00
1.000000000000001776e+00,2.571929852135643180e-02,2.571929852135643180e-02,1.000000000000001776e+00
1.000000000000001554e+00,2.581342775982861104e-01,2.581342775982861104e-01,1.000000000000001554e+00
1.000000000000001332e+00,9.259600375097365443e-01,9.259600375097365443e-01,1.000000000000001332e+00
1.000000000000001332e+00,7.665726850477869725e-01,7.665726850477869725e-01,1.000000000000001332e+00
1.000000000000000888e+00,1.393624788562497774e-01,1.393624788562497774e-01,1.000000000000000888e+00
1.000000000000000666e+00,1.282060500649327972e-01,1.282060500649327972e-01,1.000000000000000666e+00
1.000000000000000888e+00,7.531082040399835753e-01,7.531082040399835753e-01,1.000000000000000888e+00
