1.000000000000000000e+00,1.000000000000000000e+00,1.000000000000000000e+00,1.000000000000000000e+00
1.000000000000000000e+00,6.518926400893643169e-01,6.518926400893643169e-01,1.000000000000000000e+00
1.000000000000000222e+00,1.239458209879025080e-01,1.239458209879025080e-01,1.000000000000000222e+00
1.000000000000000222e+00,5.666584125858969978e-02,5.666584125858969978e-02,1.000000000000000222e+00
1.000000000000000444e+00,6.347507601399096089e-01,6.347507601399096089e-01,1.000000000000000444e+00
1.000000000000000666e+00,9.820415928958194929e-01,9.820415928958194929e-01,1.000000000000000666e+00
1.000000000000000444e+00,3.017136773735688005e-01,3.017136773735688005e-01,1.000000000000000444e+00
1.000000000000000444e+00,7.570617406748450517e-02,7.570617406748450517e-02,1.000000000000000444e+00
1.000000000000000444e+00,7.741462306332742571e-01,7.741462306332742571e-01,1.000000000000000444e+00
1.000000000000000444e+00,9.601268051107818557e-01,9.601268051107818557e-01,1.000000000000000444e+00
1.000000000000000444e+00,4.755044144944092777e-01,4.755044144944092777e-01,1.000000000000000444e+00
1.000000000000000000e+00,3.297470908575228510e-02,3.297470908575228510e-02,1.000000000000000000e+00
1.000000000000000222e+00,1.792825871350189615e-01,1.792825871350189615e-01,1.000000000000000222e+00
1.000000000000000222e+00,8.330711364188491119e-01,8.330711364188491119e-01,1.000000000000000222e+00
1.000000000000000222e+00,8.557229227057761012e-01,8.557229227057761012e-01,1.000000000000000222e+00
1.000000000000000000e+00,9.705335866909629849e-02,9.705335866909629849e-02,1.000000000000000000e+00
1.000000000000000000e+00,2.560461548621502104e-01,2.560461548621502104e-01,1.000000000000000000e+00
1.000000000000000000e+00,9.276870464183804010e-01,9.276870464183804010e-01,1.000000000000000000e+00
1.000000000000000000e+00,8.528840466260874109e-01,8.528840466260874109e-01,1.000000000000000000e+00
1.000000000000000000e+00,3.049267953976633194e-01,3.049267953976633194e-01,1.000000000000000000e+00
1.000000000000000222e+00,2.051532465630057089e-06,2.051532465630057089e-06,1.000000000000000222e+00
1.000000000000000000e+00,3.595450168873606245e-01,3.595450168873606245e-01,1.000000000000000000e+00
1.000000000000000000e+00,9.667453076089381758e-01,9.667453076089381758e-01,1.000000000000000000e+00
9.999999999999997780e-01,6.337298280751330060e-01,6.337298280751330060e-01,9.999999999999997780e-01
1.000000000000000000e+00,2.885730503565914207e-03,2.885730503565914207e-03,1.000000000000000000e+00
1.000000000000000444e+00,4.893145686313324916e-01,4.893145686313324916e-01,1.000000000000000444e+00
1.000000000000000444e+00,9.965084606650719268e-01,9.965084606650719268e-01,1.000000000000000444e+00
1.000000000000000000e+00,7.004515436394416206e-01,7.004515436394416206e-01,1.000000000000000000e+00
1.000000000000000444e+00,1.588452995607804175e-01,1.588452995607804175e-01,1.000000000000000444e+00
1.000000000000000222e+00,3.405582874438939367e-02,3.405582874438939367e-02,1.000000000000000222e+00
9.999999999999997780e-01,5.728119273341042428e-01,5.728119273341042428e-01,9.999999999999997780e-01
1.000000000000000000e+00,9.960743878307178889e-01,9.960743878307178889e-01,1.000000000000000000e+00
9.999999999999997780e-01,3.731402661202861681e-01,3.731402661202861681e-01,9.999999999999997780e-01
1.000000000000000000e+00,4.167886590673267055e-02,4.167886590673267055e-02,1.000000000000000000e+00
1.000000000000000444e+00,7.171721416380910652e-01,7.171721416380910652e-01,1.000000000000000444e+00
1.000000000000000444e+00,9.792637725136357219e-01,9.792637725136357219e-01,1.000000000000000444e+00
1.000000000000000222e+00,5.261881453078485205e-01,5.261881453078485205e-01,1.000000000000000222e+00
1.000000000000000000e+00,5.355791402793727563e-02,5.355791402793727563e-02,1.000000000000000000e+00
1.000000000000000000e+00,1.376481538907366464e-01,1.376481538907366464e-01,1.000000000000000000e+00
1.000000000000000000e+00,7.809663076716963914e-01,7.809663076716963914e-01,1.000000000000000000e+00
1.000000000000000222e+00,9.033674649715236482e-01,9.033674649715236482e-01,1.000000000000000222e+00
1.000000000000000222e+00,1.462084840834911303e-01,1.462084840834911303e-01,1.000000000000000222e+00
1.000000000000000222e+00,1.965545971728615837e-01,1.965545971728615837e-01,1.000000000000000222e+00
1.000000000000000222e+00,8.919338427062635244e-01,8.919338427062635244e-01,1.000000000000000222e+00
9.999999999999998890e-01,8.891614348695719983e-01,8.891614348695719983e-01,9.999999999999998890e-01
1.000000000000000000e+00,3.519344433588020293e-01,3.519344433588020293e-01,1.000000000000000000e+00
1.000000000000000222e+00,2.882740246512222049e-03,2.882740246512222049e-03,1.000000000000000222e+00
1.000000000000000222e+00,3.033251209063282383e-01,3.033251209063282383e-01,1.000000000000000222e+00
1.000000000000000000e+00,9.377501845941083047e-01,9.377501845941083047e-01,1.000000000000000000e+00
1.000000000000000222e+00,7.040603313076080338e-01,7.040603313076080338e-01,1.000000000000000222e+00
1.000000000000000222e+00,1.645066671021089277e-02,1.645066671021089277e-02,1.000000000000000222e+00
1.000000000000000222e+00,4.207459021489990958e-01,4.207459021489990958e-01,1.000000000000000222e+00
1.000000000000000222e+00,9.858994248864421106e-01,9.858994248864421106e-01,1.000000000000000222e+00
9.999999999999997780e-01,7.472393160673631574e-01,7.472393160673631574e-01,9.999999999999997780e-01
1.000000000000000222e+00,1.970896432153239064e-01,1.970896432153239064e-01,1.000000000000000222e+00
1.000000000000000444e+00,1.718481564704277265e-02,1.718481564704277265e-02,1.000000000000000444e+00
1.000000000000000666e+00,5.105117672069420243e-01,5.105117672069420243e-01,1.000000000000000666e+00
1.000000000000000444e+00,9.999290694117175526e-01,9.999290694117175526e-01,1.000000000000000444e+00
1.000000000000000666e+00,4.473712576576820421e-01,4.473712576576820421e-01,1.000000000000000666e+00
1.000000000000000888e+00,1.732186341846037037e-02,1.732186341846037037e-02,1.000000000000000888e+00
1.000000000000000666e+00,6.557316283804290880e-01,6.557316283804290880e-01,1.000000000000000666e+00
1.000000000000001110e+00,9.924054925013285899e-01,9.924054925013285899e-01,1.000000000000001110e+00
1.000000000000001110e+00,5.768886822834151662e-01,5.768886822834151662e-01,1.000000000000001110e+00
1.000000000000001110e+00,7.861975504053317354e-02,7.861975504053317354e-02,1.000000000000001110e+00
1.000000000000000888e+00,1.011656462606208284e-01,1.011656462606208284e-01,1.000000000000000888e+00
1.000000000000000888e+00,7.246525269280311710e-01,7.246525269280311710e-01,1.000000000000000888e+00
1.000000000000000888e+00,9.420869522616969194e-01,9.420869522616969194e-01,1.000000000000000888e+00
1.000000000000000888e+00,2.034945997363289960e-01,2.034945997363289960e-01,1.000000000000000888e+00
1.000000000000000666e+00,1.427946146198058042e-01,1.427946146198058042e-01,1.000000000000000666e+00
1.000000000000000666e+00,8.494488624452750658e-01,8.494488624452750658e-01,1.000000000000000666e+00
1.000000000000000444e+00,9.211958482154640748e-01,9.211958482154640748e-01,1.000000000000000444e+00
1.000000000000000666e+00,4.005417018219737391e-01,4.005417018219737391e-01,1.000000000000000666e+00
1.000000000000000888e+00,1.110210329561756026e-02,1.110210329561756026e-02,1.000000000000000888e+00
1.000000000000000888e+00,2.505849554961989134e-01,2.505849554961989134e-01,1.000000000000000888e+00
1.000000000000000666e+00,9.009196122097617998e-01,9.009196122097617998e-01,1.000000000000000666e+00
1.000000000000000666e+00,7.695666511837234713e-01,7.695666511837234713e-01,1.000000000000000666e+00
1.000000000000000888e+00,4.093924027092341045e-02,4.093924027092341045e-02,1.000000000000000888e+00
1.000000000000000888e+00,3.530121314504378049e-01,3.530121314504378049e-01,1.000000000000000888e+00
1.000000000000000888e+00,9.680467745359653264e-01,9.680467745359653264e-01,1.000000000000000888e+00
1.000000000000000666e+00,7.917140526894903552e-01,7.917140526894903552e-01,1.000000000000000666e+00
1.000000000000000444e+00,2.383176739820860868e-01,2.383176739820860868e-01,1.000000000000000444e+00
1.000000000000000888e+00,6.057495664493817156e-03,6.057495664493817156e-03,1.000000000000000888e+00
1.000000000000000888e+00,4.488485970355009513e-01,4.488485970355009513e-01,1.000000000000000888e+00
1.000000000000001110e+00,9.937864954587375399e-01,9.937864954587375399e-01,1.000000000000001110e+00
1.000000000000001110e+00,5.226581373426586463e-01,5.226581373426586463e-01,1.000000000000001110e+00
1.000000000000001332e+00,3.357202500177042248e-03,3.357202500177042248e-03,1.000000000000001332e+00
1.000000000000001332e+00,5.908010005728634439e-01,5.908010005728634439e-01,1.000000000000001332e+00
1.000000000000001332e+00,9.991432744442638736e-01,9.991432744442638736e-01,1.000000000000001332e+00
1.000000000000001332e+00,6.271151547120790148e-01,6.271151547120790148e-01,1.000000000000001332e+00
1.000000000000001554e+00,1.078590377461297461e-01,1.078590377461297461e-01,1.000000000000001554e+00
1.000000000000001554e+00,7.010350588856273379e-02,7.010350588856273379e-02,1.000000000000001554e+00
1.000000000000001332e+00,6.652556368759434680e-01,6.652556368759434680e-01,1.000000000000001332e+00
1.000000000000001554e+00,9.712149821041762277e-01,9.712149821041762277e-01,1.000000000000001554e+00
1.000000000000001776e+00,2.675831130989292928e-01,2.675831130989292928e-01,1.000000000000001776e+00
1.000000000000001998e+00,9.606264370944439523e-02,9.606264370944439523e-02,1.000000000000001998e+00
1.000000000000001998e+00,8.006919494664765935e-01,8.006919494664765935e-01,1.000000000000001998e+00
1.000000000000001776e+00,9.484519995535678483e-01,9.484519995535678483e-01,1.000000000000001776e+00
1.000000000000001554e+00,4.503175440981140309e-01,4.503175440981140309e-01,1.000000000000001554e+00
1.000000000000001554e+00,2.445088090133420988e-02,2.445088090133420988e-02,1.000000000000001554e+00
1.000000000000001554e+00,2.019234946131461816e-01,2.019234946131461816e-01,1.000000000000001554e+00
1.000000000000001554e+00,8.571969292000602980e-01,8.571969292000602980e-01,1.000000000000001554e+00
