1.000000000000000000e+00,1.000000000000000000e+00,1.000000000000000000e+00,1.000000000000000000e+00
1.000000000000000000e+00,4.414998455396963450e-01,4.414998455396963450e-01,1.000000000000000000e+00
1.000000000000000222e+00,5.791956743059212265e-05,5.791956743059212265e-05,1.000000000000000222e+00
1.000000000000000222e+00,3.094706644256242645e-01,3.094706644256242645e-01,1.000000000000000222e+00
1.000000000000000222e+00,8.587025672771437801e-01,8.587025672771437801e-01,1.000000000000000222e+00
1.000000000000000000e+00,8.952187053266551509e-01,8.952187053266551509e-01,1.000000000000000000e+00
1.000000000000000000e+00,1.512371107978685569e-01,1.512371107978685569e-01,1.000000000000000000e+00
1.000000000000000444e+00,1.931734982420411084e-01,1.931734982420411084e-01,1.000000000000000444e+00
1.000000000000000666e+00,8.660701915463470124e-01,8.660701915463470124e-01,1.000000000000000666e+00
1.000000000000000888e+00,9.456550482141063974e-01,9.456550482141063974e-01,1.000000000000000888e+00
1.000000000000000888e+00,4.635993722610934897e-01,4.635993722610934897e-01,1.000000000000000888e+00
1.000000000000001332e+00,3.102707779038454960e-03,3.102707779038454960e-03,1.000000000000001332e+00
1.000000000000000888e+00,4.868496915008186376e-01,4.868496915008186376e-01,1.000000000000000888e+00
1.000000000000000888e+00,9.959921276202355900e-01,9.959921276202355900e-01,1.000000000000000888e+00
1.000000000000001110e+00,4.595343752954315075e-01,4.595343752954315075e-01,1.000000000000001110e+00
1.000000000000000888e+00,1.431253234304510902e-02,1.431253234304510902e-02,1.000000000000000888e+00
1.000000000000001110e+00,1.977276931700839846e-01,1.977276931700839846e-01,1.000000000000001110e+00
1.000000000000001332e+00,8.202300991876088077e-01,8.202300991876088077e-01,1.000000000000001332e+00
1.000000000000001110e+00,8.665640520556135984e-01,8.665640520556135984e-01,1.000000000000001110e+00
1.000000000000000888e+00,1.054665040752416488e-01,1.054665040752416488e-01,1.000000000000000888e+00
1.000000000000000888e+00,1.910557331675139525e-01,1.910557331675139525e-01,1.000000000000000888e+00
1.000000000000001110e+00,7.898677689869371132e-01,7.898677689869371132e-01,1.000000000000001110e+00
1.000000000000000888e+00,9.896369729920442282e-01,9.896369729920442282e-01,1.000000000000000888e+00
1.000000000000001110e+00,5.311826351975426075e-01,5.311826351975426075e-01,1.000000000000001110e+00
1.000000000000000888e+00,5.312422856758869383e-04,5.312422856758869383e-04,1.000000000000000888e+00
1.000000000000000888e+00,5.584061089301041170e-01,5.584061089301041170e-01,1.000000000000000888e+00
1.000000000000000666e+00,9.943201113545259151e-01,9.943201113545259151e-01,1.000000000000000666e+00
1.000000000000000888e+00,5.485398257625919705e-01,5.485398257625919705e-01,1.000000000000000888e+00
1.000000000000000888e+00,6.365923550817448318e-02,6.365923550817448318e-02,1.000000000000000888e+00
1.000000000000000888e+00,1.367916999109616838e-01,1.367916999109616838e-01,1.000000000000000888e+00
1.000000000000000888e+00,8.350148086254658431e-01,8.350148086254658431e-01,1.000000000000000888e+00
1.000000000000000666e+00,8.137154407553393032e-01,8.137154407553393032e-01,1.000000000000000666e+00
1.000000000000000888e+00,9.011663932997537874e-02,9.011663932997537874e-02,1.000000000000000888e+00
1.000000000000001110e+00,1.355057729742865924e-01,1.355057729742865924e-01,1.000000000000001110e+00
1.000000000000000888e+00,6.710908543725593312e-01,6.710908543725593312e-01,1.000000000000000888e+00
1.000000000000001110e+00,9.999527021624314838e-01,9.999527021624314838e-01,1.000000000000001110e+00
1.000000000000000888e+00,5.258959622445753546e-01,5.258959622445753546e-01,1.000000000000000888e+00
1.000000000000000888e+00,2.257004913629984122e-03,2.257004913629984122e-03,1.000000000000000888e+00
1.000000000000000888e+00,5.962429077117241683e-01,5.962429077117241683e-01,1.000000000000000888e+00
1.000000000000000888e+00,9.997813170681904005e-01,9.997813170681904005e-01,1.000000000000000888e+00
1.000000000000001110e+00,6.763815641177959304e-01,6.763815641177959304e-01,1.000000000000001110e+00
1.000000000000001332e+00,1.253146823594557535e-01,1.253146823594557535e-01,1.000000000000001332e+00
1.000000000000001332e+00,1.301055147338743279e-01,1.301055147338743279e-01,1.000000000000001332e+00
1.000000000000000888e+00,8.812569886239689509e-01,8.812569886239689509e-01,1.000000000000000888e+00
1.000000000000000888e+00,7.739909701434108946e-01,7.739909701434108946e-01,1.000000000000000888e+00
1.000000000000000888e+00,1.176588708596916777e-01,1.176588708596916777e-01,1.000000000000000888e+00
1.000000000000000888e+00,6.148784032759130325e-02,6.148784032759130325e-02,1.000000000000000888e+00
1.000000000000001110e+00,5.577695157763058464e-01,5.577695157763058464e-01,1.000000000000001110e+00
1.000000000000000888e+00,9.996548617000029502e-01,9.996548617000029502e-01,1.000000000000000888e+00
1.000000000000001110e+00,4.658268649699530140e-01,4.658268649699530140e-01,1.000000000000001110e+00
1.000000000000000888e+00,1.112253499598014894e-02,1.112253499598014894e-02,1.000000000000000888e+00
1.000000000000001110e+00,5.671549517419495201e-01,5.671549517419495201e-01,1.000000000000001110e+00
1.000000000000001332e+00,9.891885402267375227e-01,9.891885402267375227e-01,1.000000000000001332e+00
1.000000000000001332e+00,7.863976476782160718e-01,7.863976476782160718e-01,1.000000000000001332e+00
1.000000000000001110e+00,1.538490984321281285e-01,1.538490984321281285e-01,1.000000000000001110e+00
1.000000000000000888e+00,1.667552600695660359e-01,1.667552600695660359e-01,1.000000000000000888e+00
1.000000000000000888e+00,9.200035658626513069e-01,9.200035658626513069e-01,1.000000000000000888e+00
1.000000000000000666e+00,7.854241175501861516e-01,7.854241175501861516e-01,1.000000000000000666e+00
1.000000000000000444e+00,1.967877564040199645e-01,1.967877564040199645e-01,1.000000000000000444e+00
1.000000000000000444e+00,1.434605983046324806e-02,1.434605983046324806e-02,1.000000000000000444e+00
1.000000000000000444e+00,5.011441858492555745e-01,5.011441858492555745e-01,1.000000000000000444e+00
1.000000000000000222e+00,9.994863795963226938e-01,9.994863795963226938e-01,1.000000000000000222e+00
1.000000000000000222e+00,3.967998366764512452e-01,3.967998366764512452e-01,1.000000000000000222e+00
1.000000000000000444e+00,1.143801332166899387e-02,1.143801332166899387e-02,1.000000000000000444e+00
1.000000000000000222e+00,4.691417311001148116e-01,4.691417311001148116e-01,1.000000000000000222e+00
1.000000000000000222e+00,9.443153278488678470e-01,9.443153278488678470e-01,1.000000000000000222e+00
1.000000000000000444e+00,8.420338316434609061e-01,8.420338316434609061e-01,1.000000000000000444e+00
1.000000000000000222e+00,1.333943817251515007e-01,1.333943817251515007e-01,1.000000000000000222e+00
1.000000000000000000e+00,2.237868499829598901e-01,2.237868499829598901e-01,1.000000000000000000e+00
1.000000000000000000e+00,9.284800081599606791e-01,9.284800081599606791e-01,1.000000000000000000e+00
1.000000000000000222e+00,8.510741781753929924e-01,8.510741781753929924e-01,1.000000000000000222e+00
1.000000000000000222e+00,3.140284699576775251e-01,3.140284699576775251e-01,1.000000000000000222e+00
1.000000000000000222e+00,1.178381469544270699e-03,1.178381469544270699e-03,1.000000000000000222e+00
1.000000000000000000e+00,5.168578561518707426e-01,5.168578561518707426e-01,1.000000000000000000e+00
1.000000000000000222e+00,9.910496622707275494e-01,9.910496622707275494e-01,1.000000000000000222e+00
1.000000000000000222e+00,3.681719796433420289e-01,3.681719796433420289e-01,1.000000000000000222e+00
1.000000000000000000e+00,1.278526507077992758e-03,1.278526507077992758e-03,1.000000000000000000e+00
1.000000000000000000e+00,3.380899142492786447e-01,3.380899142492786447e-01,1.000000000000000000e+00
1.000000000000000222e+00,8.908392783321812392e-01,8.908392783321812392e-01,1.000000000000000222e+00
1.000000000000000222e+00,8.411812481675201569e-01,8.411812481675201569e-01,1.000000000000000222e+00
1.000000000000000000e+00,8.972514610869737617e-02,8.972514610869737617e-02,1.000000000000000000e+00
9.999999999999998890e-01,2.592813044450633653e-01,2.592813044450633653e-01,9.999999999999998890e-01
1.000000000000000000e+00,8.967380119607142319e-01,8.967380119607142319e-01,1.000000000000000000e+00
1.000000000000000000e+00,9.310099048059655713e-01,9.310099048059655713e-01,1.000000000000000000e+00
9.999999999999997780e-01,4.195229176414591588e-01,4.195229176414591588e-01,9.999999999999997780e-01
9.999999999999997780e-01,4.080315866139272440e-04,4.080315866139272440e-04,9.999999999999997780e-01
9.999999999999996669e-01,5.814225235254166790e-01,5.814225235254166790e-01,9.999999999999996669e-01
9.999999999999995559e-01,9.786657190616546709e-01,9.786657190616546709e-01,9.999999999999995559e-01
9.999999999999997780e-01,4.079984054493748236e-01,4.079984054493748236e-01,9.999999999999997780e-01
9.999999999999995559e-01,7.861082183411749469e-03,7.861082183411749469e-03,9.999999999999995559e-01
9.999999999999997780e-01,2.310084011902297507e-01,2.310084011902297507e-01,9.999999999999997780e-01
9.999999999999996669e-01,8.715489149413688796e-01,8.715489149413688796e-01,9.999999999999996669e-01
9.999999999999994449e-01,7.966169573711914254e-01,7.966169573711914254e-01,9.999999999999994449e-01
9.999999999999993339e-01,5.833714761687844308e-02,5.833714761687844308e-02,9.999999999999993339e-01
9.999999999999993339e-01,2.375827843489811686e-01,2.375827843489811686e-01,9.999999999999993339e-01
9.999999999999992228e-01,8.157366779059677109e-01,8.157366779059677109e-01,9.999999999999992228e-01
9.999999999999993339e-01,9.807359923672590574e-01,9.807359923672590574e-01,9.999999999999993339e-01
9.999999999999993339e-01,4.647687775549072531e-01,4.647687775549072531e-01,9.999999999999993339e-01
9.999999999999991118e-01,4.771878679412921986e-03,4.771878679412921986e-03,9.999999999999991118e-01
9.999999999999990008e-01,6.462033860511388061e-01,6.462033860511388061e-01,9.999999999999990008e-01
9.999999999999994449e-01,9.813233992201420008e-01,9.813233992201420008e-01,9.999999999999994449e-01
