1.000000000000000000e+00,1.000000000000000000e+00,1.000000000000000000e+00,1.000000000000000000e+00
9.999999999999996669e-01,6.748724618654265983e-01,6.748724618654265983e-01,9.999999999999996669e-01
1.000000000000000222e+00,-1.151799585171908724e-01,-1.151799585171908724e-01,1.000000000000000222e+00
1.000000000000000444e+00,-9.078608015499161077e-01,-9.078608015499161077e-01,1.000000000000000444e+00
1.000000000000000666e+00,-6.938192910691822757e-01,-6.938192910691822757e-01,1.000000000000000666e+00
1.000000000000000888e+00,4.043437834175828138e-01,4.043437834175828138e-01,1.000000000000000888e+00
1.000000000000000888e+00,9.900223646823480550e-01,9.900223646823480550e-01,1.000000000000000888e+00
1.000000000000001332e+00,7.627963753525454083e-01,7.627963753525454083e-01,1.000000000000001332e+00
1.000000000000001332e+00,2.824714844702022609e-02,2.824714844702022609e-02,1.000000000000001332e+00
1.000000000000001332e+00,-8.260619473958537018e-01,-8.260619473958537018e-01,1.000000000000001332e+00
1.000000000000001332e+00,-8.150180363799114369e-01,-8.150180363799114369e-01,1.000000000000001332e+00
1.000000000000001332e+00,2.378961346238414043e-01,2.378961346238414043e-01,1.000000000000001332e+00
1.000000000000001776e+00,9.592758916081755016e-01,9.592758916081755016e-01,1.000000000000001776e+00
1.000000000000001332e+00,8.387852384392867622e-01,8.387852384392867622e-01,1.000000000000001332e+00
1.000000000000001554e+00,1.665458218546731761e-01,1.665458218546731761e-01,1.000000000000001554e+00
1.000000000000001776e+00,-7.201065732741932512e-01,-7.201065732741932512e-01,1.000000000000001776e+00
1.000000000000001332e+00,-9.081971317919232956e-01,-9.081971317919232956e-01,1.000000000000001332e+00
1.000000000000001554e+00,6.143918087721919608e-02,6.143918087721919608e-02,1.000000000000001554e+00
1.000000000000001554e+00,9.061548170941541303e-01,9.061548170941541303e-01,1.000000000000001554e+00
1.000000000000001110e+00,9.011267198497471265e-01,9.011267198497471265e-01,1.000000000000001110e+00
1.000000000000001110e+00,2.992504608749414485e-01,2.992504608749414485e-01,1.000000000000001110e+00
1.000000000000001110e+00,-5.981920375660989553e-01,-5.981920375660989553e-01,1.000000000000001110e+00
1.000000000000000888e+00,-9.660358529478599854e-01,-9.660358529478599854e-01,1.000000000000000888e+00
1.000000000000000666e+00,-1.217577450469625178e-01,-1.217577450469625178e-01,1.000000000000000666e+00
1.000000000000000888e+00,8.304919027021760991e-01,8.304919027021760991e-01,1.000000000000000888e+00
1.000000000000000888e+00,9.493544004456300200e-01,9.493544004456300200e-01,1.000000000000000888e+00
1.000000000000001332e+00,4.227758191464270898e-01,4.227758191464270898e-01,1.000000000000001332e+00
1.000000000000000888e+00,-4.618474935896493272e-01,-4.618474935896493272e-01,1.000000000000000888e+00
1.000000000000000444e+00,-9.915016351979499820e-01,-9.915016351979499820e-01,1.000000000000000444e+00
1.000000000000000888e+00,-3.016621077268013540e-01,-3.016621077268013540e-01,1.000000000000000888e+00
1.000000000000000666e+00,7.311699561040733153e-01,7.311699561040733153e-01,1.000000000000000666e+00
1.000000000000000444e+00,9.816057496939945004e-01,9.816057496939945004e-01,1.000000000000000444e+00
1.000000000000000000e+00,5.375803640785569160e-01,5.375803640785569160e-01,1.000000000000000000e+00
1.000000000000000000e+00,-3.194130605599693196e-01,-3.194130605599693196e-01,1.000000000000000000e+00
1.000000000000000444e+00,-9.800093314082328755e-01,-9.800093314082328755e-01,1.000000000000000444e+00
9.999999999999997780e-01,-4.748159960314234374e-01,-4.748159960314234374e-01,9.999999999999997780e-01
9.999999999999998890e-01,6.102395805467158985e-01,6.102395805467158985e-01,9.999999999999998890e-01
1.000000000000000000e+00,9.968673504827814114e-01,9.968673504827814114e-01,1.000000000000000000e+00
1.000000000000000222e+00,6.409751028779372417e-01,6.409751028779372417e-01,1.000000000000000222e+00
1.000000000000000000e+00,-1.720478307680339269e-01,-1.720478307680339269e-01,1.000000000000000000e+00
9.999999999999998890e-01,-9.380478254359121415e-01,-9.380478254359121415e-01,9.999999999999998890e-01
9.999999999999995559e-01,-6.302098348448889054e-01,-6.302098348448889054e-01,9.999999999999995559e-01
9.999999999999996669e-01,4.679973091634314630e-01,4.679973091634314630e-01,9.999999999999996669e-01
9.999999999999992228e-01,9.934216802463528007e-01,9.934216802463528007e-01,9.999999999999992228e-01
9.999999999999992228e-01,7.334116402027264225e-01,7.334116402027264225e-01,9.999999999999992228e-01
9.999999999999988898e-01,-2.636132939791985264e-02,-2.636132939791985264e-02,9.999999999999988898e-01
9.999999999999991118e-01,-8.647043288979754383e-01,-8.647043288979754383e-01,9.999999999999991118e-01
9.999999999999992228e-01,-7.649368768918750616e-01,-7.649368768918750616e-01,9.999999999999992228e-01
9.999999999999995559e-01,3.090751535188195342e-01,3.090751535188195342e-01,9.999999999999995559e-01
9.999999999999994449e-01,9.698679446315749964e-01,9.698679446315749964e-01,9.999999999999994449e-01
9.999999999999988898e-01,8.129748099212995571e-01,8.129748099212995571e-01,9.999999999999988898e-01
9.999999999999992228e-01,1.166603181227358621e-01,1.166603181227358621e-01,9.999999999999992228e-01
9.999999999999992228e-01,-7.676716516792803091e-01,-7.676716516792803091e-01,9.999999999999992228e-01
9.999999999999993339e-01,-8.702473218223445439e-01,-8.702473218223445439e-01,9.999999999999993339e-01
9.999999999999993339e-01,1.362605604185002373e-01,1.362605604185002373e-01,9.999999999999993339e-01
9.999999999999996669e-01,9.249565299343223135e-01,9.249565299343223135e-01,9.999999999999996669e-01
9.999999999999996669e-01,8.795353159726180259e-01,8.795353159726180259e-01,9.999999999999996669e-01
1.000000000000000000e+00,2.528733173244083199e-01,2.528733173244083199e-01,1.000000000000000000e+00
1.000000000000000000e+00,-6.494335494649667861e-01,-6.494335494649667861e-01,1.000000000000000000e+00
9.999999999999998890e-01,-9.443326073486296712e-01,-9.443326073486296712e-01,9.999999999999998890e-01
1.000000000000000222e+00,-4.392515968047228103e-02,-4.392515968047228103e-02,1.000000000000000222e+00
1.000000000000000666e+00,8.577033543233560930e-01,8.577033543233560930e-01,1.000000000000000666e+00
1.000000000000000444e+00,9.316221476883530528e-01,9.316221476883530528e-01,1.000000000000000444e+00
1.000000000000000444e+00,3.812375014324026479e-01,3.812375014324026479e-01,1.000000000000000444e+00
1.000000000000000000e+00,-5.166477924023475943e-01,-5.166477924023475943e-01,1.000000000000000000e+00
1.000000000000000222e+00,-9.834487297082512569e-01,-9.834487297082512569e-01,1.000000000000000222e+00
1.000000000000000444e+00,-2.255842435776063137e-01,-2.255842435776063137e-01,1.000000000000000444e+00
1.000000000000000888e+00,7.676401665177223776e-01,7.676401665177223776e-01,1.000000000000000888e+00
1.000000000000000888e+00,9.684001929468629699e-01,9.684001929468629699e-01,1.000000000000000888e+00
1.000000000000001110e+00,4.998188158214456056e-01,4.998188158214456056e-01,1.000000000000001110e+00
1.000000000000001554e+00,-3.740026096899542463e-01,-3.740026096899542463e-01,1.000000000000001554e+00
1.000000000000001776e+00,-9.870561125625452181e-01,-9.870561125625452181e-01,1.000000000000001776e+00
1.000000000000001776e+00,-4.020682995430308049e-01,-4.020682995430308049e-01,1.000000000000001776e+00
1.000000000000001998e+00,6.555089091412027447e-01,6.555089091412027447e-01,1.000000000000001998e+00
1.000000000000001998e+00,9.884740091761052838e-01,9.884740091761052838e-01,1.000000000000001998e+00
1.000000000000001998e+00,6.073890717708136933e-01,6.073890717708136933e-01,1.000000000000001998e+00
1.000000000000001998e+00,-2.258485730421893045e-01,-2.258485730421893045e-01,1.000000000000001998e+00
1.000000000000002220e+00,-9.573650160957440924e-01,-9.573650160957440924e-01,1.000000000000002220e+00
1.000000000000002442e+00,-5.648378146711825476e-01,-5.648378146711825476e-01,1.000000000000002442e+00
1.000000000000002442e+00,5.218847935842300112e-01,5.218847935842300112e-01,1.000000000000002442e+00
1.000000000000002442e+00,9.906205327083090761e-01,9.906205327083090761e-01,1.000000000000002442e+00
1.000000000000002220e+00,7.034142022486326029e-01,7.034142022486326029e-01,1.000000000000002220e+00
1.000000000000001776e+00,-7.758882532084548922e-02,-7.758882532084548922e-02,1.000000000000001776e+00
1.000000000000001776e+00,-8.949066016825121261e-01,-8.949066016825121261e-01,1.000000000000001776e+00
1.000000000000001998e+00,-7.093496522280831051e-01,-7.093496522280831051e-01,1.000000000000001998e+00
1.000000000000002665e+00,3.705567921244830587e-01,3.705567921244830587e-01,1.000000000000002665e+00
1.000000000000002887e+00,9.733036338576466218e-01,9.733036338576466218e-01,1.000000000000002887e+00
1.000000000000003109e+00,7.864594936081584775e-01,7.864594936081584775e-01,1.000000000000003109e+00
1.000000000000003553e+00,6.883301627406354650e-02,6.883301627406354650e-02,1.000000000000003553e+00
1.000000000000003997e+00,-8.066486381041966247e-01,-8.066486381041966247e-01,1.000000000000003997e+00
1.000000000000003775e+00,-8.261547017498920287e-01,-8.261547017498920287e-01,1.000000000000003775e+00
1.000000000000003331e+00,2.032921900748141664e-01,2.032921900748141664e-01,1.000000000000003331e+00
1.000000000000003331e+00,9.355924598841868223e-01,9.355924598841868223e-01,1.000000000000003331e+00
1.000000000000003109e+00,8.564723693851350461e-01,8.564723693851350461e-01,1.000000000000003109e+00
1.000000000000002887e+00,2.085150683121043680e-01,2.085150683121043680e-01,1.000000000000002887e+00
1.000000000000003331e+00,-6.938076262112258252e-01,-6.938076262112258252e-01,1.000000000000003331e+00
1.000000000000003553e+00,-9.145040940200860335e-01,-9.145040940200860335e-01,1.000000000000003553e+00
1.000000000000003775e+00,2.747663685641951736e-02,2.747663685641951736e-02,1.000000000000003775e+00
1.000000000000003997e+00,8.759509917672875234e-01,8.759509917672875234e-01,1.000000000000003997e+00
1.000000000000003553e+00,9.118759199357104883e-01,9.118759199357104883e-01,1.000000000000003553e+00
1.000000000000003553e+00,3.412118544850936686e-01,3.412118544850936686e-01,1.000000000000003553e+00
