1.000000000000000000e+00,1.000000000000000000e+00,1.000000000000000000e+00,1.000000000000000000e+00
1.000000000000000000e+00,7.002410679503743296e-01,7.002410679503743296e-01,1.000000000000000000e+00
1.000000000000000000e+00,1.242381959477605047e-01,1.242381959477605047e-01,1.000000000000000000e+00
1.000000000000000444e+00,1.590373429024293239e-01,1.590373429024293239e-01,1.000000000000000444e+00
1.000000000000000444e+00,9.145035681706081832e-01,9.145035681706081832e-01,1.000000000000000444e+00
1.000000000000000444e+00,7.484108332421737231e-01,7.484108332421737231e-01,1.000000000000000444e+00
1.000000000000000000e+00,1.241999744818990808e-01,1.241999744818990808e-01,1.000000000000000000e+00
9.999999999999998890e-01,4.926737041750031687e-02,4.926737041750031687e-02,9.999999999999998890e-01
1.000000000000000000e+00,5.536296862983908218e-01,5.536296862983908218e-01,1.000000000000000000e+00
9.999999999999997780e-01,9.996919880839858497e-01,9.996919880839858497e-01,9.999999999999997780e-01
1.000000000000000000e+00,4.106899789033864323e-01,4.106899789033864323e-01,1.000000000000000000e+00
1.000000000000000000e+00,1.982360540315047936e-02,1.982360540315047936e-02,1.000000000000000000e+00
9.999999999999997780e-01,5.624817838790915348e-01,5.624817838790915348e-01,9.999999999999997780e-01
9.999999999999997780e-01,9.829452462884680219e-01,9.829452462884680219e-01,9.999999999999997780e-01
9.999999999999998890e-01,7.941595849711258204e-01,7.941595849711258204e-01,9.999999999999998890e-01
1.000000000000000000e+00,1.324463582329958866e-01,1.324463582329958866e-01,1.000000000000000000e+00
1.000000000000000000e+00,2.098227670615855911e-01,2.098227670615855911e-01,1.000000000000000000e+00
1.000000000000000000e+00,9.406773286680962798e-01,9.406773286680962798e-01,1.000000000000000000e+00
1.000000000000000222e+00,7.845650990160758509e-01,7.845650990160758509e-01,1.000000000000000222e+00
1.000000000000000222e+00,2.177787454166252301e-01,2.177787454166252301e-01,1.000000000000000222e+00
1.000000000000000000e+00,1.113369232878552717e-02,1.113369232878552717e-02,1.000000000000000000e+00
1.000000000000000000e+00,5.257792684684274853e-01,5.257792684684274853e-01,1.000000000000000000e+00
9.999999999999998890e-01,9.941655797814896722e-01,9.941655797814896722e-01,9.999999999999998890e-01
9.999999999999998890e-01,3.530435597160307970e-01,3.530435597160307970e-01,9.999999999999998890e-01
1.000000000000000000e+00,1.299959755727075894e-02,1.299959755727075894e-02,1.000000000000000000e+00
1.000000000000000222e+00,4.451638793989218801e-01,4.451638793989218801e-01,1.000000000000000222e+00
1.000000000000000444e+00,9.355260656506994010e-01,9.355260656506994010e-01,1.000000000000000444e+00
1.000000000000000666e+00,8.283236022594435699e-01,8.283236022594435699e-01,1.000000000000000666e+00
1.000000000000000666e+00,1.003715194217515427e-01,1.003715194217515427e-01,1.000000000000000666e+00
1.000000000000000444e+00,2.658902922132160285e-01,2.658902922132160285e-01,1.000000000000000444e+00
1.000000000000000222e+00,9.352032701654929836e-01,9.352032701654929836e-01,1.000000000000000222e+00
1.000000000000000444e+00,8.659530246288618116e-01,8.659530246288618116e-01,1.000000000000000444e+00
1.000000000000000222e+00,3.345315920151426536e-01,3.345315920151426536e-01,1.000000000000000222e+00
1.000000000000000222e+00,2.165581993739451594e-03,2.165581993739451594e-03,1.000000000000000222e+00
1.000000000000000000e+00,5.650517487142838746e-01,5.650517487142838746e-01,1.000000000000000000e+00
1.000000000000000222e+00,9.786229960711411158e-01,9.786229960711411158e-01,1.000000000000000222e+00
1.000000000000000222e+00,3.493734898218612828e-01,3.493734898218612828e-01,1.000000000000000222e+00
1.000000000000000000e+00,3.222187963733691429e-04,3.222187963733691429e-04,1.000000000000000000e+00
1.000000000000000444e+00,3.151470440088014469e-01,3.151470440088014469e-01,1.000000000000000444e+00
1.000000000000000444e+00,8.945566200563757064e-01,8.945566200563757064e-01,1.000000000000000444e+00
1.000000000000000666e+00,8.073801399448934379e-01,8.073801399448934379e-01,1.000000000000000666e+00
1.000000000000000444e+00,6.125919931892417902e-02,6.125919931892417902e-02,1.000000000000000444e+00
1.000000000000000444e+00,2.821438289164180935e-01,2.821438289164180935e-01,1.000000000000000444e+00
1.000000000000000222e+00,8.883585416861382589e-01,8.883585416861382589e-01,1.000000000000000222e+00
1.000000000000000222e+00,9.436602505249902517e-01,9.436602505249902517e-01,1.000000000000000222e+00
1.000000000000000222e+00,4.195373334866069337e-01,4.195373334866069337e-01,1.000000000000000222e+00
1.000000000000000000e+00,3.600331841471293703e-03,3.600331841471293703e-03,1.000000000000000000e+00
1.000000000000000444e+00,6.353852603838210378e-01,6.353852603838210378e-01,1.000000000000000444e+00
1.000000000000000222e+00,9.685826760217459697e-01,9.685826760217459697e-01,1.000000000000000222e+00
1.000000000000000222e+00,4.164717363205389100e-01,4.164717363205389100e-01,1.000000000000000222e+00
1.000000000000000000e+00,1.331369568850471197e-02,1.331369568850471197e-02,1.000000000000000000e+00
1.000000000000000222e+00,2.262180664295342647e-01,2.262180664295342647e-01,1.000000000000000222e+00
1.000000000000000222e+00,8.938156670898804723e-01,8.938156670898804723e-01,1.000000000000000222e+00
1.000000000000000444e+00,7.501448637380252471e-01,7.501448637380252471e-01,1.000000000000000444e+00
1.000000000000000222e+00,4.218642995452590028e-02,4.218642995452590028e-02,1.000000000000000222e+00
1.000000000000000444e+00,2.349038024205034048e-01,2.349038024205034048e-01,1.000000000000000444e+00
1.000000000000000444e+00,7.946371826332874200e-01,7.946371826332874200e-01,1.000000000000000444e+00
1.000000000000000222e+00,9.836256665199136773e-01,9.836256665199136773e-01,1.000000000000000222e+00
1.000000000000000444e+00,4.359541354982221506e-01,4.359541354982221506e-01,1.000000000000000444e+00
1.000000000000000444e+00,1.529980822678292385e-02,1.529980822678292385e-02,1.000000000000000444e+00
1.000000000000000444e+00,6.858300315592318341e-01,6.858300315592318341e-01,1.000000000000000444e+00
1.000000000000000222e+00,9.805842826232524789e-01,9.805842826232524789e-01,1.000000000000000222e+00
1.000000000000000000e+00,5.394543498387719405e-01,5.394543498387719405e-01,1.000000000000000000e+00
1.000000000000000000e+00,5.470925165037196503e-02,5.470925165037196503e-02,1.000000000000000000e+00
1.000000000000000222e+00,1.997636870141419330e-01,1.997636870141419330e-01,1.000000000000000222e+00
1.000000000000000444e+00,9.261303120573249892e-01,9.261303120573249892e-01,1.000000000000000444e+00
1.000000000000000666e+00,6.952219812874916860e-01,6.952219812874916860e-01,1.000000000000000666e+00
1.000000000000000444e+00,5.175065690395516671e-02,5.175065690395516671e-02,1.000000000000000444e+00
1.000000000000000666e+00,1.451837886462155336e-01,1.451837886462155336e-01,1.000000000000000666e+00
1.000000000000000888e+00,6.832083110190066977e-01,6.832083110190066977e-01,1.000000000000000888e+00
1.000000000000000666e+00,9.935681977741028792e-01,9.935681977741028792e-01,1.000000000000000666e+00
1.000000000000000666e+00,3.893669791248352552e-01,3.893669791248352552e-01,1.000000000000000666e+00
1.000000000000000444e+00,3.618403694398958370e-02,3.618403694398958370e-02,1.000000000000000444e+00
1.000000000000000444e+00,6.792484297475979149e-01,6.792484297475979149e-01,1.000000000000000444e+00
1.000000000000000888e+00,9.987760089604327263e-01,9.987760089604327263e-01,1.000000000000000888e+00
1.000000000000000888e+00,6.684775406962987221e-01,6.684775406962987221e-01,1.000000000000000888e+00
1.000000000000001110e+00,8.701717753986071280e-02,8.701717753986071280e-02,1.000000000000001110e+00
1.000000000000001110e+00,2.294582664986951626e-01,2.294582664986951626e-01,1.000000000000001110e+00
1.000000000000000888e+00,9.588843093855814459e-01,9.588843093855814459e-01,1.000000000000000888e+00
1.000000000000000888e+00,6.878966250994955622e-01,6.878966250994955622e-01,1.000000000000000888e+00
1.000000000000000888e+00,1.003509447270629212e-01,1.003509447270629212e-01,1.000000000000000888e+00
1.000000000000000888e+00,6.414138612061093259e-02,6.414138612061093259e-02,1.000000000000000888e+00
1.000000000000000888e+00,6.087578529704088526e-01,6.087578529704088526e-01,1.000000000000000888e+00
1.000000000000000888e+00,9.892726633262788338e-01,9.892726633262788338e-01,1.000000000000000888e+00
1.000000000000000888e+00,3.201730879728977297e-01,3.201730879728977297e-01,1.000000000000000888e+00
1.000000000000000888e+00,4.485688812675803216e-02,4.485688812675803216e-02,1.000000000000000888e+00
1.000000000000000888e+00,6.031259567671010124e-01,6.031259567671010124e-01,1.000000000000000888e+00
1.000000000000001110e+00,9.900340447045874459e-01,9.900340447045874459e-01,1.000000000000001110e+00
1.000000000000000888e+00,7.512978534572889444e-01,7.512978534572889444e-01,1.000000000000000888e+00
1.000000000000001110e+00,8.173724952387875775e-02,8.173724952387875775e-02,1.000000000000001110e+00
1.000000000000000666e+00,2.919841581922821838e-01,2.919841581922821838e-01,1.000000000000000666e+00
1.000000000000000444e+00,9.716096343057790685e-01,9.716096343057790685e-01,1.000000000000000444e+00
1.000000000000000444e+00,7.463497752723848855e-01,7.463497752723848855e-01,1.000000000000000444e+00
1.000000000000000666e+00,1.931780462127124509e-01,1.931780462127124509e-01,1.000000000000000666e+00
1.000000000000000666e+00,2.306462820285393178e-02,2.306462820285393178e-02,1.000000000000000666e+00
1.000000000000000666e+00,6.034615553801632171e-01,6.034615553801632171e-01,1.000000000000000666e+00
1.000000000000000888e+00,9.708260966782971124e-01,9.708260966782971124e-01,1.000000000000000888e+00
1.000000000000000888e+00,2.778792213280637524e-01,2.778792213280637524e-01,1.000000000000000888e+00
1.000000000000001110e+00,2.656076780873906085e-02,2.656076780873906085e-02,1.000000000000001110e+00
1.000000000000001332e+00,4.757473999589398317e-01,4.757473999589398317e-01,1.000000000000001332e+00
1.000000000000001332e+00,9.548770326025423083e-01,9.548770326025423083e-01,1.000000000000001332e+00
