1.000000000000000000e+00,1.000000000000000000e+00,1.000000000000000000e+00,1.000000000000000000e+00
1.000000000000000000e+00,4.309020459662318281e-01,4.309020459662318281e-01,1.000000000000000000e+00
1.000000000000000222e+00,2.067566832235517849e-02,2.067566832235517849e-02,1.000000000000000222e+00
1.000000000000000222e+00,6.535208219834485188e-01,6.535208219834485188e-01,1.000000000000000222e+00
1.000000000000000444e+00,9.954778344964295700e-01,9.954778344964295700e-01,1.000000000000000444e+00
1.000000000000000666e+00,6.081291945317073289e-01,6.081291945317073289e-01,1.000000000000000666e+00
1.000000000000000444e+00,9.664704691547652826e-02,9.664704691547652826e-02,1.000000000000000444e+00
1.000000000000000666e+00,8.927514146483113422e-02,8.927514146483113422e-02,1.000000000000000666e+00
1.000000000000001110e+00,7.222726019140781606e-01,7.222726019140781606e-01,1.000000000000001110e+00
1.000000000000000888e+00,9.363071392125194015e-01,9.363071392125194015e-01,1.000000000000000888e+00
1.000000000000000888e+00,1.902696697022542571e-01,1.902696697022542571e-01,1.000000000000000888e+00
1.000000000000000888e+00,1.489199350197028537e-01,1.489199350197028537e-01,1.000000000000000888e+00
1.000000000000000888e+00,8.438352285015106036e-01,8.438352285015106036e-01,1.000000000000000888e+00
1.000000000000000888e+00,9.339073730787337269e-01,9.339073730787337269e-01,1.000000000000000888e+00
1.000000000000001110e+00,4.332765509066850429e-01,4.332765509066850429e-01,1.000000000000001110e+00
1.000000000000000888e+00,1.811736059289897893e-02,1.811736059289897893e-02,1.000000000000000888e+00
1.000000000000000888e+00,2.375690649989877778e-01,2.375690649989877778e-01,1.000000000000000888e+00
1.000000000000001110e+00,9.024320364851752263e-01,9.024320364851752263e-01,1.000000000000001110e+00
1.000000000000001110e+00,7.569977315999800727e-01,7.569977315999800727e-01,1.000000000000001110e+00
1.000000000000001110e+00,3.503081537098795550e-02,3.503081537098795550e-02,1.000000000000001110e+00
1.000000000000001110e+00,3.570694084067206342e-01,3.570694084067206342e-01,1.000000000000001110e+00
1.000000000000000888e+00,9.632101637656917958e-01,9.632101637656917958e-01,1.000000000000000888e+00
1.000000000000000888e+00,8.142517673351461482e-01,8.142517673351461482e-01,1.000000000000000888e+00
1.000000000000000666e+00,2.673530527926235578e-01,2.673530527926235578e-01,1.000000000000000666e+00
1.000000000000000444e+00,2.695934593378662703e-03,2.695934593378662703e-03,1.000000000000000444e+00
1.000000000000000666e+00,4.391970769184457279e-01,4.391970769184457279e-01,1.000000000000000666e+00
1.000000000000000666e+00,9.948689731053306229e-01,9.948689731053306229e-01,1.000000000000000666e+00
1.000000000000000444e+00,5.063054327732113835e-01,5.063054327732113835e-01,1.000000000000000444e+00
1.000000000000000666e+00,5.050415623660764464e-03,5.050415623660764464e-03,1.000000000000000666e+00
1.000000000000000888e+00,5.900088524737769902e-01,5.900088524737769902e-01,1.000000000000000888e+00
1.000000000000000888e+00,9.998847273008117931e-01,9.998847273008117931e-01,1.000000000000000888e+00
1.000000000000001110e+00,6.570053385558118908e-01,6.570053385558118908e-01,1.000000000000001110e+00
1.000000000000001110e+00,1.287813072494866373e-01,1.287813072494866373e-01,1.000000000000001110e+00
1.000000000000000888e+00,5.946402522187113626e-02,5.946402522187113626e-02,1.000000000000000888e+00
1.000000000000001110e+00,6.612783467766891743e-01,6.612783467766891743e-01,1.000000000000001110e+00
1.000000000000000666e+00,9.673729706490103997e-01,9.673729706490103997e-01,1.000000000000000666e+00
1.000000000000000666e+00,2.528908422299467329e-01,2.528908422299467329e-01,1.000000000000000666e+00
1.000000000000000444e+00,1.019174650805644983e-01,1.019174650805644983e-01,1.000000000000000444e+00
1.000000000000000666e+00,7.957041610668261766e-01,7.957041610668261766e-01,1.000000000000000666e+00
1.000000000000000666e+00,9.582661385398647536e-01,9.582661385398647536e-01,1.000000000000000666e+00
1.000000000000000666e+00,4.831596607348058736e-01,4.831596607348058736e-01,1.000000000000000666e+00
1.000000000000000888e+00,3.466401077973568778e-02,3.466401077973568778e-02,1.000000000000000888e+00
1.000000000000000888e+00,1.887176277283598436e-01,1.887176277283598436e-01,1.000000000000000888e+00
1.000000000000000888e+00,8.579636652342476077e-01,8.579636652342476077e-01,1.000000000000000888e+00
1.000000000000000888e+00,8.180565012555948146e-01,8.180565012555948146e-01,1.000000000000000888e+00
1.000000000000000666e+00,6.766776941091506847e-02,6.766776941091506847e-02,1.000000000000000666e+00
1.000000000000000888e+00,2.925772632966745501e-01,2.925772632966745501e-01,1.000000000000000888e+00
1.000000000000000666e+00,9.373744585717644906e-01,9.373744585717644906e-01,1.000000000000000666e+00
1.000000000000001110e+00,8.532004537113561105e-01,8.532004537113561105e-01,1.000000000000001110e+00
1.000000000000001110e+00,3.127517056794744121e-01,3.127517056794744121e-01,1.000000000000001110e+00
1.000000000000001110e+00,4.689931183576856455e-06,4.689931183576856455e-06,1.000000000000001110e+00
1.000000000000001110e+00,3.777728560312502704e-01,3.777728560312502704e-01,1.000000000000001110e+00
1.000000000000001110e+00,9.797508899705806851e-01,9.797508899705806851e-01,1.000000000000001110e+00
1.000000000000000666e+00,5.814710055252968468e-01,5.814710055252968468e-01,1.000000000000000666e+00
1.000000000000000888e+00,6.232518098586714572e-06,6.232518098586714572e-06,1.000000000000000888e+00
1.000000000000000888e+00,5.241706671011983065e-01,5.241706671011983065e-01,1.000000000000000888e+00
1.000000000000000888e+00,9.978355500423595759e-01,9.978355500423595759e-01,1.000000000000000888e+00
1.000000000000000888e+00,7.045333621925908840e-01,7.045333621925908840e-01,1.000000000000000888e+00
1.000000000000000888e+00,1.645565205093883487e-01,1.645565205093883487e-01,1.000000000000000888e+00
1.000000000000000888e+00,3.565227443056687151e-02,3.565227443056687151e-02,1.000000000000000888e+00
1.000000000000001110e+00,5.982387544799420143e-01,5.982387544799420143e-01,1.000000000000001110e+00
1.000000000000001110e+00,9.882547259453687838e-01,9.882547259453687838e-01,1.000000000000001110e+00
1.000000000000001332e+00,3.212210987339427781e-01,3.212210987339427781e-01,1.000000000000001332e+00
1.000000000000001332e+00,6.269789035673936639e-02,6.269789035673936639e-02,1.000000000000001332e+00
1.000000000000001332e+00,7.422186691516464707e-01,7.422186691516464707e-01,1.000000000000001332e+00
1.000000000000001110e+00,9.774158274961217696e-01,9.774158274961217696e-01,1.000000000000001110e+00
1.000000000000000888e+00,5.333315327323187027e-01,5.333315327323187027e-01,1.000000000000000888e+00
1.000000000000000888e+00,5.608909212168514125e-02,5.608909212168514125e-02,1.000000000000000888e+00
1.000000000000001110e+00,1.448494059760362662e-01,1.448494059760362662e-01,1.000000000000001110e+00
1.000000000000001110e+00,8.073127821929277914e-01,8.073127821929277914e-01,1.000000000000001110e+00
1.000000000000000666e+00,8.717986188994276686e-01,8.717986188994276686e-01,1.000000000000000666e+00
1.000000000000000888e+00,1.101430317422508881e-01,1.101430317422508881e-01,1.000000000000000888e+00
1.000000000000000888e+00,2.314329182436125065e-01,2.314329182436125065e-01,1.000000000000000888e+00
1.000000000000000444e+00,9.047973913086517772e-01,9.047973913086517772e-01,1.000000000000000444e+00
1.000000000000000222e+00,8.885838281849329778e-01,8.885838281849329778e-01,1.000000000000000222e+00
1.000000000000000444e+00,3.599710832603584820e-01,3.599710832603584820e-01,1.000000000000000444e+00
1.000000000000000444e+00,3.099537384254141825e-03,3.099537384254141825e-03,1.000000000000000444e+00
1.000000000000000222e+00,3.190080995752244686e-01,3.190080995752244686e-01,1.000000000000000222e+00
1.000000000000000000e+00,9.552130239121461308e-01,9.552130239121461308e-01,1.000000000000000000e+00
1.000000000000000444e+00,6.546428985209740148e-01,6.546428985209740148e-01,1.000000000000000444e+00
1.000000000000000444e+00,5.846192598122551543e-03,5.846192598122551543e-03,1.000000000000000444e+00
1.000000000000000444e+00,4.571415086378191051e-01,4.571415086378191051e-01,1.000000000000000444e+00
1.000000000000000444e+00,9.891079060566507763e-01,9.891079060566507763e-01,1.000000000000000444e+00
1.000000000000000444e+00,7.502272726151697491e-01,7.502272726151697491e-01,1.000000000000000444e+00
1.000000000000000444e+00,2.035848589324743274e-01,2.035848589324743274e-01,1.000000000000000444e+00
1.000000000000000666e+00,1.791903188942026159e-02,1.791903188942026159e-02,1.000000000000000666e+00
1.000000000000000666e+00,5.343182887194884989e-01,5.343182887194884989e-01,1.000000000000000666e+00
1.000000000000000666e+00,9.987001765635248329e-01,9.987001765635248329e-01,1.000000000000000666e+00
1.000000000000000666e+00,3.936659012666582913e-01,3.936659012666582913e-01,1.000000000000000666e+00
1.000000000000000666e+00,3.229437290285713802e-02,3.229437290285713802e-02,1.000000000000000666e+00
1.000000000000000666e+00,6.840794823119309420e-01,6.840794823119309420e-01,1.000000000000000666e+00
1.000000000000000666e+00,9.909420557603259017e-01,9.909420557603259017e-01,1.000000000000000666e+00
1.000000000000000666e+00,5.833354112584668849e-01,5.833354112584668849e-01,1.000000000000000666e+00
1.000000000000000888e+00,8.206309300935443751e-02,8.206309300935443751e-02,1.000000000000000888e+00
1.000000000000000888e+00,1.063819232556097727e-01,1.063819232556097727e-01,1.000000000000000888e+00
1.000000000000000666e+00,7.516297667260273263e-01,7.516297667260273263e-01,1.000000000000000666e+00
1.000000000000000888e+00,9.171045435348520458e-01,9.171045435348520458e-01,1.000000000000000888e+00
1.000000000000001110e+00,1.615574633383080050e-01,1.615574633383080050e-01,1.000000000000001110e+00
1.000000000000000888e+00,1.749788954235495242e-01,1.749788954235495242e-01,1.000000000000000888e+00
1.000000000000000888e+00,8.657114701032959658e-01,8.657114701032959658e-01,1.000000000000000888e+00
1.000000000000000888e+00,9.199129153812841686e-01,9.199129153812841686e-01,1.000000000000000888e+00
