1.000000000000000000e+00,1.000000000000000000e+00,1.000000000000000000e+00,1.000000000000000000e+00
1.000000000000000000e+00,5.819848080727609840e-01,5.819848080727609840e-01,1.000000000000000000e+00
1.000000000000000222e+00,1.083982083535001140e-02,1.083982083535001140e-02,1.000000000000000222e+00
1.000000000000000000e+00,3.436089946986395915e-01,3.436089946986395915e-01,1.000000000000000000e+00
1.000000000000000000e+00,9.658968834279706428e-01,9.658968834279706428e-01,1.000000000000000000e+00
1.000000000000000000e+00,7.879210243168600636e-01,7.879210243168600636e-01,1.000000000000000000e+00
1.000000000000000000e+00,1.647693967131529935e-01,1.647693967131529935e-01,1.000000000000000000e+00
1.000000000000000222e+00,7.906872216044488755e-02,7.906872216044488755e-02,1.000000000000000222e+00
1.000000000000000222e+00,7.016023507232447276e-01,7.016023507232447276e-01,1.000000000000000222e+00
1.000000000000000222e+00,9.711973602270804751e-01,9.711973602270804751e-01,1.000000000000000222e+00
1.000000000000000222e+00,3.924173342288078681e-01,3.924173342288078681e-01,1.000000000000000222e+00
1.000000000000000444e+00,2.205950706956061325e-03,2.205950706956061325e-03,1.000000000000000444e+00
1.000000000000000444e+00,5.193773435825811413e-01,5.193773435825811413e-01,1.000000000000000444e+00
1.000000000000000444e+00,9.916289651146414919e-01,9.916289651146414919e-01,1.000000000000000444e+00
1.000000000000000888e+00,6.567784080309104766e-01,6.567784080309104766e-01,1.000000000000000888e+00
1.000000000000001110e+00,7.335380885515160876e-02,7.335380885515160876e-02,1.000000000000001110e+00
1.000000000000000888e+00,2.031654020396676530e-01,2.031654020396676530e-01,1.000000000000000888e+00
1.000000000000000666e+00,8.585296366661119283e-01,8.585296366661119283e-01,1.000000000000000666e+00
1.000000000000000666e+00,8.672723645733657616e-01,8.672723645733657616e-01,1.000000000000000666e+00
1.000000000000000444e+00,1.845430595645500271e-01,1.845430595645500271e-01,1.000000000000000444e+00
1.000000000000000444e+00,5.835467792861256942e-02,5.835467792861256942e-02,1.000000000000000444e+00
1.000000000000000444e+00,6.974787340005152991e-01,6.974787340005152991e-01,1.000000000000000444e+00
1.000000000000000444e+00,9.931864435303126015e-01,9.931864435303126015e-01,1.000000000000000444e+00
1.000000000000000222e+00,4.408343644283939655e-01,4.408343644283939655e-01,1.000000000000000222e+00
1.000000000000000222e+00,4.908052504623006129e-04,4.908052504623006129e-04,1.000000000000000222e+00
1.000000000000000444e+00,4.664789847122680078e-01,4.664789847122680078e-01,1.000000000000000444e+00
1.000000000000000444e+00,9.934593839635094126e-01,9.934593839635094126e-01,1.000000000000000444e+00
1.000000000000000222e+00,5.720742505881194484e-01,5.720742505881194484e-01,1.000000000000000222e+00
1.000000000000000444e+00,1.199243811362576961e-02,1.199243811362576961e-02,1.000000000000000444e+00
1.000000000000000444e+00,3.083766760766786241e-01,3.083766760766786241e-01,1.000000000000000444e+00
1.000000000000000888e+00,9.388119115242128387e-01,9.388119115242128387e-01,1.000000000000000888e+00
1.000000000000000888e+00,8.317005560472486847e-01,8.317005560472486847e-01,1.000000000000000888e+00
1.000000000000000888e+00,1.949015967892213097e-01,1.949015967892213097e-01,1.000000000000000888e+00
1.000000000000000444e+00,3.991636882345672710e-02,3.991636882345672710e-02,1.000000000000000444e+00
1.000000000000000666e+00,6.090091438555101933e-01,6.090091438555101933e-01,1.000000000000000666e+00
1.000000000000000666e+00,9.998702588092236443e-01,9.998702588092236443e-01,1.000000000000000666e+00
1.000000000000000222e+00,5.635063786813750975e-01,5.635063786813750975e-01,1.000000000000000222e+00
1.000000000000000222e+00,2.734129502923204891e-02,2.734129502923204891e-02,1.000000000000000222e+00
9.999999999999998890e-01,2.655922656290726214e-01,2.655922656290726214e-01,9.999999999999998890e-01
1.000000000000000222e+00,8.633645601907267153e-01,8.633645601907267153e-01,1.000000000000000222e+00
9.999999999999998890e-01,8.488457024033583265e-01,8.488457024033583265e-01,9.999999999999998890e-01
1.000000000000000000e+00,2.368157622030668819e-01,2.368157622030668819e-01,1.000000000000000000e+00
1.000000000000000222e+00,7.845233657665190430e-02,7.845233657665190430e-02,1.000000000000000222e+00
1.000000000000000000e+00,6.845912281225530194e-01,6.845912281225530194e-01,1.000000000000000000e+00
1.000000000000000000e+00,9.869224230752892124e-01,9.869224230752892124e-01,1.000000000000000000e+00
1.000000000000000000e+00,4.546141225828021493e-01,4.546141225828021493e-01,1.000000000000000000e+00
1.000000000000000000e+00,6.091884947543313444e-03,6.091884947543313444e-03,1.000000000000000000e+00
1.000000000000000000e+00,3.514774469482032648e-01,3.514774469482032648e-01,1.000000000000000000e+00
1.000000000000000222e+00,9.717190730698911372e-01,9.717190730698911372e-01,1.000000000000000222e+00
1.000000000000000000e+00,6.635932887224487153e-01,6.635932887224487153e-01,1.000000000000000000e+00
1.000000000000000000e+00,6.288989592763102876e-02,6.288989592763102876e-02,1.000000000000000000e+00
1.000000000000000000e+00,2.052529932235221122e-01,2.052529932235221122e-01,1.000000000000000000e+00
1.000000000000000000e+00,8.753147410914149384e-01,8.753147410914149384e-01,1.000000000000000000e+00
1.000000000000000000e+00,9.156532639643359950e-01,9.156532639643359950e-01,1.000000000000000000e+00
1.000000000000000222e+00,2.880223084486573937e-01,2.880223084486573937e-01,1.000000000000000222e+00
1.000000000000000000e+00,2.344519631227376388e-02,2.344519631227376388e-02,1.000000000000000000e+00
1.000000000000000444e+00,6.353566215874866252e-01,6.353566215874866252e-01,1.000000000000000444e+00
1.000000000000000666e+00,9.797228190379104751e-01,9.797228190379104751e-01,1.000000000000000666e+00
1.000000000000000666e+00,4.886061167290703389e-01,4.886061167290703389e-01,1.000000000000000666e+00
1.000000000000000444e+00,1.489701513902283447e-02,1.489701513902283447e-02,1.000000000000000444e+00
1.000000000000000444e+00,2.723960519448302975e-01,2.723960519448302975e-01,1.000000000000000444e+00
1.000000000000000222e+00,9.460035555070350766e-01,9.460035555070350766e-01,1.000000000000000222e+00
1.000000000000000444e+00,8.331040459342790028e-01,8.331040459342790028e-01,1.000000000000000444e+00
1.000000000000000444e+00,1.893629027690581501e-01,1.893629027690581501e-01,1.000000000000000444e+00
1.000000000000000444e+00,8.791301234047430024e-02,8.791301234047430024e-02,1.000000000000000444e+00
1.000000000000000444e+00,6.683106794524809047e-01,6.683106794524809047e-01,1.000000000000000444e+00
1.000000000000000666e+00,9.948686833384690065e-01,9.948686833384690065e-01,1.000000000000000666e+00
1.000000000000000888e+00,5.041537345360168620e-01,5.041537345360168620e-01,1.000000000000000888e+00
1.000000000000000888e+00,2.974619273189982316e-04,2.974619273189982316e-04,1.000000000000000888e+00
1.000000000000001110e+00,3.723771608950380285e-01,3.723771608950380285e-01,1.000000000000001110e+00
1.000000000000001110e+00,9.442860100199242934e-01,9.442860100199242934e-01,1.000000000000001110e+00
1.000000000000000888e+00,7.339326901312861473e-01,7.339326901312861473e-01,1.000000000000000888e+00
1.000000000000000666e+00,1.247377323173120001e-01,1.247377323173120001e-01,1.000000000000000666e+00
1.000000000000000888e+00,1.405111648250407519e-01,1.405111648250407519e-01,1.000000000000000888e+00
1.000000000000000666e+00,8.157679807433960706e-01,8.157679807433960706e-01,1.000000000000000666e+00
1.000000000000000444e+00,9.489214670312899891e-01,9.489214670312899891e-01,1.000000000000000444e+00
1.000000000000000444e+00,2.822631681367250289e-01,2.822631681367250289e-01,1.000000000000000444e+00
1.000000000000000444e+00,1.628752194719038093e-02,1.628752194719038093e-02,1.000000000000000444e+00
1.000000000000000222e+00,5.097488803523101408e-01,5.097488803523101408e-01,1.000000000000000222e+00
1.000000000000000222e+00,9.890128433038720690e-01,9.890128433038720690e-01,1.000000000000000222e+00
1.000000000000000444e+00,5.979825588980678397e-01,5.979825588980678397e-01,1.000000000000000444e+00
1.000000000000000444e+00,1.049810806585985135e-02,1.049810806585985135e-02,1.000000000000000444e+00
1.000000000000000444e+00,3.709235443268288357e-01,3.709235443268288357e-01,1.000000000000000444e+00
1.000000000000000444e+00,9.551552584982738736e-01,9.551552584982738736e-01,1.000000000000000444e+00
1.000000000000000444e+00,8.004780284532119206e-01,8.004780284532119206e-01,1.000000000000000444e+00
1.000000000000000444e+00,1.390536249772225119e-01,1.390536249772225119e-01,1.000000000000000444e+00
1.000000000000000444e+00,7.800232739582069197e-02,7.800232739582069197e-02,1.000000000000000444e+00
1.000000000000000444e+00,6.950037087635148048e-01,6.950037087635148048e-01,1.000000000000000444e+00
1.000000000000000444e+00,9.911228525161441816e-01,9.911228525161441816e-01,1.000000000000000444e+00
1.000000000000000888e+00,4.654634914006833823e-01,4.654634914006833823e-01,1.000000000000000888e+00
1.000000000000000666e+00,7.420268292406356769e-03,7.420268292406356769e-03,1.000000000000000666e+00
1.000000000000000666e+00,3.485892223482942587e-01,3.485892223482942587e-01,1.000000000000000666e+00
1.000000000000000888e+00,9.687554705008176725e-01,9.687554705008176725e-01,1.000000000000000888e+00
1.000000000000000888e+00,6.946393955703897838e-01,6.946393955703897838e-01,1.000000000000000888e+00
1.000000000000000888e+00,5.460860045380885874e-02,5.460860045380885874e-02,1.000000000000000888e+00
1.000000000000000888e+00,2.555068476318706483e-01,2.555068476318706483e-01,1.000000000000000888e+00
1.000000000000000666e+00,8.706296290475797894e-01,8.706296290475797894e-01,1.000000000000000666e+00
1.000000000000000666e+00,8.305082679534909751e-01,8.305082679534909751e-01,1.000000000000000666e+00
1.000000000000000444e+00,1.787875472158338974e-01,1.787875472158338974e-01,1.000000000000000444e+00
1.000000000000000888e+00,9.305943642485464684e-02,9.305943642485464684e-02,1.000000000000000888e+00
1.000000000000000888e+00,7.614035010183494157e-01,7.614035010183494157e-01,1.000000000000000888e+00
