1.000000000000000000e+00,1.000000000000000000e+00,1.000000000000000000e+00,1.000000000000000000e+00
1.000000000000000222e+00,5.639684181395805407e-01,5.639684181395805407e-01,1.000000000000000222e+00
9.999999999999998890e-01,1.049140211135002332e-03,1.049140211135002332e-03,9.999999999999998890e-01
9.999999999999997780e-01,5.479018023660701120e-01,5.479018023660701120e-01,9.999999999999997780e-01
1.000000000000000000e+00,9.889318389012125010e-01,9.889318389012125010e-01,1.000000000000000000e+00
1.000000000000000000e+00,4.205608969626312699e-01,4.205608969626312699e-01,1.000000000000000000e+00
1.000000000000000000e+00,2.253634237499857473e-03,2.253634237499857473e-03,1.000000000000000000e+00
1.000000000000000222e+00,2.653945145791872240e-01,2.653945145791872240e-01,1.000000000000000222e+00
1.000000000000000222e+00,8.159174234923185498e-01,8.159174234923185498e-01,1.000000000000000222e+00
1.000000000000000444e+00,9.572106315046249314e-01,9.572106315046249314e-01,1.000000000000000444e+00
1.000000000000000444e+00,3.278270947168469562e-01,3.278270947168469562e-01,1.000000000000000444e+00
1.000000000000000444e+00,5.156455913720192630e-02,5.156455913720192630e-02,1.000000000000000444e+00
1.000000000000001110e+00,7.907081528710502294e-01,7.907081528710502294e-01,1.000000000000001110e+00
1.000000000000000888e+00,8.841670135291668231e-01,8.841670135291668231e-01,1.000000000000000888e+00
1.000000000000000888e+00,2.257371247862590136e-01,2.257371247862590136e-01,1.000000000000000888e+00
1.000000000000000888e+00,1.848095869321314533e-02,1.848095869321314533e-02,1.000000000000000888e+00
1.000000000000000888e+00,4.312308919623350500e-01,4.312308919623350500e-01,1.000000000000000888e+00
1.000000000000000888e+00,9.365993621666498514e-01,9.365993621666498514e-01,1.000000000000000888e+00
1.000000000000001332e+00,8.288967594044295284e-01,8.288967594044295284e-01,1.000000000000001332e+00
1.000000000000001110e+00,1.250441450323219184e-01,1.250441450323219184e-01,1.000000000000001110e+00
1.000000000000001110e+00,2.241799387023318824e-01,2.241799387023318824e-01,1.000000000000001110e+00
1.000000000000000888e+00,9.535797240418317777e-01,9.535797240418317777e-01,1.000000000000000888e+00
1.000000000000000888e+00,6.995783062458311719e-01,6.995783062458311719e-01,1.000000000000000888e+00
1.000000000000000888e+00,8.392926648776627419e-02,8.392926648776627419e-02,1.000000000000000888e+00
1.000000000000000888e+00,9.614442457398759967e-02,9.614442457398759967e-02,1.000000000000000888e+00
1.000000000000000666e+00,6.072910601444780898e-01,6.072910601444780898e-01,1.000000000000000666e+00
1.000000000000000444e+00,9.966617311345835617e-01,9.966617311345835617e-01,1.000000000000000444e+00
1.000000000000000444e+00,6.295308136400686871e-01,6.295308136400686871e-01,1.000000000000000444e+00
1.000000000000000666e+00,1.126237358456266824e-02,1.126237358456266824e-02,1.000000000000000666e+00
1.000000000000000888e+00,4.725591600242543544e-01,4.725591600242543544e-01,1.000000000000000888e+00
1.000000000000001110e+00,9.987918766709882323e-01,9.987918766709882323e-01,1.000000000000001110e+00
1.000000000000001332e+00,4.821672171342654134e-01,4.821672171342654134e-01,1.000000000000001332e+00
1.000000000000001554e+00,1.020283230485299897e-02,1.020283230485299897e-02,1.000000000000001554e+00
1.000000000000001776e+00,2.224772616268846648e-01,2.224772616268846648e-01,1.000000000000001776e+00
1.000000000000001776e+00,7.733607875838925949e-01,7.733607875838925949e-01,1.000000000000001776e+00
1.000000000000001554e+00,9.782988754852286473e-01,9.782988754852286473e-01,1.000000000000001554e+00
1.000000000000001332e+00,3.944706593871036837e-01,3.944706593871036837e-01,1.000000000000001332e+00
1.000000000000001110e+00,2.353073376004388706e-02,2.353073376004388706e-02,1.000000000000001110e+00
1.000000000000001110e+00,7.270231176645054472e-01,7.270231176645054472e-01,1.000000000000001110e+00
1.000000000000001110e+00,9.241268944894927007e-01,9.241268944894927007e-01,1.000000000000001110e+00
1.000000000000001110e+00,2.770116756862582852e-01,2.770116756862582852e-01,1.000000000000001110e+00
1.000000000000001332e+00,7.110356993411781623e-03,7.110356993411781623e-03,1.000000000000001332e+00
1.000000000000001776e+00,3.819749942490021644e-01,3.819749942490021644e-01,1.000000000000001776e+00
1.000000000000001776e+00,9.073766964990748196e-01,9.073766964990748196e-01,1.000000000000001776e+00
1.000000000000001776e+00,8.738282294323123089e-01,8.738282294323123089e-01,1.000000000000001776e+00
1.000000000000001998e+00,1.761508548419276066e-01,1.761508548419276066e-01,1.000000000000001998e+00
1.000000000000001776e+00,1.644920074985395386e-01,1.644920074985395386e-01,1.000000000000001776e+00
1.000000000000001554e+00,9.180518943273326959e-01,9.180518943273326959e-01,1.000000000000001554e+00
1.000000000000001776e+00,7.577954058562225148e-01,7.577954058562225148e-01,1.000000000000001776e+00
1.000000000000001776e+00,1.178947044245653580e-01,1.178947044245653580e-01,1.000000000000001776e+00
1.000000000000001554e+00,6.836801258228342171e-02,6.836801258228342171e-02,1.000000000000001554e+00
1.000000000000001776e+00,5.570838508717994575e-01,5.570838508717994575e-01,1.000000000000001776e+00
1.000000000000001776e+00,9.868587932447726585e-01,9.868587932447726585e-01,1.000000000000001776e+00
1.000000000000001776e+00,6.920654066015652361e-01,6.920654066015652361e-01,1.000000000000001776e+00
1.000000000000001776e+00,3.199005534701185316e-02,3.199005534701185316e-02,1.000000000000001776e+00
1.000000000000001776e+00,3.977111506188718559e-01,3.977111506188718559e-01,1.000000000000001776e+00
1.000000000000001554e+00,9.986686892448395358e-01,9.986686892448395358e-01,1.000000000000001554e+00
1.000000000000001776e+00,5.448498282497640233e-01,5.448498282497640233e-01,1.000000000000001776e+00
1.000000000000001554e+00,2.397293777204334564e-02,2.397293777204334564e-02,1.000000000000001554e+00
1.000000000000001554e+00,1.822795485877020116e-01,1.822795485877020116e-01,1.000000000000001554e+00
1.000000000000001776e+00,7.281917468102484525e-01,7.281917468102484525e-01,1.000000000000001776e+00
1.000000000000001998e+00,9.922531223545048018e-01,9.922531223545048018e-01,1.000000000000001998e+00
1.000000000000001998e+00,4.624440723333217429e-01,4.624440723333217429e-01,1.000000000000001998e+00
1.000000000000001776e+00,6.259912863821603946e-03,6.259912863821603946e-03,1.000000000000001776e+00
1.000000000000001776e+00,6.580095582701646073e-01,6.580095582701646073e-01,1.000000000000001776e+00
1.000000000000001776e+00,9.564976532966933398e-01,9.564976532966933398e-01,1.000000000000001776e+00
1.000000000000001998e+00,3.321396983479026899e-01,3.321396983479026899e-01,1.000000000000001998e+00
1.000000000000001998e+00,1.025595366142745268e-03,1.025595366142745268e-03,1.000000000000001998e+00
1.000000000000001776e+00,3.340063709715918594e-01,3.340063709715918594e-01,1.000000000000001776e+00
1.000000000000001554e+00,8.736858248178188679e-01,8.736858248178188679e-01,1.000000000000001554e+00
1.000000000000001554e+00,9.123165127496226656e-01,9.123165127496226656e-01,1.000000000000001554e+00
1.000000000000001776e+00,2.333936563510982665e-01,2.333936563510982665e-01,1.000000000000001776e+00
1.000000000000001776e+00,1.125251560338805246e-01,1.125251560338805246e-01,1.000000000000001776e+00
1.000000000000001554e+00,8.732825991608476057e-01,8.732825991608476057e-01,1.000000000000001554e+00
1.000000000000001554e+00,8.121998118449726967e-01,8.121998118449726967e-01,1.000000000000001554e+00
1.000000000000001332e+00,1.572675089720614316e-01,1.572675089720614316e-01,1.000000000000001332e+00
1.000000000000001332e+00,4.490840248474042840e-02,4.490840248474042840e-02,1.000000000000001332e+00
1.000000000000001332e+00,5.065633116285650495e-01,5.065633116285650495e-01,1.000000000000001332e+00
1.000000000000001332e+00,9.709570259003976744e-01,9.709570259003976744e-01,1.000000000000001332e+00
1.000000000000000888e+00,7.505674100583483721e-01,7.505674100583483721e-01,1.000000000000000888e+00
1.000000000000000888e+00,6.258515043208806583e-02,6.258515043208806583e-02,1.000000000000000888e+00
1.000000000000000444e+00,3.251186748325792797e-01,3.251186748325792797e-01,1.000000000000000444e+00
1.000000000000000444e+00,9.883067322339894600e-01,9.883067322339894600e-01,1.000000000000000444e+00
1.000000000000000444e+00,6.076147777482421297e-01,6.076147777482421297e-01,1.000000000000000444e+00
1.000000000000000444e+00,4.359888536121570013e-02,4.359888536121570013e-02,1.000000000000000444e+00
1.000000000000000888e+00,1.451814565642813859e-01,1.451814565642813859e-01,1.000000000000000888e+00
1.000000000000000888e+00,6.809394820748851940e-01,6.809394820748851940e-01,1.000000000000000888e+00
1.000000000000000666e+00,9.991484269954098441e-01,9.991484269954098441e-01,1.000000000000000666e+00
1.000000000000000666e+00,5.303998608042289620e-01,5.303998608042289620e-01,1.000000000000000666e+00
1.000000000000000222e+00,2.223018398239684501e-05,2.223018398239684501e-05,1.000000000000000222e+00
1.000000000000000222e+00,5.852076148716106596e-01,5.852076148716106596e-01,1.000000000000000222e+00
1.000000000000000000e+00,9.803965315687293014e-01,9.803965315687293014e-01,1.000000000000000000e+00
1.000000000000000000e+00,3.904498605780295506e-01,3.904498605780295506e-01,1.000000000000000000e+00
9.999999999999997780e-01,4.347686142494588957e-04,4.347686142494588957e-04,9.999999999999997780e-01
1.000000000000000000e+00,2.877506615080211994e-01,2.877506615080211994e-01,1.000000000000000000e+00
1.000000000000000000e+00,8.360492800786675227e-01,8.360492800786675227e-01,1.000000000000000000e+00
1.000000000000000000e+00,9.439981295741484146e-01,9.439981295741484146e-01,1.000000000000000000e+00
1.000000000000000000e+00,2.954369828541962839e-01,2.954369828541962839e-01,1.000000000000000000e+00
1.000000000000000222e+00,6.945719458311777617e-02,6.945719458311777617e-02,1.000000000000000222e+00
1.000000000000000222e+00,8.201144878959344409e-01,8.201144878959344409e-01,1.000000000000000222e+00
1.000000000000000000e+00,8.616488791167666861e-01,8.616488791167666861e-01,1.000000000000000000e+00
