1.000000000000000000e+00,1.000000000000000000e+00,1.000000000000000000e+00,1.000000000000000000e+00
9.999999999999996669e-01,4.887070141158079140e-01,4.887070141158079140e-01,9.999999999999996669e-01
9.999999999999994449e-01,-5.635653011138346269e-01,-5.635653011138346269e-01,9.999999999999994449e-01
9.999999999999994449e-01,-9.872858716185705097e-01,-9.872858716185705097e-01,9.999999999999994449e-01
9.999999999999994449e-01,-4.088028369032442599e-01,-4.088028369032442599e-01,9.999999999999994449e-01
9.999999999999993339e-01,5.001215849687083992e-01,5.001215849687083992e-01,9.999999999999993339e-01
9.999999999999998890e-01,9.999904937246467673e-01,9.999904937246467673e-01,9.999999999999998890e-01
1.000000000000000000e+00,6.040888834038624644e-01,6.040888834038624644e-01,1.000000000000000000e+00
1.000000000000000000e+00,-3.994694740116750409e-01,-3.994694740116750409e-01,1.000000000000000000e+00
1.000000000000000222e+00,-9.838574910151756114e-01,-9.838574910151756114e-01,1.000000000000000222e+00
1.000000000000000222e+00,-6.643738911502319322e-01,-6.643738911502319322e-01,1.000000000000000222e+00
1.000000000000000222e+00,2.255167772086754951e-01,2.255167772086754951e-01,1.000000000000000222e+00
1.000000000000000444e+00,9.341806369358955919e-01,9.341806369358955919e-01,1.000000000000000444e+00
1.000000000000000666e+00,8.176948273072695006e-01,8.176948273072695006e-01,1.000000000000000666e+00
1.000000000000000444e+00,-1.350133353458408125e-01,-1.350133353458408125e-01,1.000000000000000444e+00
1.000000000000000000e+00,-9.090134239148202067e-01,-9.090134239148202067e-01,1.000000000000000000e+00
1.000000000000000000e+00,-8.101991583263672414e-01,-8.101991583263672414e-01,1.000000000000000000e+00
1.000000000000000000e+00,-2.617523148692607604e-02,-2.617523148692607604e-02,1.000000000000000000e+00
1.000000000000000000e+00,8.342194995161320570e-01,8.342194995161320570e-01,1.000000000000000000e+00
1.000000000000000444e+00,8.740216733492714996e-01,8.740216733492714996e-01,1.000000000000000444e+00
1.000000000000000222e+00,-4.865678347855040276e-02,-4.865678347855040276e-02,1.000000000000000222e+00
1.000000000000000222e+00,-8.794414624039095241e-01,-8.794414624039095241e-01,1.000000000000000222e+00
1.000000000000000444e+00,-8.799808947880771726e-01,-8.799808947880771726e-01,1.000000000000000444e+00
1.000000000000000222e+00,1.744478975766489137e-02,1.744478975766489137e-02,1.000000000000000222e+00
1.000000000000000000e+00,8.033154210925660399e-01,8.033154210925660399e-01,1.000000000000000000e+00
1.000000000000000000e+00,9.393852186033151419e-01,9.393852186033151419e-01,1.000000000000000000e+00
9.999999999999998890e-01,2.204734964891147397e-01,2.204734964891147397e-01,9.999999999999998890e-01
1.000000000000000222e+00,-7.283410655987498927e-01,-7.283410655987498927e-01,1.000000000000000222e+00
1.000000000000000444e+00,-9.609465550047684435e-01,-9.609465550047684435e-01,1.000000000000000444e+00
1.000000000000000666e+00,-3.608062484339470410e-01,-3.608062484339470410e-01,1.000000000000000666e+00
1.000000000000000666e+00,6.469643815593769665e-01,6.469643815593769665e-01,1.000000000000000666e+00
1.000000000000000222e+00,9.728207923357027331e-01,9.728207923357027331e-01,1.000000000000000222e+00
1.000000000000000444e+00,2.574192914548766864e-01,2.574192914548766864e-01,1.000000000000000444e+00
1.000000000000000000e+00,-7.345295702533486404e-01,-7.345295702533486404e-01,1.000000000000000000e+00
1.000000000000000222e+00,-9.281902276490990866e-01,-9.281902276490990866e-01,1.000000000000000222e+00
1.000000000000000444e+00,-2.688943840507768135e-01,-2.688943840507768135e-01,1.000000000000000444e+00
1.000000000000000444e+00,6.088398085759640921e-01,6.088398085759640921e-01,1.000000000000000444e+00
1.000000000000000000e+00,9.788665139457287667e-01,9.788665139457287667e-01,1.000000000000000000e+00
1.000000000000000000e+00,2.700789339420017754e-01,2.700789339420017754e-01,1.000000000000000000e+00
1.000000000000000222e+00,-7.181628551410130790e-01,-7.181628551410130790e-01,1.000000000000000222e+00
9.999999999999997780e-01,-9.759067278098232379e-01,-9.759067278098232379e-01,9.999999999999997780e-01
1.000000000000000000e+00,-3.447502130587287161e-01,-3.447502130587287161e-01,1.000000000000000000e+00
1.000000000000000222e+00,6.003019505086355512e-01,6.003019505086355512e-01,1.000000000000000222e+00
1.000000000000000000e+00,9.919333312219498211e-01,9.919333312219498211e-01,1.000000000000000000e+00
9.999999999999996669e-01,3.699521578858445126e-01,3.699521578858445126e-01,9.999999999999996669e-01
9.999999999999997780e-01,-5.814037696004733524e-01,-5.814037696004733524e-01,9.999999999999997780e-01
9.999999999999993339e-01,-9.829153816357860673e-01,-9.829153816357860673e-01,9.999999999999993339e-01
9.999999999999994449e-01,-5.055995313714602979e-01,-5.055995313714602979e-01,9.999999999999994449e-01
9.999999999999997780e-01,4.609761121300591236e-01,4.609761121300591236e-01,9.999999999999997780e-01
9.999999999999998890e-01,9.966913170619727813e-01,9.966913170619727813e-01,9.999999999999998890e-01
9.999999999999994449e-01,5.410850395445753191e-01,5.410850395445753191e-01,9.999999999999994449e-01
9.999999999999991118e-01,-4.584339825177481398e-01,-4.584339825177481398e-01,9.999999999999991118e-01
9.999999999999991118e-01,-9.942080056850980396e-01,-9.942080056850980396e-01,9.999999999999991118e-01
9.999999999999990008e-01,-4.686154464181885304e-01,-4.686154464181885304e-01,9.999999999999990008e-01
9.999999999999995559e-01,4.199857814731574046e-01,4.199857814731574046e-01,9.999999999999995559e-01
9.999999999999991118e-01,9.884571727139301878e-01,9.884571727139301878e-01,9.999999999999991118e-01
9.999999999999991118e-01,7.119774487692337450e-01,7.119774487692337450e-01,9.999999999999991118e-01
9.999999999999991118e-01,-3.219946734576302760e-01,-3.219946734576302760e-01,9.999999999999991118e-01
9.999999999999993339e-01,-9.623485467498372747e-01,-9.623485467498372747e-01,9.999999999999993339e-01
9.999999999999993339e-01,-6.657614030113979675e-01,-6.657614030113979675e-01,9.999999999999993339e-01
9.999999999999994449e-01,3.218478882897031212e-01,3.218478882897031212e-01,9.999999999999994449e-01
9.999999999999993339e-01,9.608537819338131003e-01,9.608537819338131003e-01,9.999999999999993339e-01
9.999999999999991118e-01,7.778946900432747169e-01,7.778946900432747169e-01,9.999999999999991118e-01
9.999999999999993339e-01,-1.442341897662857142e-01,-1.442341897662857142e-01,9.999999999999993339e-01
9.999999999999995559e-01,-9.251384126420842957e-01,-9.251384126420842957e-01,9.999999999999995559e-01
9.999999999999996669e-01,-7.726979286767342581e-01,-7.726979286767342581e-01,9.999999999999996669e-01
1.000000000000000222e+00,6.181788859452164164e-02,6.181788859452164164e-02,1.000000000000000222e+00
9.999999999999998890e-01,8.881659835756012811e-01,8.881659835756012811e-01,9.999999999999998890e-01
1.000000000000000000e+00,8.558874044210337262e-01,8.558874044210337262e-01,1.000000000000000000e+00
1.000000000000000222e+00,-2.121314329945434007e-02,-2.121314329945434007e-02,1.000000000000000222e+00
1.000000000000000444e+00,-8.199879686611921681e-01,-8.199879686611921681e-01,1.000000000000000444e+00
1.000000000000000444e+00,-8.810595683435391567e-01,-8.810595683435391567e-01,1.000000000000000444e+00
1.000000000000000666e+00,3.591100751152398463e-02,3.591100751152398463e-02,1.000000000000000666e+00
1.000000000000000666e+00,8.710945008202394257e-01,8.710945008202394257e-01,1.000000000000000666e+00
1.000000000000000000e+00,8.795795271834393469e-01,8.795795271834393469e-01,1.000000000000000000e+00
1.000000000000000444e+00,-2.720564566842431642e-02,-2.720564566842431642e-02,1.000000000000000444e+00
1.000000000000000666e+00,-9.056960142826371296e-01,-9.056960142826371296e-01,1.000000000000000666e+00
1.000000000000000444e+00,-8.566132877184776673e-01,-8.566132877184776673e-01,1.000000000000000444e+00
1.000000000000000444e+00,-5.024591217680085542e-02,-5.024591217680085542e-02,1.000000000000000444e+00
1.000000000000000666e+00,8.355743459222335634e-01,8.355743459222335634e-01,1.000000000000000666e+00
1.000000000000001332e+00,9.439931807768765504e-01,9.439931807768765504e-01,1.000000000000001332e+00
1.000000000000001332e+00,2.914379119885093794e-01,2.914379119885093794e-01,1.000000000000001332e+00
1.000000000000001554e+00,-6.227427559645438704e-01,-6.227427559645438704e-01,1.000000000000001554e+00
1.000000000000001776e+00,-9.848475372670093542e-01,-9.848475372670093542e-01,1.000000000000001776e+00
1.000000000000001332e+00,-3.728044709830621306e-01,-3.728044709830621306e-01,1.000000000000001332e+00
1.000000000000001332e+00,6.394055999303686066e-01,6.394055999303686066e-01,1.000000000000001332e+00
1.000000000000001998e+00,9.876024858677001639e-01,9.876024858677001639e-01,1.000000000000001998e+00
1.000000000000001998e+00,4.443742669252867539e-01,4.443742669252867539e-01,1.000000000000001998e+00
1.000000000000001776e+00,-6.049734226062308817e-01,-6.049734226062308817e-01,1.000000000000001776e+00
1.000000000000001332e+00,-9.767312959771536907e-01,-9.767312959771536907e-01,1.000000000000001332e+00
1.000000000000000888e+00,-4.644061642761593278e-01,-4.644061642761593278e-01,1.000000000000000888e+00
1.000000000000001110e+00,5.254089843928736459e-01,5.254089843928736459e-01,1.000000000000001110e+00
1.000000000000000888e+00,9.985543573925221850e-01,9.985543573925221850e-01,1.000000000000000888e+00
1.000000000000001110e+00,6.388246211195308666e-01,6.388246211195308666e-01,1.000000000000001110e+00
1.000000000000000888e+00,-3.754346822961592833e-01,-3.754346822961592833e-01,1.000000000000000888e+00
1.000000000000001332e+00,-9.778298424310543080e-01,-9.778298424310543080e-01,1.000000000000001332e+00
1.000000000000000888e+00,-7.048768858077103516e-01,-7.048768858077103516e-01,1.000000000000000888e+00
1.000000000000000888e+00,2.934310653858093199e-01,2.934310653858093199e-01,1.000000000000000888e+00
1.000000000000000888e+00,9.513448855482242728e-01,9.513448855482242728e-01,1.000000000000000888e+00
1.000000000000001332e+00,6.997031545759643256e-01,6.997031545759643256e-01,1.000000000000001332e+00
1.000000000000000888e+00,-1.582546964712323589e-01,-1.582546964712323589e-01,1.000000000000000888e+00
