1.000000000000000000e+00,1.000000000000000000e+00,1.000000000000000000e+00,1.000000000000000000e+00
9.999999999999998890e-01,6.044760424185990910e-01,6.044760424185990910e-01,9.999999999999998890e-01
1.000000000000000222e+00,-4.148651357553269636e-01,-4.148651357553269636e-01,1.000000000000000222e+00
1.000000000000000666e+00,-9.916699896718714768e-01,-9.916699896718714768e-01,1.000000000000000666e+00
1.000000000000000666e+00,-5.395709000284421020e-01,-5.395709000284421020e-01,1.000000000000000666e+00
1.000000000000000888e+00,3.824134652534842971e-01,3.824134652534842971e-01,1.000000000000000888e+00
1.000000000000001554e+00,9.755597121414124606e-01,9.755597121414124606e-01,1.000000000000001554e+00
1.000000000000001332e+00,6.821708153473050595e-01,6.821708153473050595e-01,1.000000000000001332e+00
1.000000000000001332e+00,-2.081320342845641158e-01,-2.081320342845641158e-01,1.000000000000001332e+00
1.000000000000001110e+00,-9.381789950803991474e-01,-9.381789950803991474e-01,1.000000000000001110e+00
1.000000000000000666e+00,-7.401625575992312189e-01,-7.401625575992312189e-01,1.000000000000000666e+00
1.000000000000000444e+00,1.258886791307625153e-01,1.258886791307625153e-01,1.000000000000000444e+00
1.000000000000000666e+00,8.997572246441724042e-01,8.997572246441724042e-01,1.000000000000000666e+00
1.000000000000000222e+00,7.949097800408488901e-01,7.949097800408488901e-01,1.000000000000000222e+00
9.999999999999998890e-01,-9.944125175934653837e-02,-9.944125175934653837e-02,9.999999999999998890e-01
9.999999999999998890e-01,-9.199983465452054032e-01,-9.199983465452054032e-01,9.999999999999998890e-01
9.999999999999996669e-01,-8.204337414605962220e-01,-8.204337414605962220e-01,9.999999999999996669e-01
9.999999999999995559e-01,4.513381058409077218e-02,4.513381058409077218e-02,9.999999999999995559e-01
9.999999999999996669e-01,8.993383792340765570e-01,8.993383792340765570e-01,9.999999999999996669e-01
9.999999999999995559e-01,8.707623896290161980e-01,8.707623896290161980e-01,9.999999999999995559e-01
9.999999999999997780e-01,1.234583736271505083e-02,1.234583736271505083e-02,9.999999999999997780e-01
1.000000000000000000e+00,-8.551139484033845051e-01,-8.551139484033845051e-01,1.000000000000000000e+00
1.000000000000000222e+00,-8.465383368139425269e-01,-8.465383368139425269e-01,1.000000000000000222e+00
1.000000000000000444e+00,-9.976588607373659823e-03,-9.976588607373659823e-03,1.000000000000000444e+00
1.000000000000000444e+00,8.401596979819152544e-01,8.401596979819152544e-01,1.000000000000000444e+00
1.000000000000000444e+00,8.901823525757355249e-01,8.901823525757355249e-01,1.000000000000000444e+00
1.000000000000000666e+00,-1.681983210089144087e-02,-1.681983210089144087e-02,1.000000000000000666e+00
1.000000000000000444e+00,-8.523995500922603163e-01,-8.523995500922603163e-01,1.000000000000000444e+00
1.000000000000000222e+00,-8.974953506506901935e-01,-8.974953506506901935e-01,1.000000000000000222e+00
1.000000000000000000e+00,-4.668211889010204230e-02,-4.668211889010204230e-02,1.000000000000000000e+00
1.000000000000000444e+00,8.618962221487822539e-01,8.618962221487822539e-01,1.000000000000000444e+00
1.000000000000000444e+00,8.926358108735533703e-01,8.926358108735533703e-01,1.000000000000000444e+00
1.000000000000000444e+00,4.203750311794607342e-02,4.203750311794607342e-02,1.000000000000000444e+00
1.000000000000000444e+00,-8.496931064976980252e-01,-8.496931064976980252e-01,1.000000000000000444e+00
1.000000000000000222e+00,-8.335703955643305463e-01,-8.335703955643305463e-01,1.000000000000000222e+00
1.000000000000000444e+00,-5.698511400973255148e-02,-5.698511400973255148e-02,1.000000000000000444e+00
1.000000000000000444e+00,7.664503671917275440e-01,7.664503671917275440e-01,1.000000000000000444e+00
1.000000000000000444e+00,9.692753322093201618e-01,9.692753322093201618e-01,1.000000000000000444e+00
1.000000000000000888e+00,3.095852358066301102e-01,3.095852358066301102e-01,1.000000000000000888e+00
1.000000000000000666e+00,-5.793082683549837242e-01,-5.793082683549837242e-01,1.000000000000000666e+00
1.000000000000000444e+00,-9.942788092575887138e-01,-9.942788092575887138e-01,1.000000000000000444e+00
1.000000000000000888e+00,-4.327082634158128105e-01,-4.327082634158128105e-01,1.000000000000000888e+00
1.000000000000000888e+00,4.917470546671628973e-01,4.917470546671628973e-01,1.000000000000000888e+00
1.000000000000001110e+00,9.908814336013374025e-01,9.908814336013374025e-01,1.000000000000001110e+00
1.000000000000001332e+00,6.760765666648155259e-01,6.760765666648155259e-01,1.000000000000001332e+00
1.000000000000001332e+00,-2.794478560174263326e-01,-2.794478560174263326e-01,1.000000000000001332e+00
1.000000000000001332e+00,-9.501772218088282429e-01,-9.501772218088282429e-01,1.000000000000001332e+00
1.000000000000001332e+00,-7.814629959178377439e-01,-7.814629959178377439e-01,1.000000000000001332e+00
1.000000000000001110e+00,2.161235145985911654e-01,2.161235145985911654e-01,1.000000000000001110e+00
1.000000000000001332e+00,9.247526105600302193e-01,9.247526105600302193e-01,1.000000000000001332e+00
1.000000000000001332e+00,8.120399748152293817e-01,8.120399748152293817e-01,1.000000000000001332e+00
1.000000000000001554e+00,2.824008180983261784e-02,2.824008180983261784e-02,1.000000000000001554e+00
1.000000000000001554e+00,-8.557859031456538368e-01,-8.557859031456538368e-01,1.000000000000001554e+00
1.000000000000001776e+00,-8.843216164302113436e-01,-8.843216164302113436e-01,1.000000000000001776e+00
1.000000000000001554e+00,9.902251561793723456e-03,9.902251561793723456e-03,1.000000000000001554e+00
1.000000000000001776e+00,8.393472371748981198e-01,8.393472371748981198e-01,1.000000000000001776e+00
1.000000000000001332e+00,9.387677671416918557e-01,9.387677671416918557e-01,1.000000000000001332e+00
1.000000000000001776e+00,1.514079395379958060e-01,1.514079395379958060e-01,1.000000000000001776e+00
1.000000000000002220e+00,-8.124992847275414043e-01,-8.124992847275414043e-01,1.000000000000002220e+00
1.000000000000001998e+00,-8.586628897033952157e-01,-8.586628897033952157e-01,1.000000000000001998e+00
1.000000000000002220e+00,-4.557691850251416321e-02,-4.557691850251416321e-02,1.000000000000002220e+00
1.000000000000001998e+00,7.723057786867580932e-01,7.723057786867580932e-01,1.000000000000001998e+00
1.000000000000001776e+00,9.702604243963931507e-01,9.702604243963931507e-01,1.000000000000001776e+00
1.000000000000001332e+00,2.874875051840768414e-01,2.874875051840768414e-01,1.000000000000001332e+00
1.000000000000001332e+00,-7.253379340275363241e-01,-7.253379340275363241e-01,1.000000000000001332e+00
1.000000000000001110e+00,-9.652448033670079086e-01,-9.652448033670079086e-01,1.000000000000001110e+00
1.000000000000001554e+00,-3.257032342699850425e-01,-3.257032342699850425e-01,1.000000000000001554e+00
1.000000000000001332e+00,6.563996013496399273e-01,6.563996013496399273e-01,1.000000000000001332e+00
1.000000000000001554e+00,9.733512901141508911e-01,9.733512901141508911e-01,1.000000000000001554e+00
1.000000000000001776e+00,2.503132558886947412e-01,2.503132558886947412e-01,1.000000000000001776e+00
1.000000000000001554e+00,-7.282510896420630875e-01,-7.282510896420630875e-01,1.000000000000001554e+00
1.000000000000001332e+00,-9.711268220262871953e-01,-9.711268220262871953e-01,1.000000000000001332e+00
1.000000000000001776e+00,-4.023754589535091797e-01,-4.023754589535091797e-01,1.000000000000001776e+00
1.000000000000001110e+00,5.203278066507418531e-01,5.203278066507418531e-01,1.000000000000001110e+00
1.000000000000001332e+00,9.961373642684406837e-01,9.961373642684406837e-01,1.000000000000001332e+00
1.000000000000001776e+00,4.275177701652425055e-01,4.275177701652425055e-01,1.000000000000001776e+00
1.000000000000001332e+00,-4.776232998337555657e-01,-4.776232998337555657e-01,1.000000000000001332e+00
1.000000000000001332e+00,-9.921023598884912698e-01,-9.921023598884912698e-01,1.000000000000001332e+00
1.000000000000001332e+00,-5.999121411055943209e-01,-5.999121411055943209e-01,1.000000000000001332e+00
1.000000000000001332e+00,4.330483046051886165e-01,4.330483046051886165e-01,1.000000000000001332e+00
1.000000000000001332e+00,9.987990569893123727e-01,9.987990569893123727e-01,1.000000000000001332e+00
1.000000000000001332e+00,4.816674193720574815e-01,4.816674193720574815e-01,1.000000000000001332e+00
1.000000000000000888e+00,-4.618522313206263052e-01,-4.618522313206263052e-01,1.000000000000000888e+00
1.000000000000000888e+00,-9.881176552342141317e-01,-9.881176552342141317e-01,1.000000000000000888e+00
9.999999999999998890e-01,-5.229586876390736050e-01,-5.229586876390736050e-01,9.999999999999998890e-01
9.999999999999997780e-01,3.829918380144470835e-01,3.829918380144470835e-01,9.999999999999997780e-01
9.999999999999994449e-01,9.970244989969944127e-01,9.970244989969944127e-01,9.999999999999994449e-01
9.999999999999997780e-01,5.446537781683958857e-01,5.446537781683958857e-01,9.999999999999997780e-01
1.000000000000000222e+00,-4.543763995289709090e-01,-4.543763995289709090e-01,1.000000000000000222e+00
1.000000000000000444e+00,-9.870035659782823156e-01,-9.870035659782823156e-01,1.000000000000000444e+00
1.000000000000000888e+00,-6.379052101059833335e-01,-6.379052101059833335e-01,1.000000000000000888e+00
1.000000000000000888e+00,2.333301789446292629e-01,2.333301789446292629e-01,1.000000000000000888e+00
1.000000000000000666e+00,9.614307364710550363e-01,9.614307364710550363e-01,1.000000000000000666e+00
1.000000000000000888e+00,7.688829255712298361e-01,7.688829255712298361e-01,1.000000000000000888e+00
1.000000000000000444e+00,-2.161038214806644819e-01,-2.161038214806644819e-01,1.000000000000000444e+00
1.000000000000000666e+00,-9.298504771257105617e-01,-9.298504771257105617e-01,1.000000000000000666e+00
1.000000000000000222e+00,-7.308690877723948986e-01,-7.308690877723948986e-01,1.000000000000000222e+00
1.000000000000000222e+00,9.838010028635127413e-02,9.838010028635127413e-02,1.000000000000000222e+00
9.999999999999997780e-01,9.247281646994658377e-01,9.247281646994658377e-01,9.999999999999997780e-01
9.999999999999998890e-01,8.579518516342269363e-01,8.579518516342269363e-01,9.999999999999998890e-01
1.000000000000000000e+00,9.669774826953422830e-02,9.669774826953422830e-02,1.000000000000000000e+00
