1.000000000000000000e+00,1.000000000000000000e+00,1.000000000000000000e+00,1.000000000000000000e+00
1.000000000000000222e+00,5.294240284155822263e-01,5.294240284155822263e-01,1.000000000000000222e+00
1.000000000000000222e+00,7.087006269048401474e-04,7.087006269048401474e-04,1.000000000000000222e+00
1.000000000000000222e+00,4.525625855302602973e-01,4.525625855302602973e-01,1.000000000000000222e+00
1.000000000000000222e+00,9.710008684749793506e-01,9.710008684749793506e-01,1.000000000000000222e+00
1.000000000000000222e+00,7.147940460242094840e-01,7.147940460242094840e-01,1.000000000000000222e+00
1.000000000000000000e+00,7.584478887355078358e-02,7.584478887355078358e-02,1.000000000000000000e+00
1.000000000000000222e+00,1.751829715315780800e-01,1.751829715315780800e-01,1.000000000000000222e+00
1.000000000000000000e+00,8.821502813532142717e-01,8.821502813532142717e-01,1.000000000000000000e+00
1.000000000000000222e+00,8.552796102785212851e-01,8.552796102785212851e-01,1.000000000000000222e+00
1.000000000000000444e+00,1.470121355462510326e-01,1.470121355462510326e-01,1.000000000000000444e+00
1.000000000000000888e+00,6.879376742971995973e-02,6.879376742971995973e-02,1.000000000000000888e+00
1.000000000000001110e+00,6.793584764705830059e-01,6.793584764705830059e-01,1.000000000000001110e+00
1.000000000000001110e+00,9.906073445281323719e-01,9.906073445281323719e-01,1.000000000000001110e+00
1.000000000000001110e+00,4.431138175981856886e-01,4.431138175981856886e-01,1.000000000000001110e+00
1.000000000000001332e+00,4.916841129944116151e-04,4.916841129944116151e-04,1.000000000000001332e+00
1.000000000000000888e+00,4.424709417215521579e-01,4.424709417215521579e-01,1.000000000000000888e+00
1.000000000000000888e+00,9.816516821955079131e-01,9.816516821955079131e-01,1.000000000000000888e+00
1.000000000000000888e+00,6.857093839953271042e-01,6.857093839953271042e-01,1.000000000000000888e+00
1.000000000000000444e+00,5.714295881364295226e-02,5.714295881364295226e-02,1.000000000000000444e+00
1.000000000000000444e+00,2.046245593703472088e-01,2.046245593703472088e-01,1.000000000000000444e+00
1.000000000000000222e+00,8.763565012265567278e-01,8.763565012265567278e-01,1.000000000000000222e+00
1.000000000000000444e+00,9.131692082322168114e-01,9.131692082322168114e-01,1.000000000000000444e+00
1.000000000000000444e+00,3.382945780056377250e-01,3.382945780056377250e-01,1.000000000000000444e+00
1.000000000000000444e+00,2.816001192792738639e-03,2.816001192792738639e-03,1.000000000000000444e+00
1.000000000000000666e+00,5.316110520216840163e-01,5.316110520216840163e-01,1.000000000000000666e+00
1.000000000000000666e+00,9.997755272554462724e-01,9.997755272554462724e-01,1.000000000000000666e+00
1.000000000000000444e+00,6.237362520303398883e-01,6.237362520303398883e-01,1.000000000000000444e+00
1.000000000000000888e+00,2.163213948703637812e-02,2.163213948703637812e-02,1.000000000000000888e+00
1.000000000000000888e+00,2.762894410556766545e-01,2.762894410556766545e-01,1.000000000000000888e+00
1.000000000000000888e+00,9.510298280345881317e-01,9.510298280345881317e-01,1.000000000000000888e+00
1.000000000000001110e+00,7.770731261064509621e-01,7.770731261064509621e-01,1.000000000000001110e+00
1.000000000000000888e+00,8.066513568609665064e-02,8.066513568609665064e-02,1.000000000000000888e+00
1.000000000000000444e+00,2.022389614180424289e-01,2.022389614180424289e-01,1.000000000000000444e+00
1.000000000000000444e+00,8.747080570385930010e-01,8.747080570385930010e-01,1.000000000000000444e+00
1.000000000000000444e+00,8.820712933325897120e-01,8.820712933325897120e-01,1.000000000000000444e+00
1.000000000000000444e+00,2.101759217295261772e-01,2.101759217295261772e-01,1.000000000000000444e+00
1.000000000000000222e+00,3.738959435969907430e-02,3.738959435969907430e-02,1.000000000000000222e+00
1.000000000000000444e+00,5.938245443516150246e-01,5.938245443516150246e-01,1.000000000000000444e+00
1.000000000000000444e+00,9.997598565199878884e-01,9.997598565199878884e-01,1.000000000000000444e+00
1.000000000000000888e+00,6.053423967434381492e-01,6.053423967434381492e-01,1.000000000000000888e+00
1.000000000000000888e+00,2.954418317573345720e-02,2.954418317573345720e-02,1.000000000000000888e+00
1.000000000000000888e+00,3.385778800726866322e-01,3.385778800726866322e-01,1.000000000000000888e+00
1.000000000000000888e+00,9.422026099356135553e-01,9.422026099356135553e-01,1.000000000000000888e+00
1.000000000000000666e+00,8.310041254449583858e-01,8.310041254449583858e-01,1.000000000000000666e+00
1.000000000000000666e+00,1.961061759259588033e-01,1.961061759259588033e-01,1.000000000000000666e+00
1.000000000000000888e+00,4.711912187622077641e-02,4.711912187622077641e-02,1.000000000000000888e+00
1.000000000000000888e+00,6.741832887419768605e-01,6.741832887419768605e-01,1.000000000000000888e+00
1.000000000000000666e+00,9.751551023865855372e-01,9.751551023865855372e-01,1.000000000000000666e+00
1.000000000000000666e+00,3.847047522412469500e-01,3.847047522412469500e-01,1.000000000000000666e+00
1.000000000000000666e+00,8.814262684749524235e-03,8.814262684749524235e-03,1.000000000000000666e+00
1.000000000000000666e+00,4.688209930531065384e-01,4.688209930531065384e-01,1.000000000000000666e+00
1.000000000000000666e+00,9.989694641858044566e-01,9.989694641858044566e-01,1.000000000000000666e+00
1.000000000000000666e+00,5.929727671906138697e-01,5.929727671906138697e-01,1.000000000000000666e+00
1.000000000000000888e+00,4.962996019532750491e-02,4.962996019532750491e-02,1.000000000000000888e+00
1.000000000000000888e+00,2.474088309788632367e-01,2.474088309788632367e-01,1.000000000000000888e+00
1.000000000000001110e+00,9.026333441498768373e-01,9.026333441498768373e-01,1.000000000000001110e+00
1.000000000000001332e+00,8.795287365274648828e-01,8.795287365274648828e-01,1.000000000000001332e+00
1.000000000000001554e+00,2.326840385424630564e-01,2.326840385424630564e-01,1.000000000000001554e+00
1.000000000000001554e+00,7.815337717282322405e-02,7.815337717282322405e-02,1.000000000000001554e+00
1.000000000000001776e+00,7.356975401373427870e-01,7.356975401373427870e-01,1.000000000000001776e+00
1.000000000000001776e+00,9.651469671931973693e-01,9.651469671931973693e-01,1.000000000000001776e+00
1.000000000000001776e+00,3.256058027060850235e-01,3.256058027060850235e-01,1.000000000000001776e+00
1.000000000000001776e+00,4.233170872950248187e-03,4.233170872950248187e-03,1.000000000000001776e+00
1.000000000000001776e+00,4.670243095662379718e-01,4.670243095662379718e-01,1.000000000000001776e+00
1.000000000000001332e+00,9.871915849891834682e-01,9.871915849891834682e-01,1.000000000000001332e+00
1.000000000000001776e+00,6.872860476020260512e-01,6.872860476020260512e-01,1.000000000000001776e+00
1.000000000000001776e+00,5.042430872505529460e-02,5.042430872505529460e-02,1.000000000000001776e+00
1.000000000000001998e+00,2.535022865236380429e-01,2.535022865236380429e-01,1.000000000000001998e+00
1.000000000000001998e+00,9.338683400632772358e-01,9.338683400632772358e-01,1.000000000000001998e+00
1.000000000000001776e+00,8.461216283267708471e-01,8.461216283267708471e-01,1.000000000000001776e+00
1.000000000000001998e+00,1.565296658581709632e-01,1.565296658581709632e-01,1.000000000000001998e+00
1.000000000000001998e+00,1.053359720700149105e-01,1.053359720700149105e-01,1.000000000000001998e+00
1.000000000000001998e+00,8.027440956090398094e-01,8.027440956090398094e-01,1.000000000000001998e+00
1.000000000000001998e+00,9.387047729214279546e-01,9.387047729214279546e-01,1.000000000000001998e+00
1.000000000000001554e+00,2.856723808511173468e-01,2.856723808511173468e-01,1.000000000000001554e+00
1.000000000000001776e+00,1.873892830053133784e-02,1.873892830053133784e-02,1.000000000000001776e+00
1.000000000000001332e+00,6.350759425284689952e-01,6.350759425284689952e-01,1.000000000000001332e+00
1.000000000000001332e+00,9.905340605827750444e-01,9.905340605827750444e-01,1.000000000000001332e+00
1.000000000000001554e+00,4.761458576841224866e-01,4.761458576841224866e-01,1.000000000000001554e+00
1.000000000000001554e+00,1.869861005097117612e-04,1.869861005097117612e-04,1.000000000000001554e+00
1.000000000000001332e+00,3.571630214034332562e-01,3.571630214034332562e-01,1.000000000000001332e+00
1.000000000000001332e+00,9.574504634958018734e-01,9.574504634958018734e-01,1.000000000000001332e+00
1.000000000000001332e+00,7.577652954845529587e-01,7.577652954845529587e-01,1.000000000000001332e+00
1.000000000000000888e+00,1.010339866329760389e-01,1.010339866329760389e-01,1.000000000000000888e+00
1.000000000000000888e+00,1.583742587121655110e-01,1.583742587121655110e-01,1.000000000000000888e+00
1.000000000000000666e+00,8.601115856747625354e-01,8.601115856747625354e-01,1.000000000000000666e+00
1.000000000000000666e+00,9.008748365969891925e-01,9.008748365969891925e-01,1.000000000000000666e+00
1.000000000000000888e+00,2.838036547030946544e-01,2.838036547030946544e-01,1.000000000000000888e+00
1.000000000000001110e+00,1.141809862520015706e-02,1.141809862520015706e-02,1.000000000000001110e+00
1.000000000000001110e+00,5.877516784769073466e-01,5.877516784769073466e-01,1.000000000000001110e+00
1.000000000000000666e+00,9.986940022592685207e-01,9.986940022592685207e-01,1.000000000000000666e+00
1.000000000000000888e+00,5.824092378456292574e-01,5.824092378456292574e-01,1.000000000000000888e+00
1.000000000000000888e+00,2.020225502761849312e-02,2.020225502761849312e-02,1.000000000000000888e+00
1.000000000000000888e+00,2.519939915513804141e-01,2.519939915513804141e-01,1.000000000000000888e+00
1.000000000000000666e+00,9.153050640771936974e-01,9.153050640771936974e-01,1.000000000000000666e+00
1.000000000000000666e+00,8.181525992224523147e-01,8.181525992224523147e-01,1.000000000000000666e+00
1.000000000000000666e+00,1.092341410552446074e-01,1.092341410552446074e-01,1.000000000000000666e+00
1.000000000000000888e+00,1.921190104857826708e-01,1.921190104857826708e-01,1.000000000000000888e+00
1.000000000000001110e+00,8.153147093793402522e-01,8.153147093793402522e-01,1.000000000000001110e+00
1.000000000000001110e+00,9.287788646802435100e-01,9.287788646802435100e-01,1.000000000000001110e+00
