1.000000000000000000e+00,1.000000000000000000e+00,1.000000000000000000e+00,1.000000000000000000e+00
1.000000000000000000e+00,4.845482121389283470e-01,4.845482121389283470e-01,1.000000000000000000e+00
1.000000000000000222e+00,-6.227066428084928607e-01,-6.227066428084928607e-01,1.000000000000000222e+00
9.999999999999997780e-01,-9.343643265133854126e-01,-9.343643265133854126e-01,9.999999999999997780e-01
9.999999999999992228e-01,-7.181098365323684840e-02,-7.181098365323684840e-02,9.999999999999992228e-01
9.999999999999993339e-01,8.130743687630015426e-01,8.130743687630015426e-01,9.999999999999993339e-01
9.999999999999995559e-01,9.646903694326312007e-01,9.646903694326312007e-01,9.999999999999995559e-01
9.999999999999991118e-01,4.673632548064246550e-01,4.673632548064246550e-01,9.999999999999991118e-01
9.999999999999993339e-01,-3.531939642882580555e-01,-3.531939642882580555e-01,9.999999999999993339e-01
9.999999999999991118e-01,-9.641484547452381371e-01,-9.641484547452381371e-01,9.999999999999991118e-01
9.999999999999995559e-01,-6.372858488289758760e-01,-6.372858488289758760e-01,9.999999999999995559e-01
9.999999999999993339e-01,4.884119291313550049e-01,4.884119291313550049e-01,9.999999999999993339e-01
9.999999999999994449e-01,9.887211199563340491e-01,9.887211199563340491e-01,9.999999999999994449e-01
9.999999999999995559e-01,2.964649059596400349e-01,2.964649059596400349e-01,9.999999999999995559e-01
9.999999999999992228e-01,-6.260972576202198381e-01,-6.260972576202198381e-01,9.999999999999992228e-01
9.999999999999992228e-01,-9.948151812749923550e-01,-9.948151812749923550e-01,9.999999999999992228e-01
9.999999999999995559e-01,-7.019567579160059800e-01,-7.019567579160059800e-01,9.999999999999995559e-01
9.999999999999994449e-01,9.731262348862351752e-02,9.731262348862351752e-02,9.999999999999994449e-01
9.999999999999996669e-01,8.937157728972380255e-01,8.937157728972380255e-01,9.999999999999996669e-01
9.999999999999994449e-01,7.777203985526351948e-01,7.777203985526351948e-01,9.999999999999994449e-01
9.999999999999997780e-01,-3.183604155798114843e-01,-3.183604155798114843e-01,9.999999999999997780e-01
1.000000000000000000e+00,-9.902895680005789902e-01,-9.902895680005789902e-01,1.000000000000000000e+00
1.000000000000000444e+00,-5.030578122708715405e-01,-5.030578122708715405e-01,1.000000000000000444e+00
1.000000000000000444e+00,3.946958251290818009e-01,3.946958251290818009e-01,1.000000000000000444e+00
1.000000000000000000e+00,9.458104650814216363e-01,9.458104650814216363e-01,1.000000000000000000e+00
9.999999999999997780e-01,8.806043895916698672e-01,8.806043895916698672e-01,9.999999999999997780e-01
1.000000000000000444e+00,1.646733251964613287e-01,1.646733251964613287e-01,1.000000000000000444e+00
1.000000000000000222e+00,-7.700108473819884392e-01,-7.700108473819884392e-01,1.000000000000000222e+00
1.000000000000000000e+00,-8.683071981894945335e-01,-8.683071981894945335e-01,1.000000000000000000e+00
1.000000000000000222e+00,1.576177042112946181e-01,1.576177042112946181e-01,1.000000000000000222e+00
1.000000000000000444e+00,9.690428595635638409e-01,9.690428595635638409e-01,1.000000000000000444e+00
1.000000000000000000e+00,7.059835634664169968e-01,7.059835634664169968e-01,1.000000000000000000e+00
1.000000000000000222e+00,-1.130675437525537341e-01,-1.130675437525537341e-01,1.000000000000000222e+00
1.000000000000000444e+00,-8.025385013187209537e-01,-8.025385013187209537e-01,1.000000000000000444e+00
1.000000000000000222e+00,-9.722593547386939594e-01,-9.722593547386939594e-01,1.000000000000000222e+00
1.000000000000000444e+00,-3.912462427099037687e-01,-3.912462427099037687e-01,1.000000000000000444e+00
1.000000000000000444e+00,6.391496622951926554e-01,6.391496622951926554e-01,1.000000000000000444e+00
1.000000000000000888e+00,9.484803522254297015e-01,9.484803522254297015e-01,1.000000000000000888e+00
1.000000000000001332e+00,3.433192189645895009e-02,3.433192189645895009e-02,1.000000000000001332e+00
1.000000000000001110e+00,-8.847052985211780740e-01,-8.847052985211780740e-01,1.000000000000001110e+00
1.000000000000001776e+00,-8.603158499455846320e-01,-8.603158499455846320e-01,1.000000000000001776e+00
1.000000000000001776e+00,-1.749440297382248710e-01,-1.749440297382248710e-01,1.000000000000001776e+00
1.000000000000001776e+00,5.962216090839559390e-01,5.962216090839559390e-01,1.000000000000001776e+00
1.000000000000001554e+00,9.980027162071400948e-01,9.980027162071400948e-01,1.000000000000001554e+00
1.000000000000001332e+00,5.966316208997199944e-01,5.966316208997199944e-01,1.000000000000001332e+00
1.000000000000001776e+00,-4.728137166240984901e-01,-4.728137166240984901e-01,1.000000000000001776e+00
1.000000000000002220e+00,-9.777689289844069265e-01,-9.777689289844069265e-01,1.000000000000002220e+00
1.000000000000002442e+00,-2.149039370595676735e-01,-2.149039370595676735e-01,1.000000000000002442e+00
1.000000000000002220e+00,7.665326059538504211e-01,7.665326059538504211e-01,1.000000000000002220e+00
1.000000000000002442e+00,9.689069940021973748e-01,9.689069940021973748e-01,1.000000000000002442e+00
1.000000000000002220e+00,4.619609989604693823e-01,4.619609989604693823e-01,1.000000000000002220e+00
1.000000000000001554e+00,-3.328101671116150406e-01,-3.328101671116150406e-01,1.000000000000001554e+00
1.000000000000001332e+00,-9.421037028962129245e-01,-9.421037028962129245e-01,1.000000000000001332e+00
1.000000000000001332e+00,-7.455436017794483394e-01,-7.455436017794483394e-01,1.000000000000001332e+00
1.000000000000001110e+00,3.149091489954034540e-01,3.149091489954034540e-01,1.000000000000001110e+00
1.000000000000000666e+00,9.994797456407497060e-01,9.994797456407497060e-01,1.000000000000000666e+00
1.000000000000001110e+00,4.141751393907998624e-01,4.141751393907998624e-01,1.000000000000001110e+00
1.000000000000000888e+00,-5.816538024093242942e-01,-5.816538024093242942e-01,1.000000000000000888e+00
1.000000000000000888e+00,-9.940202306774318375e-01,-9.940202306774318375e-01,1.000000000000000888e+00
1.000000000000000888e+00,-7.006020887657843366e-01,-7.006020887657843366e-01,1.000000000000000888e+00
1.000000000000000888e+00,5.892695056647842544e-02,5.892695056647842544e-02,1.000000000000000888e+00
1.000000000000000666e+00,8.408195132774218816e-01,8.408195132774218816e-01,1.000000000000000666e+00
1.000000000000000666e+00,8.716837890836577341e-01,8.716837890836577341e-01,1.000000000000000666e+00
1.000000000000000444e+00,-1.324933463567590786e-01,-1.324933463567590786e-01,1.000000000000000444e+00
1.000000000000000666e+00,-9.684345613972078493e-01,-9.684345613972078493e-01,1.000000000000000666e+00
1.000000000000000444e+00,-5.889282995124157649e-01,-5.889282995124157649e-01,1.000000000000000444e+00
1.000000000000000666e+00,3.610384234074911491e-01,3.610384234074911491e-01,1.000000000000000666e+00
1.000000000000000888e+00,9.467986283426887972e-01,9.467986283426887972e-01,1.000000000000000888e+00
1.000000000000001110e+00,8.831187530676903874e-01,8.831187530676903874e-01,1.000000000000001110e+00
1.000000000000001110e+00,2.209276736567715727e-01,2.209276736567715727e-01,1.000000000000001110e+00
1.000000000000001110e+00,-6.850563280478600969e-01,-6.850563280478600969e-01,1.000000000000001110e+00
1.000000000000001332e+00,-9.402185160262990227e-01,-9.402185160262990227e-01,1.000000000000001332e+00
1.000000000000001332e+00,-3.047853434755498636e-02,-3.047853434755498636e-02,1.000000000000001332e+00
1.000000000000001110e+00,9.212459853652779085e-01,9.212459853652779085e-01,1.000000000000001110e+00
1.000000000000000888e+00,7.622853512102915063e-01,7.622853512102915063e-01,1.000000000000000888e+00
1.000000000000000888e+00,-9.288392869566036714e-02,-9.288392869566036714e-02,1.000000000000000888e+00
1.000000000000000666e+00,-8.056835792724730272e-01,-8.056835792724730272e-01,1.000000000000000666e+00
1.000000000000000666e+00,-9.766431345750299364e-01,-9.766431345750299364e-01,1.000000000000000666e+00
1.000000000000001332e+00,-4.624069302111391555e-01,-4.624069302111391555e-01,1.000000000000001332e+00
1.000000000000000888e+00,5.192938755723756072e-01,5.192938755723756072e-01,1.000000000000000888e+00
1.000000000000000888e+00,9.909232554172254792e-01,9.909232554172254792e-01,1.000000000000000888e+00
1.000000000000000666e+00,2.149542989844997753e-01,2.149542989844997753e-01,1.000000000000000666e+00
1.000000000000000888e+00,-8.177562360613277459e-01,-8.177562360613277459e-01,1.000000000000000888e+00
1.000000000000000888e+00,-8.880573999077105984e-01,-8.880573999077105984e-01,1.000000000000000888e+00
1.000000000000000888e+00,-1.823667234629286482e-01,-1.823667234629286482e-01,1.000000000000000888e+00
1.000000000000001554e+00,5.995766977364761496e-01,5.995766977364761496e-01,1.000000000000001554e+00
1.000000000000001332e+00,9.953085413465077025e-01,9.953085413465077025e-01,1.000000000000001332e+00
1.000000000000000888e+00,6.735053663618928432e-01,6.735053663618928432e-01,1.000000000000000888e+00
1.000000000000001110e+00,-3.236246979874816687e-01,-3.236246979874816687e-01,1.000000000000001110e+00
1.000000000000001554e+00,-9.886963966508979240e-01,-9.886963966508979240e-01,1.000000000000001554e+00
1.000000000000001554e+00,-3.754560377661151915e-01,-3.754560377661151915e-01,1.000000000000001554e+00
1.000000000000000888e+00,6.908384053470854047e-01,6.908384053470854047e-01,1.000000000000000888e+00
1.000000000000000666e+00,9.783325460885409219e-01,9.783325460885409219e-01,1.000000000000000666e+00
1.000000000000000444e+00,4.611964877041377919e-01,4.611964877041377919e-01,1.000000000000000444e+00
1.000000000000000666e+00,-3.310888830602863875e-01,-3.310888830602863875e-01,1.000000000000000666e+00
1.000000000000000666e+00,-9.242218355413356345e-01,-9.242218355413356345e-01,1.000000000000000666e+00
1.000000000000000444e+00,-8.215200767844397234e-01,-8.215200767844397234e-01,1.000000000000000444e+00
1.000000000000000888e+00,1.435833346246452313e-01,1.435833346246452313e-01,1.000000000000000888e+00
1.000000000000001332e+00,9.758027746124426915e-01,9.758027746124426915e-01,1.000000000000001332e+00
1.000000000000001110e+00,5.494558737765827816e-01,5.494558737765827816e-01,1.000000000000001110e+00
1.000000000000000666e+00,-5.058924075140212029e-01,-5.058924075140212029e-01,1.000000000000000666e+00
