1.000000000000000000e+00,1.000000000000000000e+00,1.000000000000000000e+00,1.000000000000000000e+00
9.999999999999996669e-01,6.404928505278391082e-01,6.404928505278391082e-01,9.999999999999996669e-01
9.999999999999997780e-01,-1.257207546582767566e-01,-1.257207546582767566e-01,9.999999999999997780e-01
1.000000000000000000e+00,-8.775686714518462495e-01,-8.775686714518462495e-01,1.000000000000000000e+00
1.000000000000000666e+00,-7.762209274969233963e-01,-7.762209274969233963e-01,1.000000000000000666e+00
1.000000000000000888e+00,3.174525070042008013e-01,3.174525070042008013e-01,1.000000000000000888e+00
1.000000000000001110e+00,9.881978562869920824e-01,9.881978562869920824e-01,1.000000000000001110e+00
1.000000000000000888e+00,7.337127540690238092e-01,7.337127540690238092e-01,1.000000000000000888e+00
1.000000000000000666e+00,7.956630078098492209e-03,7.956630078098492209e-03,1.000000000000000666e+00
1.000000000000000888e+00,-7.924824972733562900e-01,-7.924824972733562900e-01,1.000000000000000888e+00
1.000000000000001110e+00,-8.773464731394429172e-01,-8.773464731394429172e-01,1.000000000000001110e+00
1.000000000000000888e+00,1.369250543006685084e-01,1.369250543006685084e-01,1.000000000000000888e+00
1.000000000000000888e+00,9.519023869802154536e-01,9.519023869802154536e-01,1.000000000000000888e+00
1.000000000000000444e+00,8.163221024312209417e-01,8.163221024312209417e-01,1.000000000000000444e+00
1.000000000000000222e+00,1.379497343874660220e-01,1.379497343874660220e-01,1.000000000000000222e+00
1.000000000000000222e+00,-6.875595701661798564e-01,-6.875595701661798564e-01,1.000000000000000222e+00
1.000000000000000222e+00,-9.491714217036628654e-01,-9.491714217036628654e-01,1.000000000000000222e+00
1.000000000000000888e+00,-4.886038994948443959e-02,-4.886038994948443959e-02,1.000000000000000888e+00
1.000000000000000888e+00,8.892657392789667936e-01,8.892657392789667936e-01,1.000000000000000888e+00
1.000000000000001110e+00,8.854221022387415152e-01,8.854221022387415152e-01,1.000000000000001110e+00
1.000000000000001110e+00,2.648882307484596299e-01,2.648882307484596299e-01,1.000000000000001110e+00
1.000000000000000888e+00,-5.711003600416122428e-01,-5.711003600416122428e-01,1.000000000000000888e+00
1.000000000000001110e+00,-9.850147285805517239e-01,-9.850147285805517239e-01,1.000000000000001110e+00
1.000000000000000888e+00,-2.366354073260834023e-01,-2.366354073260834023e-01,1.000000000000000888e+00
1.000000000000000666e+00,8.008689838206798361e-01,8.008689838206798361e-01,1.000000000000000666e+00
1.000000000000000222e+00,9.400078493934642676e-01,9.400078493934642676e-01,1.000000000000000222e+00
1.000000000000000444e+00,3.849580592761201459e-01,3.849580592761201459e-01,1.000000000000000444e+00
1.000000000000000222e+00,-4.429940338052085758e-01,-4.429940338052085758e-01,1.000000000000000222e+00
1.000000000000000000e+00,-9.909127208925543329e-01,-9.909127208925543329e-01,1.000000000000000000e+00
9.999999999999998890e-01,-4.142029121533991609e-01,-4.142029121533991609e-01,9.999999999999998890e-01
9.999999999999998890e-01,6.858911133704799212e-01,6.858911133704799212e-01,9.999999999999998890e-01
9.999999999999997780e-01,9.770264199683867945e-01,9.770264199683867945e-01,9.999999999999997780e-01
9.999999999999998890e-01,4.991579433320627590e-01,4.991579433320627590e-01,9.999999999999998890e-01
9.999999999999997780e-01,-3.110167519283654203e-01,-3.110167519283654203e-01,9.999999999999997780e-01
1.000000000000000666e+00,-9.628203597788590473e-01,-9.628203597788590473e-01,1.000000000000000666e+00
1.000000000000000666e+00,-5.792930596008480926e-01,-5.792930596008480926e-01,1.000000000000000666e+00
1.000000000000000444e+00,5.482062013945639967e-01,5.482062013945639967e-01,1.000000000000000444e+00
1.000000000000000444e+00,9.948317708518086278e-01,9.948317708518086278e-01,1.000000000000000444e+00
1.000000000000000666e+00,6.041761887571948098e-01,6.041761887571948098e-01,1.000000000000000666e+00
1.000000000000000666e+00,-1.747352404257964675e-01,-1.747352404257964675e-01,1.000000000000000666e+00
1.000000000000000888e+00,-9.091298977252406655e-01,-9.091298977252406655e-01,1.000000000000000888e+00
1.000000000000000666e+00,-7.202631536952510682e-01,-7.202631536952510682e-01,1.000000000000000666e+00
1.000000000000000666e+00,3.890101949200477360e-01,3.890101949200477360e-01,1.000000000000000666e+00
1.000000000000001110e+00,9.908547850401683288e-01,9.908547850401683288e-01,1.000000000000001110e+00
1.000000000000001110e+00,7.004360100708557635e-01,7.004360100708557635e-01,1.000000000000001110e+00
1.000000000000001332e+00,-3.999549590273826505e-02,-3.999549590273826505e-02,1.000000000000001332e+00
1.000000000000001332e+00,-8.289890826052624950e-01,-8.289890826052624950e-01,1.000000000000001332e+00
1.000000000000001110e+00,-8.362738607938986490e-01,-8.362738607938986490e-01,1.000000000000001110e+00
1.000000000000001110e+00,2.152017005256624260e-01,2.152017005256624260e-01,1.000000000000001110e+00
1.000000000000001554e+00,9.632974842521677683e-01,9.632974842521677683e-01,1.000000000000001554e+00
1.000000000000001332e+00,7.851491211896128863e-01,7.851491211896128863e-01,1.000000000000001332e+00
1.000000000000001332e+00,9.333527628905508022e-02,9.333527628905508022e-02,1.000000000000001332e+00
1.000000000000001110e+00,-7.303947912566628453e-01,-7.303947912566628453e-01,1.000000000000001110e+00
1.000000000000001332e+00,-9.196869646073579929e-01,-9.196869646073579929e-01,1.000000000000001332e+00
1.000000000000001554e+00,3.088804375852333139e-02,3.088804375852333139e-02,1.000000000000001554e+00
1.000000000000001332e+00,9.106543394927573143e-01,9.106543394927573143e-01,1.000000000000001332e+00
1.000000000000001332e+00,8.576762737284376881e-01,8.576762737284376881e-01,1.000000000000001332e+00
1.000000000000001554e+00,2.217160593676557323e-01,2.217160593676557323e-01,1.000000000000001554e+00
1.000000000000001776e+00,-6.153383653653631269e-01,-6.153383653653631269e-01,1.000000000000001776e+00
1.000000000000001776e+00,-9.708451127148864934e-01,-9.708451127148864934e-01,1.000000000000001776e+00
1.000000000000002220e+00,-1.558185365940963907e-01,-1.558185365940963907e-01,1.000000000000002220e+00
1.000000000000001776e+00,8.322619013107781516e-01,8.322619013107781516e-01,1.000000000000001776e+00
1.000000000000001776e+00,9.155814445079722974e-01,9.155814445079722974e-01,1.000000000000001776e+00
1.000000000000001554e+00,3.445591373196309481e-01,3.445591373196309481e-01,1.000000000000001554e+00
1.000000000000001776e+00,-4.895125573057912960e-01,-4.895125573057912960e-01,1.000000000000001776e+00
1.000000000000001776e+00,-9.881601441890476289e-01,-9.881601441890476289e-01,1.000000000000001776e+00
1.000000000000001998e+00,-3.377510145630301941e-01,-3.377510145630301941e-01,1.000000000000001998e+00
1.000000000000001998e+00,7.280340912189809943e-01,7.280340912189809943e-01,1.000000000000001998e+00
1.000000000000001998e+00,9.572537012622315267e-01,9.572537012622315267e-01,1.000000000000001998e+00
1.000000000000001554e+00,4.602172956721001240e-01,4.602172956721001240e-01,1.000000000000001554e+00
1.000000000000001554e+00,-3.567982048591776256e-01,-3.567982048591776256e-01,1.000000000000001554e+00
1.000000000000001110e+00,-9.724767408182681816e-01,-9.724767408182681816e-01,1.000000000000001110e+00
1.000000000000000888e+00,-5.083641168612417216e-01,-5.083641168612417216e-01,1.000000000000000888e+00
1.000000000000000888e+00,6.001460158092816188e-01,6.001460158092816188e-01,1.000000000000000888e+00
1.000000000000001110e+00,9.803920606014325800e-01,9.803920606014325800e-01,1.000000000000001110e+00
1.000000000000001110e+00,5.672440094462494198e-01,5.672440094462494198e-01,1.000000000000001110e+00
1.000000000000001110e+00,-2.200034806812402044e-01,-2.200034806812402044e-01,1.000000000000001110e+00
1.000000000000001554e+00,-9.280758028191158360e-01,-9.280758028191158360e-01,1.000000000000001554e+00
1.000000000000001776e+00,-6.584488801539232217e-01,-6.584488801539232217e-01,1.000000000000001776e+00
1.000000000000001776e+00,4.499398962334112406e-01,4.499398962334112406e-01,1.000000000000001776e+00
1.000000000000001998e+00,9.831025921691407543e-01,9.831025921691407543e-01,1.000000000000001998e+00
1.000000000000002220e+00,6.650680803708474143e-01,6.650680803708474143e-01,1.000000000000002220e+00
1.000000000000001554e+00,-8.378413665568967827e-02,-8.378413665568967827e-02,1.000000000000001554e+00
1.000000000000001332e+00,-8.556502945092601120e-01,-8.556502945092601120e-01,1.000000000000001332e+00
1.000000000000001554e+00,-7.855121675919665147e-01,-7.855121675919665147e-01,1.000000000000001554e+00
1.000000000000001110e+00,2.836900949966050245e-01,2.836900949966050245e-01,1.000000000000001110e+00
1.000000000000000888e+00,9.631714763495194953e-01,9.631714763495194953e-01,1.000000000000000888e+00
1.000000000000001332e+00,7.514942089517009371e-01,7.514942089517009371e-01,1.000000000000001332e+00
1.000000000000001554e+00,5.140972139359098469e-02,5.140972139359098469e-02,1.000000000000001554e+00
1.000000000000001554e+00,-7.633036753174418099e-01,-7.633036753174418099e-01,1.000000000000001554e+00
1.000000000000001776e+00,-8.802959297107912917e-01,-8.802959297107912917e-01,1.000000000000001776e+00
1.000000000000001998e+00,1.038084101374686374e-01,1.038084101374686374e-01,1.000000000000001998e+00
1.000000000000001776e+00,9.195594968385992773e-01,9.195594968385992773e-01,1.000000000000001776e+00
1.000000000000001554e+00,8.261618148929537053e-01,8.261618148929537053e-01,1.000000000000001554e+00
1.000000000000001332e+00,1.810559742859183252e-01,1.810559742859183252e-01,1.000000000000001332e+00
1.000000000000001332e+00,-6.512976865964573703e-01,-6.512976865964573703e-01,1.000000000000001332e+00
1.000000000000000888e+00,-9.453009601313143717e-01,-9.453009601313143717e-01,1.000000000000000888e+00
1.000000000000001110e+00,-7.950801370768295628e-02,-7.950801370768295628e-02,1.000000000000001110e+00
1.000000000000001110e+00,8.504977022694649724e-01,8.504977022694649724e-01,1.000000000000001110e+00
1.000000000000000888e+00,8.864126136477339379e-01,8.864126136477339379e-01,1.000000000000000888e+00
1.000000000000001110e+00,3.059884116912003349e-01,3.059884116912003349e-01,1.000000000000001110e+00
