1.000000000000000000e+00,1.000000000000000000e+00,1.000000000000000000e+00,1.000000000000000000e+00
1.000000000000000000e+00,4.353540452348809708e-01,4.353540452348809708e-01,1.000000000000000000e+00
9.999999999999998890e-01,2.802601600022880390e-03,2.802601600022880390e-03,9.999999999999998890e-01
9.999999999999998890e-01,4.390893958446014378e-01,4.390893958446014378e-01,9.999999999999998890e-01
1.000000000000000444e+00,9.379899001713893902e-01,9.379899001713893902e-01,1.000000000000000444e+00
1.000000000000000000e+00,8.947459880364880824e-01,8.947459880364880824e-01,1.000000000000000000e+00
1.000000000000000000e+00,3.195849797307337981e-01,3.195849797307337981e-01,1.000000000000000000e+00
1.000000000000000000e+00,1.884858687620138973e-02,1.884858687620138973e-02,1.000000000000000000e+00
1.000000000000000222e+00,6.778776469019944795e-01,6.778776469019944795e-01,1.000000000000000222e+00
1.000000000000000222e+00,9.321465735109570883e-01,9.321465735109570883e-01,1.000000000000000222e+00
1.000000000000000000e+00,2.090716534829480666e-01,2.090716534829480666e-01,1.000000000000000000e+00
1.000000000000000000e+00,7.007768673978839735e-02,7.007768673978839735e-02,1.000000000000000000e+00
1.000000000000000444e+00,6.243235891816950600e-01,6.243235891816950600e-01,1.000000000000000444e+00
1.000000000000000222e+00,9.941418682367098025e-01,9.941418682367098025e-01,1.000000000000000222e+00
1.000000000000000666e+00,7.563548145713231419e-01,7.563548145713231419e-01,1.000000000000000666e+00
1.000000000000000666e+00,1.425740237359166551e-01,1.425740237359166551e-01,1.000000000000000666e+00
1.000000000000000444e+00,1.391696250016932757e-01,1.391696250016932757e-01,1.000000000000000444e+00
1.000000000000000666e+00,8.885709237086304446e-01,8.885709237086304446e-01,1.000000000000000666e+00
1.000000000000000444e+00,7.499036928665444579e-01,7.499036928665444579e-01,1.000000000000000444e+00
1.000000000000000444e+00,5.551289507483139762e-02,5.551289507483139762e-02,1.000000000000000444e+00
1.000000000000000222e+00,2.077444871136781002e-01,2.077444871136781002e-01,1.000000000000000222e+00
1.000000000000000444e+00,7.877149631653591610e-01,7.877149631653591610e-01,1.000000000000000444e+00
1.000000000000000444e+00,9.901571657693546413e-01,9.901571657693546413e-01,1.000000000000000444e+00
1.000000000000000444e+00,5.758700809572463442e-01,5.758700809572463442e-01,1.000000000000000444e+00
1.000000000000000444e+00,2.656662372906698488e-02,2.656662372906698488e-02,1.000000000000000444e+00
1.000000000000000444e+00,3.513382450808987256e-01,3.513382450808987256e-01,1.000000000000000444e+00
1.000000000000000888e+00,9.942931555914551467e-01,9.942931555914551467e-01,1.000000000000000888e+00
1.000000000000001110e+00,5.067872371720885116e-01,5.067872371720885116e-01,1.000000000000001110e+00
1.000000000000000888e+00,1.052666424936343770e-04,1.052666424936343770e-04,1.000000000000000888e+00
1.000000000000001554e+00,3.853296312690358549e-01,3.853296312690358549e-01,1.000000000000001554e+00
1.000000000000001110e+00,9.116414595217363637e-01,9.116414595217363637e-01,1.000000000000001110e+00
1.000000000000001332e+00,9.244684806720369075e-01,9.244684806720369075e-01,1.000000000000001332e+00
1.000000000000001332e+00,3.759885082101321885e-01,3.759885082101321885e-01,1.000000000000001332e+00
1.000000000000001110e+00,4.810816676028450978e-03,4.810816676028450978e-03,1.000000000000001110e+00
1.000000000000001332e+00,6.064189761292411163e-01,6.064189761292411163e-01,1.000000000000001332e+00
1.000000000000001332e+00,9.648922684061504995e-01,9.648922684061504995e-01,1.000000000000001332e+00
1.000000000000001554e+00,2.680951974847256558e-01,2.680951974847256558e-01,1.000000000000001554e+00
1.000000000000001554e+00,4.244205773758955025e-02,4.244205773758955025e-02,1.000000000000001554e+00
1.000000000000001332e+00,5.727047551768205125e-01,5.727047551768205125e-01,1.000000000000001332e+00
1.000000000000001332e+00,9.840505239827197492e-01,9.840505239827197492e-01,1.000000000000001332e+00
1.000000000000001110e+00,8.009409676853990190e-01,8.009409676853990190e-01,1.000000000000001110e+00
1.000000000000001110e+00,1.885908142680663147e-01,1.885908142680663147e-01,1.000000000000001110e+00
1.000000000000001110e+00,9.398537205772625192e-02,9.398537205772625192e-02,1.000000000000001110e+00
1.000000000000000888e+00,8.368539617181857126e-01,8.368539617181857126e-01,1.000000000000000888e+00
1.000000000000000888e+00,8.109380779929683536e-01,8.109380779929683536e-01,1.000000000000000888e+00
1.000000000000000666e+00,8.996870936851168732e-02,8.996870936851168732e-02,1.000000000000000666e+00
1.000000000000000888e+00,1.629590498916337615e-01,1.629590498916337615e-01,1.000000000000000888e+00
1.000000000000000666e+00,7.444003333741763262e-01,7.444003333741763262e-01,1.000000000000000666e+00
1.000000000000000888e+00,9.976134643947180969e-01,9.976134643947180969e-01,1.000000000000000888e+00
1.000000000000001332e+00,6.305919184059031180e-01,6.305919184059031180e-01,1.000000000000001332e+00
1.000000000000001332e+00,5.134274015567502625e-02,5.134274015567502625e-02,1.000000000000001332e+00
1.000000000000001110e+00,2.837087526664963111e-01,2.837087526664963111e-01,1.000000000000001110e+00
1.000000000000001110e+00,9.772876026901158308e-01,9.772876026901158308e-01,1.000000000000001110e+00
1.000000000000000888e+00,5.786453040303082274e-01,5.786453040303082274e-01,1.000000000000000888e+00
1.000000000000000666e+00,5.508832390282575320e-03,5.508832390282575320e-03,1.000000000000000666e+00
1.000000000000000888e+00,3.323375129009454865e-01,3.323375129009454865e-01,1.000000000000000888e+00
1.000000000000001110e+00,8.810585010622762336e-01,8.810585010622762336e-01,1.000000000000001110e+00
1.000000000000001332e+00,9.494248823684743321e-01,9.494248823684743321e-01,1.000000000000001332e+00
1.000000000000001110e+00,4.333712502758547691e-01,4.333712502758547691e-01,1.000000000000001110e+00
1.000000000000001332e+00,3.409750750499318528e-06,3.409750750499318528e-06,1.000000000000001332e+00
1.000000000000001332e+00,5.329365115742477066e-01,5.329365115742477066e-01,1.000000000000001332e+00
1.000000000000001332e+00,9.872365752948235595e-01,9.872365752948235595e-01,1.000000000000001332e+00
1.000000000000001332e+00,3.322159885751377884e-01,3.322159885751377884e-01,1.000000000000001332e+00
1.000000000000000888e+00,2.124820243194822100e-02,2.124820243194822100e-02,1.000000000000000888e+00
1.000000000000001332e+00,5.197663395091658423e-01,5.197663395091658423e-01,1.000000000000001332e+00
1.000000000000001110e+00,9.691286096077076362e-01,9.691286096077076362e-01,1.000000000000001110e+00
1.000000000000001110e+00,8.416481979563567029e-01,8.416481979563567029e-01,1.000000000000001110e+00
1.000000000000001110e+00,2.387101212659042127e-01,2.387101212659042127e-01,1.000000000000001110e+00
1.000000000000001332e+00,5.721060189500806747e-02,5.721060189500806747e-02,1.000000000000001332e+00
1.000000000000001110e+00,7.776272951383126353e-01,7.776272951383126353e-01,1.000000000000001110e+00
1.000000000000001110e+00,8.654618595306809992e-01,8.654618595306809992e-01,1.000000000000001110e+00
1.000000000000001110e+00,1.322440863601867522e-01,1.322440863601867522e-01,1.000000000000001110e+00
1.000000000000000888e+00,1.221689171400181934e-01,1.221689171400181934e-01,1.000000000000000888e+00
1.000000000000000666e+00,6.981888073194937316e-01,6.981888073194937316e-01,1.000000000000000666e+00
1.000000000000001110e+00,9.999979551351503293e-01,9.999979551351503293e-01,1.000000000000001110e+00
1.000000000000001110e+00,6.830585577695530430e-01,6.830585577695530430e-01,1.000000000000001110e+00
1.000000000000000888e+00,8.321332591134256162e-02,8.321332591134256162e-02,1.000000000000000888e+00
1.000000000000000888e+00,2.210902736226374732e-01,2.210902736226374732e-01,1.000000000000000888e+00
1.000000000000001110e+00,9.493717613431369440e-01,9.493717613431369440e-01,1.000000000000001110e+00
1.000000000000000888e+00,6.493767113962344295e-01,6.493767113962344295e-01,1.000000000000000888e+00
1.000000000000000444e+00,1.922982734900602342e-02,1.922982734900602342e-02,1.000000000000000444e+00
1.000000000000000666e+00,2.807928029948894011e-01,2.807928029948894011e-01,1.000000000000000666e+00
1.000000000000000666e+00,8.464786626831586336e-01,8.464786626831586336e-01,1.000000000000000666e+00
1.000000000000000666e+00,9.694759897233631296e-01,9.694759897233631296e-01,1.000000000000000666e+00
1.000000000000000666e+00,4.909145561619210341e-01,4.909145561619210341e-01,1.000000000000000666e+00
1.000000000000000444e+00,4.214369316101446161e-03,4.214369316101446161e-03,1.000000000000000444e+00
1.000000000000000666e+00,4.591152424728061621e-01,4.591152424728061621e-01,1.000000000000000666e+00
1.000000000000000444e+00,9.985738924810299011e-01,9.985738924810299011e-01,1.000000000000000444e+00
1.000000000000000444e+00,4.002636911850560586e-01,4.002636911850560586e-01,1.000000000000000444e+00
1.000000000000000222e+00,7.085318744366020383e-03,7.085318744366020383e-03,1.000000000000000222e+00
1.000000000000000444e+00,4.660539182411652659e-01,4.660539182411652659e-01,1.000000000000000444e+00
1.000000000000000444e+00,9.495103881744992869e-01,9.495103881744992869e-01,1.000000000000000444e+00
1.000000000000000666e+00,8.781538365691343717e-01,8.781538365691343717e-01,1.000000000000000666e+00
1.000000000000000666e+00,2.920183712030566259e-01,2.920183712030566259e-01,1.000000000000000666e+00
1.000000000000000888e+00,2.934426510030441193e-02,2.934426510030441193e-02,1.000000000000000888e+00
1.000000000000000666e+00,7.123235529920790565e-01,7.123235529920790565e-01,1.000000000000000666e+00
1.000000000000000666e+00,9.121319740572648715e-01,9.121319740572648715e-01,1.000000000000000666e+00
1.000000000000000666e+00,1.817923575317858531e-01,1.817923575317858531e-01,1.000000000000000666e+00
1.000000000000000666e+00,8.610918973832178136e-02,8.610918973832178136e-02,1.000000000000000666e+00
1.000000000000000888e+00,6.494792960254431868e-01,6.494792960254431868e-01,1.000000000000000888e+00
1.000000000000000888e+00,9.973418849872071057e-01,9.973418849872071057e-01,1.000000000000000888e+00
