1.000000000000000000e+00,1.000000000000000000e+00,1.000000000000000000e+00,1.000000000000000000e+00
1.000000000000000000e+00,4.946902353868622981e-01,4.946902353868622981e-01,1.000000000000000000e+00
1.000000000000000444e+00,-4.883231949622321433e-01,-4.883231949622321433e-01,1.000000000000000444e+00
1.000000000000000666e+00,-9.881670297224980359e-01,-9.881670297224980359e-01,1.000000000000000666e+00
1.000000000000000888e+00,-4.471053274575260139e-01,-4.471053274575260139e-01,1.000000000000000888e+00
1.000000000000001110e+00,4.847209980629271775e-01,4.847209980629271775e-01,1.000000000000001110e+00
1.000000000000001332e+00,9.999708411283892984e-01,9.999708411283892984e-01,1.000000000000001332e+00
1.000000000000001554e+00,5.461110668914577193e-01,5.461110668914577193e-01,1.000000000000001554e+00
1.000000000000001332e+00,-4.522370024831776081e-01,-4.522370024831776081e-01,1.000000000000001332e+00
1.000000000000001554e+00,-9.923334914304811072e-01,-9.923334914304811072e-01,1.000000000000001554e+00
1.000000000000001554e+00,-5.822347303156947262e-01,-5.822347303156947262e-01,1.000000000000001554e+00
1.000000000000001776e+00,2.892271787315556786e-01,2.892271787315556786e-01,1.000000000000001776e+00
1.000000000000001554e+00,9.617329255192667015e-01,9.617329255192667015e-01,1.000000000000001554e+00
1.000000000000001332e+00,7.474973974984070457e-01,7.474973974984070457e-01,1.000000000000001332e+00
1.000000000000000666e+00,-1.037180672136978621e-01,-1.037180672136978621e-01,1.000000000000000666e+00
1.000000000000000888e+00,-9.229942853516209800e-01,-9.229942853516209800e-01,1.000000000000000888e+00
1.000000000000000888e+00,-7.386247828759173739e-01,-7.386247828759173739e-01,1.000000000000000888e+00
1.000000000000000666e+00,2.858448031532195843e-01,2.858448031532195843e-01,1.000000000000000666e+00
1.000000000000000888e+00,9.345080650838643033e-01,9.345080650838643033e-01,1.000000000000000888e+00
1.000000000000000888e+00,7.921766330347784768e-01,7.921766330347784768e-01,1.000000000000000888e+00
1.000000000000000888e+00,-1.926358908259530045e-01,-1.926358908259530045e-01,1.000000000000000888e+00
1.000000000000000444e+00,-9.545093539492697232e-01,-9.545093539492697232e-01,1.000000000000000444e+00
1.000000000000000888e+00,-7.951541807061347500e-01,-7.951541807061347500e-01,1.000000000000000888e+00
1.000000000000000888e+00,1.518685222995058703e-03,1.518685222995058703e-03,1.000000000000000888e+00
1.000000000000000888e+00,8.677248081203416952e-01,8.677248081203416952e-01,1.000000000000000888e+00
1.000000000000000666e+00,8.891378103359423024e-01,8.891378103359423024e-01,1.000000000000000666e+00
1.000000000000000888e+00,8.248409875351242482e-02,8.248409875351242482e-02,1.000000000000000888e+00
1.000000000000000444e+00,-7.897798587834762296e-01,-7.897798587834762296e-01,1.000000000000000444e+00
1.000000000000000666e+00,-9.268656439125666502e-01,-9.268656439125666502e-01,1.000000000000000666e+00
1.000000000000000222e+00,-1.354985205421951888e-01,-1.354985205421951888e-01,1.000000000000000222e+00
9.999999999999998890e-01,7.102428142399531685e-01,7.102428142399531685e-01,9.999999999999998890e-01
1.000000000000000666e+00,9.418562054770707181e-01,9.418562054770707181e-01,1.000000000000000666e+00
1.000000000000000888e+00,2.826176565816371777e-01,2.826176565816371777e-01,1.000000000000000888e+00
1.000000000000000888e+00,-7.081510486544704275e-01,-7.081510486544704275e-01,1.000000000000000888e+00
1.000000000000001332e+00,-9.465992744745284071e-01,-9.465992744745284071e-01,1.000000000000001332e+00
1.000000000000001332e+00,-1.922616100363151448e-01,-1.922616100363151448e-01,1.000000000000001332e+00
1.000000000000001554e+00,6.864343240863736151e-01,6.864343240863736151e-01,1.000000000000001554e+00
1.000000000000001554e+00,9.946391527052630410e-01,9.946391527052630410e-01,1.000000000000001554e+00
1.000000000000001332e+00,5.039255169143724844e-01,5.039255169143724844e-01,1.000000000000001332e+00
1.000000000000000888e+00,-3.985528617342718460e-01,-3.985528617342718460e-01,1.000000000000000888e+00
1.000000000000001554e+00,-9.709161835780568683e-01,-9.709161835780568683e-01,1.000000000000001554e+00
1.000000000000001332e+00,-6.845228309308200032e-01,-6.845228309308200032e-01,1.000000000000001332e+00
1.000000000000001110e+00,1.578402306364609375e-01,1.578402306364609375e-01,1.000000000000001110e+00
1.000000000000001332e+00,9.294401218809531517e-01,9.294401218809531517e-01,1.000000000000001332e+00
1.000000000000001776e+00,7.987660738969557528e-01,7.987660738969557528e-01,1.000000000000001776e+00
1.000000000000001554e+00,-1.653248317941434231e-01,-1.653248317941434231e-01,1.000000000000001554e+00
1.000000000000001110e+00,-9.270752836270717001e-01,-9.270752836270717001e-01,1.000000000000001110e+00
1.000000000000000888e+00,-7.212308737989420182e-01,-7.212308737989420182e-01,1.000000000000000888e+00
1.000000000000001110e+00,2.046801024929430779e-01,2.046801024929430779e-01,1.000000000000001110e+00
1.000000000000001554e+00,9.608749453371474569e-01,9.608749453371474569e-01,1.000000000000001554e+00
1.000000000000001554e+00,7.226494455028900088e-01,7.226494455028900088e-01,1.000000000000001554e+00
1.000000000000001776e+00,-1.646788952964786668e-01,-1.646788952964786668e-01,1.000000000000001776e+00
1.000000000000001332e+00,-9.473214971301133769e-01,-9.473214971301133769e-01,1.000000000000001332e+00
1.000000000000001110e+00,-6.661334251936956719e-01,-6.661334251936956719e-01,1.000000000000001110e+00
1.000000000000000444e+00,3.024051708738247357e-01,3.024051708738247357e-01,1.000000000000000444e+00
1.000000000000000444e+00,9.655401078487327871e-01,9.655401078487327871e-01,1.000000000000000444e+00
1.000000000000001110e+00,6.535808629672088532e-01,6.535808629672088532e-01,1.000000000000001110e+00
1.000000000000000888e+00,-2.259653459306336098e-01,-2.259653459306336098e-01,1.000000000000000888e+00
1.000000000000001110e+00,-9.450385077374077181e-01,-9.450385077374077181e-01,1.000000000000001110e+00
1.000000000000000666e+00,-7.529068049101849125e-01,-7.529068049101849125e-01,1.000000000000000666e+00
1.000000000000000888e+00,9.482484781034636323e-02,9.482484781034636323e-02,1.000000000000000888e+00
1.000000000000000444e+00,9.326715559059085559e-01,9.326715559059085559e-01,1.000000000000000444e+00
1.000000000000001110e+00,7.935924532166047651e-01,7.935924532166047651e-01,1.000000000000001110e+00
1.000000000000001332e+00,-9.232084637255899562e-02,-9.232084637255899562e-02,1.000000000000001332e+00
1.000000000000001554e+00,-9.096731811809608548e-01,-9.096731811809608548e-01,1.000000000000001554e+00
1.000000000000001776e+00,-7.481520623131019398e-01,-7.481520623131019398e-01,1.000000000000001776e+00
1.000000000000001776e+00,1.045816111465132092e-01,1.045816111465132092e-01,1.000000000000001776e+00
1.000000000000001776e+00,9.253682560659286516e-01,9.253682560659286516e-01,1.000000000000001776e+00
1.000000000000001776e+00,7.650978373209165184e-01,7.650978373209165184e-01,1.000000000000001776e+00
1.000000000000001776e+00,-7.955304067273571977e-02,-7.955304067273571977e-02,1.000000000000001776e+00
1.000000000000001776e+00,-8.768221528206378013e-01,-8.768221528206378013e-01,1.000000000000001776e+00
1.000000000000001554e+00,-8.572187507859954092e-01,-8.572187507859954092e-01,1.000000000000001554e+00
1.000000000000001110e+00,-1.049357418993778768e-01,-1.049357418993778768e-01,1.000000000000001110e+00
1.000000000000000888e+00,8.261871158757756461e-01,8.261871158757756461e-01,1.000000000000000888e+00
1.000000000000000888e+00,8.955794268156953564e-01,8.955794268156953564e-01,1.000000000000000888e+00
1.000000000000001332e+00,1.596313846203151199e-01,1.596313846203151199e-01,1.000000000000001332e+00
1.000000000000001332e+00,-7.644348803774019263e-01,-7.644348803774019263e-01,1.000000000000001332e+00
1.000000000000001332e+00,-9.506651172965405738e-01,-9.506651172965405738e-01,1.000000000000001332e+00
1.000000000000000888e+00,-2.989318114796606363e-01,-2.989318114796606363e-01,1.000000000000000888e+00
1.000000000000000666e+00,7.016023997481950492e-01,7.016023997481950492e-01,1.000000000000000666e+00
1.000000000000000666e+00,9.687201919711794229e-01,9.687201919711794229e-01,1.000000000000000666e+00
1.000000000000000666e+00,3.070105079170734053e-01,3.070105079170734053e-01,1.000000000000000666e+00
1.000000000000001110e+00,-7.131625612216221377e-01,-7.131625612216221377e-01,1.000000000000001110e+00
1.000000000000001332e+00,-9.369693124252629346e-01,-9.369693124252629346e-01,1.000000000000001332e+00
1.000000000000001332e+00,-1.692329893356642745e-01,-1.692329893356642745e-01,1.000000000000001332e+00
1.000000000000001110e+00,8.143102687664981465e-01,8.143102687664981465e-01,1.000000000000001110e+00
1.000000000000001554e+00,9.464515327194862326e-01,9.464515327194862326e-01,1.000000000000001554e+00
1.000000000000000888e+00,1.510975973564313013e-01,1.510975973564313013e-01,1.000000000000000888e+00
1.000000000000001332e+00,-6.886437210447178270e-01,-6.886437210447178270e-01,1.000000000000001332e+00
1.000000000000001332e+00,-9.649006260725843109e-01,-9.649006260725843109e-01,1.000000000000001332e+00
1.000000000000001554e+00,-2.202438174611451860e-01,-2.202438174611451860e-01,1.000000000000001554e+00
1.000000000000001776e+00,6.775101641148413290e-01,6.775101641148413290e-01,1.000000000000001776e+00
1.000000000000001776e+00,9.931929194440631825e-01,9.931929194440631825e-01,1.000000000000001776e+00
1.000000000000001554e+00,4.005250893677219093e-01,4.005250893677219093e-01,1.000000000000001554e+00
1.000000000000001776e+00,-5.000397060828838391e-01,-5.000397060828838391e-01,1.000000000000001776e+00
1.000000000000001554e+00,-9.839043552879855881e-01,-9.839043552879855881e-01,1.000000000000001554e+00
1.000000000000001332e+00,-5.722319353315997725e-01,-5.722319353315997725e-01,1.000000000000001332e+00
1.000000000000001998e+00,4.558178187055549335e-01,4.558178187055549335e-01,1.000000000000001998e+00
1.000000000000001998e+00,9.960154154330468357e-01,9.960154154330468357e-01,1.000000000000001998e+00
1.000000000000001998e+00,5.203782419916537227e-01,5.203782419916537227e-01,1.000000000000001998e+00
1.000000000000002665e+00,-4.617568388605950980e-01,-4.617568388605950980e-01,1.000000000000002665e+00
