1.000000000000000000e+00,1.000000000000000000e+00,1.000000000000000000e+00,1.000000000000000000e+00
9.999999999999998890e-01,6.933983340117066962e-01,6.933983340117066962e-01,9.999999999999998890e-01
1.000000000000000000e+00,1.487990753332966154e-01,1.487990753332966154e-01,1.000000000000000000e+00
1.000000000000000222e+00,6.626890947199046145e-02,6.626890947199046145e-02,1.000000000000000222e+00
1.000000000000000000e+00,7.245058576183307508e-01,7.245058576183307508e-01,1.000000000000000000e+00
9.999999999999998890e-01,9.186958481205067528e-01,9.186958481205067528e-01,9.999999999999998890e-01
1.000000000000000000e+00,1.630229731401771631e-01,1.630229731401771631e-01,1.000000000000000000e+00
1.000000000000000222e+00,1.538066022474177119e-01,1.538066022474177119e-01,1.000000000000000222e+00
1.000000000000000000e+00,8.150393932132371511e-01,8.150393932132371511e-01,1.000000000000000000e+00
1.000000000000000000e+00,9.669114751187074530e-01,9.669114751187074530e-01,1.000000000000000000e+00
1.000000000000000000e+00,5.231925440047553444e-01,5.231925440047553444e-01,1.000000000000000000e+00
1.000000000000000222e+00,4.180902497383437444e-02,4.180902497383437444e-02,1.000000000000000222e+00
1.000000000000000444e+00,2.132945364510549779e-01,2.132945364510549779e-01,1.000000000000000444e+00
1.000000000000000444e+00,9.108856732354261299e-01,9.108856732354261299e-01,1.000000000000000444e+00
1.000000000000000666e+00,7.236318805436330326e-01,7.236318805436330326e-01,1.000000000000000666e+00
1.000000000000000888e+00,2.491034309271797365e-02,2.491034309271797365e-02,1.000000000000000888e+00
1.000000000000000888e+00,3.511608014905570063e-01,3.511608014905570063e-01,1.000000000000000888e+00
1.000000000000000666e+00,9.412393765247216715e-01,9.412393765247216715e-01,1.000000000000000666e+00
1.000000000000000666e+00,8.751138203532147219e-01,8.751138203532147219e-01,1.000000000000000666e+00
1.000000000000000666e+00,3.480127398901955438e-01,3.480127398901955438e-01,1.000000000000000666e+00
1.000000000000000666e+00,6.091569863486689940e-05,6.091569863486689940e-05,1.000000000000000666e+00
1.000000000000000666e+00,4.244577778621441144e-01,4.244577778621441144e-01,1.000000000000000666e+00
1.000000000000000222e+00,9.977874264857795605e-01,9.977874264857795605e-01,1.000000000000000222e+00
1.000000000000000222e+00,4.672807902532348789e-01,4.672807902532348789e-01,1.000000000000000222e+00
1.000000000000000666e+00,8.491100557048880670e-03,8.491100557048880670e-03,1.000000000000000666e+00
1.000000000000000666e+00,5.701622358337481433e-01,5.701622358337481433e-01,1.000000000000000666e+00
1.000000000000000888e+00,9.971540260985737314e-01,9.971540260985737314e-01,1.000000000000000888e+00
1.000000000000000888e+00,7.384571180251576772e-01,7.384571180251576772e-01,1.000000000000000888e+00
1.000000000000000888e+00,1.884467407258486327e-01,1.884467407258486327e-01,1.000000000000000888e+00
1.000000000000000888e+00,3.923399738770713685e-02,3.923399738770713685e-02,1.000000000000000888e+00
1.000000000000000888e+00,6.601243796040173750e-01,6.601243796040173750e-01,1.000000000000000888e+00
1.000000000000000666e+00,9.549203156604464393e-01,9.549203156604464393e-01,1.000000000000000666e+00
1.000000000000000888e+00,2.215002842891762858e-01,2.215002842891762858e-01,1.000000000000000888e+00
1.000000000000000888e+00,1.082147390328053599e-01,1.082147390328053599e-01,1.000000000000000888e+00
1.000000000000000888e+00,7.673699089047758548e-01,7.673699089047758548e-01,1.000000000000000888e+00
1.000000000000001110e+00,9.828812500553152365e-01,9.828812500553152365e-01,1.000000000000001110e+00
1.000000000000001110e+00,5.731821382645349017e-01,5.731821382645349017e-01,1.000000000000001110e+00
1.000000000000000888e+00,6.658795278503967796e-02,6.658795278503967796e-02,1.000000000000000888e+00
1.000000000000001110e+00,1.635117380663719810e-01,1.635117380663719810e-01,1.000000000000001110e+00
1.000000000000000888e+00,8.657387537544192213e-01,8.657387537544192213e-01,1.000000000000000888e+00
1.000000000000000666e+00,7.884861333003476691e-01,7.884861333003476691e-01,1.000000000000000666e+00
1.000000000000000666e+00,5.258955672644538559e-02,5.258955672644538559e-02,1.000000000000000666e+00
1.000000000000000666e+00,2.904497761471727113e-01,2.904497761471727113e-01,1.000000000000000666e+00
1.000000000000000444e+00,9.120928248773321201e-01,9.120928248773321201e-01,1.000000000000000444e+00
1.000000000000000444e+00,9.065786640554454046e-01,9.065786640554454046e-01,1.000000000000000444e+00
1.000000000000000444e+00,3.974068096746269374e-01,3.974068096746269374e-01,1.000000000000000444e+00
1.000000000000000222e+00,4.257905979854509360e-03,4.257905979854509360e-03,1.000000000000000222e+00
1.000000000000000444e+00,3.595319753905451554e-01,3.595319753905451554e-01,1.000000000000000444e+00
1.000000000000000222e+00,9.854767489823459403e-01,9.854767489823459403e-01,1.000000000000000222e+00
1.000000000000000222e+00,5.426977138961384117e-01,5.426977138961384117e-01,1.000000000000000222e+00
1.000000000000000000e+00,4.566702899506669411e-04,4.566702899506669411e-04,1.000000000000000000e+00
9.999999999999998890e-01,5.081089683995971829e-01,5.081089683995971829e-01,9.999999999999998890e-01
9.999999999999998890e-01,9.885286839180971175e-01,9.885286839180971175e-01,9.999999999999998890e-01
9.999999999999998890e-01,7.811684731973629336e-01,7.811684731973629336e-01,9.999999999999998890e-01
1.000000000000000222e+00,2.311725502115564712e-01,2.311725502115564712e-01,1.000000000000000222e+00
1.000000000000000222e+00,1.925835748478055276e-02,1.925835748478055276e-02,1.000000000000000222e+00
1.000000000000000222e+00,5.933021986307297491e-01,5.933021986307297491e-01,1.000000000000000222e+00
1.000000000000000000e+00,9.808069725245807113e-01,9.808069725245807113e-01,1.000000000000000000e+00
1.000000000000000222e+00,2.864280243401498560e-01,2.864280243401498560e-01,1.000000000000000222e+00
1.000000000000000000e+00,6.944225135297685259e-02,6.944225135297685259e-02,1.000000000000000000e+00
1.000000000000000000e+00,7.153194953860531058e-01,7.153194953860531058e-01,1.000000000000000000e+00
1.000000000000000222e+00,9.937587259222218083e-01,9.937587259222218083e-01,1.000000000000000222e+00
1.000000000000000000e+00,6.223023594385357349e-01,6.223023594385357349e-01,1.000000000000000000e+00
9.999999999999997780e-01,9.624976878009308678e-02,9.624976878009308678e-02,9.999999999999997780e-01
9.999999999999997780e-01,1.197197365205821956e-01,1.197197365205821956e-01,9.999999999999997780e-01
1.000000000000000000e+00,8.134717418888204321e-01,8.134717418888204321e-01,1.000000000000000000e+00
1.000000000000000000e+00,8.466996580540131490e-01,8.466996580540131490e-01,1.000000000000000000e+00
9.999999999999997780e-01,9.003575596800163228e-02,9.003575596800163228e-02,9.999999999999997780e-01
9.999999999999998890e-01,2.326185026733936512e-01,2.326185026733936512e-01,9.999999999999998890e-01
9.999999999999997780e-01,8.772900122644340382e-01,8.772900122644340382e-01,9.999999999999997780e-01
9.999999999999998890e-01,9.340187434056005378e-01,9.340187434056005378e-01,9.999999999999998890e-01
1.000000000000000222e+00,4.475680148126530700e-01,4.475680148126530700e-01,1.000000000000000222e+00
1.000000000000000000e+00,1.482728218435333534e-02,1.482728218435333534e-02,1.000000000000000000e+00
1.000000000000000000e+00,2.978034480324308064e-01,2.978034480324308064e-01,1.000000000000000000e+00
1.000000000000000000e+00,9.627918563781362460e-01,9.627918563781362460e-01,1.000000000000000000e+00
9.999999999999998890e-01,6.172501049279424112e-01,6.172501049279424112e-01,9.999999999999998890e-01
1.000000000000000222e+00,2.512533760835239383e-03,2.512533760835239383e-03,1.000000000000000222e+00
1.000000000000000000e+00,4.451281373471980274e-01,4.451281373471980274e-01,1.000000000000000000e+00
1.000000000000000000e+00,9.740336969493612607e-01,9.740336969493612607e-01,1.000000000000000000e+00
9.999999999999998890e-01,8.211372860063750334e-01,8.211372860063750334e-01,9.999999999999998890e-01
1.000000000000000000e+00,2.764502156017991652e-01,2.764502156017991652e-01,1.000000000000000000e+00
1.000000000000000444e+00,6.360392611723691969e-03,6.360392611723691969e-03,1.000000000000000444e+00
1.000000000000000444e+00,5.254123880839243199e-01,5.254123880839243199e-01,1.000000000000000444e+00
1.000000000000000000e+00,9.958696370865860459e-01,9.958696370865860459e-01,1.000000000000000000e+00
1.000000000000000000e+00,3.563860828570980521e-01,3.563860828570980521e-01,1.000000000000000000e+00
1.000000000000000000e+00,3.847217372566674731e-02,3.847217372566674731e-02,1.000000000000000000e+00
1.000000000000000222e+00,6.594794946331377083e-01,6.594794946331377083e-01,1.000000000000000222e+00
1.000000000000000000e+00,9.992986258247125164e-01,9.992986258247125164e-01,1.000000000000000000e+00
1.000000000000000222e+00,6.701153813220097621e-01,6.701153813220097621e-01,1.000000000000000222e+00
1.000000000000000222e+00,1.302942419408467667e-01,1.302942419408467667e-01,1.000000000000000222e+00
1.000000000000000000e+00,8.239536052531790111e-02,8.239536052531790111e-02,1.000000000000000000e+00
1.000000000000000000e+00,7.553473903223650865e-01,7.553473903223650865e-01,1.000000000000000000e+00
1.000000000000000222e+00,8.969330685142222759e-01,8.969330685142222759e-01,1.000000000000000222e+00
1.000000000000000000e+00,1.365961490722293059e-01,1.365961490722293059e-01,1.000000000000000000e+00
1.000000000000000000e+00,1.788273268770300406e-01,1.788273268770300406e-01,1.000000000000000000e+00
1.000000000000000000e+00,8.370748545089422565e-01,8.370748545089422565e-01,1.000000000000000000e+00
1.000000000000000222e+00,9.571020577340528801e-01,9.571020577340528801e-01,1.000000000000000222e+00
1.000000000000000000e+00,4.980121105807620574e-01,4.980121105807620574e-01,1.000000000000000000e+00
1.000000000000000000e+00,3.140049263734084883e-02,3.140049263734084883e-02,1.000000000000000000e+00
1.000000000000000222e+00,2.402440650650090048e-01,2.402440650650090048e-01,1.000000000000000222e+00
1.000000000000000000e+00,9.304255421009869353e-01,9.304255421009869353e-01,1.000000000000000000e+00
