1.000000000000000000e+00,1.000000000000000000e+00,1.000000000000000000e+00,1.000000000000000000e+00
1.000000000000000000e+00,4.373153122170014284e-01,4.373153122170014284e-01,1.000000000000000000e+00
1.000000000000000222e+00,2.251383651699634392e-05,2.251383651699634392e-05,1.000000000000000222e+00
1.000000000000000222e+00,3.249524317002187024e-01,3.249524317002187024e-01,1.000000000000000222e+00
1.000000000000000222e+00,8.676093850505834926e-01,8.676093850505834926e-01,1.000000000000000222e+00
1.000000000000000222e+00,8.922318336491874557e-01,8.922318336491874557e-01,1.000000000000000222e+00
1.000000000000000444e+00,1.511985882814511351e-01,1.511985882814511351e-01,1.000000000000000444e+00
1.000000000000000444e+00,1.956797292559487866e-01,1.956797292559487866e-01,1.000000000000000444e+00
1.000000000000000222e+00,8.736111299031501520e-01,8.736111299031501520e-01,1.000000000000000222e+00
1.000000000000000222e+00,9.379401381747418665e-01,9.379401381747418665e-01,1.000000000000000222e+00
1.000000000000000444e+00,4.497001868937925417e-01,4.497001868937925417e-01,1.000000000000000444e+00
1.000000000000000444e+00,2.467998969519907826e-03,2.467998969519907826e-03,1.000000000000000444e+00
1.000000000000000444e+00,4.871477163600834159e-01,4.871477163600834159e-01,1.000000000000000444e+00
1.000000000000000666e+00,9.957046301598666549e-01,9.957046301598666549e-01,1.000000000000000666e+00
1.000000000000000444e+00,4.495844435570473530e-01,4.495844435570473530e-01,1.000000000000000444e+00
1.000000000000000666e+00,1.073071540872408414e-02,1.073071540872408414e-02,1.000000000000000666e+00
1.000000000000000444e+00,2.096598146105368154e-01,2.096598146105368154e-01,1.000000000000000444e+00
1.000000000000000666e+00,8.257790126335009528e-01,8.257790126335009528e-01,1.000000000000000666e+00
1.000000000000000666e+00,8.660689309935725166e-01,8.660689309935725166e-01,1.000000000000000666e+00
1.000000000000000666e+00,1.045799826906317481e-01,1.045799826906317481e-01,1.000000000000000666e+00
1.000000000000001110e+00,1.979725997649935954e-01,1.979725997649935954e-01,1.000000000000001110e+00
1.000000000000001110e+00,8.024583175789248290e-01,8.024583175789248290e-01,1.000000000000001110e+00
1.000000000000001332e+00,9.862563515459719099e-01,9.862563515459719099e-01,1.000000000000001332e+00
1.000000000000001332e+00,5.226631986546671493e-01,5.226631986546671493e-01,1.000000000000001332e+00
1.000000000000001332e+00,4.716361767081733714e-04,4.716361767081733714e-04,1.000000000000001332e+00
1.000000000000001332e+00,5.592146186918716122e-01,5.592146186918716122e-01,1.000000000000001332e+00
1.000000000000001554e+00,9.931415736966225927e-01,9.931415736966225927e-01,1.000000000000001554e+00
1.000000000000001776e+00,5.336493324259458104e-01,5.336493324259458104e-01,1.000000000000001776e+00
1.000000000000001554e+00,5.603699404687867425e-02,5.603699404687867425e-02,1.000000000000001554e+00
1.000000000000001332e+00,1.435886650892553296e-01,1.435886650892553296e-01,1.000000000000001332e+00
1.000000000000001554e+00,8.365687956591359997e-01,8.365687956591359997e-01,1.000000000000001554e+00
1.000000000000001332e+00,8.134384852103413444e-01,8.134384852103413444e-01,1.000000000000001332e+00
1.000000000000001110e+00,8.658067856073499435e-02,8.658067856073499435e-02,1.000000000000001110e+00
1.000000000000001332e+00,1.453025957233640142e-01,1.453025957233640142e-01,1.000000000000001332e+00
1.000000000000001110e+00,6.864454404202564586e-01,6.864454404202564586e-01,1.000000000000001110e+00
1.000000000000000888e+00,9.996799720095137509e-01,9.996799720095137509e-01,1.000000000000000888e+00
1.000000000000000888e+00,5.228932068849241332e-01,5.228932068849241332e-01,1.000000000000000888e+00
1.000000000000000666e+00,2.264663615522688467e-03,2.264663615522688467e-03,1.000000000000000666e+00
1.000000000000000888e+00,6.011778377457819289e-01,6.011778377457819289e-01,1.000000000000000888e+00
1.000000000000001110e+00,9.992208234870764150e-01,9.992208234870764150e-01,1.000000000000001110e+00
1.000000000000001110e+00,6.607326870039564870e-01,6.607326870039564870e-01,1.000000000000001110e+00
1.000000000000000888e+00,1.173653366598163550e-01,1.173653366598163550e-01,1.000000000000000888e+00
1.000000000000000888e+00,1.328343581279807784e-01,1.328343581279807784e-01,1.000000000000000888e+00
1.000000000000000888e+00,8.812541805432712039e-01,8.812541805432712039e-01,1.000000000000000888e+00
1.000000000000000666e+00,7.707086976927441935e-01,7.707086976927441935e-01,1.000000000000000666e+00
1.000000000000000666e+00,1.100087279322859851e-01,1.100087279322859851e-01,1.000000000000000666e+00
1.000000000000000888e+00,6.970948215632363776e-02,6.970948215632363776e-02,1.000000000000000888e+00
1.000000000000000888e+00,5.709057281975122855e-01,5.709057281975122855e-01,1.000000000000000888e+00
1.000000000000000666e+00,9.998201579807137751e-01,9.998201579807137751e-01,1.000000000000000666e+00
1.000000000000000888e+00,4.657244744310715667e-01,4.657244744310715667e-01,1.000000000000000888e+00
1.000000000000000888e+00,1.173801549413197587e-02,1.173801549413197587e-02,1.000000000000000888e+00
1.000000000000001110e+00,5.779146725545325491e-01,5.779146725545325491e-01,1.000000000000001110e+00
1.000000000000000666e+00,9.923184842158734309e-01,9.923184842158734309e-01,1.000000000000000666e+00
1.000000000000000888e+00,7.746393619440388179e-01,7.746393619440388179e-01,1.000000000000000888e+00
1.000000000000001110e+00,1.492800185438172833e-01,1.492800185438172833e-01,1.000000000000001110e+00
1.000000000000001110e+00,1.670528824551380520e-01,1.670528824551380520e-01,1.000000000000001110e+00
1.000000000000000666e+00,9.210863092446036626e-01,9.210863092446036626e-01,1.000000000000000666e+00
1.000000000000000888e+00,7.774514983966627213e-01,7.774514983966627213e-01,1.000000000000000888e+00
1.000000000000000888e+00,1.842068459374575085e-01,1.842068459374575085e-01,1.000000000000000888e+00
1.000000000000000666e+00,1.813907065501216276e-02,1.813907065501216276e-02,1.000000000000000666e+00
1.000000000000000666e+00,5.087624370064430801e-01,5.087624370064430801e-01,1.000000000000000666e+00
1.000000000000000444e+00,9.994458158871903919e-01,9.994458158871903919e-01,1.000000000000000444e+00
1.000000000000000444e+00,3.955732285501226686e-01,3.955732285501226686e-01,1.000000000000000444e+00
1.000000000000000666e+00,1.329024212374532721e-02,1.329024212374532721e-02,1.000000000000000666e+00
1.000000000000000666e+00,4.845787535672188007e-01,4.845787535672188007e-01,1.000000000000000666e+00
1.000000000000000666e+00,9.512941848447711291e-01,9.512941848447711291e-01,1.000000000000000666e+00
1.000000000000000666e+00,8.355010506104496582e-01,8.355010506104496582e-01,1.000000000000000666e+00
1.000000000000000888e+00,1.323564966344827898e-01,1.323564966344827898e-01,1.000000000000000888e+00
1.000000000000000666e+00,2.243447644185502798e-01,2.243447644185502798e-01,1.000000000000000666e+00
1.000000000000001110e+00,9.321087676124115706e-01,9.321087676124115706e-01,1.000000000000001110e+00
1.000000000000001110e+00,8.404401780983359327e-01,8.404401780983359327e-01,1.000000000000001110e+00
1.000000000000001332e+00,2.990954865305180954e-01,2.990954865305180954e-01,1.000000000000001332e+00
1.000000000000000888e+00,1.976086168097246354e-03,1.976086168097246354e-03,1.000000000000000888e+00
1.000000000000000666e+00,5.191924068207194320e-01,5.191924068207194320e-01,1.000000000000000666e+00
1.000000000000000888e+00,9.910005247280330165e-01,9.910005247280330165e-01,1.000000000000000888e+00
1.000000000000000666e+00,3.624977262311678272e-01,3.624977262311678272e-01,1.000000000000000666e+00
1.000000000000000444e+00,2.458982581574314930e-03,2.458982581574314930e-03,1.000000000000000444e+00
1.000000000000000444e+00,3.537972518750014395e-01,3.537972518750014395e-01,1.000000000000000444e+00
1.000000000000000444e+00,8.978122769363099387e-01,8.978122769363099387e-01,1.000000000000000444e+00
1.000000000000000444e+00,8.387752525520819624e-01,8.387752525520819624e-01,1.000000000000000444e+00
1.000000000000000444e+00,8.970352088664780565e-02,8.970352088664780565e-02,1.000000000000000444e+00
1.000000000000000000e+00,2.634240479100916077e-01,2.634240479100916077e-01,1.000000000000000000e+00
1.000000000000000000e+00,9.044197040881440941e-01,9.044197040881440941e-01,1.000000000000000000e+00
9.999999999999998890e-01,9.223388738075726234e-01,9.223388738075726234e-01,9.999999999999998890e-01
1.000000000000000222e+00,4.072300979998055293e-01,4.072300979998055293e-01,1.000000000000000222e+00
1.000000000000000222e+00,6.022788326257300096e-04,6.022788326257300096e-04,1.000000000000000222e+00
1.000000000000000222e+00,5.814285699895257453e-01,5.814285699895257453e-01,1.000000000000000222e+00
1.000000000000000222e+00,9.776070438287607356e-01,9.776070438287607356e-01,1.000000000000000222e+00
1.000000000000000222e+00,3.964972864694922827e-01,3.964972864694922827e-01,1.000000000000000222e+00
1.000000000000000000e+00,5.204438987657572513e-03,5.204438987657572513e-03,1.000000000000000000e+00
9.999999999999997780e-01,2.425065780661992965e-01,2.425065780661992965e-01,9.999999999999997780e-01
1.000000000000000000e+00,8.752040522616599816e-01,8.752040522616599816e-01,1.000000000000000000e+00
1.000000000000000000e+00,7.964832110960021749e-01,7.964832110960021749e-01,1.000000000000000000e+00
1.000000000000000000e+00,5.710864169484122788e-02,5.710864169484122788e-02,1.000000000000000000e+00
1.000000000000000000e+00,2.466109709899084179e-01,2.466109709899084179e-01,1.000000000000000000e+00
9.999999999999997780e-01,8.282207998431452278e-01,8.282207998431452278e-01,9.999999999999997780e-01
1.000000000000000222e+00,9.765639231095606387e-01,9.765639231095606387e-01,1.000000000000000222e+00
1.000000000000000222e+00,4.580749314988403764e-01,4.580749314988403764e-01,1.000000000000000222e+00
1.000000000000000444e+00,4.842999765029804005e-03,4.842999765029804005e-03,1.000000000000000444e+00
1.000000000000000444e+00,6.479035385322235996e-01,6.479035385322235996e-01,1.000000000000000444e+00
1.000000000000000444e+00,9.787226733523310962e-01,9.787226733523310962e-01,1.000000000000000444e+00
