1.000000000000000000e+00,1.000000000000000000e+00,1.000000000000000000e+00,1.000000000000000000e+00
1.000000000000000000e+00,5.834436949358835500e-01,5.834436949358835500e-01,1.000000000000000000e+00
1.000000000000000000e+00,-1.954745863271715733e-01,-1.954745863271715733e-01,1.000000000000000000e+00
9.999999999999998890e-01,-8.768294238243851124e-01,-8.768294238243851124e-01,9.999999999999998890e-01
9.999999999999997780e-01,-8.235960830488280315e-01,-8.235960830488280315e-01,9.999999999999997780e-01
9.999999999999991118e-01,2.371990921256167950e-01,2.371990921256167950e-01,9.999999999999991118e-01
9.999999999999994449e-01,9.860109142971842378e-01,9.860109142971842378e-01,9.999999999999994449e-01
1.000000000000000000e+00,6.879865910934471751e-01,6.879865910934471751e-01,1.000000000000000000e+00
1.000000000000000444e+00,-6.834493114139328362e-02,-6.834493114139328362e-02,1.000000000000000444e+00
1.000000000000000888e+00,-7.991599168894130134e-01,-7.991599168894130134e-01,1.000000000000000888e+00
1.000000000000000888e+00,-9.089039797520250819e-01,-9.089039797520250819e-01,1.000000000000000888e+00
1.000000000000001332e+00,4.851914227516007649e-02,4.851914227516007649e-02,1.000000000000001332e+00
1.000000000000001110e+00,9.433795155884536765e-01,9.433795155884536765e-01,1.000000000000001110e+00
1.000000000000001554e+00,7.826069691349257784e-01,7.826069691349257784e-01,1.000000000000001554e+00
1.000000000000001776e+00,5.788087770715599767e-02,5.788087770715599767e-02,1.000000000000001776e+00
1.000000000000001776e+00,-7.042843891376895371e-01,-7.042843891376895371e-01,1.000000000000001776e+00
1.000000000000001776e+00,-9.665321946809019016e-01,-9.665321946809019016e-01,1.000000000000001776e+00
1.000000000000001776e+00,-1.399415606127132894e-01,-1.399415606127132894e-01,1.000000000000001776e+00
1.000000000000001776e+00,8.704730544505935308e-01,8.704730544505935308e-01,1.000000000000001776e+00
1.000000000000001554e+00,8.629207881005031000e-01,8.629207881005031000e-01,1.000000000000001554e+00
1.000000000000000888e+00,1.845971854679842872e-01,1.845971854679842872e-01,1.000000000000000888e+00
1.000000000000001332e+00,-5.999235977072416848e-01,-5.999235977072416848e-01,1.000000000000001332e+00
1.000000000000001332e+00,-9.904849677110929562e-01,-9.904849677110929562e-01,1.000000000000001332e+00
1.000000000000001554e+00,-3.256353288884314967e-01,-3.256353288884314967e-01,1.000000000000001554e+00
1.000000000000001554e+00,7.692437083879318793e-01,7.692437083879318793e-01,1.000000000000001554e+00
1.000000000000001332e+00,9.273567065727014169e-01,9.273567065727014169e-01,1.000000000000001332e+00
1.000000000000000888e+00,3.073323503924869082e-01,3.073323503924869082e-01,1.000000000000000888e+00
1.000000000000000666e+00,-4.843553241147691146e-01,-4.843553241147691146e-01,1.000000000000000666e+00
1.000000000000000888e+00,-9.887069954081280088e-01,-9.887069954081280088e-01,1.000000000000000888e+00
1.000000000000000444e+00,-4.952826024763536950e-01,-4.952826024763536950e-01,1.000000000000000444e+00
1.000000000000000222e+00,6.395507426123799855e-01,6.395507426123799855e-01,1.000000000000000222e+00
1.000000000000000000e+00,9.714987807137397402e-01,9.714987807137397402e-01,1.000000000000000000e+00
9.999999999999998890e-01,4.274921115035563712e-01,4.274921115035563712e-01,9.999999999999998890e-01
1.000000000000000444e+00,-3.647860805665470996e-01,-3.647860805665470996e-01,1.000000000000000444e+00
1.000000000000000444e+00,-9.570518319175429500e-01,-9.570518319175429500e-01,1.000000000000000444e+00
1.000000000000000000e+00,-6.487270355559642265e-01,-6.487270355559642265e-01,1.000000000000000000e+00
1.000000000000000444e+00,4.876420264370401325e-01,4.876420264370401325e-01,1.000000000000000444e+00
1.000000000000000444e+00,9.932074188499737666e-01,9.932074188499737666e-01,1.000000000000000444e+00
1.000000000000000444e+00,5.406283127696994706e-01,5.406283127696994706e-01,1.000000000000000444e+00
1.000000000000000666e+00,-2.392838006708323251e-01,-2.392838006708323251e-01,1.000000000000000666e+00
1.000000000000000444e+00,-9.046991809582878297e-01,-9.046991809582878297e-01,1.000000000000000444e+00
1.000000000000000444e+00,-7.744791875795149494e-01,-7.744791875795149494e-01,1.000000000000000444e+00
1.000000000000000888e+00,3.155370331787796800e-01,3.155370331787796800e-01,1.000000000000000888e+00
1.000000000000000222e+00,9.891942334707680695e-01,9.891942334707680695e-01,1.000000000000000222e+00
1.000000000000000222e+00,6.471108430773361286e-01,6.471108430773361286e-01,1.000000000000000222e+00
1.000000000000000000e+00,-1.133948616717968538e-01,-1.133948616717968538e-01,1.000000000000000000e+00
1.000000000000000222e+00,-8.299128236323010110e-01,-8.299128236323010110e-01,1.000000000000000222e+00
1.000000000000000000e+00,-8.744096183805627476e-01,-8.744096183805627476e-01,1.000000000000000000e+00
1.000000000000000222e+00,1.325323784893646939e-01,1.325323784893646939e-01,1.000000000000000222e+00
9.999999999999997780e-01,9.575748731750477472e-01,9.575748731750477472e-01,9.999999999999997780e-01
1.000000000000000000e+00,7.427999416339003957e-01,7.427999416339003957e-01,1.000000000000000000e+00
1.000000000000000000e+00,1.405467723556602655e-02,1.405467723556602655e-02,1.000000000000000000e+00
1.000000000000000000e+00,-7.404221299727826722e-01,-7.404221299727826722e-01,1.000000000000000000e+00
1.000000000000000444e+00,-9.418606908858110360e-01,-9.418606908858110360e-01,1.000000000000000444e+00
1.000000000000000444e+00,-5.674888287939677811e-02,-5.674888287939677811e-02,1.000000000000000444e+00
1.000000000000000666e+00,8.970614108620498239e-01,8.970614108620498239e-01,1.000000000000000666e+00
1.000000000000000666e+00,8.265402640448203941e-01,8.265402640448203941e-01,1.000000000000000666e+00
1.000000000000000666e+00,1.395054087196430093e-01,1.395054087196430093e-01,1.000000000000000666e+00
1.000000000000000444e+00,-6.368981696870430476e-01,-6.368981696870430476e-01,1.000000000000000444e+00
1.000000000000000222e+00,-9.794325961018930382e-01,-9.794325961018930382e-01,1.000000000000000222e+00
1.000000000000000000e+00,-2.429681858863714239e-01,-2.429681858863714239e-01,1.000000000000000000e+00
1.000000000000000444e+00,8.077184276875043478e-01,8.077184276875043478e-01,1.000000000000000444e+00
1.000000000000000888e+00,8.946110224449340675e-01,8.946110224449340675e-01,1.000000000000000888e+00
1.000000000000000888e+00,2.627417489172586551e-01,2.627417489172586551e-01,1.000000000000000888e+00
1.000000000000000666e+00,-5.241374736639712317e-01,-5.241374736639712317e-01,1.000000000000000666e+00
1.000000000000000444e+00,-9.865469612940703792e-01,-9.865469612940703792e-01,1.000000000000000444e+00
1.000000000000000222e+00,-4.191115257835177355e-01,-4.191115257835177355e-01,1.000000000000000222e+00
1.000000000000000222e+00,6.904508274319420824e-01,6.904508274319420824e-01,1.000000000000000222e+00
1.000000000000000666e+00,9.446440365167357855e-01,9.446440365167357855e-01,1.000000000000000666e+00
1.000000000000000666e+00,3.818676139625886146e-01,3.818676139625886146e-01,1.000000000000000666e+00
1.000000000000001110e+00,-4.047582719100030757e-01,-4.047582719100030757e-01,1.000000000000001110e+00
1.000000000000001554e+00,-9.651189716100346816e-01,-9.651189716100346816e-01,1.000000000000001554e+00
1.000000000000001332e+00,-5.792430372931450799e-01,-5.792430372931450799e-01,1.000000000000001332e+00
1.000000000000001110e+00,5.491403789309445838e-01,5.491403789309445838e-01,1.000000000000001110e+00
1.000000000000001332e+00,9.733659173330568848e-01,9.733659173330568848e-01,1.000000000000001332e+00
1.000000000000001110e+00,4.950698458659947843e-01,4.950698458659947843e-01,1.000000000000001110e+00
1.000000000000000888e+00,-2.804779127906945613e-01,-2.804779127906945613e-01,1.000000000000000888e+00
1.000000000000000888e+00,-9.198455489906314231e-01,-9.198455489906314231e-01,1.000000000000000888e+00
1.000000000000001332e+00,-7.149816689097706623e-01,-7.149816689097706623e-01,1.000000000000001332e+00
1.000000000000001110e+00,3.862462468320722042e-01,3.862462468320722042e-01,1.000000000000001110e+00
1.000000000000001110e+00,9.783625992959178452e-01,9.783625992959178452e-01,1.000000000000001110e+00
1.000000000000001332e+00,6.013987543896590626e-01,6.013987543896590626e-01,1.000000000000001332e+00
1.000000000000001554e+00,-1.551718391848297962e-01,-1.551718391848297962e-01,1.000000000000001554e+00
1.000000000000001110e+00,-8.511593024327999135e-01,-8.511593024327999135e-01,1.000000000000001110e+00
1.000000000000001554e+00,-8.259756331427507980e-01,-8.259756331427507980e-01,1.000000000000001554e+00
1.000000000000001332e+00,2.103612681930931982e-01,2.103612681930931982e-01,1.000000000000001332e+00
1.000000000000000666e+00,9.569432088097398204e-01,9.569432088097398204e-01,1.000000000000000666e+00
1.000000000000000888e+00,6.976539638015907263e-01,6.976539638015907263e-01,1.000000000000000888e+00
1.000000000000000888e+00,-2.828174656011500643e-02,-2.828174656011500643e-02,1.000000000000000888e+00
1.000000000000000888e+00,-7.668749904618759050e-01,-7.668749904618759050e-01,1.000000000000000888e+00
1.000000000000001332e+00,-9.040419227022626902e-01,-9.040419227022626902e-01,1.000000000000001332e+00
1.000000000000001776e+00,2.427984228833154901e-02,2.427984228833154901e-02,1.000000000000001776e+00
1.000000000000001776e+00,9.083469769068059918e-01,9.083469769068059918e-01,1.000000000000001776e+00
1.000000000000001332e+00,7.830232344278337253e-01,7.830232344278337253e-01,1.000000000000001332e+00
1.000000000000000888e+00,9.575171858936795677e-02,9.575171858936795677e-02,1.000000000000000888e+00
1.000000000000001110e+00,-6.660083862820538325e-01,-6.660083862820538325e-01,1.000000000000001110e+00
1.000000000000000444e+00,-9.543135244773818249e-01,-9.543135244773818249e-01,1.000000000000000444e+00
1.000000000000000888e+00,-1.597086498935361143e-01,-1.597086498935361143e-01,1.000000000000000888e+00
1.000000000000000666e+00,8.309162996446770588e-01,8.309162996446770588e-01,1.000000000000000666e+00
1.000000000000000666e+00,8.534913213705281887e-01,8.534913213705281887e-01,1.000000000000000666e+00
1.000000000000000444e+00,2.185404050928505537e-01,2.185404050928505537e-01,1.000000000000000444e+00
