1.000000000000000000e+00,1.000000000000000000e+00,1.000000000000000000e+00,1.000000000000000000e+00
1.000000000000000444e+00,6.350411629409018488e-01,6.350411629409018488e-01,1.000000000000000444e+00
1.000000000000000444e+00,-1.307615856652761810e-01,-1.307615856652761810e-01,1.000000000000000444e+00
1.000000000000000222e+00,-8.757438318384789255e-01,-8.757438318384789255e-01,1.000000000000000222e+00
1.000000000000000000e+00,-7.835025574545047000e-01,-7.835025574545047000e-01,1.000000000000000000e+00
1.000000000000000000e+00,3.075957976194151344e-01,3.075957976194151344e-01,1.000000000000000000e+00
1.000000000000000222e+00,9.879596712028837491e-01,9.879596712028837491e-01,1.000000000000000222e+00
1.000000000000000444e+00,7.292616045683116832e-01,7.292616045683116832e-01,1.000000000000000444e+00
1.000000000000000000e+00,1.987031232298597239e-03,1.987031232298597239e-03,1.000000000000000000e+00
1.000000000000000444e+00,-7.910068565241381577e-01,-7.910068565241381577e-01,1.000000000000000444e+00
1.000000000000000888e+00,-8.824858833488371523e-01,-8.824858833488371523e-01,1.000000000000000888e+00
1.000000000000000444e+00,1.257883467663481192e-01,1.257883467663481192e-01,1.000000000000000444e+00
1.000000000000000666e+00,9.509592138837282826e-01,9.509592138837282826e-01,1.000000000000000666e+00
1.000000000000000666e+00,8.129839951561427247e-01,8.129839951561427247e-01,1.000000000000000666e+00
1.000000000000000444e+00,1.313081945308856580e-01,1.313081945308856580e-01,1.000000000000000444e+00
1.000000000000000444e+00,-6.868270378544202304e-01,-6.868270378544202304e-01,1.000000000000000444e+00
1.000000000000000888e+00,-9.522233370917969619e-01,-9.522233370917969619e-01,1.000000000000000888e+00
1.000000000000001110e+00,-6.065266288776283155e-02,-6.065266288776283155e-02,1.000000000000001110e+00
1.000000000000000444e+00,8.871489361732759482e-01,8.871489361732759482e-01,1.000000000000000444e+00
1.000000000000001110e+00,8.831521559385315800e-01,8.831521559385315800e-01,1.000000000000001110e+00
1.000000000000001332e+00,2.579364865645967786e-01,2.579364865645967786e-01,1.000000000000001332e+00
1.000000000000000888e+00,-5.714715838671553527e-01,-5.714715838671553527e-01,1.000000000000000888e+00
1.000000000000000888e+00,-9.861086687361887426e-01,-9.861086687361887426e-01,1.000000000000000888e+00
1.000000000000000888e+00,-2.485101617511429328e-01,-2.485101617511429328e-01,1.000000000000000888e+00
1.000000000000000666e+00,7.972380489791170977e-01,7.972380489791170977e-01,1.000000000000000666e+00
1.000000000000000888e+00,9.386979742879731914e-01,9.386979742879731914e-01,1.000000000000000888e+00
1.000000000000000888e+00,3.780004856926284518e-01,3.780004856926284518e-01,1.000000000000000888e+00
1.000000000000000222e+00,-4.446336715844688703e-01,-4.446336715844688703e-01,1.000000000000000222e+00
9.999999999999998890e-01,-9.904736584137515676e-01,-9.904736584137515676e-01,9.999999999999998890e-01
1.000000000000000444e+00,-4.253945019406314976e-01,-4.253945019406314976e-01,1.000000000000000444e+00
1.000000000000000444e+00,6.804647872525334540e-01,6.804647872525334540e-01,1.000000000000000444e+00
1.000000000000000222e+00,9.764184325343496784e-01,9.764184325343496784e-01,1.000000000000000222e+00
1.000000000000000444e+00,4.925517084792648825e-01,4.925517084792648825e-01,1.000000000000000444e+00
1.000000000000000444e+00,-3.140235018162853553e-01,-3.140235018162853553e-01,1.000000000000000444e+00
1.000000000000000888e+00,-9.612887350390612040e-01,-9.612887350390612040e-01,1.000000000000000888e+00
1.000000000000000888e+00,-5.892449194855958750e-01,-5.892449194855958750e-01,1.000000000000000888e+00
1.000000000000000888e+00,5.409563414747513566e-01,5.409563414747513566e-01,1.000000000000000888e+00
1.000000000000001110e+00,9.946023112075673689e-01,9.946023112075673689e-01,1.000000000000001110e+00
1.000000000000001554e+00,5.981728511875145093e-01,5.981728511875145093e-01,1.000000000000001554e+00
1.000000000000001554e+00,-1.790277186789854813e-01,-1.790277186789854813e-01,1.000000000000001554e+00
1.000000000000001332e+00,-9.070970485759066726e-01,-9.070970485759066726e-01,1.000000000000001332e+00
1.000000000000001776e+00,-7.283978820568353107e-01,-7.283978820568353107e-01,1.000000000000001776e+00
1.000000000000001776e+00,3.800148974954478676e-01,3.800148974954478676e-01,1.000000000000001776e+00
1.000000000000001776e+00,9.905877226622999965e-01,9.905877226622999965e-01,1.000000000000001776e+00
1.000000000000001776e+00,6.952811534145962868e-01,6.952811534145962868e-01,1.000000000000001776e+00
1.000000000000001110e+00,-4.543468253398397216e-02,-4.543468253398397216e-02,1.000000000000001110e+00
1.000000000000001554e+00,-8.269846999249972352e-01,-8.269846999249972352e-01,1.000000000000001554e+00
1.000000000000001776e+00,-8.423093355201272114e-01,-8.423093355201272114e-01,1.000000000000001776e+00
1.000000000000002220e+00,2.048178739655011071e-01,2.048178739655011071e-01,1.000000000000002220e+00
1.000000000000001998e+00,9.625497306559169797e-01,9.625497306559169797e-01,1.000000000000001998e+00
1.000000000000001776e+00,7.809581328543560019e-01,7.809581328543560019e-01,1.000000000000001776e+00
1.000000000000001554e+00,8.701004487061100856e-02,8.701004487061100856e-02,1.000000000000001554e+00
1.000000000000001554e+00,-7.289406596040963748e-01,-7.289406596040963748e-01,1.000000000000001554e+00
1.000000000000001776e+00,-9.234736040256952272e-01,-9.234736040256952272e-01,1.000000000000001776e+00
1.000000000000001776e+00,1.958607791199104553e-02,1.958607791199104553e-02,1.000000000000001776e+00
1.000000000000001332e+00,9.089798521922891616e-01,9.089798521922891616e-01,1.000000000000001332e+00
1.000000000000000888e+00,8.545041735728848842e-01,8.545041735728848842e-01,1.000000000000000888e+00
1.000000000000001554e+00,2.147944409808372757e-01,2.147944409808372757e-01,1.000000000000001554e+00
1.000000000000001554e+00,-6.148399353876647933e-01,-6.148399353876647933e-01,1.000000000000001554e+00
1.000000000000001776e+00,-9.724980527200353109e-01,-9.724980527200353109e-01,1.000000000000001776e+00
1.000000000000001554e+00,-1.674067015170319639e-01,-1.674067015170319639e-01,1.000000000000001554e+00
1.000000000000001332e+00,8.292808842345783527e-01,8.292808842345783527e-01,1.000000000000001332e+00
1.000000000000001110e+00,9.133528124394632020e-01,9.133528124394632020e-01,1.000000000000001110e+00
1.000000000000000888e+00,3.373733553148318687e-01,3.373733553148318687e-01,1.000000000000000888e+00
1.000000000000001332e+00,-4.902598592457566573e-01,-4.902598592457566573e-01,1.000000000000001332e+00
1.000000000000001110e+00,-9.879836462229232286e-01,-9.879836462229232286e-01,1.000000000000001110e+00
1.000000000000001110e+00,-3.489261161167553915e-01,-3.489261161167553915e-01,1.000000000000001110e+00
1.000000000000000888e+00,7.234470840665139235e-01,7.234470840665139235e-01,1.000000000000000888e+00
1.000000000000001332e+00,9.558034250830372835e-01,9.558034250830372835e-01,1.000000000000001332e+00
1.000000000000001110e+00,4.530987196328474242e-01,4.530987196328474242e-01,1.000000000000001110e+00
1.000000000000001332e+00,-3.589570847606999848e-01,-3.589570847606999848e-01,1.000000000000001332e+00
1.000000000000000888e+00,-9.709127768081781129e-01,-9.709127768081781129e-01,1.000000000000000888e+00
1.000000000000001554e+00,-5.184845562420296039e-01,-5.184845562420296039e-01,1.000000000000001554e+00
1.000000000000001554e+00,5.938477234734225174e-01,5.938477234734225174e-01,1.000000000000001554e+00
1.000000000000001554e+00,9.794461538398946399e-01,9.794461538398946399e-01,1.000000000000001554e+00
1.000000000000001776e+00,5.604852528332702200e-01,5.604852528332702200e-01,1.000000000000001776e+00
1.000000000000001998e+00,-2.235849472651847414e-01,-2.235849472651847414e-01,1.000000000000001998e+00
1.000000000000001998e+00,-9.257065055899482697e-01,-9.257065055899482697e-01,1.000000000000001998e+00
1.000000000000001998e+00,-6.668860219719583426e-01,-6.668860219719583426e-01,1.000000000000001998e+00
1.000000000000002220e+00,4.419351715447969453e-01,4.419351715447969453e-01,1.000000000000002220e+00
1.000000000000002442e+00,9.823178741295379712e-01,9.823178741295379712e-01,1.000000000000002442e+00
1.000000000000002665e+00,6.589371666259010718e-01,6.589371666259010718e-01,1.000000000000002665e+00
1.000000000000002665e+00,-8.871356460081603057e-02,-8.871356460081603057e-02,1.000000000000002665e+00
1.000000000000002442e+00,-8.530376750791639484e-01,-8.530376750791639484e-01,1.000000000000002442e+00
1.000000000000002665e+00,-7.919057326683505149e-01,-7.919057326683505149e-01,1.000000000000002665e+00
1.000000000000001998e+00,2.742784695371021098e-01,2.742784695371021098e-01,1.000000000000001998e+00
1.000000000000001998e+00,9.621378609960474781e-01,9.621378609960474781e-01,1.000000000000001998e+00
1.000000000000002220e+00,7.461532547593201503e-01,7.461532547593201503e-01,1.000000000000002220e+00
1.000000000000002220e+00,4.535031918615001212e-02,4.535031918615001212e-02,1.000000000000002220e+00
1.000000000000002442e+00,-7.610496173365495221e-01,-7.610496173365495221e-01,1.000000000000002442e+00
1.000000000000002220e+00,-8.843644773708299045e-01,-8.843644773708299045e-01,1.000000000000002220e+00
1.000000000000002220e+00,9.334624793867690729e-02,9.334624793867690729e-02,1.000000000000002220e+00
1.000000000000002220e+00,9.178787573258500032e-01,9.178787573258500032e-01,1.000000000000002220e+00
1.000000000000001776e+00,8.217301664267503414e-01,8.217301664267503414e-01,1.000000000000001776e+00
1.000000000000001776e+00,1.741044585526178023e-01,1.741044585526178023e-01,1.000000000000001776e+00
1.000000000000001776e+00,-6.498607626834179696e-01,-6.498607626834179696e-01,1.000000000000001776e+00
1.000000000000002442e+00,-9.471257194858464512e-01,-9.471257194858464512e-01,1.000000000000002442e+00
1.000000000000001776e+00,-9.036804625887384645e-02,-9.036804625887384645e-02,1.000000000000001776e+00
1.000000000000001998e+00,8.477664341115653812e-01,8.477664341115653812e-01,1.000000000000001998e+00
1.000000000000001998e+00,8.828659057138701360e-01,8.828659057138701360e-01,1.000000000000001998e+00
1.000000000000001554e+00,2.984875064868959815e-01,2.984875064868959815e-01,1.000000000000001554e+00
