1.000000000000000000e+00,1.000000000000000000e+00,1.000000000000000000e+00,1.000000000000000000e+00
9.999999999999997780e-01,3.925873490427179702e-01,3.925873490427179702e-01,9.999999999999997780e-01
1.000000000000000000e+00,-7.245313754101241344e-01,-7.245313754101241344e-01,1.000000000000000000e+00
9.999999999999995559e-01,-9.005602129456093952e-01,-9.005602129456093952e-01,9.999999999999995559e-01
9.999999999999995559e-01,-8.663659124239564413e-02,-8.663659124239564413e-02,9.999999999999995559e-01
9.999999999999995559e-01,7.312697419638478635e-01,7.312697419638478635e-01,9.999999999999995559e-01
9.999999999999993339e-01,9.972807395087716076e-01,9.972807395087716076e-01,9.999999999999993339e-01
9.999999999999996669e-01,6.146847963469845855e-01,6.146847963469845855e-01,9.999999999999996669e-01
9.999999999999997780e-01,-2.726830986942913038e-01,-2.726830986942913038e-01,9.999999999999997780e-01
9.999999999999993339e-01,-9.698389620986402893e-01,-9.698389620986402893e-01,9.999999999999993339e-01
9.999999999999995559e-01,-5.375942906250530395e-01,-5.375942906250530395e-01,9.999999999999995559e-01
9.999999999999993339e-01,6.012443872225715635e-01,6.012443872225715635e-01,9.999999999999993339e-01
9.999999999999995559e-01,9.769128746539141872e-01,9.769128746539141872e-01,9.999999999999995559e-01
1.000000000000000222e+00,3.444145186354806709e-01,3.444145186354806709e-01,1.000000000000000222e+00
9.999999999999998890e-01,-4.983476315828188619e-01,-4.983476315828188619e-01,9.999999999999998890e-01
9.999999999999997780e-01,-9.691276703559293937e-01,-9.691276703559293937e-01,9.999999999999997780e-01
1.000000000000000222e+00,-8.010290374551429782e-01,-8.010290374551429782e-01,1.000000000000000222e+00
1.000000000000000444e+00,5.097613894765731790e-02,5.097613894765731790e-02,1.000000000000000444e+00
1.000000000000000888e+00,9.222777548021291461e-01,9.222777548021291461e-01,1.000000000000000888e+00
1.000000000000000888e+00,6.856200045668456866e-01,6.856200045668456866e-01,1.000000000000000888e+00
1.000000000000000666e+00,-4.305530186138347704e-01,-4.305530186138347704e-01,1.000000000000000666e+00
1.000000000000000666e+00,-9.927882790868307605e-01,-9.927882790868307605e-01,1.000000000000000666e+00
1.000000000000000444e+00,-5.768027112432129178e-01,-5.768027112432129178e-01,1.000000000000000444e+00
1.000000000000000888e+00,2.263752740943640596e-01,2.263752740943640596e-01,1.000000000000000888e+00
1.000000000000000888e+00,8.660601038369190041e-01,8.660601038369190041e-01,1.000000000000000888e+00
1.000000000000000888e+00,9.332796652385321190e-01,9.332796652385321190e-01,1.000000000000000888e+00
1.000000000000000444e+00,1.757779685898862576e-01,1.757779685898862576e-01,1.000000000000000444e+00
1.000000000000000444e+00,-8.245986407847953892e-01,-8.245986407847953892e-01,1.000000000000000444e+00
1.000000000000000222e+00,-7.923355922130952411e-01,-7.923355922130952411e-01,1.000000000000000222e+00
1.000000000000000222e+00,2.557038632752773877e-01,2.557038632752773877e-01,1.000000000000000222e+00
1.000000000000000000e+00,9.681354410151438161e-01,9.681354410151438161e-01,1.000000000000000000e+00
1.000000000000000222e+00,7.856757448038819147e-01,7.856757448038819147e-01,1.000000000000000222e+00
1.000000000000000222e+00,7.747412857263932806e-02,7.747412857263932806e-02,1.000000000000000222e+00
1.000000000000000444e+00,-6.827528345640170304e-01,-6.827528345640170304e-01,1.000000000000000444e+00
1.000000000000000444e+00,-9.854685744297972949e-01,-9.854685744297972949e-01,1.000000000000000444e+00
1.000000000000000444e+00,-3.661969598245712887e-01,-3.661969598245712887e-01,1.000000000000000444e+00
1.000000000000000666e+00,7.255844172429207761e-01,7.255844172429207761e-01,1.000000000000000666e+00
1.000000000000000666e+00,8.963538961658715776e-01,8.963538961658715776e-01,1.000000000000000666e+00
1.000000000000000222e+00,-4.013083930078026329e-02,-4.013083930078026329e-02,1.000000000000000222e+00
1.000000000000000000e+00,-8.669728229204013426e-01,-8.669728229204013426e-01,1.000000000000000000e+00
1.000000000000000000e+00,-9.258478310355059415e-01,-9.258478310355059415e-01,1.000000000000000000e+00
9.999999999999993339e-01,-3.637349618194146705e-01,-3.637349618194146705e-01,9.999999999999993339e-01
9.999999999999994449e-01,4.602826599124652529e-01,4.602826599124652529e-01,9.999999999999994449e-01
9.999999999999992228e-01,9.926721536675313651e-01,9.926721536675313651e-01,9.999999999999992228e-01
9.999999999999997780e-01,5.486225214481026402e-01,5.486225214481026402e-01,9.999999999999997780e-01
9.999999999999997780e-01,-5.839341937325663867e-01,-5.839341937325663867e-01,9.999999999999997780e-01
9.999999999999995559e-01,-9.518790199616489200e-01,-9.518790199616489200e-01,9.999999999999995559e-01
9.999999999999998890e-01,-1.746638150721916416e-01,-1.746638150721916416e-01,9.999999999999998890e-01
9.999999999999998890e-01,7.146438365409153448e-01,7.146438365409153448e-01,9.999999999999998890e-01
1.000000000000000000e+00,9.968857413589095051e-01,9.968857413589095051e-01,1.000000000000000000e+00
1.000000000000000222e+00,6.250129527460756007e-01,6.250129527460756007e-01,1.000000000000000222e+00
1.000000000000000444e+00,-2.025522046390232367e-01,-2.025522046390232367e-01,1.000000000000000444e+00
1.000000000000000666e+00,-9.333093692207101721e-01,-9.333093692207101721e-01,1.000000000000000666e+00
1.000000000000000888e+00,-6.825620659038915683e-01,-6.825620659038915683e-01,1.000000000000000888e+00
1.000000000000000444e+00,4.443567821172993981e-01,4.443567821172993981e-01,1.000000000000000444e+00
1.000000000000000444e+00,9.969131697098769784e-01,9.969131697098769784e-01,1.000000000000000444e+00
1.000000000000000888e+00,4.074577214715349727e-01,4.074577214715349727e-01,1.000000000000000888e+00
1.000000000000000888e+00,-4.890758743477284787e-01,-4.890758743477284787e-01,1.000000000000000888e+00
1.000000000000000888e+00,-9.700321006472155672e-01,-9.700321006472155672e-01,1.000000000000000888e+00
1.000000000000001110e+00,-8.183630286328982262e-01,-8.183630286328982262e-01,1.000000000000001110e+00
1.000000000000000888e+00,-4.322637238697563111e-02,-4.322637238697563111e-02,1.000000000000000888e+00
1.000000000000000666e+00,8.492687015840252318e-01,8.492687015840252318e-01,1.000000000000000666e+00
1.000000000000000888e+00,8.112962860149616207e-01,8.112962860149616207e-01,1.000000000000000888e+00
1.000000000000001332e+00,-2.679268209643640986e-01,-2.679268209643640986e-01,1.000000000000001332e+00
1.000000000000001332e+00,-9.836016693034688174e-01,-9.836016693034688174e-01,1.000000000000001332e+00
1.000000000000001110e+00,-6.138449381704149665e-01,-6.138449381704149665e-01,1.000000000000001110e+00
1.000000000000000888e+00,2.258070159366830087e-01,2.258070159366830087e-01,1.000000000000000888e+00
1.000000000000000666e+00,8.658566323591153635e-01,8.658566323591153635e-01,1.000000000000000666e+00
1.000000000000000666e+00,9.488404300903618971e-01,9.488404300903618971e-01,1.000000000000000666e+00
1.000000000000000444e+00,2.877402546822002694e-01,2.877402546822002694e-01,1.000000000000000444e+00
1.000000000000000666e+00,-7.183015456050336756e-01,-7.183015456050336756e-01,1.000000000000000666e+00
1.000000000000000888e+00,-8.906273914357626387e-01,-8.906273914357626387e-01,1.000000000000000888e+00
1.000000000000000444e+00,9.894117606146413113e-02,9.894117606146413113e-02,1.000000000000000444e+00
1.000000000000000222e+00,9.400777040588790268e-01,9.400777040588790268e-01,1.000000000000000222e+00
1.000000000000000444e+00,8.036271176459998111e-01,8.036271176459998111e-01,1.000000000000000444e+00
1.000000000000000666e+00,7.246482326432845955e-02,7.246482326432845955e-02,1.000000000000000666e+00
1.000000000000000666e+00,-6.753409799324139318e-01,-6.753409799324139318e-01,1.000000000000000666e+00
1.000000000000001110e+00,-9.924644557965806024e-01,-9.924644557965806024e-01,1.000000000000001110e+00
1.000000000000001332e+00,-4.885872063441142332e-01,-4.885872063441142332e-01,1.000000000000001332e+00
1.000000000000001554e+00,5.870086516037086311e-01,5.870086516037086311e-01,1.000000000000001554e+00
1.000000000000001554e+00,9.629212314554188579e-01,9.629212314554188579e-01,1.000000000000001554e+00
1.000000000000001554e+00,1.029660060682630607e-01,1.029660060682630607e-01,1.000000000000001554e+00
1.000000000000001554e+00,-8.287608319791577305e-01,-8.287608319791577305e-01,1.000000000000001554e+00
1.000000000000001332e+00,-9.298252365524353191e-01,-9.298252365524353191e-01,1.000000000000001332e+00
1.000000000000001332e+00,-3.591350920003902880e-01,-3.591350920003902880e-01,1.000000000000001332e+00
1.000000000000001554e+00,4.392250717282578099e-01,4.392250717282578099e-01,1.000000000000001554e+00
1.000000000000001776e+00,9.781164766615367823e-01,9.781164766615367823e-01,1.000000000000001776e+00
1.000000000000001332e+00,6.699524145845798806e-01,6.699524145845798806e-01,1.000000000000001332e+00
1.000000000000001332e+00,-4.203762223378618712e-01,-4.203762223378618712e-01,1.000000000000001332e+00
1.000000000000001776e+00,-9.849524950488237618e-01,-9.849524950488237618e-01,1.000000000000001776e+00
1.000000000000002220e+00,-2.918329505972059867e-01,-2.918329505972059867e-01,1.000000000000002220e+00
1.000000000000002442e+00,6.764434746064845738e-01,6.764434746064845738e-01,1.000000000000002442e+00
1.000000000000002220e+00,9.970967812808617659e-01,9.970967812808617659e-01,1.000000000000002220e+00
1.000000000000002665e+00,6.240789786744589396e-01,6.240789786744589396e-01,1.000000000000002665e+00
1.000000000000002665e+00,-1.636572870050503337e-01,-1.636572870050503337e-01,1.000000000000002665e+00
1.000000000000002665e+00,-8.905149161635870225e-01,-8.905149161635870225e-01,1.000000000000002665e+00
1.000000000000001998e+00,-7.963039096062103361e-01,-7.963039096062103361e-01,1.000000000000001998e+00
1.000000000000002220e+00,2.666546679041058576e-01,2.666546679041058576e-01,1.000000000000002220e+00
1.000000000000001998e+00,9.962401894635170008e-01,9.962401894635170008e-01,1.000000000000001998e+00
1.000000000000002220e+00,4.973538707050489949e-01,4.973538707050489949e-01,1.000000000000002220e+00
1.000000000000002220e+00,-4.576884078488495655e-01,-4.576884078488495655e-01,1.000000000000002220e+00
