1.000000000000000000e+00,1.000000000000000000e+00,1.000000000000000000e+00,1.000000000000000000e+00
9.999999999999998890e-01,5.981875344731805155e-01,5.981875344731805155e-01,9.999999999999998890e-01
1.000000000000000444e+00,-3.479507505057429784e-01,-3.479507505057429784e-01,1.000000000000000444e+00
1.000000000000000666e+00,-9.816984673856113952e-01,-9.816984673856113952e-01,1.000000000000000666e+00
1.000000000000001110e+00,-5.958933691312156000e-01,-5.958933691312156000e-01,1.000000000000001110e+00
1.000000000000001110e+00,4.369465711952746911e-01,4.369465711952746911e-01,1.000000000000001110e+00
1.000000000000001110e+00,9.839757066226545446e-01,9.839757066226545446e-01,1.000000000000001110e+00
1.000000000000000888e+00,6.015845882110331111e-01,6.015845882110331111e-01,1.000000000000000888e+00
1.000000000000001554e+00,-2.858323294644312118e-01,-2.858323294644312118e-01,1.000000000000001554e+00
1.000000000000001776e+00,-9.755234223972104601e-01,-9.755234223972104601e-01,1.000000000000001776e+00
1.000000000000001776e+00,-7.003666106601160735e-01,-7.003666106601160735e-01,1.000000000000001776e+00
1.000000000000001332e+00,1.629332467820203134e-01,1.629332467820203134e-01,1.000000000000001332e+00
1.000000000000001554e+00,9.088524540146168951e-01,9.088524540146168951e-01,1.000000000000001554e+00
1.000000000000001332e+00,8.582725193023393873e-01,8.582725193023393873e-01,1.000000000000001332e+00
1.000000000000001332e+00,2.412191975898536622e-03,2.412191975898536622e-03,1.000000000000001332e+00
1.000000000000001332e+00,-8.549535299689391410e-01,-8.549535299689391410e-01,1.000000000000001332e+00
1.000000000000000888e+00,-8.308239288652593535e-01,-8.308239288652593535e-01,1.000000000000000888e+00
1.000000000000000888e+00,3.179819727399385565e-02,3.179819727399385565e-02,1.000000000000000888e+00
1.000000000000001110e+00,8.166541016369325279e-01,8.166541016369325279e-01,1.000000000000001110e+00
1.000000000000000888e+00,9.091120034706974273e-01,9.091120034706974273e-01,1.000000000000000888e+00
1.000000000000000888e+00,6.239344085879144908e-02,6.239344085879144908e-02,1.000000000000000888e+00
1.000000000000000666e+00,-8.523683680523461703e-01,-8.523683680523461703e-01,1.000000000000000666e+00
1.000000000000000666e+00,-8.562378045545515626e-01,-8.562378045545515626e-01,1.000000000000000666e+00
1.000000000000000888e+00,-6.475243502025573861e-02,-6.475243502025573861e-02,1.000000000000000888e+00
1.000000000000000888e+00,8.447091601308946984e-01,8.447091601308946984e-01,1.000000000000000888e+00
1.000000000000000666e+00,8.681204643922509900e-01,8.681204643922509900e-01,1.000000000000000666e+00
1.000000000000000888e+00,2.121478667176501798e-02,2.121478667176501798e-02,1.000000000000000888e+00
1.000000000000001110e+00,-8.183056856736747875e-01,-8.183056856736747875e-01,1.000000000000001110e+00
1.000000000000001110e+00,-8.990391692128141266e-01,-8.990391692128141266e-01,1.000000000000001110e+00
1.000000000000000666e+00,-1.208540385519997762e-01,-1.208540385519997762e-01,1.000000000000000666e+00
1.000000000000000444e+00,7.763073198595420443e-01,7.763073198595420443e-01,1.000000000000000444e+00
1.000000000000000666e+00,9.225050339541477351e-01,9.225050339541477351e-01,1.000000000000000666e+00
1.000000000000000666e+00,7.450494670309928957e-02,7.450494670309928957e-02,1.000000000000000666e+00
1.000000000000001110e+00,-7.454209162190974514e-01,-7.454209162190974514e-01,1.000000000000001110e+00
1.000000000000001332e+00,-9.387716349237008595e-01,-9.387716349237008595e-01,1.000000000000001332e+00
1.000000000000001332e+00,-1.521471886091842474e-01,-1.521471886091842474e-01,1.000000000000001332e+00
1.000000000000001554e+00,7.976831061759115382e-01,7.976831061759115382e-01,1.000000000000001554e+00
1.000000000000001554e+00,9.016815805641928971e-01,9.016815805641928971e-01,1.000000000000001554e+00
1.000000000000001332e+00,1.675158122639153202e-01,1.675158122639153202e-01,1.000000000000001332e+00
1.000000000000001110e+00,-7.798125053047308963e-01,-7.798125053047308963e-01,1.000000000000001110e+00
1.000000000000000888e+00,-9.188514340150673032e-01,-9.188514340150673032e-01,1.000000000000000888e+00
1.000000000000000666e+00,-5.832132422138974759e-02,-5.832132422138974759e-02,1.000000000000000666e+00
1.000000000000000888e+00,8.285338239600370525e-01,8.285338239600370525e-01,1.000000000000000888e+00
1.000000000000000888e+00,9.181921423874152000e-01,9.181921423874152000e-01,1.000000000000000888e+00
1.000000000000000666e+00,7.567469738545690161e-02,7.567469738545690161e-02,1.000000000000000666e+00
1.000000000000000222e+00,-7.658895310031466064e-01,-7.658895310031466064e-01,1.000000000000000222e+00
1.000000000000000444e+00,-9.229566467504931593e-01,-9.229566467504931593e-01,1.000000000000000444e+00
1.000000000000000888e+00,-2.521902929261810034e-01,-2.521902929261810034e-01,1.000000000000000888e+00
1.000000000000000666e+00,6.401172225086005918e-01,6.401172225086005918e-01,1.000000000000000666e+00
1.000000000000000888e+00,9.993947231443179868e-01,9.993947231443179868e-01,1.000000000000000888e+00
1.000000000000000666e+00,5.634870890651965114e-01,5.634870890651965114e-01,1.000000000000000666e+00
1.000000000000000666e+00,-3.640358322589602458e-01,-3.640358322589602458e-01,1.000000000000000666e+00
1.000000000000001110e+00,-9.716344910416441216e-01,-9.716344910416441216e-01,1.000000000000001110e+00
1.000000000000001110e+00,-7.292005663188154685e-01,-7.292005663188154685e-01,1.000000000000001110e+00
1.000000000000001776e+00,1.350905061885319669e-01,1.350905061885319669e-01,1.000000000000001776e+00
1.000000000000001332e+00,9.493671874816871359e-01,9.493671874816871359e-01,1.000000000000001332e+00
1.000000000000001554e+00,7.180320825529744599e-01,7.180320825529744599e-01,1.000000000000001554e+00
1.000000000000001332e+00,-2.649831714338937161e-01,-2.649831714338937161e-01,1.000000000000001332e+00
1.000000000000001332e+00,-9.565628177778779939e-01,-9.565628177778779939e-01,1.000000000000001332e+00
1.000000000000001110e+00,-6.201921117042440423e-01,-6.201921117042440423e-01,1.000000000000001110e+00
1.000000000000001110e+00,3.391938848209931079e-01,3.391938848209931079e-01,1.000000000000001110e+00
1.000000000000001332e+00,9.787600772005822236e-01,9.787600772005822236e-01,1.000000000000001332e+00
1.000000000000000666e+00,7.447708005029649581e-01,7.447708005029649581e-01,1.000000000000000666e+00
1.000000000000000888e+00,-2.537760035879820242e-01,-2.537760035879820242e-01,1.000000000000000888e+00
1.000000000000000444e+00,-9.765327205483572692e-01,-9.765327205483572692e-01,1.000000000000000444e+00
1.000000000000000888e+00,-6.366344828352756835e-01,-6.366344828352756835e-01,1.000000000000000888e+00
1.000000000000001332e+00,2.903449294174281770e-01,2.903449294174281770e-01,1.000000000000001332e+00
1.000000000000001332e+00,9.444441537629940653e-01,9.444441537629940653e-01,1.000000000000001332e+00
1.000000000000001110e+00,8.248890943468756287e-01,8.248890943468756287e-01,1.000000000000001110e+00
1.000000000000001332e+00,-2.216380048346899834e-03,-2.216380048346899834e-03,1.000000000000001332e+00
1.000000000000001332e+00,-7.883684775879405970e-01,-7.883684775879405970e-01,1.000000000000001332e+00
1.000000000000001776e+00,-9.240377320586896648e-01,-9.240377320586896648e-01,1.000000000000001776e+00
1.000000000000001776e+00,-7.846920488637382229e-02,-7.846920488637382229e-02,1.000000000000001776e+00
1.000000000000001110e+00,7.435348620459543145e-01,7.435348620459543145e-01,1.000000000000001110e+00
1.000000000000001110e+00,9.467035560551987361e-01,9.467035560551987361e-01,1.000000000000001110e+00
1.000000000000001554e+00,2.184049845361172304e-01,2.184049845361172304e-01,1.000000000000001554e+00
1.000000000000001332e+00,-7.761159212798689477e-01,-7.761159212798689477e-01,1.000000000000001332e+00
1.000000000000001332e+00,-9.501974968948280198e-01,-9.501974968948280198e-01,1.000000000000001332e+00
1.000000000000001332e+00,-2.196882456662644922e-01,-2.196882456662644922e-01,1.000000000000001332e+00
1.000000000000001110e+00,6.704802442047392841e-01,6.704802442047392841e-01,1.000000000000001110e+00
1.000000000000001110e+00,9.653094540755067232e-01,9.653094540755067232e-01,1.000000000000001110e+00
1.000000000000001110e+00,3.721078452696632843e-01,3.721078452696632843e-01,1.000000000000001110e+00
1.000000000000001776e+00,-6.333760412877869062e-01,-6.333760412877869062e-01,1.000000000000001776e+00
1.000000000000001776e+00,-9.801525343465167239e-01,-9.801525343465167239e-01,1.000000000000001776e+00
1.000000000000001776e+00,-3.477639939653199841e-01,-3.477639939653199841e-01,1.000000000000001776e+00
1.000000000000001998e+00,5.362282324583109716e-01,5.362282324583109716e-01,1.000000000000001998e+00
1.000000000000001998e+00,9.998065268375457837e-01,9.998065268375457837e-01,1.000000000000001998e+00
1.000000000000001998e+00,4.589068875815363047e-01,4.589068875815363047e-01,1.000000000000001998e+00
1.000000000000001554e+00,-5.868814994447606459e-01,-5.868814994447606459e-01,1.000000000000001554e+00
1.000000000000001332e+00,-9.928590404828445681e-01,-9.928590404828445681e-01,1.000000000000001332e+00
1.000000000000001110e+00,-5.697623127873403526e-01,-5.697623127873403526e-01,1.000000000000001110e+00
1.000000000000001110e+00,3.545703770601564830e-01,3.545703770601564830e-01,1.000000000000001110e+00
1.000000000000001554e+00,9.738291793311872890e-01,9.738291793311872890e-01,1.000000000000001554e+00
1.000000000000001776e+00,7.381868392006042390e-01,7.381868392006042390e-01,1.000000000000001776e+00
1.000000000000001776e+00,-9.106931083818115003e-02,-9.106931083818115003e-02,1.000000000000001776e+00
1.000000000000001776e+00,-9.167717350057298376e-01,-9.167717350057298376e-01,1.000000000000001776e+00
1.000000000000001998e+00,-8.053040330038594430e-01,-8.053040330038594430e-01,1.000000000000001998e+00
1.000000000000001776e+00,-2.813973944056469279e-03,-2.813973944056469279e-03,1.000000000000001776e+00
1.000000000000001776e+00,7.991633009033672908e-01,7.991633009033672908e-01,1.000000000000001776e+00
1.000000000000001554e+00,8.888482209988980420e-01,8.888482209988980420e-01,1.000000000000001554e+00
1.000000000000001554e+00,1.619763262932709669e-01,1.619763262932709669e-01,1.000000000000001554e+00
