1.000000000000000000e+00,1.000000000000000000e+00,1.000000000000000000e+00,1.000000000000000000e+00
1.000000000000000000e+00,6.317337784149250623e-01,6.317337784149250623e-01,1.000000000000000000e+00
9.999999999999996669e-01,1.561414945890285400e-02,1.561414945890285400e-02,9.999999999999996669e-01
9.999999999999998890e-01,4.563567089720214631e-01,4.563567089720214631e-01,9.999999999999998890e-01
1.000000000000000000e+00,9.992884042030514280e-01,9.992884042030514280e-01,1.000000000000000000e+00
1.000000000000000000e+00,6.483313053638202206e-01,6.483313053638202206e-01,1.000000000000000000e+00
1.000000000000000000e+00,1.221451499596670487e-01,1.221451499596670487e-01,1.000000000000000000e+00
1.000000000000000000e+00,7.466541832482137542e-02,7.466541832482137542e-02,1.000000000000000000e+00
9.999999999999997780e-01,7.526841665565121575e-01,7.526841665565121575e-01,9.999999999999997780e-01
1.000000000000000000e+00,8.862423461660512425e-01,8.862423461660512425e-01,1.000000000000000000e+00
9.999999999999996669e-01,1.567272276403402220e-01,1.567272276403402220e-01,9.999999999999996669e-01
9.999999999999995559e-01,7.372741823188613819e-02,7.372741823188613819e-02,9.999999999999995559e-01
9.999999999999993339e-01,5.724055838212651626e-01,5.724055838212651626e-01,9.999999999999993339e-01
1.000000000000000000e+00,9.909677151699202158e-01,9.909677151699202158e-01,1.000000000000000000e+00
1.000000000000000000e+00,6.267142994146563950e-01,6.267142994146563950e-01,1.000000000000000000e+00
1.000000000000000000e+00,2.992093026622066887e-03,2.992093026622066887e-03,1.000000000000000000e+00
1.000000000000000000e+00,4.946873868207166680e-01,4.946873868207166680e-01,1.000000000000000000e+00
1.000000000000000222e+00,9.924110468046100086e-01,9.924110468046100086e-01,1.000000000000000222e+00
1.000000000000000222e+00,7.674672802912841929e-01,7.674672802912841929e-01,1.000000000000000222e+00
1.000000000000000222e+00,2.001864933395148816e-01,2.001864933395148816e-01,1.000000000000000222e+00
1.000000000000000444e+00,6.952665042517591765e-02,6.952665042517591765e-02,1.000000000000000444e+00
1.000000000000000444e+00,8.076156470583257807e-01,8.076156470583257807e-01,1.000000000000000444e+00
1.000000000000000444e+00,8.531688681624829407e-01,8.531688681624829407e-01,1.000000000000000444e+00
1.000000000000000222e+00,1.908876020514067018e-01,1.908876020514067018e-01,1.000000000000000222e+00
1.000000000000000000e+00,2.192812534334126484e-02,2.192812534334126484e-02,1.000000000000000000e+00
1.000000000000000222e+00,4.559377860211537570e-01,4.559377860211537570e-01,1.000000000000000222e+00
1.000000000000000000e+00,9.854915256931930934e-01,9.854915256931930934e-01,1.000000000000000000e+00
9.999999999999998890e-01,5.678443181349308588e-01,5.678443181349308588e-01,9.999999999999998890e-01
9.999999999999997780e-01,1.197417620205087907e-05,1.197417620205087907e-05,9.999999999999997780e-01
1.000000000000000000e+00,4.653323908502989270e-01,4.653323908502989270e-01,1.000000000000000000e+00
1.000000000000000000e+00,9.581116224668541070e-01,9.581116224668541070e-01,1.000000000000000000e+00
1.000000000000000222e+00,8.634897734070399178e-01,8.634897734070399178e-01,1.000000000000000222e+00
1.000000000000000222e+00,2.342431488945904694e-01,2.342431488945904694e-01,1.000000000000000222e+00
1.000000000000000444e+00,9.800098343409514856e-02,9.800098343409514856e-02,1.000000000000000444e+00
1.000000000000000888e+00,8.561830738850040312e-01,8.561830738850040312e-01,1.000000000000000888e+00
1.000000000000000666e+00,8.627259701433176442e-01,8.627259701433176442e-01,1.000000000000000666e+00
1.000000000000000666e+00,2.835848036191225274e-01,2.835848036191225274e-01,1.000000000000000666e+00
1.000000000000000666e+00,3.267871769541685900e-04,3.267871769541685900e-04,1.000000000000000666e+00
1.000000000000000888e+00,3.997080124162798453e-01,3.997080124162798453e-01,1.000000000000000888e+00
1.000000000000000888e+00,9.936810085946734539e-01,9.936810085946734539e-01,1.000000000000000888e+00
1.000000000000000444e+00,4.982829641329027393e-01,4.982829641329027393e-01,1.000000000000000444e+00
1.000000000000000444e+00,2.554959958281366461e-05,2.554959958281366461e-05,1.000000000000000444e+00
1.000000000000000666e+00,3.687070418887113954e-01,3.687070418887113954e-01,1.000000000000000666e+00
1.000000000000000666e+00,8.886635945077452359e-01,8.886635945077452359e-01,1.000000000000000666e+00
1.000000000000000444e+00,9.088837161197464987e-01,9.088837161197464987e-01,1.000000000000000444e+00
1.000000000000000444e+00,2.100635907428789473e-01,2.100635907428789473e-01,1.000000000000000444e+00
1.000000000000000444e+00,1.449095579176606363e-01,1.449095579176606363e-01,1.000000000000000444e+00
1.000000000000000222e+00,8.673072338954461724e-01,8.673072338954461724e-01,1.000000000000000222e+00
1.000000000000000222e+00,9.159106839261251798e-01,9.159106839261251798e-01,1.000000000000000222e+00
1.000000000000000000e+00,4.118748245223794457e-01,4.118748245223794457e-01,1.000000000000000000e+00
1.000000000000000222e+00,4.581849157091422153e-03,4.581849157091422153e-03,1.000000000000000222e+00
1.000000000000000222e+00,4.150592538264646914e-01,4.150592538264646914e-01,1.000000000000000222e+00
1.000000000000000000e+00,9.999437279257428202e-01,9.999437279257428202e-01,1.000000000000000000e+00
1.000000000000000222e+00,4.687595053098824183e-01,4.687595053098824183e-01,1.000000000000000222e+00
9.999999999999998890e-01,4.380904361623416676e-03,4.380904361623416676e-03,9.999999999999998890e-01
9.999999999999997780e-01,2.456486622813833232e-01,2.456486622813833232e-01,9.999999999999997780e-01
9.999999999999996669e-01,8.195186377831968905e-01,8.195186377831968905e-01,9.999999999999996669e-01
9.999999999999998890e-01,9.082687938702955766e-01,9.082687938702955766e-01,9.999999999999998890e-01
9.999999999999998890e-01,1.563142453656704289e-01,1.563142453656704289e-01,9.999999999999998890e-01
9.999999999999997780e-01,1.753643962751649799e-01,1.753643962751649799e-01,9.999999999999997780e-01
1.000000000000000000e+00,8.268493639343268420e-01,8.268493639343268420e-01,1.000000000000000000e+00
1.000000000000000222e+00,9.734008886160736562e-01,9.734008886160736562e-01,1.000000000000000222e+00
1.000000000000000222e+00,5.211973677823373841e-01,5.211973677823373841e-01,1.000000000000000222e+00
9.999999999999998890e-01,6.705506841705011212e-03,6.705506841705011212e-03,9.999999999999998890e-01
1.000000000000000222e+00,4.795371328871554373e-01,4.795371328871554373e-01,1.000000000000000222e+00
1.000000000000000000e+00,9.980298563787601829e-01,9.980298563787601829e-01,1.000000000000000000e+00
1.000000000000000000e+00,5.095092580702051954e-01,5.095092580702051954e-01,1.000000000000000000e+00
1.000000000000000000e+00,3.594018283065522623e-02,3.594018283065522623e-02,1.000000000000000000e+00
9.999999999999998890e-01,1.511904622704992873e-01,1.511904622704992873e-01,9.999999999999998890e-01
1.000000000000000222e+00,7.959317844466011760e-01,7.959317844466011760e-01,1.000000000000000222e+00
1.000000000000000666e+00,8.721800869450919702e-01,8.721800869450919702e-01,1.000000000000000666e+00
1.000000000000000444e+00,1.151084275778310878e-01,1.151084275778310878e-01,1.000000000000000444e+00
1.000000000000000444e+00,1.567587230019159561e-01,1.567587230019159561e-01,1.000000000000000444e+00
1.000000000000000666e+00,7.306837301283602981e-01,7.306837301283602981e-01,1.000000000000000666e+00
1.000000000000000666e+00,9.986131948040986028e-01,9.986131948040986028e-01,1.000000000000000666e+00
1.000000000000000888e+00,5.666778556298877056e-01,5.666778556298877056e-01,1.000000000000000888e+00
1.000000000000000666e+00,1.096104301422512473e-03,1.096104301422512473e-03,1.000000000000000666e+00
1.000000000000000888e+00,5.460854381514959055e-01,5.460854381514959055e-01,1.000000000000000888e+00
1.000000000000000666e+00,9.987748715571640457e-01,9.987748715571640457e-01,1.000000000000000666e+00
1.000000000000000888e+00,6.149407193688537498e-01,6.149407193688537498e-01,1.000000000000000888e+00
1.000000000000001110e+00,1.004467102071277818e-01,1.004467102071277818e-01,1.000000000000001110e+00
1.000000000000001332e+00,1.101371138764777463e-01,1.101371138764777463e-01,1.000000000000001332e+00
1.000000000000001110e+00,8.256575774203069873e-01,8.256575774203069873e-01,1.000000000000001110e+00
1.000000000000000888e+00,8.214419115146869288e-01,8.214419115146869288e-01,1.000000000000000888e+00
1.000000000000001110e+00,1.114853008570892284e-01,1.114853008570892284e-01,1.000000000000001110e+00
1.000000000000001110e+00,9.442218185886069870e-02,9.442218185886069870e-02,1.000000000000001110e+00
1.000000000000001110e+00,6.043626957731043081e-01,6.043626957731043081e-01,1.000000000000001110e+00
1.000000000000001332e+00,9.985144128936550567e-01,9.985144128936550567e-01,1.000000000000001332e+00
1.000000000000001332e+00,5.413480420259875192e-01,5.413480420259875192e-01,1.000000000000001332e+00
1.000000000000001110e+00,1.538345877051872090e-03,1.538345877051872090e-03,1.000000000000001110e+00
1.000000000000001110e+00,5.659253761294935625e-01,5.659253761294935625e-01,1.000000000000001110e+00
1.000000000000001110e+00,9.978349101455975534e-01,9.978349101455975534e-01,1.000000000000001110e+00
1.000000000000001554e+00,7.406784037442152302e-01,7.406784037442152302e-01,1.000000000000001554e+00
1.000000000000001332e+00,1.603499922421653123e-01,1.603499922421653123e-01,1.000000000000001332e+00
1.000000000000001332e+00,1.175544065723903159e-01,1.175544065723903159e-01,1.000000000000001332e+00
1.000000000000001110e+00,8.764946000820301730e-01,8.764946000820301730e-01,1.000000000000001110e+00
1.000000000000000888e+00,7.954567797585730959e-01,7.954567797585730959e-01,1.000000000000000888e+00
1.000000000000000888e+00,1.571718535426564756e-01,1.571718535426564756e-01,1.000000000000000888e+00
1.000000000000000888e+00,3.173991873125955876e-02,3.173991873125955876e-02,1.000000000000000888e+00
1.000000000000000888e+00,5.032772396344060706e-01,5.032772396344060706e-01,1.000000000000000888e+00
1.000000000000000888e+00,9.982643566651511202e-01,9.982643566651511202e-01,1.000000000000000888e+00
