1.000000000000000000e+00,1.000000000000000000e+00,1.000000000000000000e+00,1.000000000000000000e+00
1.000000000000000000e+00,4.270328385633805346e-01,4.270328385633805346e-01,1.000000000000000000e+00
9.999999999999997780e-01,1.503692877381260229e-02,1.503692877381260229e-02,9.999999999999997780e-01
1.000000000000000222e+00,5.414339626921219617e-01,5.414339626921219617e-01,1.000000000000000222e+00
1.000000000000000222e+00,9.766765015600948896e-01,9.766765015600948896e-01,1.000000000000000222e+00
1.000000000000000222e+00,8.106880598620558320e-01,8.106880598620558320e-01,1.000000000000000222e+00
1.000000000000000000e+00,1.448209922870921096e-01,1.448209922870921096e-01,1.000000000000000000e+00
1.000000000000000444e+00,1.965245603120507056e-01,1.965245603120507056e-01,1.000000000000000444e+00
1.000000000000000444e+00,9.319218623166923843e-01,9.319218623166923843e-01,1.000000000000000444e+00
1.000000000000000666e+00,8.014065966864480917e-01,8.014065966864480917e-01,1.000000000000000666e+00
1.000000000000000888e+00,2.365078402583379313e-01,2.365078402583379313e-01,1.000000000000000888e+00
1.000000000000000888e+00,7.135779007003878460e-03,7.135779007003878460e-03,1.000000000000000888e+00
1.000000000000000888e+00,5.074880062408001491e-01,5.074880062408001491e-01,1.000000000000000888e+00
1.000000000000000888e+00,9.964163564843513399e-01,9.964163564843513399e-01,1.000000000000000888e+00
1.000000000000000444e+00,3.699295946635273724e-01,3.699295946635273724e-01,1.000000000000000444e+00
1.000000000000000666e+00,8.788455811789858130e-03,8.788455811789858130e-03,1.000000000000000666e+00
1.000000000000000888e+00,4.230701671946979769e-01,4.230701671946979769e-01,1.000000000000000888e+00
1.000000000000000888e+00,9.245772961163899462e-01,9.245772961163899462e-01,1.000000000000000888e+00
1.000000000000000888e+00,8.422103229137607450e-01,8.422103229137607450e-01,1.000000000000000888e+00
1.000000000000001110e+00,1.106016694469889733e-01,1.106016694469889733e-01,1.000000000000001110e+00
1.000000000000000888e+00,2.507839012548040425e-01,2.507839012548040425e-01,1.000000000000000888e+00
1.000000000000000888e+00,9.250372330326257497e-01,9.250372330326257497e-01,1.000000000000000888e+00
1.000000000000000888e+00,8.806884280583067159e-01,8.806884280583067159e-01,1.000000000000000888e+00
1.000000000000001332e+00,3.552272271522367575e-01,3.552272271522367575e-01,1.000000000000001332e+00
1.000000000000001332e+00,7.502548642050188565e-04,7.502548642050188565e-04,1.000000000000001332e+00
1.000000000000001332e+00,5.483425685925797932e-01,5.483425685925797932e-01,1.000000000000001332e+00
1.000000000000001110e+00,9.832606123774291218e-01,9.832606123774291218e-01,1.000000000000001110e+00
1.000000000000001110e+00,3.680865800544836364e-01,3.680865800544836364e-01,1.000000000000001110e+00
1.000000000000001332e+00,1.612192296571168804e-05,1.612192296571168804e-05,1.000000000000001332e+00
1.000000000000001554e+00,2.948807018303474248e-01,2.948807018303474248e-01,1.000000000000001554e+00
1.000000000000001554e+00,8.822164688665654619e-01,8.822164688665654619e-01,1.000000000000001554e+00
1.000000000000001554e+00,8.206396464069365404e-01,8.206396464069365404e-01,1.000000000000001554e+00
1.000000000000001110e+00,6.955246685159266473e-02,6.955246685159266473e-02,1.000000000000001110e+00
1.000000000000000888e+00,2.651443549731655192e-01,2.651443549731655192e-01,1.000000000000000888e+00
1.000000000000001110e+00,8.743191296250006905e-01,8.743191296250006905e-01,1.000000000000001110e+00
1.000000000000001110e+00,9.534538467840631970e-01,9.534538467840631970e-01,1.000000000000001110e+00
1.000000000000001110e+00,4.393761317757062246e-01,4.393761317757062246e-01,1.000000000000001110e+00
1.000000000000000888e+00,1.823847152737062549e-03,1.823847152737062549e-03,1.000000000000000888e+00
1.000000000000000888e+00,6.193039143927019374e-01,6.193039143927019374e-01,1.000000000000000888e+00
1.000000000000000444e+00,9.747567429637657987e-01,9.747567429637657987e-01,1.000000000000000444e+00
1.000000000000000444e+00,4.376529512880309447e-01,4.376529512880309447e-01,1.000000000000000444e+00
1.000000000000000444e+00,1.891018534620156344e-02,1.891018534620156344e-02,1.000000000000000444e+00
1.000000000000000444e+00,2.093267626629161104e-01,2.093267626629161104e-01,1.000000000000000444e+00
1.000000000000000666e+00,8.826998754153889681e-01,8.826998754153889681e-01,1.000000000000000666e+00
1.000000000000000444e+00,7.643322039736553108e-01,7.643322039736553108e-01,1.000000000000000444e+00
1.000000000000000444e+00,4.981300034890803752e-02,4.981300034890803752e-02,1.000000000000000444e+00
1.000000000000000888e+00,2.172853468540421329e-01,2.172853468540421329e-01,1.000000000000000888e+00
1.000000000000000888e+00,7.762834332213168764e-01,7.762834332213168764e-01,1.000000000000000888e+00
1.000000000000001110e+00,9.884997575809173487e-01,9.884997575809173487e-01,1.000000000000001110e+00
1.000000000000000666e+00,4.538585028904184027e-01,4.538585028904184027e-01,1.000000000000000666e+00
1.000000000000000444e+00,1.150771678279097210e-02,1.150771678279097210e-02,1.000000000000000444e+00
1.000000000000000444e+00,6.691609859511751246e-01,6.691609859511751246e-01,1.000000000000000444e+00
1.000000000000000888e+00,9.858778170933901741e-01,9.858778170933901741e-01,1.000000000000000888e+00
1.000000000000000888e+00,5.616813405096193756e-01,5.616813405096193756e-01,1.000000000000000888e+00
1.000000000000000888e+00,6.476724952718712625e-02,6.476724952718712625e-02,1.000000000000000888e+00
1.000000000000000888e+00,1.852438720747242029e-01,1.852438720747242029e-01,1.000000000000000888e+00
1.000000000000000888e+00,9.172248803828684238e-01,9.172248803828684238e-01,1.000000000000000888e+00
1.000000000000000666e+00,7.111939464571499503e-01,7.111939464571499503e-01,1.000000000000000666e+00
1.000000000000000666e+00,6.109333625211504915e-02,6.109333625211504915e-02,1.000000000000000666e+00
1.000000000000000888e+00,1.298565721164430808e-01,1.298565721164430808e-01,1.000000000000000888e+00
1.000000000000000888e+00,6.629787377683874494e-01,6.629787377683874494e-01,1.000000000000000888e+00
1.000000000000000888e+00,9.962295300593320135e-01,9.962295300593320135e-01,1.000000000000000888e+00
1.000000000000000888e+00,4.057068278519019855e-01,4.057068278519019855e-01,1.000000000000000888e+00
1.000000000000001110e+00,3.004311893891034591e-02,3.004311893891034591e-02,1.000000000000001110e+00
1.000000000000001110e+00,6.606015724967594371e-01,6.606015724967594371e-01,1.000000000000001110e+00
1.000000000000001110e+00,9.998341006981086299e-01,9.998341006981086299e-01,1.000000000000001110e+00
1.000000000000001332e+00,6.888769930181505297e-01,6.888769930181505297e-01,1.000000000000001332e+00
1.000000000000001554e+00,9.819066745368122684e-02,9.819066745368122684e-02,1.000000000000001554e+00
1.000000000000001332e+00,2.154241672096871285e-01,2.154241672096871285e-01,1.000000000000001332e+00
1.000000000000001554e+00,9.519011355848284728e-01,9.519011355848284728e-01,1.000000000000001554e+00
1.000000000000001776e+00,7.057163774246625332e-01,7.057163774246625332e-01,1.000000000000001776e+00
1.000000000000001776e+00,1.138921179582815524e-01,1.138921179582815524e-01,1.000000000000001776e+00
1.000000000000001776e+00,5.375592906809231741e-02,5.375592906809231741e-02,1.000000000000001776e+00
1.000000000000001776e+00,5.894264221967562278e-01,5.894264221967562278e-01,1.000000000000001776e+00
1.000000000000001776e+00,9.925112619631302202e-01,9.925112619631302202e-01,1.000000000000001776e+00
1.000000000000001998e+00,3.358832814934400446e-01,3.358832814934400446e-01,1.000000000000001998e+00
1.000000000000001776e+00,3.734243747636684096e-02,3.734243747636684096e-02,1.000000000000001776e+00
1.000000000000001554e+00,5.818649900918473339e-01,5.818649900918473339e-01,1.000000000000001554e+00
1.000000000000001776e+00,9.851347931407521408e-01,9.851347931407521408e-01,1.000000000000001776e+00
1.000000000000001776e+00,7.685181337366230325e-01,7.685181337366230325e-01,1.000000000000001776e+00
1.000000000000001776e+00,9.152567985380406779e-02,9.152567985380406779e-02,1.000000000000001776e+00
1.000000000000001776e+00,2.770057290010753404e-01,2.770057290010753404e-01,1.000000000000001776e+00
1.000000000000002220e+00,9.651372528544452933e-01,9.651372528544452933e-01,1.000000000000002220e+00
1.000000000000002220e+00,7.646723653033610235e-01,7.646723653033610235e-01,1.000000000000002220e+00
1.000000000000002665e+00,2.111092592430703907e-01,2.111092592430703907e-01,1.000000000000002665e+00
1.000000000000002442e+00,1.729168669150385473e-02,1.729168669150385473e-02,1.000000000000002442e+00
1.000000000000002220e+00,5.860391566866707258e-01,5.860391566866707258e-01,1.000000000000002220e+00
1.000000000000002442e+00,9.761331066888956354e-01,9.761331066888956354e-01,1.000000000000002442e+00
1.000000000000002220e+00,2.942442792725463163e-01,2.942442792725463163e-01,1.000000000000002220e+00
1.000000000000002220e+00,2.023830357612513287e-02,2.023830357612513287e-02,1.000000000000002220e+00
1.000000000000002220e+00,4.534434136406968463e-01,4.534434136406968463e-01,1.000000000000002220e+00
1.000000000000001554e+00,9.457719607819028429e-01,9.457719607819028429e-01,1.000000000000001554e+00
1.000000000000001554e+00,7.842666789382882753e-01,7.842666789382882753e-01,1.000000000000001554e+00
1.000000000000001554e+00,5.851405765971265382e-02,5.851405765971265382e-02,1.000000000000001554e+00
1.000000000000001554e+00,3.271309492774855388e-01,3.271309492774855388e-01,1.000000000000001554e+00
1.000000000000001776e+00,9.507062644217718628e-01,9.507062644217718628e-01,1.000000000000001776e+00
1.000000000000001776e+00,8.595331437740904024e-01,8.595331437740904024e-01,1.000000000000001776e+00
1.000000000000001776e+00,3.179028776313033156e-01,3.179028776313033156e-01,1.000000000000001776e+00
1.000000000000001998e+00,9.423860776175602139e-03,9.423860776175602139e-03,1.000000000000001998e+00
1.000000000000001776e+00,6.399863663941373071e-01,6.399863663941373071e-01,1.000000000000001776e+00
1.000000000000001554e+00,9.534182831316664331e-01,9.534182831316664331e-01,1.000000000000001554e+00
