1.000000000000000000e+00,1.000000000000000000e+00,1.000000000000000000e+00,1.000000000000000000e+00
1.000000000000000000e+00,4.187331346613758498e-01,4.187331346613758498e-01,1.000000000000000000e+00
1.000000000000000000e+00,1.673632316952583521e-02,1.673632316952583521e-02,1.000000000000000000e+00
9.999999999999997780e-01,5.884004524546969650e-01,5.884004524546969650e-01,9.999999999999997780e-01
9.999999999999995559e-01,9.973042028149814442e-01,9.973042028149814442e-01,9.999999999999995559e-01
9.999999999999995559e-01,7.429801136773188652e-01,7.429801136773188652e-01,9.999999999999995559e-01
9.999999999999995559e-01,1.868857496145103769e-01,1.868857496145103769e-01,9.999999999999995559e-01
9.999999999999995559e-01,4.708178184997149907e-02,4.708178184997149907e-02,9.999999999999995559e-01
9.999999999999995559e-01,6.957806616235341357e-01,6.957806616235341357e-01,9.999999999999995559e-01
9.999999999999995559e-01,9.323864757347508636e-01,9.323864757347508636e-01,9.999999999999995559e-01
9.999999999999995559e-01,1.840136408164006476e-01,1.840136408164006476e-01,9.999999999999995559e-01
9.999999999999994449e-01,1.289349179108053856e-01,1.289349179108053856e-01,9.999999999999994449e-01
9.999999999999994449e-01,7.779515082334871323e-01,7.779515082334871323e-01,9.999999999999994449e-01
9.999999999999993339e-01,9.833874270271864004e-01,9.833874270271864004e-01,9.999999999999993339e-01
9.999999999999995559e-01,5.775356782899762065e-01,5.775356782899762065e-01,9.999999999999995559e-01
9.999999999999996669e-01,6.336996296454755484e-02,6.336996296454755484e-02,9.999999999999996669e-01
9.999999999999993339e-01,1.826996368898143874e-01,1.826996368898143874e-01,9.999999999999993339e-01
9.999999999999995559e-01,8.934844647090307568e-01,8.934844647090307568e-01,9.999999999999995559e-01
9.999999999999992228e-01,7.463984358534406782e-01,7.463984358534406782e-01,9.999999999999992228e-01
9.999999999999992228e-01,3.497115627735214449e-02,3.497115627735214449e-02,9.999999999999992228e-01
9.999999999999991118e-01,3.145388155411433795e-01,3.145388155411433795e-01,9.999999999999991118e-01
9.999999999999988898e-01,9.161520946880824523e-01,9.161520946880824523e-01,9.999999999999988898e-01
9.999999999999990008e-01,9.090022509458031141e-01,9.090022509458031141e-01,9.999999999999990008e-01
9.999999999999991118e-01,3.997164515106677030e-01,3.997164515106677030e-01,9.999999999999991118e-01
9.999999999999988898e-01,2.857354339450529634e-03,2.857354339450529634e-03,9.999999999999988898e-01
9.999999999999991118e-01,3.897876147202777308e-01,3.897876147202777308e-01,9.999999999999991118e-01
9.999999999999993339e-01,9.944511707703338477e-01,9.944511707703338477e-01,9.999999999999993339e-01
9.999999999999994449e-01,4.934601495441455765e-01,4.934601495441455765e-01,9.999999999999994449e-01
9.999999999999993339e-01,3.624468699970767593e-03,3.624468699970767593e-03,9.999999999999993339e-01
9.999999999999994449e-01,5.282852025084858738e-01,5.282852025084858738e-01,9.999999999999994449e-01
9.999999999999993339e-01,9.890741196355177234e-01,9.890741196355177234e-01,9.999999999999993339e-01
9.999999999999995559e-01,7.853983044798011903e-01,7.853983044798011903e-01,9.999999999999995559e-01
9.999999999999997780e-01,2.304338955846862436e-01,2.304338955846862436e-01,9.999999999999997780e-01
9.999999999999995559e-01,2.439819788084199303e-02,2.439819788084199303e-02,9.999999999999995559e-01
9.999999999999993339e-01,6.290964314556113379e-01,6.290964314556113379e-01,9.999999999999993339e-01
9.999999999999997780e-01,9.652059216424476729e-01,9.652059216424476729e-01,9.999999999999997780e-01
9.999999999999998890e-01,2.445721293888606374e-01,2.445721293888606374e-01,9.999999999999998890e-01
9.999999999999995559e-01,8.752406412850352591e-02,8.752406412850352591e-02,9.999999999999995559e-01
9.999999999999995559e-01,7.280999707839383994e-01,7.280999707839383994e-01,9.999999999999995559e-01
9.999999999999995559e-01,9.939322090065303428e-01,9.939322090065303428e-01,9.999999999999995559e-01
9.999999999999994449e-01,6.269066398295563003e-01,6.269066398295563003e-01,9.999999999999994449e-01
9.999999999999995559e-01,9.323574194399347759e-02,9.323574194399347759e-02,9.999999999999995559e-01
9.999999999999993339e-01,1.354902948105011218e-01,1.354902948105011218e-01,9.999999999999993339e-01
9.999999999999995559e-01,8.446826484619109898e-01,8.446826484619109898e-01,9.999999999999995559e-01
9.999999999999997780e-01,8.091757091808939872e-01,8.091757091808939872e-01,9.999999999999997780e-01
9.999999999999996669e-01,6.629154307405596414e-02,6.629154307405596414e-02,9.999999999999996669e-01
9.999999999999995559e-01,2.566231229425647298e-01,2.566231229425647298e-01,9.999999999999995559e-01
9.999999999999996669e-01,8.829532925683734046e-01,8.829532925683734046e-01,9.999999999999996669e-01
9.999999999999997780e-01,9.358341926824690349e-01,9.358341926824690349e-01,9.999999999999997780e-01
1.000000000000000000e+00,4.506219562288142910e-01,4.506219562288142910e-01,1.000000000000000000e+00
1.000000000000000000e+00,1.245305637858787340e-02,1.245305637858787340e-02,1.000000000000000000e+00
1.000000000000000444e+00,3.252207805304867527e-01,3.252207805304867527e-01,1.000000000000000444e+00
1.000000000000000222e+00,9.780310557698721485e-01,9.780310557698721485e-01,1.000000000000000222e+00
1.000000000000000666e+00,5.685487103671953424e-01,5.685487103671953424e-01,1.000000000000000666e+00
1.000000000000000444e+00,9.857849426672671278e-05,9.857849426672671278e-05,1.000000000000000444e+00
1.000000000000000444e+00,4.669589386727314162e-01,4.669589386727314162e-01,1.000000000000000444e+00
1.000000000000000444e+00,9.752389413589539480e-01,9.752389413589539480e-01,1.000000000000000444e+00
1.000000000000000444e+00,8.249517025096774203e-01,8.249517025096774203e-01,1.000000000000000444e+00
1.000000000000000444e+00,2.765943912388015846e-01,2.765943912388015846e-01,1.000000000000000444e+00
1.000000000000000222e+00,9.142371470417465229e-03,9.142371470417465229e-03,1.000000000000000222e+00
1.000000000000000000e+00,5.604966424855728491e-01,5.604966424855728491e-01,1.000000000000000000e+00
1.000000000000000444e+00,9.874200040726223149e-01,9.874200040726223149e-01,1.000000000000000444e+00
1.000000000000000444e+00,3.110613987229852162e-01,3.110613987229852162e-01,1.000000000000000444e+00
1.000000000000000444e+00,5.315499754560390477e-02,5.315499754560390477e-02,1.000000000000000444e+00
1.000000000000000444e+00,6.744910519637152824e-01,6.744910519637152824e-01,1.000000000000000444e+00
1.000000000000000444e+00,9.993070804064760893e-01,9.993070804064760893e-01,1.000000000000000444e+00
1.000000000000000444e+00,6.748064243527442940e-01,6.748064243527442940e-01,1.000000000000000444e+00
1.000000000000000444e+00,1.277253632672707973e-01,1.277253632672707973e-01,1.000000000000000444e+00
1.000000000000000444e+00,9.484473328187270624e-02,9.484473328187270624e-02,1.000000000000000444e+00
1.000000000000000666e+00,7.890608193487590460e-01,7.890608193487590460e-01,1.000000000000000666e+00
1.000000000000000444e+00,8.648787962223094539e-01,8.648787962223094539e-01,1.000000000000000444e+00
1.000000000000000444e+00,1.069878078433208757e-01,1.069878078433208757e-01,1.000000000000000444e+00
1.000000000000000444e+00,2.020701450238827079e-01,2.020701450238827079e-01,1.000000000000000444e+00
1.000000000000000666e+00,8.445709506682492762e-01,8.445709506682492762e-01,1.000000000000000666e+00
1.000000000000000444e+00,9.583372540964534281e-01,9.583372540964534281e-01,1.000000000000000444e+00
1.000000000000000888e+00,5.016928873998338645e-01,5.016928873998338645e-01,1.000000000000000888e+00
1.000000000000000888e+00,2.843153656634278548e-02,2.843153656634278548e-02,1.000000000000000888e+00
1.000000000000001332e+00,2.644993753018382021e-01,2.644993753018382021e-01,1.000000000000001332e+00
1.000000000000001554e+00,9.512714597163067776e-01,9.512714597163067776e-01,1.000000000000001554e+00
1.000000000000001110e+00,6.422455172787199240e-01,6.422455172787199240e-01,1.000000000000001110e+00
1.000000000000001332e+00,6.505591881582256653e-03,6.505591881582256653e-03,1.000000000000001332e+00
1.000000000000001332e+00,4.053401954348458958e-01,4.053401954348458958e-01,1.000000000000001332e+00
1.000000000000001110e+00,9.557799998080309667e-01,9.557799998080309667e-01,1.000000000000001110e+00
1.000000000000001110e+00,8.612832580178849673e-01,8.612832580178849673e-01,1.000000000000001110e+00
1.000000000000001332e+00,3.247974359034438985e-01,3.247974359034438985e-01,1.000000000000001332e+00
1.000000000000001110e+00,1.258158265813935639e-03,1.258158265813935639e-03,1.000000000000001110e+00
1.000000000000000888e+00,4.914012621876015507e-01,4.914012621876015507e-01,1.000000000000000888e+00
1.000000000000000888e+00,9.986020995045664650e-01,9.986020995045664650e-01,1.000000000000000888e+00
1.000000000000001110e+00,3.820452574154326042e-01,3.820452574154326042e-01,1.000000000000001110e+00
1.000000000000001332e+00,2.672565275333990686e-02,2.672565275333990686e-02,1.000000000000001332e+00
1.000000000000001554e+00,6.177384286580858141e-01,6.177384286580858141e-01,1.000000000000001554e+00
1.000000000000001332e+00,9.993375657363277043e-01,9.993375657363277043e-01,1.000000000000001332e+00
1.000000000000001332e+00,7.208131698670351417e-01,7.208131698670351417e-01,1.000000000000001332e+00
1.000000000000001332e+00,1.662716004193832975e-01,1.662716004193832975e-01,1.000000000000001332e+00
1.000000000000001332e+00,6.119248273871430444e-02,6.119248273871430444e-02,1.000000000000001332e+00
1.000000000000001110e+00,7.279533269982585431e-01,7.279533269982585431e-01,1.000000000000001110e+00
1.000000000000000888e+00,9.122086848417088056e-01,9.122086848417088056e-01,1.000000000000000888e+00
1.000000000000000888e+00,1.563588495335322959e-01,1.563588495335322959e-01,1.000000000000000888e+00
1.000000000000000888e+00,1.519743148130295873e-01,1.519743148130295873e-01,1.000000000000000888e+00
1.000000000000000888e+00,8.013020671354422753e-01,8.013020671354422753e-01,1.000000000000000888e+00
1.000000000000001110e+00,9.762398453868027515e-01,9.762398453868027515e-01,1.000000000000001110e+00
