1.000000000000000000e+00,1.000000000000000000e+00,1.000000000000000000e+00,1.000000000000000000e+00
1.000000000000000000e+00,6.795328897454614436e-01,6.795328897454614436e-01,1.000000000000000000e+00
1.000000000000000222e+00,1.442146649781830270e-01,1.442146649781830270e-01,1.000000000000000222e+00
1.000000000000000444e+00,5.613478595288476369e-02,5.613478595288476369e-02,1.000000000000000444e+00
1.000000000000000888e+00,6.748918267930488213e-01,6.748918267930488213e-01,1.000000000000000888e+00
1.000000000000000666e+00,9.552636379613284046e-01,9.552636379613284046e-01,1.000000000000000666e+00
1.000000000000000444e+00,2.227081456407886129e-01,2.227081456407886129e-01,1.000000000000000444e+00
1.000000000000000444e+00,1.171385545517791837e-01,1.171385545517791837e-01,1.000000000000000444e+00
1.000000000000000444e+00,7.987510513784613631e-01,7.987510513784613631e-01,1.000000000000000444e+00
1.000000000000000444e+00,9.644394019348268010e-01,9.644394019348268010e-01,1.000000000000000444e+00
1.000000000000000444e+00,5.083149144385757934e-01,5.083149144385757934e-01,1.000000000000000444e+00
1.000000000000000444e+00,4.196764889251655695e-02,4.196764889251655695e-02,1.000000000000000444e+00
1.000000000000000222e+00,1.881384124359906374e-01,1.881384124359906374e-01,1.000000000000000222e+00
1.000000000000000222e+00,8.720428238061652682e-01,8.720428238061652682e-01,1.000000000000000222e+00
1.000000000000000444e+00,7.908405260477389120e-01,7.908405260477389120e-01,1.000000000000000444e+00
1.000000000000000444e+00,5.179253822652130079e-02,5.179253822652130079e-02,1.000000000000000444e+00
1.000000000000000444e+00,3.097337623078213475e-01,3.097337623078213475e-01,1.000000000000000444e+00
1.000000000000000444e+00,9.359921343383225123e-01,9.359921343383225123e-01,1.000000000000000444e+00
1.000000000000000444e+00,8.672642583104096525e-01,8.672642583104096525e-01,1.000000000000000444e+00
1.000000000000000666e+00,3.360831802292107984e-01,3.360831802292107984e-01,1.000000000000000666e+00
1.000000000000000444e+00,2.754034994684462223e-04,2.754034994684462223e-04,1.000000000000000444e+00
1.000000000000000444e+00,3.835469205715976715e-01,3.835469205715976715e-01,1.000000000000000444e+00
1.000000000000000444e+00,9.864287832775868736e-01,9.864287832775868736e-01,1.000000000000000444e+00
1.000000000000000888e+00,5.460032064235419424e-01,5.460032064235419424e-01,1.000000000000000888e+00
1.000000000000000888e+00,7.733118295625007743e-04,7.733118295625007743e-04,1.000000000000000888e+00
1.000000000000000888e+00,5.365222750014959630e-01,5.365222750014959630e-01,1.000000000000000888e+00
1.000000000000001332e+00,9.969105495662593519e-01,9.969105495662593519e-01,1.000000000000001332e+00
1.000000000000001110e+00,7.255744703980037125e-01,7.255744703980037125e-01,1.000000000000001110e+00
1.000000000000000888e+00,1.821367199145446647e-01,1.821367199145446647e-01,1.000000000000000888e+00
1.000000000000000888e+00,3.243862582503562186e-02,3.243862582503562186e-02,1.000000000000000888e+00
1.000000000000001110e+00,6.105642456913618066e-01,6.105642456913618066e-01,1.000000000000001110e+00
1.000000000000000666e+00,9.807940976609847983e-01,9.807940976609847983e-01,1.000000000000000666e+00
1.000000000000000888e+00,2.883272430394372976e-01,2.883272430394372976e-01,1.000000000000000888e+00
1.000000000000000888e+00,7.580924125650378986e-02,7.580924125650378986e-02,1.000000000000000888e+00
1.000000000000000666e+00,7.471984925475682049e-01,7.471984925475682049e-01,1.000000000000000666e+00
1.000000000000000666e+00,9.815525877683105582e-01,9.815525877683105582e-01,1.000000000000000666e+00
1.000000000000000666e+00,5.581794618934982077e-01,5.581794618934982077e-01,1.000000000000000666e+00
1.000000000000000444e+00,6.572292645609281725e-02,6.572292645609281725e-02,1.000000000000000444e+00
1.000000000000000666e+00,1.430163638078637001e-01,1.430163638078637001e-01,1.000000000000000666e+00
1.000000000000000888e+00,8.220074947484031780e-01,8.220074947484031780e-01,1.000000000000000888e+00
1.000000000000000888e+00,8.484704683684282100e-01,8.484704683684282100e-01,1.000000000000000888e+00
1.000000000000000888e+00,8.962785897079193764e-02,8.962785897079193764e-02,1.000000000000000888e+00
1.000000000000000444e+00,2.488610272147730451e-01,2.488610272147730451e-01,1.000000000000000444e+00
1.000000000000000666e+00,9.042265836383374111e-01,9.042265836383374111e-01,1.000000000000000666e+00
1.000000000000000222e+00,9.003688096961190990e-01,9.003688096961190990e-01,1.000000000000000222e+00
1.000000000000000444e+00,3.842721969342637878e-01,3.842721969342637878e-01,1.000000000000000444e+00
1.000000000000000444e+00,5.111973019577609190e-03,5.111973019577609190e-03,1.000000000000000444e+00
1.000000000000000444e+00,3.227652754389659373e-01,3.227652754389659373e-01,1.000000000000000444e+00
1.000000000000000444e+00,9.648221713341268435e-01,9.648221713341268435e-01,1.000000000000000444e+00
1.000000000000000666e+00,6.205182875292429845e-01,6.205182875292429845e-01,1.000000000000000666e+00
1.000000000000000666e+00,2.038510598100062854e-03,2.038510598100062854e-03,1.000000000000000666e+00
1.000000000000000888e+00,4.713349663788471977e-01,4.713349663788471977e-01,1.000000000000000888e+00
1.000000000000001110e+00,9.875296701605338345e-01,9.875296701605338345e-01,1.000000000000001110e+00
1.000000000000001332e+00,7.695161343880625449e-01,7.695161343880625449e-01,1.000000000000001332e+00
1.000000000000001332e+00,2.231275418545219380e-01,2.231275418545219380e-01,1.000000000000001332e+00
1.000000000000001332e+00,1.523091758809774765e-02,1.523091758809774765e-02,1.000000000000001332e+00
1.000000000000001554e+00,5.450075811894938838e-01,5.450075811894938838e-01,1.000000000000001554e+00
1.000000000000001554e+00,9.957345603577814064e-01,9.957345603577814064e-01,1.000000000000001554e+00
1.000000000000001776e+00,3.588913763171120430e-01,3.588913763171120430e-01,1.000000000000001776e+00
1.000000000000001998e+00,4.261230925092690525e-02,4.261230925092690525e-02,1.000000000000001998e+00
1.000000000000002220e+00,6.911523899572161733e-01,6.911523899572161733e-01,1.000000000000002220e+00
1.000000000000001998e+00,9.932578301275400978e-01,9.932578301275400978e-01,1.000000000000001998e+00
1.000000000000001776e+00,6.075120967256089077e-01,6.075120967256089077e-01,1.000000000000001776e+00
1.000000000000001776e+00,9.405297442831245247e-02,9.405297442831245247e-02,1.000000000000001776e+00
1.000000000000001554e+00,1.036534174699929312e-01,1.036534174699929312e-01,1.000000000000001554e+00
1.000000000000001332e+00,7.663101196098086598e-01,7.663101196098086598e-01,1.000000000000001332e+00
1.000000000000001110e+00,8.980895094864189687e-01,8.980895094864189687e-01,1.000000000000001110e+00
1.000000000000001110e+00,1.367651286633191354e-01,1.367651286633191354e-01,1.000000000000001110e+00
1.000000000000000888e+00,1.920411561657320854e-01,1.920411561657320854e-01,1.000000000000000888e+00
1.000000000000000666e+00,8.663387590781727043e-01,8.663387590781727043e-01,1.000000000000000666e+00
1.000000000000000666e+00,9.294054106846993957e-01,9.294054106846993957e-01,1.000000000000000666e+00
1.000000000000000888e+00,4.335023767159239538e-01,4.335023767159239538e-01,1.000000000000000888e+00
1.000000000000000888e+00,1.576735679828208947e-02,1.576735679828208947e-02,1.000000000000000888e+00
1.000000000000001110e+00,2.655629761957202239e-01,2.655629761957202239e-01,1.000000000000001110e+00
1.000000000000001332e+00,9.339089659438398749e-01,9.339089659438398749e-01,1.000000000000001332e+00
1.000000000000001332e+00,6.922099339376623917e-01,6.922099339376623917e-01,1.000000000000001332e+00
1.000000000000001776e+00,1.400409066910238143e-02,1.400409066910238143e-02,1.000000000000001776e+00
1.000000000000001776e+00,4.058615360485408052e-01,4.058615360485408052e-01,1.000000000000001776e+00
1.000000000000001776e+00,9.717418783878710720e-01,9.717418783878710720e-01,1.000000000000001776e+00
1.000000000000001776e+00,8.109119321212904241e-01,8.109119321212904241e-01,1.000000000000001776e+00
1.000000000000001776e+00,2.667389158234804714e-01,2.667389158234804714e-01,1.000000000000001776e+00
1.000000000000001554e+00,4.493182323010741497e-03,4.493182323010741497e-03,1.000000000000001554e+00
1.000000000000001776e+00,4.794385990118996688e-01,4.794385990118996688e-01,1.000000000000001776e+00
1.000000000000001554e+00,9.999381300942377093e-01,9.999381300942377093e-01,1.000000000000001554e+00
1.000000000000001554e+00,4.327684631153292383e-01,4.327684631153292383e-01,1.000000000000001554e+00
1.000000000000001554e+00,1.846336489963673611e-02,1.846336489963673611e-02,1.000000000000001554e+00
1.000000000000001332e+00,6.313522452437068111e-01,6.313522452437068111e-01,1.000000000000001332e+00
1.000000000000001332e+00,9.992406858083130450e-01,9.992406858083130450e-01,1.000000000000001332e+00
1.000000000000001332e+00,6.558644191659492861e-01,6.558644191659492861e-01,1.000000000000001332e+00
1.000000000000001554e+00,1.265432157214909648e-01,1.265432157214909648e-01,1.000000000000001554e+00
1.000000000000001332e+00,7.039657458800441248e-02,7.039657458800441248e-02,1.000000000000001332e+00
1.000000000000001332e+00,7.062011201550669748e-01,7.062011201550669748e-01,1.000000000000001332e+00
1.000000000000001332e+00,9.386460519994931362e-01,9.386460519994931362e-01,1.000000000000001332e+00
1.000000000000001554e+00,1.922256544637436781e-01,1.922256544637436781e-01,1.000000000000001554e+00
1.000000000000001776e+00,1.405274125968340448e-01,1.405274125968340448e-01,1.000000000000001776e+00
1.000000000000001776e+00,8.226446698707718941e-01,8.226446698707718941e-01,1.000000000000001776e+00
1.000000000000001776e+00,9.539632788453983325e-01,9.539632788453983325e-01,1.000000000000001776e+00
1.000000000000001776e+00,4.833233693699031108e-01,4.833233693699031108e-01,1.000000000000001776e+00
1.000000000000001554e+00,3.192968466141718475e-02,3.192968466141718475e-02,1.000000000000001554e+00
1.000000000000001776e+00,2.127177904839431810e-01,2.127177904839431810e-01,1.000000000000001776e+00
1.000000000000001332e+00,8.945628311090885187e-01,8.945628311090885187e-01,1.000000000000001332e+00
