1.000000000000000000e+00,1.000000000000000000e+00,1.000000000000000000e+00,1.000000000000000000e+00
1.000000000000000222e+00,6.833435938163806567e-01,6.833435938163806567e-01,1.000000000000000222e+00
1.000000000000000222e+00,-9.413646596426938906e-02,-9.413646596426938906e-02,1.000000000000000222e+00
1.000000000000000444e+00,-8.658793881376459778e-01,-8.658793881376459778e-01,1.000000000000000444e+00
1.000000000000000888e+00,-8.189695668287629848e-01,-8.189695668287629848e-01,1.000000000000000888e+00
9.999999999999998890e-01,2.352438198314367457e-01,2.352438198314367457e-01,9.999999999999998890e-01
1.000000000000000000e+00,9.923414536577127576e-01,9.923414536577127576e-01,1.000000000000000000e+00
1.000000000000000222e+00,5.402344646626275892e-01,5.402344646626275892e-01,1.000000000000000222e+00
1.000000000000000000e+00,-3.984148197111754275e-01,-3.984148197111754275e-01,1.000000000000000000e+00
1.000000000000000000e+00,-9.522094466892496722e-01,-9.522094466892496722e-01,1.000000000000000000e+00
9.999999999999998890e-01,-8.631762140441665565e-01,-8.631762140441665565e-01,9.999999999999998890e-01
1.000000000000000000e+00,-1.699325111356928542e-01,-1.699325111356928542e-01,1.000000000000000000e+00
9.999999999999997780e-01,7.413667378272779107e-01,7.413667378272779107e-01,9.999999999999997780e-01
9.999999999999997780e-01,9.182644701058219061e-01,9.182644701058219061e-01,9.999999999999997780e-01
1.000000000000000000e+00,-5.273854716763271000e-02,-5.273854716763271000e-02,1.000000000000000000e+00
1.000000000000000222e+00,-9.412581880558035241e-01,-9.412581880558035241e-01,1.000000000000000222e+00
1.000000000000000222e+00,-7.143266697258894293e-01,-7.143266697258894293e-01,1.000000000000000222e+00
1.000000000000000000e+00,1.386712046341065374e-01,1.386712046341065374e-01,1.000000000000000000e+00
1.000000000000000222e+00,8.270118497213311270e-01,8.270118497213311270e-01,1.000000000000000222e+00
1.000000000000000000e+00,9.742958054742780760e-01,9.742958054742780760e-01,1.000000000000000000e+00
1.000000000000000000e+00,4.209550885342848714e-01,4.209550885342848714e-01,1.000000000000000000e+00
1.000000000000000000e+00,-5.746456581331280677e-01,-5.746456581331280677e-01,1.000000000000000000e+00
1.000000000000000222e+00,-9.640588410455446233e-01,-9.640588410455446233e-01,1.000000000000000222e+00
1.000000000000000000e+00,-1.146445726772495899e-01,-1.146445726772495899e-01,1.000000000000000000e+00
1.000000000000000222e+00,8.677162965569417130e-01,8.677162965569417130e-01,1.000000000000000222e+00
1.000000000000000000e+00,8.688499172829582395e-01,8.688499172829582395e-01,1.000000000000000000e+00
1.000000000000000000e+00,1.517647177032264150e-01,1.517647177032264150e-01,1.000000000000000000e+00
1.000000000000000000e+00,-6.182446855137732067e-01,-6.182446855137732067e-01,1.000000000000000000e+00
9.999999999999994449e-01,-9.936403916899695377e-01,-9.936403916899695377e-01,9.999999999999994449e-01
9.999999999999997780e-01,-6.205714610041654922e-01,-6.205714610041654922e-01,9.999999999999997780e-01
9.999999999999995559e-01,4.084324639209643282e-01,4.084324639209643282e-01,9.999999999999995559e-01
9.999999999999998890e-01,9.985661195318312755e-01,9.985661195318312755e-01,9.999999999999998890e-01
1.000000000000000444e+00,3.022337275265073453e-01,3.022337275265073453e-01,1.000000000000000444e+00
1.000000000000000444e+00,-7.333303418401204699e-01,-7.333303418401204699e-01,1.000000000000000444e+00
1.000000000000000444e+00,-9.613169432542088000e-01,-9.613169432542088000e-01,1.000000000000000444e+00
1.000000000000000666e+00,-4.281036411493537863e-01,-4.281036411493537863e-01,1.000000000000000666e+00
1.000000000000000666e+00,3.644555484542310042e-01,3.644555484542310042e-01,1.000000000000000666e+00
1.000000000000000666e+00,9.455065458696617631e-01,9.455065458696617631e-01,1.000000000000000666e+00
1.000000000000000444e+00,7.888751269873055527e-01,7.888751269873055527e-01,1.000000000000000444e+00
1.000000000000000444e+00,-2.187061741174464169e-01,-2.187061741174464169e-01,1.000000000000000444e+00
1.000000000000000222e+00,-9.823073826032974187e-01,-9.823073826032974187e-01,1.000000000000000222e+00
1.000000000000000000e+00,-4.675354210471386884e-01,-4.675354210471386884e-01,1.000000000000000000e+00
1.000000000000000000e+00,5.672769464783341542e-01,5.672769464783341542e-01,1.000000000000000000e+00
1.000000000000000444e+00,9.998564983563285047e-01,9.998564983563285047e-01,1.000000000000000444e+00
1.000000000000000666e+00,6.791536646631148866e-01,6.791536646631148866e-01,1.000000000000000666e+00
1.000000000000000888e+00,-7.386766195469129936e-02,-7.386766195469129936e-02,1.000000000000000888e+00
1.000000000000001110e+00,-8.228432698239263043e-01,-8.228432698239263043e-01,1.000000000000001110e+00
1.000000000000001332e+00,-8.950125696197364089e-01,-8.950125696197364089e-01,1.000000000000001332e+00
1.000000000000001776e+00,4.844662318547043878e-02,4.844662318547043878e-02,1.000000000000001776e+00
1.000000000000001554e+00,9.544312146268497665e-01,9.544312146268497665e-01,1.000000000000001554e+00
1.000000000000001554e+00,6.423507772094990687e-01,6.423507772094990687e-01,1.000000000000001554e+00
1.000000000000001776e+00,-3.451569562972263139e-01,-3.451569562972263139e-01,1.000000000000001776e+00
1.000000000000001998e+00,-9.504281937781711154e-01,-9.504281937781711154e-01,1.000000000000001998e+00
1.000000000000001998e+00,-8.619345008237688788e-01,-8.619345008237688788e-01,1.000000000000001998e+00
1.000000000000001776e+00,-2.069070708017434757e-01,-2.069070708017434757e-01,1.000000000000001776e+00
1.000000000000001554e+00,6.666322759246029461e-01,6.666322759246029461e-01,1.000000000000001554e+00
1.000000000000001110e+00,9.712799040142131579e-01,9.712799040142131579e-01,1.000000000000001110e+00
1.000000000000000888e+00,1.382443367214389873e-01,1.382443367214389873e-01,1.000000000000000888e+00
1.000000000000000666e+00,-8.755729124198219360e-01,-8.755729124198219360e-01,1.000000000000000666e+00
1.000000000000000222e+00,-7.823535899935376570e-01,-7.823535899935376570e-01,1.000000000000000222e+00
9.999999999999997780e-01,1.015239137495352606e-01,1.015239137495352606e-01,9.999999999999997780e-01
9.999999999999997780e-01,8.285979290295172328e-01,8.285979290295172328e-01,9.999999999999997780e-01
9.999999999999998890e-01,9.753881483666496655e-01,9.753881483666496655e-01,9.999999999999998890e-01
9.999999999999995559e-01,4.711058249065409598e-01,4.711058249065409598e-01,9.999999999999995559e-01
9.999999999999994449e-01,-4.681727149102322683e-01,-4.681727149102322683e-01,9.999999999999994449e-01
9.999999999999993339e-01,-9.894025917534463588e-01,-9.894025917534463588e-01,9.999999999999993339e-01
9.999999999999993339e-01,-2.985315173865417115e-01,-2.985315173865417115e-01,9.999999999999993339e-01
9.999999999999995559e-01,7.828240525777633296e-01,7.828240525777633296e-01,9.999999999999995559e-01
9.999999999999997780e-01,9.072685185486812909e-01,9.072685185486812909e-01,9.999999999999997780e-01
1.000000000000000000e+00,1.730397821988405305e-01,1.730397821988405305e-01,1.000000000000000000e+00
1.000000000000000222e+00,-6.230787582461541074e-01,-6.230787582461541074e-01,1.000000000000000222e+00
1.000000000000000000e+00,-9.926599133524313112e-01,-9.926599133524313112e-01,1.000000000000000000e+00
9.999999999999997780e-01,-6.800765704833664493e-01,-6.800765704833664493e-01,9.999999999999997780e-01
9.999999999999995559e-01,2.716290860971499743e-01,2.716290860971499743e-01,9.999999999999995559e-01
9.999999999999995559e-01,9.902233289356142665e-01,9.902233289356142665e-01,9.999999999999995559e-01
9.999999999999993339e-01,4.698423200482609863e-01,4.698423200482609863e-01,9.999999999999993339e-01
9.999999999999997780e-01,-6.366381664554474629e-01,-6.366381664554474629e-01,9.999999999999997780e-01
9.999999999999993339e-01,-9.749916229265616074e-01,-9.749916229265616074e-01,9.999999999999993339e-01
9.999999999999991118e-01,-4.346355707800923507e-01,-4.346355707800923507e-01,9.999999999999991118e-01
9.999999999999991118e-01,3.680148634843471434e-01,3.680148634843471434e-01,9.999999999999991118e-01
9.999999999999992228e-01,9.345835857450606188e-01,9.345835857450606188e-01,9.999999999999992228e-01
9.999999999999996669e-01,8.458918770377852336e-01,8.458918770377852336e-01,9.999999999999996669e-01
9.999999999999995559e-01,-5.926176274493288876e-02,-5.926176274493288876e-02,9.999999999999995559e-01
1.000000000000000000e+00,-9.395853009496804020e-01,-9.395853009496804020e-01,1.000000000000000000e+00
9.999999999999997780e-01,-6.102849517877757535e-01,-6.102849517877757535e-01,9.999999999999997780e-01
1.000000000000000000e+00,4.724925560341551867e-01,4.724925560341551867e-01,1.000000000000000000e+00
1.000000000000000222e+00,9.981882919615336913e-01,9.981882919615336913e-01,1.000000000000000222e+00
1.000000000000000000e+00,6.782692742965203969e-01,6.782692742965203969e-01,1.000000000000000000e+00
1.000000000000000000e+00,-7.145354470560366655e-02,-7.145354470560366655e-02,1.000000000000000000e+00
1.000000000000000444e+00,-7.947230375859152263e-01,-7.947230375859152263e-01,1.000000000000000444e+00
1.000000000000000222e+00,-9.404583264350203642e-01,-9.404583264350203642e-01,1.000000000000000222e+00
1.000000000000000444e+00,-1.279878060663556805e-01,-1.279878060663556805e-01,1.000000000000000444e+00
1.000000000000000666e+00,8.809018566299409159e-01,8.809018566299409159e-01,1.000000000000000666e+00
1.000000000000000666e+00,7.540672107465152818e-01,7.540672107465152818e-01,1.000000000000000666e+00
1.000000000000001110e+00,-2.593813516293063670e-01,-2.593813516293063670e-01,1.000000000000001110e+00
1.000000000000000888e+00,-9.413890549814022402e-01,-9.413890549814022402e-01,1.000000000000000888e+00
1.000000000000000888e+00,-8.596575715697503117e-01,-8.596575715697503117e-01,1.000000000000000888e+00
1.000000000000000666e+00,-2.193563777132036541e-01,-2.193563777132036541e-01,1.000000000000000666e+00
1.000000000000001110e+00,6.114250687962876629e-01,6.114250687962876629e-01,1.000000000000001110e+00
1.000000000000000888e+00,9.949767407299255906e-01,9.949767407299255906e-01,1.000000000000000888e+00
1.000000000000000888e+00,3.189371583977878011e-01,3.189371583977878011e-01,1.000000000000000888e+00
