1.000000000000000000e+00,1.000000000000000000e+00,1.000000000000000000e+00,1.000000000000000000e+00
1.000000000000000000e+00,5.431708871721979692e-01,5.431708871721979692e-01,1.000000000000000000e+00
9.999999999999997780e-01,-4.720780019472659572e-01,-4.720780019472659572e-01,9.999999999999997780e-01
9.999999999999997780e-01,-9.882188460142247166e-01,-9.882188460142247166e-01,9.999999999999997780e-01
9.999999999999997780e-01,-5.355116390350806999e-01,-5.355116390350806999e-01,9.999999999999997780e-01
1.000000000000000000e+00,3.736138381352612781e-01,3.736138381352612781e-01,1.000000000000000000e+00
1.000000000000000000e+00,9.912291389574848788e-01,9.912291389574848788e-01,1.000000000000000000e+00
1.000000000000000000e+00,5.874916623903484458e-01,5.874916623903484458e-01,1.000000000000000000e+00
1.000000000000000222e+00,-3.243020483530988929e-01,-3.243020483530988929e-01,1.000000000000000222e+00
1.000000000000000222e+00,-9.392982333785692139e-01,-9.392982333785692139e-01,1.000000000000000222e+00
1.000000000000000222e+00,-8.060417164825913749e-01,-8.060417164825913749e-01,1.000000000000000222e+00
1.000000000000000666e+00,1.706433645506402752e-02,1.706433645506402752e-02,1.000000000000000666e+00
1.000000000000000888e+00,8.477137604280220451e-01,8.477137604280220451e-01,1.000000000000000888e+00
1.000000000000000666e+00,8.977476885088682135e-01,8.977476885088682135e-01,1.000000000000000666e+00
1.000000000000001110e+00,4.066820649158087164e-03,4.066820649158087164e-03,1.000000000000001110e+00
1.000000000000001332e+00,-8.898037871461144110e-01,-8.898037871461144110e-01,1.000000000000001332e+00
1.000000000000001332e+00,-8.121917416352822938e-01,-8.121917416352822938e-01,1.000000000000001332e+00
1.000000000000001110e+00,2.363362494972978678e-02,2.363362494972978678e-02,1.000000000000001110e+00
1.000000000000001554e+00,8.167488983945873082e-01,8.167488983945873082e-01,1.000000000000001554e+00
1.000000000000001332e+00,9.381778288994674364e-01,9.381778288994674364e-01,1.000000000000001332e+00
1.000000000000001332e+00,2.799002558800590679e-01,2.799002558800590679e-01,1.000000000000001332e+00
1.000000000000001554e+00,-6.561747421879086106e-01,-6.561747421879086106e-01,1.000000000000001554e+00
1.000000000000001998e+00,-9.927101531161626191e-01,-9.927101531161626191e-01,1.000000000000001998e+00
1.000000000000001998e+00,-3.601773234115292488e-01,-3.601773234115292488e-01,1.000000000000001998e+00
1.000000000000002220e+00,5.643642442831332540e-01,5.643642442831332540e-01,1.000000000000002220e+00
1.000000000000002442e+00,9.955462224962244866e-01,9.955462224962244866e-01,1.000000000000002442e+00
1.000000000000002887e+00,3.852493527203771917e-01,3.852493527203771917e-01,1.000000000000002887e+00
1.000000000000002665e+00,-5.217882336063610627e-01,-5.217882336063610627e-01,1.000000000000002665e+00
1.000000000000002442e+00,-9.774628083391436739e-01,-9.774628083391436739e-01,1.000000000000002442e+00
1.000000000000002442e+00,-5.225232933828312110e-01,-5.225232933828312110e-01,1.000000000000002442e+00
1.000000000000002887e+00,3.663805744123714847e-01,3.663805744123714847e-01,1.000000000000002887e+00
1.000000000000002442e+00,9.928662280587345901e-01,9.928662280587345901e-01,1.000000000000002442e+00
1.000000000000002887e+00,6.728490040248132908e-01,6.728490040248132908e-01,1.000000000000002887e+00
1.000000000000003109e+00,-3.246767797759487206e-01,-3.246767797759487206e-01,1.000000000000003109e+00
1.000000000000003331e+00,-9.519491323955373563e-01,-9.519491323955373563e-01,1.000000000000003331e+00
1.000000000000003109e+00,-7.464708927879849520e-01,-7.464708927879849520e-01,1.000000000000003109e+00
1.000000000000003109e+00,7.828255165318315223e-02,7.828255165318315223e-02,1.000000000000003109e+00
1.000000000000003109e+00,9.240926663322883705e-01,9.240926663322883705e-01,1.000000000000003109e+00
1.000000000000002665e+00,7.718585773750792356e-01,7.718585773750792356e-01,1.000000000000002665e+00
1.000000000000002887e+00,-1.657503062718531650e-01,-1.657503062718531650e-01,1.000000000000002887e+00
1.000000000000003109e+00,-9.250038052301781111e-01,-9.250038052301781111e-01,1.000000000000003109e+00
1.000000000000003775e+00,-7.123840671121772772e-01,-7.123840671121772772e-01,1.000000000000003775e+00
1.000000000000003775e+00,1.704820010784743045e-01,1.704820010784743045e-01,1.000000000000003775e+00
1.000000000000003775e+00,9.387298615409102043e-01,9.387298615409102043e-01,1.000000000000003775e+00
1.000000000000003997e+00,7.984245078576336363e-01,7.984245078576336363e-01,1.000000000000003997e+00
1.000000000000003775e+00,7.970506176963987333e-03,7.970506176963987333e-03,1.000000000000003775e+00
1.000000000000003553e+00,-7.919866676076896539e-01,-7.919866676076896539e-01,1.000000000000003553e+00
1.000000000000003109e+00,-9.483469699460075342e-01,-9.483469699460075342e-01,1.000000000000003109e+00
1.000000000000003109e+00,-2.788258534432734859e-01,-2.788258534432734859e-01,1.000000000000003109e+00
1.000000000000002887e+00,6.227291668032005623e-01,6.227291668032005623e-01,1.000000000000002887e+00
1.000000000000002887e+00,9.974774197465713366e-01,9.974774197465713366e-01,1.000000000000002887e+00
1.000000000000002665e+00,4.440522792989107792e-01,4.440522792989107792e-01,1.000000000000002665e+00
1.000000000000002665e+00,-4.595265152206376436e-01,-4.595265152206376436e-01,1.000000000000002665e+00
1.000000000000003109e+00,-9.797378814916997136e-01,-9.797378814916997136e-01,1.000000000000003109e+00
1.000000000000003331e+00,-6.487344017218588110e-01,-6.487344017218588110e-01,1.000000000000003331e+00
1.000000000000003775e+00,2.920781333444607553e-01,2.920781333444607553e-01,1.000000000000003775e+00
1.000000000000003775e+00,9.411514932689057922e-01,9.411514932689057922e-01,1.000000000000003775e+00
1.000000000000003775e+00,7.823808022107163751e-01,7.823808022107163751e-01,1.000000000000003775e+00
1.000000000000003997e+00,-3.669653888359908356e-02,-3.669653888359908356e-02,1.000000000000003997e+00
1.000000000000003553e+00,-8.438320316864026394e-01,-8.438320316864026394e-01,1.000000000000003553e+00
1.000000000000003775e+00,-9.097114019776255667e-01,-9.097114019776255667e-01,1.000000000000003775e+00
1.000000000000003775e+00,-8.907103443762315331e-02,-8.907103443762315331e-02,1.000000000000003775e+00
1.000000000000004219e+00,8.226671317246345705e-01,8.226671317246345705e-01,1.000000000000004219e+00
1.000000000000003775e+00,9.482649159439697772e-01,9.482649159439697772e-01,1.000000000000003775e+00
1.000000000000003331e+00,1.441295094463390103e-01,1.441295094463390103e-01,1.000000000000003331e+00
1.000000000000003109e+00,-7.871495410066519094e-01,-7.871495410066519094e-01,1.000000000000003109e+00
1.000000000000003553e+00,-9.447520807530805920e-01,-9.447520807530805920e-01,1.000000000000003553e+00
1.000000000000003553e+00,-2.912429800148818027e-01,-2.912429800148818027e-01,1.000000000000003553e+00
1.000000000000003331e+00,6.344895004616337708e-01,6.344895004616337708e-01,1.000000000000003331e+00
1.000000000000003109e+00,9.868393472850246484e-01,9.868393472850246484e-01,1.000000000000003109e+00
1.000000000000002887e+00,4.543570293454807230e-01,4.543570293454807230e-01,1.000000000000002887e+00
1.000000000000003331e+00,-4.564897105508382569e-01,-4.564897105508382569e-01,1.000000000000003331e+00
1.000000000000003109e+00,-9.776582877068014099e-01,-9.776582877068014099e-01,1.000000000000003109e+00
1.000000000000002887e+00,-6.879744183642655386e-01,-6.879744183642655386e-01,1.000000000000002887e+00
1.000000000000002665e+00,3.110211354325663202e-01,3.110211354325663202e-01,1.000000000000002665e+00
1.000000000000002887e+00,9.797762748680829414e-01,9.797762748680829414e-01,1.000000000000002887e+00
1.000000000000002442e+00,7.055907925141872150e-01,7.055907925141872150e-01,1.000000000000002442e+00
1.000000000000002665e+00,-2.748327468840520704e-01,-2.748327468840520704e-01,1.000000000000002665e+00
1.000000000000002665e+00,-9.606574870496257246e-01,-9.606574870496257246e-01,1.000000000000002665e+00
1.000000000000002887e+00,-6.898116666564355626e-01,-6.898116666564355626e-01,1.000000000000002887e+00
1.000000000000002442e+00,3.204098379675284214e-01,3.204098379675284214e-01,1.000000000000002442e+00
1.000000000000002887e+00,9.688935312576389958e-01,9.688935312576389958e-01,1.000000000000002887e+00
1.000000000000002665e+00,7.567887541304173515e-01,7.567887541304173515e-01,1.000000000000002665e+00
1.000000000000002220e+00,-1.617773084912382253e-01,-1.617773084912382253e-01,1.000000000000002220e+00
1.000000000000001998e+00,-9.338087724975836501e-01,-9.338087724975836501e-01,1.000000000000001998e+00
1.000000000000002442e+00,-7.635597216069194282e-01,-7.635597216069194282e-01,1.000000000000002442e+00
1.000000000000002665e+00,8.404412893139923124e-02,8.404412893139923124e-02,1.000000000000002665e+00
1.000000000000002442e+00,8.411955851340028323e-01,8.411955851340028323e-01,1.000000000000002442e+00
1.000000000000002442e+00,9.221001786872825567e-01,9.221001786872825567e-01,1.000000000000002442e+00
1.000000000000002442e+00,1.052252010711731411e-01,1.052252010711731411e-01,1.000000000000002442e+00
1.000000000000002220e+00,-8.539799594900282509e-01,-8.539799594900282509e-01,1.000000000000002220e+00
1.000000000000002887e+00,-8.651867839230751311e-01,-8.651867839230751311e-01,1.000000000000002887e+00
1.000000000000003331e+00,-9.126628413207099610e-02,-9.126628413207099610e-02,1.000000000000003331e+00
1.000000000000003553e+00,8.130247609918606067e-01,8.130247609918606067e-01,1.000000000000003553e+00
1.000000000000003109e+00,9.124419148508033928e-01,9.124419148508033928e-01,1.000000000000003109e+00
1.000000000000003553e+00,3.149725807358252916e-02,3.149725807358252916e-02,1.000000000000003553e+00
1.000000000000003775e+00,-7.776644643426873227e-01,-7.776644643426873227e-01,1.000000000000003775e+00
1.000000000000004219e+00,-9.082831697247879532e-01,-9.082831697247879532e-01,1.000000000000004219e+00
1.000000000000003775e+00,-1.548843456985193878e-01,-1.548843456985193878e-01,1.000000000000003775e+00
1.000000000000004219e+00,7.589259379640000969e-01,7.589259379640000969e-01,1.000000000000004219e+00
1.000000000000003775e+00,9.310434574022627974e-01,9.310434574022627974e-01,1.000000000000003775e+00
