1.000000000000000000e+00,1.000000000000000000e+00,1.000000000000000000e+00,1.000000000000000000e+00
1.000000000000000000e+00,6.793366106876583821e-01,6.793366106876583821e-01,1.000000000000000000e+00
1.000000000000000444e+00,1.355987485683610994e-01,1.355987485683610994e-01,1.000000000000000444e+00
1.000000000000000444e+00,1.046902252524475746e-01,1.046902252524475746e-01,1.000000000000000444e+00
1.000000000000000444e+00,8.450781895217480688e-01,8.450781895217480688e-01,1.000000000000000444e+00
1.000000000000000444e+00,8.083261152427470009e-01,8.083261152427470009e-01,1.000000000000000444e+00
1.000000000000000444e+00,1.295865752680209759e-01,1.295865752680209759e-01,1.000000000000000444e+00
1.000000000000000222e+00,5.986196847443836511e-02,5.986196847443836511e-02,1.000000000000000222e+00
1.000000000000000000e+00,5.456466632070232636e-01,5.456466632070232636e-01,1.000000000000000000e+00
1.000000000000000222e+00,9.970161549023768277e-01,9.970161549023768277e-01,1.000000000000000222e+00
1.000000000000000000e+00,5.180104761352377629e-01,5.180104761352377629e-01,1.000000000000000000e+00
1.000000000000000222e+00,3.654056124835602937e-03,3.654056124835602937e-03,1.000000000000000222e+00
1.000000000000000444e+00,5.456086604292096354e-01,5.456086604292096354e-01,1.000000000000000444e+00
1.000000000000000444e+00,9.882993032340059436e-01,9.882993032340059436e-01,1.000000000000000444e+00
1.000000000000000444e+00,7.941094325458575298e-01,7.941094325458575298e-01,1.000000000000000444e+00
1.000000000000000666e+00,1.779601357071762813e-01,1.779601357071762813e-01,1.000000000000000666e+00
1.000000000000000888e+00,1.304464347252359269e-01,1.304464347252359269e-01,1.000000000000000888e+00
1.000000000000000666e+00,8.922612631300383956e-01,8.922612631300383956e-01,1.000000000000000666e+00
1.000000000000000888e+00,8.058970122366782007e-01,8.058970122366782007e-01,1.000000000000000888e+00
1.000000000000001332e+00,2.012381846422924281e-01,2.012381846422924281e-01,1.000000000000001332e+00
1.000000000000001554e+00,1.268839899155693729e-02,1.268839899155693729e-02,1.000000000000001554e+00
1.000000000000001776e+00,4.724791642213948539e-01,4.724791642213948539e-01,1.000000000000001776e+00
1.000000000000001776e+00,9.992797489777576203e-01,9.992797489777576203e-01,1.000000000000001776e+00
1.000000000000001554e+00,4.459006547260434550e-01,4.459006547260434550e-01,1.000000000000001554e+00
1.000000000000001776e+00,6.070484496077444003e-03,6.070484496077444003e-03,1.000000000000001776e+00
1.000000000000001776e+00,4.617114255714299675e-01,4.617114255714299675e-01,1.000000000000001776e+00
1.000000000000001332e+00,9.418268958603573937e-01,9.418268958603573937e-01,1.000000000000001332e+00
1.000000000000001332e+00,8.597748789498713684e-01,8.597748789498713684e-01,1.000000000000001332e+00
1.000000000000001332e+00,1.672155335085296346e-01,1.672155335085296346e-01,1.000000000000001332e+00
1.000000000000000888e+00,1.825553765985813981e-01,1.825553765985813981e-01,1.000000000000000888e+00
1.000000000000000888e+00,9.106082460807289891e-01,9.106082460807289891e-01,1.000000000000000888e+00
1.000000000000000888e+00,8.579816755701479281e-01,8.579816755701479281e-01,1.000000000000000888e+00
1.000000000000000888e+00,3.178224988358472336e-01,3.178224988358472336e-01,1.000000000000000888e+00
1.000000000000000888e+00,1.719567285776435472e-04,1.719567285776435472e-04,1.000000000000000888e+00
1.000000000000000666e+00,4.720525791286652728e-01,4.720525791286652728e-01,1.000000000000000666e+00
1.000000000000000666e+00,9.982003854703009882e-01,9.982003854703009882e-01,1.000000000000000666e+00
1.000000000000000444e+00,4.037273144501863364e-01,4.037273144501863364e-01,1.000000000000000444e+00
1.000000000000000666e+00,5.381557838323725029e-04,5.381557838323725029e-04,1.000000000000000666e+00
1.000000000000000666e+00,3.349313627106383362e-01,3.349313627106383362e-01,1.000000000000000666e+00
1.000000000000000888e+00,8.795688027384983565e-01,8.795688027384983565e-01,1.000000000000000888e+00
1.000000000000000888e+00,8.705570429444549063e-01,8.705570429444549063e-01,1.000000000000000888e+00
1.000000000000000888e+00,1.221133532043490316e-01,1.221133532043490316e-01,1.000000000000000888e+00
1.000000000000000666e+00,2.250655411980739262e-01,2.250655411980739262e-01,1.000000000000000666e+00
1.000000000000000444e+00,8.869973494040231943e-01,8.869973494040231943e-01,1.000000000000000444e+00
1.000000000000000444e+00,9.326090469288287332e-01,9.326090469288287332e-01,1.000000000000000444e+00
1.000000000000000666e+00,4.337488800490821861e-01,4.337488800490821861e-01,1.000000000000000666e+00
1.000000000000000444e+00,3.383036172097397820e-04,3.383036172097397820e-04,1.000000000000000444e+00
1.000000000000000666e+00,5.291174518345862499e-01,5.291174518345862499e-01,1.000000000000000666e+00
1.000000000000000666e+00,9.893305892753516684e-01,9.893305892753516684e-01,1.000000000000000666e+00
1.000000000000000888e+00,4.268280387745378435e-01,4.268280387745378435e-01,1.000000000000000888e+00
1.000000000000000888e+00,8.504887130481558755e-03,8.504887130481558755e-03,1.000000000000000888e+00
1.000000000000000666e+00,2.214735260370477299e-01,2.214735260370477299e-01,1.000000000000000666e+00
1.000000000000000666e+00,8.471818314334818023e-01,8.471818314334818023e-01,1.000000000000000666e+00
1.000000000000000888e+00,8.367765263134496756e-01,8.367765263134496756e-01,1.000000000000000888e+00
1.000000000000000888e+00,8.169011742299045475e-02,8.169011742299045475e-02,1.000000000000000888e+00
1.000000000000000888e+00,2.185338671604248884e-01,2.185338671604248884e-01,1.000000000000000888e+00
1.000000000000001110e+00,8.122046228420145564e-01,8.122046228420145564e-01,1.000000000000001110e+00
1.000000000000000888e+00,9.830780977124402575e-01,9.830780977124402575e-01,1.000000000000000888e+00
1.000000000000000888e+00,4.961331975592169208e-01,4.961331975592169208e-01,1.000000000000000888e+00
1.000000000000000444e+00,3.386924942682945083e-04,3.386924942682945083e-04,1.000000000000000444e+00
1.000000000000000666e+00,5.994008108954773650e-01,5.994008108954773650e-01,1.000000000000000666e+00
1.000000000000001110e+00,9.878055498301500092e-01,9.878055498301500092e-01,1.000000000000001110e+00
1.000000000000001332e+00,5.200507539539893642e-01,5.200507539539893642e-01,1.000000000000001332e+00
1.000000000000001332e+00,5.071200691615043721e-02,5.071200691615043721e-02,1.000000000000001332e+00
1.000000000000001332e+00,1.609176841773731492e-01,1.609176841773731492e-01,1.000000000000001332e+00
1.000000000000001554e+00,8.641578997892603864e-01,8.641578997892603864e-01,1.000000000000001554e+00
1.000000000000001776e+00,7.799398768773042612e-01,7.799398768773042612e-01,1.000000000000001776e+00
1.000000000000001554e+00,7.039281020943491396e-02,7.039281020943491396e-02,1.000000000000001554e+00
1.000000000000001332e+00,1.561622029621880792e-01,1.561622029621880792e-01,1.000000000000001332e+00
1.000000000000001332e+00,6.966845609949285922e-01,6.966845609949285922e-01,1.000000000000001332e+00
1.000000000000001332e+00,9.984278783710838212e-01,9.984278783710838212e-01,1.000000000000001332e+00
1.000000000000000888e+00,4.858898274341870716e-01,4.858898274341870716e-01,1.000000000000000888e+00
1.000000000000000888e+00,8.049890802281689517e-03,8.049890802281689517e-03,1.000000000000000888e+00
1.000000000000000666e+00,6.327135980921824165e-01,6.327135980921824165e-01,1.000000000000000666e+00
1.000000000000000666e+00,9.979837999303822205e-01,9.979837999303822205e-01,1.000000000000000666e+00
1.000000000000000444e+00,6.505851533687918575e-01,6.505851533687918575e-01,1.000000000000000444e+00
1.000000000000000444e+00,1.050924344022082513e-01,1.050924344022082513e-01,1.000000000000000444e+00
1.000000000000000444e+00,1.575273142958610040e-01,1.575273142958610040e-01,1.000000000000000444e+00
1.000000000000000666e+00,9.073181267011944939e-01,9.073181267011944939e-01,1.000000000000000666e+00
1.000000000000000888e+00,7.409819343980585948e-01,7.409819343980585948e-01,1.000000000000000888e+00
1.000000000000000888e+00,9.837827550167185797e-02,9.837827550167185797e-02,1.000000000000000888e+00
1.000000000000000888e+00,7.522415802644516480e-02,7.522415802644516480e-02,1.000000000000000888e+00
1.000000000000000888e+00,5.881223628485843236e-01,5.881223628485843236e-01,1.000000000000000888e+00
1.000000000000000666e+00,9.996185826506314154e-01,9.996185826506314154e-01,1.000000000000000666e+00
1.000000000000000888e+00,4.236794716955926687e-01,4.236794716955926687e-01,1.000000000000000888e+00
1.000000000000000888e+00,2.092216847875666419e-02,2.092216847875666419e-02,1.000000000000000888e+00
1.000000000000000888e+00,5.988339697027621478e-01,5.988339697027621478e-01,1.000000000000000888e+00
1.000000000000001110e+00,9.941142526663713230e-01,9.941142526663713230e-01,1.000000000000001110e+00
1.000000000000001110e+00,7.615018055000060127e-01,7.615018055000060127e-01,1.000000000000001110e+00
1.000000000000001332e+00,1.281004446529462604e-01,1.281004446529462604e-01,1.000000000000001332e+00
1.000000000000000888e+00,1.993729667406211326e-01,1.993729667406211326e-01,1.000000000000000888e+00
1.000000000000001110e+00,9.405077020141126010e-01,9.405077020141126010e-01,1.000000000000001110e+00
1.000000000000001110e+00,7.575236409858893127e-01,7.575236409858893127e-01,1.000000000000001110e+00
1.000000000000000888e+00,1.752630429388640776e-01,1.752630429388640776e-01,1.000000000000000888e+00
1.000000000000000666e+00,2.204749541151906911e-02,2.204749541151906911e-02,1.000000000000000666e+00
1.000000000000000666e+00,5.370123569471897396e-01,5.370123569471897396e-01,1.000000000000000666e+00
1.000000000000000666e+00,9.958460824744418405e-01,9.958460824744418405e-01,1.000000000000000666e+00
1.000000000000000666e+00,3.569911687825061408e-01,3.569911687825061408e-01,1.000000000000000666e+00
1.000000000000000888e+00,1.989902560668596609e-02,1.989902560668596609e-02,1.000000000000000888e+00
1.000000000000000444e+00,4.972517165988079024e-01,4.972517165988079024e-01,1.000000000000000444e+00
1.000000000000000666e+00,9.565795580384441887e-01,9.565795580384441887e-01,1.000000000000000666e+00
