1.000000000000000000e+00,1.000000000000000000e+00,1.000000000000000000e+00,1.000000000000000000e+00
1.000000000000000222e+00,6.222023044011437687e-01,6.222023044011437687e-01,1.000000000000000222e+00
1.000000000000000222e+00,2.505200971613547045e-02,2.505200971613547045e-02,1.000000000000000222e+00
1.000000000000000000e+00,2.630616270360786046e-01,2.630616270360786046e-01,1.000000000000000000e+00
1.000000000000000222e+00,8.799375600214400794e-01,8.799375600214400794e-01,1.000000000000000222e+00
1.000000000000000222e+00,8.331643396109956745e-01,8.331643396109956745e-01,1.000000000000000222e+00
1.000000000000000222e+00,1.622336514993976408e-01,1.622336514993976408e-01,1.000000000000000222e+00
1.000000000000000222e+00,9.395469207407505796e-02,9.395469207407505796e-02,1.000000000000000222e+00
1.000000000000000222e+00,7.062021310225248261e-01,7.062021310225248261e-01,1.000000000000000222e+00
1.000000000000000444e+00,9.848737830093163836e-01,9.848737830093163836e-01,1.000000000000000444e+00
1.000000000000000444e+00,3.807155086041519865e-01,3.807155086041519865e-01,1.000000000000000444e+00
1.000000000000000444e+00,1.081269160068018542e-02,1.081269160068018542e-02,1.000000000000000444e+00
1.000000000000000444e+00,4.849945447927587194e-01,4.849945447927587194e-01,1.000000000000000444e+00
1.000000000000000222e+00,9.956741804379541927e-01,9.956741804379541927e-01,1.000000000000000222e+00
1.000000000000000444e+00,6.461993915617384454e-01,6.461993915617384454e-01,1.000000000000000444e+00
1.000000000000000444e+00,6.023890597304243366e-02,6.023890597304243366e-02,1.000000000000000444e+00
1.000000000000000222e+00,2.675895575118286684e-01,2.675895575118286684e-01,1.000000000000000222e+00
1.000000000000000000e+00,9.194032015899447075e-01,9.194032015899447075e-01,1.000000000000000000e+00
1.000000000000000000e+00,8.158859906264921413e-01,8.158859906264921413e-01,1.000000000000000000e+00
1.000000000000000444e+00,1.928606083044832054e-01,1.928606083044832054e-01,1.000000000000000444e+00
1.000000000000000222e+00,8.980486205701670999e-02,8.980486205701670999e-02,1.000000000000000222e+00
9.999999999999998890e-01,6.962658794829310605e-01,6.962658794829310605e-01,9.999999999999998890e-01
1.000000000000000222e+00,9.855581866533416058e-01,9.855581866533416058e-01,1.000000000000000222e+00
1.000000000000000222e+00,3.750325160537862912e-01,3.750325160537862912e-01,1.000000000000000222e+00
1.000000000000000000e+00,1.195067281560546757e-04,1.195067281560546757e-04,1.000000000000000000e+00
1.000000000000000222e+00,4.015020467770329393e-01,4.015020467770329393e-01,1.000000000000000222e+00
1.000000000000000444e+00,9.545318566481655331e-01,9.545318566481655331e-01,1.000000000000000444e+00
1.000000000000000000e+00,7.389189264966091741e-01,7.389189264966091741e-01,1.000000000000000000e+00
1.000000000000000222e+00,5.899394443042746405e-02,5.899394443042746405e-02,1.000000000000000222e+00
1.000000000000000444e+00,1.993173205798214886e-01,1.993173205798214886e-01,1.000000000000000444e+00
1.000000000000000444e+00,8.588747941066015024e-01,8.588747941066015024e-01,1.000000000000000444e+00
1.000000000000000222e+00,9.286001737218223528e-01,9.286001737218223528e-01,1.000000000000000222e+00
1.000000000000000222e+00,2.897722589704095353e-01,2.897722589704095353e-01,1.000000000000000222e+00
1.000000000000000444e+00,1.717015631186125102e-02,1.717015631186125102e-02,1.000000000000000444e+00
1.000000000000000666e+00,6.071117468698898900e-01,6.071117468698898900e-01,1.000000000000000666e+00
1.000000000000000666e+00,9.957260164521455348e-01,9.957260164521455348e-01,1.000000000000000666e+00
1.000000000000000666e+00,5.203491715715514720e-01,5.203491715715514720e-01,1.000000000000000666e+00
1.000000000000000666e+00,7.884708871649659390e-03,7.884708871649659390e-03,1.000000000000000666e+00
1.000000000000000666e+00,3.070065425415215987e-01,3.070065425415215987e-01,1.000000000000000666e+00
1.000000000000000444e+00,9.276269871242553977e-01,9.276269871242553977e-01,1.000000000000000444e+00
1.000000000000000444e+00,8.464659120946312898e-01,8.464659120946312898e-01,1.000000000000000444e+00
1.000000000000000888e+00,1.400060688295676203e-01,1.400060688295676203e-01,1.000000000000000888e+00
1.000000000000000444e+00,1.559997730885545608e-01,1.559997730885545608e-01,1.000000000000000444e+00
1.000000000000000444e+00,8.150111965633138889e-01,8.150111965633138889e-01,1.000000000000000444e+00
1.000000000000000444e+00,8.889865522596624992e-01,8.889865522596624992e-01,1.000000000000000444e+00
1.000000000000000444e+00,2.696755810647948892e-01,2.696755810647948892e-01,1.000000000000000444e+00
1.000000000000000444e+00,3.030628426256612440e-02,3.030628426256612440e-02,1.000000000000000444e+00
1.000000000000000888e+00,6.069056805981558611e-01,6.069056805981558611e-01,1.000000000000000888e+00
1.000000000000001332e+00,9.995500504000700559e-01,9.995500504000700559e-01,1.000000000000001332e+00
1.000000000000000888e+00,6.532883895391781159e-01,6.532883895391781159e-01,1.000000000000000888e+00
1.000000000000000888e+00,4.192140725086407338e-02,4.192140725086407338e-02,1.000000000000000888e+00
1.000000000000001332e+00,1.981866974462479780e-01,1.981866974462479780e-01,1.000000000000001332e+00
1.000000000000001332e+00,8.181655465101319580e-01,8.181655465101319580e-01,1.000000000000001332e+00
1.000000000000001110e+00,8.985626272153146576e-01,8.985626272153146576e-01,1.000000000000001110e+00
1.000000000000001110e+00,2.774536290907642089e-01,2.774536290907642089e-01,1.000000000000001110e+00
1.000000000000001110e+00,4.243932248485801639e-02,4.243932248485801639e-02,1.000000000000001110e+00
1.000000000000001110e+00,6.305421148118741659e-01,6.305421148118741659e-01,1.000000000000001110e+00
1.000000000000000888e+00,9.968724338703531807e-01,9.968724338703531807e-01,1.000000000000000888e+00
1.000000000000001332e+00,5.245959734822264187e-01,5.245959734822264187e-01,1.000000000000001332e+00
1.000000000000000888e+00,8.855411100295890181e-03,8.855411100295890181e-03,1.000000000000000888e+00
1.000000000000001110e+00,3.466689803357999589e-01,3.466689803357999589e-01,1.000000000000001110e+00
1.000000000000001332e+00,9.786570232489576471e-01,9.786570232489576471e-01,1.000000000000001332e+00
1.000000000000001110e+00,7.100739703955316617e-01,7.100739703955316617e-01,1.000000000000001110e+00
1.000000000000000888e+00,1.125494931261385168e-01,1.125494931261385168e-01,1.000000000000000888e+00
1.000000000000000888e+00,1.870721613163861818e-01,1.870721613163861818e-01,1.000000000000000888e+00
1.000000000000000666e+00,8.650030530301513476e-01,8.650030530301513476e-01,1.000000000000000666e+00
1.000000000000000888e+00,8.981003342081250729e-01,8.981003342081250729e-01,1.000000000000000888e+00
1.000000000000000888e+00,2.260456415997157964e-01,2.260456415997157964e-01,1.000000000000000888e+00
1.000000000000001332e+00,6.184104627502112761e-02,6.184104627502112761e-02,1.000000000000001332e+00
1.000000000000000888e+00,6.209191742470072661e-01,6.209191742470072661e-01,1.000000000000000888e+00
1.000000000000000888e+00,9.904006020680156119e-01,9.904006020680156119e-01,1.000000000000000888e+00
1.000000000000000666e+00,4.495293770881945150e-01,4.495293770881945150e-01,1.000000000000000666e+00
1.000000000000000888e+00,1.395232168726556754e-03,1.395232168726556754e-03,1.000000000000000888e+00
1.000000000000000888e+00,4.448057382799738835e-01,4.448057382799738835e-01,1.000000000000000888e+00
1.000000000000000888e+00,9.751849958110536676e-01,9.751849958110536676e-01,1.000000000000000888e+00
1.000000000000000888e+00,6.499192911605907730e-01,6.499192911605907730e-01,1.000000000000000888e+00
1.000000000000000888e+00,3.245739597898011919e-02,3.245739597898011919e-02,1.000000000000000888e+00
1.000000000000000888e+00,2.424212064396597532e-01,2.424212064396597532e-01,1.000000000000000888e+00
1.000000000000001110e+00,8.817125391088562747e-01,8.817125391088562747e-01,1.000000000000001110e+00
1.000000000000000888e+00,8.430011897704519086e-01,8.430011897704519086e-01,1.000000000000000888e+00
1.000000000000000888e+00,2.127992356413276887e-01,2.127992356413276887e-01,1.000000000000000888e+00
1.000000000000000666e+00,9.148905090927536565e-02,9.148905090927536565e-02,1.000000000000000666e+00
1.000000000000000666e+00,7.935952165814202930e-01,7.935952165814202930e-01,1.000000000000000666e+00
1.000000000000000666e+00,9.325428056702833590e-01,9.325428056702833590e-01,1.000000000000000666e+00
1.000000000000000888e+00,2.946584196082912555e-01,2.946584196082912555e-01,1.000000000000000888e+00
1.000000000000000888e+00,2.312501166198363545e-02,2.312501166198363545e-02,1.000000000000000888e+00
1.000000000000000888e+00,5.326338581244480785e-01,5.326338581244480785e-01,1.000000000000000888e+00
1.000000000000000666e+00,9.985559011212911118e-01,9.985559011212911118e-01,1.000000000000000666e+00
1.000000000000000666e+00,5.367063311860819086e-01,5.367063311860819086e-01,1.000000000000000666e+00
1.000000000000000666e+00,1.922075722414773313e-02,1.922075722414773313e-02,1.000000000000000666e+00
1.000000000000000666e+00,3.212377206304720678e-01,3.212377206304720678e-01,1.000000000000000666e+00
1.000000000000000666e+00,9.059256259165062719e-01,9.059256259165062719e-01,1.000000000000000666e+00
1.000000000000000666e+00,8.038807350085492853e-01,8.038807350085492853e-01,1.000000000000000666e+00
1.000000000000000888e+00,1.049320497311680978e-01,1.049320497311680978e-01,1.000000000000000888e+00
1.000000000000000888e+00,1.728288390379676964e-01,1.728288390379676964e-01,1.000000000000000888e+00
1.000000000000000888e+00,8.749240931995312387e-01,8.749240931995312387e-01,1.000000000000000888e+00
1.000000000000000666e+00,8.711685220462361823e-01,8.711685220462361823e-01,1.000000000000000666e+00
1.000000000000000666e+00,1.916113547208395107e-01,1.916113547208395107e-01,1.000000000000000666e+00
1.000000000000000666e+00,9.492557729743178463e-02,9.492557729743178463e-02,1.000000000000000666e+00
1.000000000000000888e+00,7.168219486581601796e-01,7.168219486581601796e-01,1.000000000000000888e+00
1.000000000000000666e+00,9.510809377172371182e-01,9.510809377172371182e-01,1.000000000000000666e+00
