1.000000000000000000e+00,1.000000000000000000e+00,1.000000000000000000e+00,1.000000000000000000e+00
9.999999999999997780e-01,6.814271285417132784e-01,6.814271285417132784e-01,9.999999999999997780e-01
9.999999999999995559e-01,-1.258539935461320258e-01,-1.258539935461320258e-01,9.999999999999995559e-01
9.999999999999997780e-01,-9.229530121274132082e-01,-9.229530121274132082e-01,9.999999999999997780e-01
9.999999999999995559e-01,-6.561767668104476758e-01,-6.561767668104476758e-01,9.999999999999995559e-01
9.999999999999993339e-01,4.347246914366879600e-01,4.347246914366879600e-01,9.999999999999993339e-01
9.999999999999990008e-01,9.905529151234531149e-01,9.905529151234531149e-01,9.999999999999990008e-01
9.999999999999987788e-01,7.689540872225681944e-01,7.689540872225681944e-01,9.999999999999987788e-01
9.999999999999991118e-01,2.167495202783201180e-02,2.167495202783201180e-02,9.999999999999991118e-01
9.999999999999995559e-01,-8.453367142681902369e-01,-8.453367142681902369e-01,9.999999999999995559e-01
9.999999999999995559e-01,-7.845305749905080450e-01,-7.845305749905080450e-01,9.999999999999995559e-01
9.999999999999993339e-01,2.743559507769794958e-01,2.743559507769794958e-01,9.999999999999993339e-01
9.999999999999990008e-01,9.614852878497902600e-01,9.614852878497902600e-01,9.999999999999990008e-01
9.999999999999991118e-01,8.439134882281478234e-01,8.439134882281478234e-01,9.999999999999991118e-01
9.999999999999992228e-01,1.639556859549495260e-01,1.639556859549495260e-01,9.999999999999992228e-01
9.999999999999985567e-01,-7.416945598547663998e-01,-7.416945598547663998e-01,9.999999999999985567e-01
9.999999999999984457e-01,-8.861362510828938444e-01,-8.861362510828938444e-01,9.999999999999984457e-01
9.999999999999987788e-01,1.026992864722456045e-01,1.026992864722456045e-01,9.999999999999987788e-01
9.999999999999986677e-01,9.113587868781878321e-01,9.113587868781878321e-01,9.999999999999986677e-01
9.999999999999992228e-01,9.049381949460563179e-01,9.049381949460563179e-01,9.999999999999992228e-01
9.999999999999993339e-01,3.000427827900830069e-01,3.000427827900830069e-01,9.999999999999993339e-01
9.999999999999997780e-01,-6.199996645974327203e-01,-6.199996645974327203e-01,9.999999999999997780e-01
1.000000000000000000e+00,-9.534581014426160017e-01,-9.534581014426160017e-01,1.000000000000000000e+00
1.000000000000000444e+00,-7.716293774840388142e-02,-7.716293774840388142e-02,1.000000000000000444e+00
1.000000000000000222e+00,8.398915748595786601e-01,8.398915748595786601e-01,1.000000000000000222e+00
9.999999999999998890e-01,9.517511351876629666e-01,9.517511351876629666e-01,9.999999999999998890e-01
1.000000000000000444e+00,4.262925029986943670e-01,4.262925029986943670e-01,1.000000000000000444e+00
1.000000000000000222e+00,-4.822704773792774180e-01,-4.822704773792774180e-01,1.000000000000000222e+00
1.000000000000000444e+00,-9.882621651958495290e-01,-9.882621651958495290e-01,1.000000000000000444e+00
1.000000000000000444e+00,-2.561117105780160719e-01,-2.561117105780160719e-01,1.000000000000000444e+00
1.000000000000000888e+00,7.459540765387986383e-01,7.459540765387986383e-01,1.000000000000000888e+00
1.000000000000000444e+00,9.828654847029123509e-01,9.828654847029123509e-01,1.000000000000000444e+00
1.000000000000000888e+00,5.429195360641821955e-01,5.429195360641821955e-01,1.000000000000000888e+00
1.000000000000000222e+00,-3.370274104253795922e-01,-3.370274104253795922e-01,1.000000000000000222e+00
1.000000000000000666e+00,-9.855872712724826901e-01,-9.855872712724826901e-01,1.000000000000000666e+00
1.000000000000001110e+00,-4.305669171816073337e-01,-4.305669171816073337e-01,1.000000000000001110e+00
1.000000000000001110e+00,6.311261811556561074e-01,6.311261811556561074e-01,1.000000000000001110e+00
1.000000000000001554e+00,9.975177746600432105e-01,9.975177746600432105e-01,1.000000000000001554e+00
1.000000000000001776e+00,6.473193581666675245e-01,6.473193581666675245e-01,1.000000000000001776e+00
1.000000000000001776e+00,-1.859826038101992096e-01,-1.859826038101992096e-01,1.000000000000001776e+00
1.000000000000001554e+00,-9.510173592127322273e-01,-9.510173592127322273e-01,1.000000000000001554e+00
1.000000000000001332e+00,-5.899463079015109246e-01,-5.899463079015109246e-01,1.000000000000001332e+00
1.000000000000001110e+00,4.954311513585862303e-01,4.954311513585862303e-01,1.000000000000001110e+00
1.000000000000000888e+00,9.943048128645473049e-01,9.943048128645473049e-01,1.000000000000000888e+00
1.000000000000001110e+00,7.399309973975232158e-01,7.399309973975232158e-01,1.000000000000001110e+00
1.000000000000001110e+00,-3.612911607720326046e-02,-3.612911607720326046e-02,1.000000000000001110e+00
1.000000000000000888e+00,-8.833264215521391405e-01,-8.833264215521391405e-01,1.000000000000000888e+00
1.000000000000001110e+00,-7.308837718109031378e-01,-7.308837718109031378e-01,1.000000000000001110e+00
1.000000000000001332e+00,3.427961196994454562e-01,3.427961196994454562e-01,1.000000000000001332e+00
1.000000000000001332e+00,9.720300886720661948e-01,9.720300886720661948e-01,1.000000000000001332e+00
1.000000000000001332e+00,8.190423997648914600e-01,8.190423997648914600e-01,1.000000000000001332e+00
1.000000000000000888e+00,1.111109326184940849e-01,1.111109326184940849e-01,1.000000000000000888e+00
1.000000000000000888e+00,-7.898954305658975050e-01,-7.898954305658975050e-01,1.000000000000000888e+00
1.000000000000000888e+00,-8.443371162651087669e-01,-8.443371162651087669e-01,1.000000000000000888e+00
1.000000000000000666e+00,1.754717646892756389e-01,1.754717646892756389e-01,1.000000000000000666e+00
1.000000000000001110e+00,9.296162307752962040e-01,9.296162307752962040e-01,1.000000000000001110e+00
1.000000000000001110e+00,8.846929613846633567e-01,8.846929613846633567e-01,1.000000000000001110e+00
1.000000000000000666e+00,2.512186243030467558e-01,2.512186243030467558e-01,1.000000000000000666e+00
1.000000000000000444e+00,-6.731179176773075534e-01,-6.731179176773075534e-01,1.000000000000000444e+00
1.000000000000000444e+00,-9.278516498637989773e-01,-9.278516498637989773e-01,1.000000000000000444e+00
1.000000000000000888e+00,-6.486890512542309306e-04,-6.486890512542309306e-04,1.000000000000000888e+00
1.000000000000000666e+00,8.660784727837581576e-01,8.660784727837581576e-01,1.000000000000000666e+00
1.000000000000000888e+00,9.356910811587469956e-01,9.356910811587469956e-01,1.000000000000000888e+00
1.000000000000000888e+00,3.829292674427167142e-01,3.829292674427167142e-01,1.000000000000000888e+00
1.000000000000001110e+00,-5.399113902977137336e-01,-5.399113902977137336e-01,1.000000000000001110e+00
1.000000000000001332e+00,-9.768069875936828961e-01,-9.768069875936828961e-01,1.000000000000001332e+00
1.000000000000001332e+00,-1.803276129710053577e-01,-1.803276129710053577e-01,1.000000000000001332e+00
1.000000000000001554e+00,7.809325619141180841e-01,7.809325619141180841e-01,1.000000000000001554e+00
1.000000000000000888e+00,9.714724267816259307e-01,9.714724267816259307e-01,1.000000000000000888e+00
1.000000000000001110e+00,5.040702832662978805e-01,5.040702832662978805e-01,1.000000000000001110e+00
1.000000000000001332e+00,-3.951102966426500718e-01,-3.951102966426500718e-01,1.000000000000001332e+00
1.000000000000001332e+00,-9.900939877109167231e-01,-9.900939877109167231e-01,1.000000000000001332e+00
1.000000000000001332e+00,-3.570948415113501806e-01,-3.570948415113501806e-01,1.000000000000001332e+00
1.000000000000001332e+00,6.745554178206716323e-01,6.745554178206716323e-01,1.000000000000001332e+00
1.000000000000001554e+00,9.909496621027258367e-01,9.909496621027258367e-01,1.000000000000001554e+00
1.000000000000001776e+00,6.134146600751866352e-01,6.134146600751866352e-01,1.000000000000001776e+00
1.000000000000001776e+00,-2.436496619378209494e-01,-2.436496619378209494e-01,1.000000000000001776e+00
1.000000000000002665e+00,-9.688923862983829238e-01,-9.688923862983829238e-01,1.000000000000002665e+00
1.000000000000002442e+00,-5.229352871797940949e-01,-5.229352871797940949e-01,1.000000000000002442e+00
1.000000000000002887e+00,5.473322135600825478e-01,5.473322135600825478e-01,1.000000000000002887e+00
1.000000000000002442e+00,9.931626495984684500e-01,9.931626495984684500e-01,1.000000000000002442e+00
1.000000000000002220e+00,7.103618992501106177e-01,7.103618992501106177e-01,1.000000000000002220e+00
1.000000000000002442e+00,-9.120444992447807042e-02,-9.120444992447807042e-02,1.000000000000002442e+00
1.000000000000002887e+00,-9.134719227733232305e-01,-9.134719227733232305e-01,1.000000000000002887e+00
1.000000000000002220e+00,-6.728183110285312907e-01,-6.728183110285312907e-01,1.000000000000002220e+00
1.000000000000002220e+00,4.022756867207563647e-01,4.022756867207563647e-01,1.000000000000002220e+00
1.000000000000001998e+00,9.768529927147713288e-01,9.768529927147713288e-01,1.000000000000001998e+00
1.000000000000001998e+00,7.936659436055913952e-01,7.936659436055913952e-01,1.000000000000001998e+00
1.000000000000001776e+00,5.965977379817405390e-02,5.965977379817405390e-02,1.000000000000001776e+00
1.000000000000002442e+00,-8.300680122229486813e-01,-8.300680122229486813e-01,1.000000000000002442e+00
1.000000000000001332e+00,-7.974444215242691980e-01,-7.974444215242691980e-01,1.000000000000001332e+00
1.000000000000001776e+00,2.408790787686250490e-01,2.408790787686250490e-01,1.000000000000001776e+00
1.000000000000001332e+00,9.412115972164882827e-01,9.412115972164882827e-01,1.000000000000001332e+00
1.000000000000000888e+00,8.633581748315656279e-01,8.633581748315656279e-01,1.000000000000000888e+00
1.000000000000000666e+00,2.037927324377754312e-01,2.037927324377754312e-01,1.000000000000000666e+00
1.000000000000000444e+00,-7.200213990700327082e-01,-7.200213990700327082e-01,1.000000000000000444e+00
1.000000000000000222e+00,-8.950199480587620604e-01,-8.950199480587620604e-01,1.000000000000000222e+00
1.000000000000000444e+00,6.951438527131081901e-02,6.951438527131081901e-02,1.000000000000000444e+00
1.000000000000000666e+00,8.848635878002751864e-01,8.848635878002751864e-01,1.000000000000000666e+00
1.000000000000000888e+00,9.181721016154257287e-01,9.181721016154257287e-01,1.000000000000000888e+00
1.000000000000000888e+00,3.404839083242241493e-01,3.404839083242241493e-01,1.000000000000000888e+00
