1.000000000000000000e+00,1.000000000000000000e+00,1.000000000000000000e+00,1.000000000000000000e+00
1.000000000000000444e+00,3.965264157220693142e-01,3.965264157220693142e-01,1.000000000000000444e+00
1.000000000000000444e+00,-7.175198188083606876e-01,-7.175198188083606876e-01,1.000000000000000444e+00
1.000000000000000666e+00,-9.412630297813513458e-01,-9.412630297813513458e-01,1.000000000000000666e+00
1.000000000000001332e+00,-3.488168178374974615e-01,-3.488168178374974615e-01,1.000000000000001332e+00
1.000000000000001554e+00,4.449433128516537828e-01,4.449433128516537828e-01,1.000000000000001554e+00
1.000000000000001776e+00,9.862823799691051718e-01,9.862823799691051718e-01,1.000000000000001776e+00
1.000000000000001776e+00,5.618510797776878896e-01,5.618510797776878896e-01,1.000000000000001776e+00
1.000000000000001776e+00,-5.798359011811918817e-01,-5.798359011811918817e-01,1.000000000000001776e+00
1.000000000000001554e+00,-9.769710106273751249e-01,-9.769710106273751249e-01,1.000000000000001554e+00
1.000000000000001776e+00,-4.665381761275846362e-01,-4.665381761275846362e-01,1.000000000000001776e+00
1.000000000000001998e+00,3.225122156170272536e-01,3.225122156170272536e-01,1.000000000000001998e+00
1.000000000000002220e+00,9.468386381222891890e-01,9.468386381222891890e-01,1.000000000000002220e+00
1.000000000000002220e+00,7.052083673075837389e-01,7.052083673075837389e-01,1.000000000000002220e+00
1.000000000000002220e+00,-4.194952555320512477e-01,-4.194952555320512477e-01,1.000000000000002220e+00
1.000000000000001554e+00,-9.892775035458631905e-01,-9.892775035458631905e-01,1.000000000000001554e+00
1.000000000000001554e+00,-5.775502704422971201e-01,-5.775502704422971201e-01,1.000000000000001554e+00
1.000000000000001332e+00,1.967613403682698103e-01,1.967613403682698103e-01,1.000000000000001332e+00
1.000000000000001332e+00,8.850731878538479203e-01,8.850731878538479203e-01,1.000000000000001332e+00
1.000000000000000888e+00,8.223071860944740630e-01,8.223071860944740630e-01,1.000000000000000888e+00
1.000000000000000444e+00,-2.424316807495281445e-01,-2.424316807495281445e-01,1.000000000000000444e+00
1.000000000000000222e+00,-9.756089425056460041e-01,-9.756089425056460041e-01,1.000000000000000222e+00
1.000000000000000000e+00,-6.796792386763583771e-01,-6.796792386763583771e-01,1.000000000000000000e+00
1.000000000000000000e+00,6.942468083336089668e-02,6.942468083336089668e-02,1.000000000000000000e+00
9.999999999999996669e-01,8.046291683153682373e-01,8.046291683153682373e-01,9.999999999999996669e-01
1.000000000000000222e+00,9.103157983377693219e-01,9.103157983377693219e-01,1.000000000000000222e+00
1.000000000000000444e+00,-5.654565608083800266e-02,-5.654565608083800266e-02,1.000000000000000444e+00
1.000000000000000666e+00,-9.324871046427907206e-01,-9.324871046427907206e-01,1.000000000000000666e+00
1.000000000000000666e+00,-7.718896315975845024e-01,-7.718896315975845024e-01,1.000000000000000666e+00
1.000000000000000444e+00,-5.694073779129243951e-02,-5.694073779129243951e-02,1.000000000000000444e+00
1.000000000000000666e+00,7.086545336128813322e-01,7.086545336128813322e-01,1.000000000000000666e+00
1.000000000000000666e+00,9.669213710606204826e-01,9.669213710606204826e-01,1.000000000000000666e+00
1.000000000000000444e+00,1.333823144262909488e-01,1.333823144262909488e-01,1.000000000000000444e+00
1.000000000000000666e+00,-8.623910863373567270e-01,-8.623910863373567270e-01,1.000000000000000666e+00
1.000000000000000222e+00,-8.489501232587046697e-01,-8.489501232587046697e-01,1.000000000000000222e+00
1.000000000000000444e+00,-1.826712004777958920e-01,-1.826712004777958920e-01,1.000000000000000444e+00
1.000000000000000444e+00,6.016175553804843368e-01,6.016175553804843368e-01,1.000000000000000444e+00
1.000000000000000444e+00,9.929700529780403073e-01,9.929700529780403073e-01,1.000000000000000444e+00
1.000000000000000444e+00,3.160942404154299945e-01,3.160942404154299945e-01,1.000000000000000444e+00
1.000000000000000888e+00,-7.609545305976757046e-01,-7.609545305976757046e-01,1.000000000000000888e+00
1.000000000000001110e+00,-9.118478709221262690e-01,-9.118478709221262690e-01,1.000000000000001110e+00
1.000000000000000888e+00,-3.036701145830106863e-01,-3.036701145830106863e-01,1.000000000000000888e+00
1.000000000000000666e+00,4.850351423426142450e-01,4.850351423426142450e-01,1.000000000000000666e+00
1.000000000000001110e+00,9.892699321990334749e-01,9.892699321990334749e-01,1.000000000000001110e+00
1.000000000000000888e+00,4.883291370549920352e-01,4.883291370549920352e-01,1.000000000000000888e+00
1.000000000000000444e+00,-6.359877722092140973e-01,-6.359877722092140973e-01,1.000000000000000444e+00
1.000000000000000444e+00,-9.527011816577610759e-01,-9.527011816577610759e-01,1.000000000000000444e+00
1.000000000000000444e+00,-4.218829196021559036e-01,-4.218829196021559036e-01,1.000000000000000444e+00
1.000000000000000888e+00,3.639290484605566256e-01,3.639290484605566256e-01,1.000000000000000888e+00
1.000000000000000888e+00,9.583396364360047270e-01,9.583396364360047270e-01,1.000000000000000888e+00
1.000000000000000666e+00,6.394052267518902655e-01,6.394052267518902655e-01,1.000000000000000666e+00
1.000000000000000888e+00,-4.842466762561837834e-01,-4.842466762561837834e-01,1.000000000000000888e+00
1.000000000000000666e+00,-9.744183689001577608e-01,-9.744183689001577608e-01,1.000000000000000666e+00
1.000000000000000666e+00,-5.316434410365811214e-01,-5.316434410365811214e-01,1.000000000000000666e+00
1.000000000000000666e+00,2.379582848808062256e-01,2.379582848808062256e-01,1.000000000000000666e+00
1.000000000000000666e+00,9.039036844613206334e-01,9.039036844613206334e-01,1.000000000000000666e+00
1.000000000000000888e+00,7.676049732649127266e-01,7.676049732649127266e-01,1.000000000000000888e+00
1.000000000000000666e+00,-3.173661235510528700e-01,-3.173661235510528700e-01,1.000000000000000666e+00
9.999999999999998890e-01,-9.681533740487419104e-01,-9.681533740487419104e-01,9.999999999999998890e-01
9.999999999999997780e-01,-6.355551137924569938e-01,-6.355551137924569938e-01,9.999999999999997780e-01
1.000000000000000222e+00,1.122481431389670548e-01,1.122481431389670548e-01,1.000000000000000222e+00
1.000000000000000444e+00,8.284872841881401051e-01,8.284872841881401051e-01,1.000000000000000444e+00
1.000000000000000444e+00,8.661754817784673710e-01,8.661754817784673710e-01,1.000000000000000444e+00
1.000000000000000666e+00,-1.350778184260641446e-01,-1.350778184260641446e-01,1.000000000000000666e+00
1.000000000000000444e+00,-9.382163215089753816e-01,-9.382163215089753816e-01,1.000000000000000444e+00
1.000000000000000444e+00,-7.269788646803800880e-01,-7.269788646803800880e-01,1.000000000000000444e+00
1.000000000000000000e+00,-1.466727489712887911e-02,-1.466727489712887911e-02,1.000000000000000000e+00
1.000000000000000222e+00,7.374340368099494558e-01,7.374340368099494558e-01,1.000000000000000222e+00
1.000000000000000222e+00,9.348096637712519641e-01,9.348096637712519641e-01,1.000000000000000222e+00
1.000000000000000444e+00,5.009875330466487253e-02,5.009875330466487253e-02,1.000000000000000444e+00
1.000000000000000444e+00,-8.775424774245834669e-01,-8.775424774245834669e-01,1.000000000000000444e+00
1.000000000000000888e+00,-8.079250773612858261e-01,-8.079250773612858261e-01,1.000000000000000888e+00
1.000000000000001110e+00,-1.381473885701702264e-01,-1.381473885701702264e-01,1.000000000000001110e+00
1.000000000000001776e+00,6.326105022067461947e-01,6.326105022067461947e-01,1.000000000000001776e+00
1.000000000000001332e+00,9.719374688900045411e-01,9.719374688900045411e-01,1.000000000000001332e+00
1.000000000000001554e+00,2.348733468728628759e-01,2.348733468728628759e-01,1.000000000000001554e+00
1.000000000000001332e+00,-7.910372974123909273e-01,-7.910372974123909273e-01,1.000000000000001332e+00
1.000000000000000888e+00,-8.720226237348307485e-01,-8.720226237348307485e-01,1.000000000000000888e+00
1.000000000000000888e+00,-2.595147025896354931e-01,-2.595147025896354931e-01,1.000000000000000888e+00
1.000000000000000888e+00,5.192709796216817830e-01,5.192709796216817830e-01,1.000000000000000888e+00
1.000000000000001110e+00,9.785681226874433092e-01,9.785681226874433092e-01,1.000000000000001110e+00
1.000000000000001110e+00,4.090433963631966430e-01,4.090433963631966430e-01,1.000000000000001110e+00
1.000000000000000666e+00,-6.763099411729454058e-01,-6.763099411729454058e-01,1.000000000000000666e+00
1.000000000000000888e+00,-9.194712233786535016e-01,-9.194712233786535016e-01,1.000000000000000888e+00
1.000000000000000444e+00,-3.752383939321965456e-01,-3.752383939321965456e-01,1.000000000000000444e+00
1.000000000000000444e+00,3.989082612281987239e-01,3.989082612281987239e-01,1.000000000000000444e+00
1.000000000000000444e+00,9.572307094904768388e-01,9.572307094904768388e-01,1.000000000000000444e+00
1.000000000000000666e+00,5.669610851937861851e-01,5.669610851937861851e-01,1.000000000000000666e+00
1.000000000000000888e+00,-5.380522350404425280e-01,-5.380522350404425280e-01,1.000000000000000888e+00
1.000000000000000444e+00,-9.458796375462722450e-01,-9.458796375462722450e-01,1.000000000000000444e+00
1.000000000000000444e+00,-4.851376895475367768e-01,-4.851376895475367768e-01,1.000000000000000444e+00
1.000000000000000444e+00,2.752524192110777923e-01,2.752524192110777923e-01,1.000000000000000444e+00
1.000000000000000666e+00,9.102555541894256086e-01,9.102555541894256086e-01,1.000000000000000666e+00
1.000000000000000888e+00,7.028031400596975731e-01,7.028031400596975731e-01,1.000000000000000888e+00
1.000000000000001332e+00,-3.802016859072978039e-01,-3.802016859072978039e-01,1.000000000000001332e+00
1.000000000000001554e+00,-9.489473457450487981e-01,-9.489473457450487981e-01,1.000000000000001554e+00
1.000000000000001554e+00,-5.873289349329695597e-01,-5.873289349329695597e-01,1.000000000000001554e+00
1.000000000000001554e+00,1.501812052188255531e-01,1.501812052188255531e-01,1.000000000000001554e+00
1.000000000000001332e+00,8.418388455020391348e-01,8.418388455020391348e-01,1.000000000000001332e+00
1.000000000000001110e+00,8.110280937671475732e-01,8.110280937671475732e-01,1.000000000000001110e+00
1.000000000000001554e+00,-2.067095904574070553e-01,-2.067095904574070553e-01,1.000000000000001554e+00
