1.000000000000000000e+00,1.000000000000000000e+00,1.000000000000000000e+00,1.000000000000000000e+00
1.000000000000000000e+00,5.908289383805014339e-01,5.908289383805014339e-01,1.000000000000000000e+00
1.000000000000000000e+00,1.201075431340220545e-02,1.201075431340220545e-02,1.000000000000000000e+00
1.000000000000000222e+00,3.194253157930615483e-01,3.194253157930615483e-01,1.000000000000000222e+00
1.000000000000000000e+00,9.165389362832141451e-01,9.165389362832141451e-01,1.000000000000000000e+00
1.000000000000000000e+00,8.355073652543894003e-01,8.355073652543894003e-01,1.000000000000000000e+00
1.000000000000000222e+00,2.113894210915530092e-01,2.113894210915530092e-01,1.000000000000000222e+00
1.000000000000000000e+00,7.215066546651968671e-02,7.215066546651968671e-02,1.000000000000000000e+00
9.999999999999998890e-01,6.845968466890517412e-01,6.845968466890517412e-01,9.999999999999998890e-01
1.000000000000000222e+00,9.967297107227952591e-01,9.967297107227952591e-01,1.000000000000000222e+00
1.000000000000000000e+00,5.202016848901628299e-01,5.202016848901628299e-01,1.000000000000000000e+00
1.000000000000000000e+00,9.083678445555576353e-04,9.083678445555576353e-04,1.000000000000000000e+00
1.000000000000000222e+00,4.070095592527025463e-01,4.070095592527025463e-01,1.000000000000000222e+00
1.000000000000000000e+00,9.490052627615619407e-01,9.490052627615619407e-01,1.000000000000000000e+00
1.000000000000000444e+00,7.610239496359270106e-01,7.610239496359270106e-01,1.000000000000000444e+00
1.000000000000000444e+00,7.515482869848130743e-02,7.515482869848130743e-02,1.000000000000000444e+00
1.000000000000000444e+00,1.437910997168831140e-01,1.437910997168831140e-01,1.000000000000000444e+00
1.000000000000000222e+00,7.894783638451483565e-01,7.894783638451483565e-01,1.000000000000000222e+00
1.000000000000000222e+00,9.419829271006598947e-01,9.419829271006598947e-01,1.000000000000000222e+00
1.000000000000000444e+00,3.584198161866878340e-01,3.584198161866878340e-01,1.000000000000000444e+00
1.000000000000000444e+00,6.820034254201329249e-03,6.820034254201329249e-03,1.000000000000000444e+00
1.000000000000000000e+00,5.751286281573224635e-01,5.751286281573224635e-01,1.000000000000000000e+00
9.999999999999997780e-01,9.997961580453560426e-01,9.997961580453560426e-01,9.999999999999997780e-01
1.000000000000000000e+00,5.139312149719383882e-01,5.139312149719383882e-01,1.000000000000000000e+00
1.000000000000000000e+00,1.954564475735770523e-02,1.954564475735770523e-02,1.000000000000000000e+00
1.000000000000000000e+00,3.161660076683573961e-01,3.161660076683573961e-01,1.000000000000000000e+00
1.000000000000000222e+00,9.132080168457903380e-01,9.132080168457903380e-01,1.000000000000000222e+00
1.000000000000000444e+00,8.127680369127348037e-01,8.127680369127348037e-01,1.000000000000000444e+00
1.000000000000000444e+00,1.917332246878240554e-01,1.917332246878240554e-01,1.000000000000000444e+00
1.000000000000000444e+00,6.515402173629838978e-02,6.515402173629838978e-02,1.000000000000000444e+00
1.000000000000000666e+00,7.302456532242349585e-01,7.302456532242349585e-01,1.000000000000000666e+00
1.000000000000000888e+00,9.843268147350516806e-01,9.843268147350516806e-01,1.000000000000000888e+00
1.000000000000000888e+00,4.067284911465409714e-01,4.067284911465409714e-01,1.000000000000000888e+00
1.000000000000000888e+00,1.500029828521709518e-05,1.500029828521709518e-05,1.000000000000000888e+00
1.000000000000000888e+00,4.850395197839597605e-01,4.850395197839597605e-01,1.000000000000000888e+00
1.000000000000000888e+00,9.872332171243489718e-01,9.872332171243489718e-01,1.000000000000000888e+00
1.000000000000000888e+00,6.312464930631166427e-01,6.312464930631166427e-01,1.000000000000000888e+00
1.000000000000000888e+00,3.833612110894421554e-02,3.833612110894421554e-02,1.000000000000000888e+00
1.000000000000000444e+00,2.643918303186372221e-01,2.643918303186372221e-01,1.000000000000000444e+00
1.000000000000000666e+00,9.215723454545814430e-01,9.215723454545814430e-01,1.000000000000000666e+00
1.000000000000000666e+00,8.319092490539520268e-01,8.319092490539520268e-01,1.000000000000000666e+00
1.000000000000000444e+00,1.812447636766407189e-01,1.812447636766407189e-01,1.000000000000000444e+00
1.000000000000000888e+00,8.671539010543800885e-02,8.671539010543800885e-02,1.000000000000000888e+00
1.000000000000000888e+00,7.063026987536685786e-01,7.063026987536685786e-01,1.000000000000000888e+00
1.000000000000000666e+00,9.655118658778694130e-01,9.655118658778694130e-01,1.000000000000000666e+00
1.000000000000000444e+00,3.649177456903408556e-01,3.649177456903408556e-01,1.000000000000000444e+00
1.000000000000000444e+00,1.055485677318085402e-03,1.055485677318085402e-03,1.000000000000000444e+00
1.000000000000000444e+00,4.876192357019481505e-01,4.876192357019481505e-01,1.000000000000000444e+00
1.000000000000000444e+00,9.997216059696413248e-01,9.997216059696413248e-01,1.000000000000000444e+00
1.000000000000000666e+00,6.257689297705010256e-01,6.257689297705010256e-01,1.000000000000000666e+00
1.000000000000000444e+00,4.780201220161062192e-02,4.780201220161062192e-02,1.000000000000000444e+00
1.000000000000000666e+00,1.891728724457994448e-01,1.891728724457994448e-01,1.000000000000000666e+00
1.000000000000000444e+00,8.736530996262903415e-01,8.736530996262903415e-01,1.000000000000000444e+00
1.000000000000000444e+00,8.596577544773597035e-01,8.596577544773597035e-01,1.000000000000000444e+00
1.000000000000000666e+00,2.504504428067841348e-01,2.504504428067841348e-01,1.000000000000000666e+00
1.000000000000000444e+00,5.435344450207577061e-02,5.435344450207577061e-02,1.000000000000000444e+00
1.000000000000000444e+00,6.238778036581025255e-01,6.238778036581025255e-01,1.000000000000000444e+00
1.000000000000000444e+00,9.925624755806992106e-01,9.925624755806992106e-01,1.000000000000000444e+00
1.000000000000000666e+00,5.371212036930491651e-01,5.371212036930491651e-01,1.000000000000000666e+00
1.000000000000000888e+00,1.243401797195606284e-02,1.243401797195606284e-02,1.000000000000000888e+00
1.000000000000000888e+00,3.023245693660158162e-01,3.023245693660158162e-01,1.000000000000000888e+00
1.000000000000000888e+00,9.227364345609507801e-01,9.227364345609507801e-01,1.000000000000000888e+00
1.000000000000001110e+00,7.708609478900606549e-01,7.708609478900606549e-01,1.000000000000001110e+00
1.000000000000001110e+00,1.017106354801849827e-01,1.017106354801849827e-01,1.000000000000001110e+00
1.000000000000001110e+00,1.517266113359687640e-01,1.517266113359687640e-01,1.000000000000001110e+00
1.000000000000000888e+00,8.451578213219358426e-01,8.451578213219358426e-01,1.000000000000000888e+00
1.000000000000000888e+00,8.977412015120262989e-01,8.977412015120262989e-01,1.000000000000000888e+00
1.000000000000001110e+00,2.553588534390419662e-01,2.553588534390419662e-01,1.000000000000001110e+00
1.000000000000000888e+00,6.247538354633447311e-02,6.247538354633447311e-02,1.000000000000000888e+00
1.000000000000000888e+00,6.687969392284616177e-01,6.687969392284616177e-01,1.000000000000000888e+00
1.000000000000000888e+00,9.796498859495712530e-01,9.796498859495712530e-01,1.000000000000000888e+00
1.000000000000000888e+00,4.214724142962730236e-01,4.214724142962730236e-01,1.000000000000000888e+00
1.000000000000000888e+00,4.516228400789634723e-03,4.516228400789634723e-03,1.000000000000000888e+00
1.000000000000000888e+00,5.628810239393556847e-01,5.628810239393556847e-01,1.000000000000000888e+00
1.000000000000000666e+00,9.999991468679525486e-01,9.999991468679525486e-01,1.000000000000000666e+00
1.000000000000000444e+00,5.330339117423119610e-01,5.330339117423119610e-01,1.000000000000000444e+00
1.000000000000000444e+00,2.251028852295644533e-02,2.251028852295644533e-02,1.000000000000000444e+00
1.000000000000000444e+00,3.061920374967602720e-01,3.061920374967602720e-01,1.000000000000000444e+00
1.000000000000000222e+00,8.955044014774535821e-01,8.955044014774535821e-01,1.000000000000000222e+00
1.000000000000000222e+00,8.409398534947175596e-01,8.409398534947175596e-01,1.000000000000000222e+00
1.000000000000000444e+00,2.176025815641523531e-01,2.176025815641523531e-01,1.000000000000000444e+00
1.000000000000000222e+00,3.920525129479732196e-02,3.920525129479732196e-02,1.000000000000000222e+00
1.000000000000000000e+00,6.772949181435922172e-01,6.772949181435922172e-01,1.000000000000000000e+00
9.999999999999997780e-01,9.840143939576064813e-01,9.840143939576064813e-01,9.999999999999997780e-01
9.999999999999998890e-01,4.135453744801245723e-01,4.135453744801245723e-01,9.999999999999998890e-01
1.000000000000000000e+00,6.863741917195742559e-05,6.863741917195742559e-05,1.000000000000000000e+00
1.000000000000000000e+00,4.609967757325366122e-01,4.609967757325366122e-01,1.000000000000000000e+00
1.000000000000000222e+00,9.978131329935078231e-01,9.978131329935078231e-01,1.000000000000000222e+00
1.000000000000000000e+00,5.399410554904388038e-01,5.399410554904388038e-01,1.000000000000000000e+00
1.000000000000000000e+00,1.848357769414943341e-02,1.848357769414943341e-02,1.000000000000000000e+00
1.000000000000000000e+00,3.472983572348242731e-01,3.472983572348242731e-01,1.000000000000000000e+00
1.000000000000000222e+00,9.390748832028574800e-01,9.390748832028574800e-01,1.000000000000000222e+00
1.000000000000000444e+00,7.707215976825581016e-01,7.707215976825581016e-01,1.000000000000000444e+00
1.000000000000000444e+00,7.963937172367746564e-02,7.963937172367746564e-02,1.000000000000000444e+00
1.000000000000000444e+00,1.474184483776890542e-01,1.474184483776890542e-01,1.000000000000000444e+00
1.000000000000000444e+00,8.479070762893012869e-01,8.479070762893012869e-01,1.000000000000000444e+00
1.000000000000000666e+00,8.537113112894429978e-01,8.537113112894429978e-01,1.000000000000000666e+00
1.000000000000000666e+00,2.034148530440027525e-01,2.034148530440027525e-01,1.000000000000000666e+00
1.000000000000000888e+00,7.887499808914411048e-02,7.887499808914411048e-02,1.000000000000000888e+00
1.000000000000001110e+00,7.113646225703329495e-01,7.113646225703329495e-01,1.000000000000001110e+00
1.000000000000000888e+00,9.733686423637926133e-01,9.733686423637926133e-01,1.000000000000000888e+00
