1.000000000000000000e+00,1.000000000000000000e+00,1.000000000000000000e+00,1.000000000000000000e+00
1.000000000000000000e+00,4.581978326853760053e-01,4.581978326853760053e-01,1.000000000000000000e+00
9.999999999999998890e-01,6.958241981969148782e-05,6.958241981969148782e-05,9.999999999999998890e-01
1.000000000000000222e+00,3.456671796071717484e-01,3.456671796071717484e-01,1.000000000000000222e+00
1.000000000000000000e+00,8.752645339728276630e-01,8.752645339728276630e-01,1.000000000000000000e+00
1.000000000000000000e+00,9.455897092422443917e-01,9.455897092422443917e-01,1.000000000000000000e+00
1.000000000000000000e+00,3.767304078716872673e-01,3.767304078716872673e-01,1.000000000000000000e+00
1.000000000000000000e+00,1.335362532151154746e-02,1.335362532151154746e-02,1.000000000000000000e+00
1.000000000000000000e+00,6.781777042344758755e-01,6.781777042344758755e-01,1.000000000000000000e+00
1.000000000000000000e+00,9.343658007506312480e-01,9.343658007506312480e-01,1.000000000000000000e+00
1.000000000000000222e+00,2.372279305585101583e-01,2.372279305585101583e-01,1.000000000000000222e+00
1.000000000000000000e+00,3.746049953693175727e-02,3.746049953693175727e-02,1.000000000000000000e+00
1.000000000000000000e+00,5.228999347853164892e-01,5.228999347853164892e-01,1.000000000000000000e+00
1.000000000000000222e+00,9.663680676807732128e-01,9.663680676807732128e-01,1.000000000000000222e+00
1.000000000000000444e+00,8.259368925572445619e-01,8.259368925572445619e-01,1.000000000000000444e+00
1.000000000000000666e+00,1.775966673456525480e-01,1.775966673456525480e-01,1.000000000000000666e+00
1.000000000000000888e+00,1.304812493713182475e-01,1.304812493713182475e-01,1.000000000000000888e+00
1.000000000000000888e+00,8.897640174295502469e-01,8.897640174295502469e-01,1.000000000000000888e+00
1.000000000000000888e+00,7.595959942822800848e-01,7.595959942822800848e-01,1.000000000000000888e+00
1.000000000000000666e+00,7.823325210692547160e-02,7.823325210692547160e-02,1.000000000000000666e+00
1.000000000000000666e+00,1.439977596518979830e-01,1.439977596518979830e-01,1.000000000000000666e+00
1.000000000000000888e+00,6.940569025137073300e-01,6.940569025137073300e-01,1.000000000000000888e+00
1.000000000000001110e+00,9.999809980956102518e-01,9.999809980956102518e-01,1.000000000000001110e+00
1.000000000000000888e+00,6.490505639902958146e-01,6.490505639902958146e-01,1.000000000000000888e+00
1.000000000000000888e+00,3.932288109921611152e-02,3.932288109921611152e-02,1.000000000000000888e+00
1.000000000000001110e+00,3.460892046202853622e-01,3.460892046202853622e-01,1.000000000000001110e+00
1.000000000000001110e+00,9.944132831483905033e-01,9.944132831483905033e-01,1.000000000000001110e+00
1.000000000000001110e+00,5.269010251061619909e-01,5.269010251061619909e-01,1.000000000000001110e+00
1.000000000000001332e+00,4.629412386302073079e-03,4.629412386302073079e-03,1.000000000000001332e+00
1.000000000000001332e+00,2.968768565857274888e-01,2.968768565857274888e-01,1.000000000000001332e+00
1.000000000000001110e+00,8.403463603778573709e-01,8.403463603778573709e-01,1.000000000000001110e+00
1.000000000000001332e+00,9.675327605890166049e-01,9.675327605890166049e-01,1.000000000000001332e+00
1.000000000000001332e+00,4.383195980447328055e-01,4.383195980447328055e-01,1.000000000000001332e+00
1.000000000000001554e+00,1.986029858156268535e-03,1.986029858156268535e-03,1.000000000000001554e+00
1.000000000000001776e+00,6.058184712056222665e-01,6.058184712056222665e-01,1.000000000000001776e+00
1.000000000000001776e+00,9.659599648393607518e-01,9.659599648393607518e-01,1.000000000000001776e+00
1.000000000000001776e+00,2.956272054397138249e-01,2.956272054397138249e-01,1.000000000000001776e+00
1.000000000000001776e+00,1.883387060331326301e-02,1.883387060331326301e-02,1.000000000000001776e+00
1.000000000000001554e+00,4.719876363900755711e-01,4.719876363900755711e-01,1.000000000000001554e+00
1.000000000000001332e+00,9.457187501567436705e-01,9.457187501567436705e-01,1.000000000000001332e+00
1.000000000000001554e+00,8.666423606559243709e-01,8.666423606559243709e-01,1.000000000000001554e+00
1.000000000000001554e+00,2.302974322581702038e-01,2.302974322581702038e-01,1.000000000000001554e+00
1.000000000000001776e+00,8.532437980149629175e-02,8.532437980149629175e-02,1.000000000000001776e+00
1.000000000000001998e+00,8.381240989837289712e-01,8.381240989837289712e-01,1.000000000000001998e+00
1.000000000000001776e+00,8.180059282085235806e-01,8.180059282085235806e-01,1.000000000000001776e+00
1.000000000000001776e+00,1.155475851398657938e-01,1.155475851398657938e-01,1.000000000000001776e+00
1.000000000000001776e+00,1.077713824554209776e-01,1.077713824554209776e-01,1.000000000000001776e+00
1.000000000000001554e+00,6.469242184373487081e-01,6.469242184373487081e-01,1.000000000000001554e+00
1.000000000000001776e+00,9.968351693016113124e-01,9.968351693016113124e-01,1.000000000000001776e+00
1.000000000000001554e+00,7.043268245722196230e-01,7.043268245722196230e-01,1.000000000000001554e+00
1.000000000000001332e+00,7.002771042955152625e-02,7.002771042955152625e-02,1.000000000000001332e+00
1.000000000000001554e+00,2.771103977703627819e-01,2.771103977703627819e-01,1.000000000000001554e+00
1.000000000000001110e+00,9.776993706741052836e-01,9.776993706741052836e-01,1.000000000000001110e+00
1.000000000000001332e+00,5.957866816172590063e-01,5.957866816172590063e-01,1.000000000000001332e+00
1.000000000000001332e+00,1.645512178234009859e-02,1.645512178234009859e-02,1.000000000000001332e+00
1.000000000000001110e+00,2.498890903586901135e-01,2.498890903586901135e-01,1.000000000000001110e+00
1.000000000000001110e+00,8.020717712651630471e-01,8.020717712651630471e-01,1.000000000000001110e+00
1.000000000000001110e+00,9.838299867160908985e-01,9.838299867160908985e-01,1.000000000000001110e+00
1.000000000000000888e+00,5.000718574209823686e-01,5.000718574209823686e-01,1.000000000000000888e+00
1.000000000000001110e+00,6.774644016311615058e-04,6.774644016311615058e-04,1.000000000000001110e+00
1.000000000000000888e+00,5.311805327287544287e-01,5.311805327287544287e-01,1.000000000000000888e+00
1.000000000000001110e+00,9.875929538823513543e-01,9.875929538823513543e-01,1.000000000000001110e+00
1.000000000000000888e+00,3.583379540953187670e-01,3.583379540953187670e-01,1.000000000000000888e+00
1.000000000000001332e+00,6.359720910399463412e-03,6.359720910399463412e-03,1.000000000000001332e+00
1.000000000000001332e+00,4.210428006739949103e-01,4.210428006739949103e-01,1.000000000000001332e+00
1.000000000000001332e+00,9.206197006682842465e-01,9.206197006682842465e-01,1.000000000000001332e+00
1.000000000000001554e+00,9.022540679359541960e-01,9.022540679359541960e-01,1.000000000000001554e+00
1.000000000000001776e+00,2.869043985789638262e-01,2.869043985789638262e-01,1.000000000000001776e+00
1.000000000000001776e+00,4.924412760567306591e-02,4.924412760567306591e-02,1.000000000000001776e+00
1.000000000000001998e+00,7.787273544583042106e-01,7.787273544583042106e-01,1.000000000000001998e+00
1.000000000000001998e+00,8.702665878176899517e-01,8.702665878176899517e-01,1.000000000000001998e+00
1.000000000000001998e+00,1.596144312176616675e-01,1.596144312176616675e-01,1.000000000000001998e+00
1.000000000000001998e+00,7.590045610627049744e-02,7.590045610627049744e-02,1.000000000000001998e+00
1.000000000000001998e+00,5.981584809289139937e-01,5.981584809289139937e-01,1.000000000000001998e+00
1.000000000000001776e+00,9.884220555003628839e-01,9.884220555003628839e-01,1.000000000000001776e+00
1.000000000000001998e+00,7.560913378371986182e-01,7.560913378371986182e-01,1.000000000000001998e+00
1.000000000000002220e+00,1.082561720682649747e-01,1.082561720682649747e-01,1.000000000000002220e+00
1.000000000000001998e+00,2.133669828280918557e-01,2.133669828280918557e-01,1.000000000000001998e+00
1.000000000000002220e+00,9.501394697361229547e-01,9.501394697361229547e-01,1.000000000000002220e+00
1.000000000000001998e+00,6.634664551939269961e-01,6.634664551939269961e-01,1.000000000000001998e+00
1.000000000000001998e+00,3.565634534655956478e-02,3.565634534655956478e-02,1.000000000000001998e+00
1.000000000000002220e+00,2.052631313264625668e-01,2.052631313264625668e-01,1.000000000000002220e+00
1.000000000000002220e+00,7.607933514793852048e-01,7.607933514793852048e-01,1.000000000000002220e+00
1.000000000000002220e+00,9.944772387893840992e-01,9.944772387893840992e-01,1.000000000000002220e+00
1.000000000000002220e+00,5.610266491856719107e-01,5.610266491856719107e-01,1.000000000000002220e+00
1.000000000000002220e+00,9.184843001569187315e-03,9.184843001569187315e-03,1.000000000000002220e+00
1.000000000000002665e+00,4.560167990691845752e-01,4.560167990691845752e-01,1.000000000000002665e+00
1.000000000000002665e+00,9.986099266683550191e-01,9.986099266683550191e-01,1.000000000000002665e+00
1.000000000000002442e+00,4.243295504478143965e-01,4.243295504478143965e-01,1.000000000000002442e+00
1.000000000000002442e+00,4.511331127274864627e-04,4.511331127274864627e-04,1.000000000000002442e+00
1.000000000000002665e+00,3.705671102382100957e-01,3.705671102382100957e-01,1.000000000000002665e+00
1.000000000000002220e+00,8.913594729321651089e-01,8.913594729321651089e-01,1.000000000000002220e+00
1.000000000000002220e+00,9.325192281079415224e-01,9.325192281079415224e-01,1.000000000000002220e+00
1.000000000000002220e+00,3.463147403342173858e-01,3.463147403342173858e-01,1.000000000000002220e+00
1.000000000000002220e+00,2.282485481467302901e-02,2.282485481467302901e-02,1.000000000000002220e+00
1.000000000000002220e+00,7.129653815741259226e-01,7.129653815741259226e-01,1.000000000000002220e+00
1.000000000000002220e+00,9.150992883004013256e-01,9.150992883004013256e-01,1.000000000000002220e+00
1.000000000000001998e+00,2.099284378270019902e-01,2.099284378270019902e-01,1.000000000000001998e+00
1.000000000000002220e+00,4.893649181095868772e-02,4.893649181095868772e-02,1.000000000000002220e+00
1.000000000000002220e+00,5.481924847245084331e-01,5.481924847245084331e-01,1.000000000000002220e+00
1.000000000000001776e+00,9.749398089165968173e-01,9.749398089165968173e-01,1.000000000000001776e+00
