1.000000000000000000e+00,1.000000000000000000e+00,1.000000000000000000e+00,1.000000000000000000e+00
1.000000000000000000e+00,5.447165901653754361e-01,5.447165901653754361e-01,1.000000000000000000e+00
1.000000000000000444e+00,5.697376290469957638e-07,5.697376290469957638e-07,1.000000000000000444e+00
1.000000000000000444e+00,5.820632385944892739e-01,5.820632385944892739e-01,1.000000000000000444e+00
1.000000000000000888e+00,9.836943288502255633e-01,9.836943288502255633e-01,1.000000000000000888e+00
1.000000000000000888e+00,4.170053327252366548e-01,4.170053327252366548e-01,1.000000000000000888e+00
1.000000000000000888e+00,3.671778522549323798e-03,3.671778522549323798e-03,1.000000000000000888e+00
1.000000000000001332e+00,2.485951938145519180e-01,2.485951938145519180e-01,1.000000000000001332e+00
1.000000000000001332e+00,8.068387896250314162e-01,8.068387896250314162e-01,1.000000000000001332e+00
1.000000000000001332e+00,9.547863063737384026e-01,9.547863063737384026e-01,1.000000000000001332e+00
1.000000000000001110e+00,3.049802097105566712e-01,3.049802097105566712e-01,1.000000000000001110e+00
1.000000000000001110e+00,6.815011923185831932e-02,6.815011923185831932e-02,1.000000000000001110e+00
1.000000000000000888e+00,8.162042948762984196e-01,8.162042948762984196e-01,1.000000000000000888e+00
1.000000000000000888e+00,8.729293860963505125e-01,8.729293860963505125e-01,1.000000000000000888e+00
1.000000000000000888e+00,2.275693019884711954e-01,2.275693019884711954e-01,1.000000000000000888e+00
1.000000000000000888e+00,1.432475443839320572e-02,1.432475443839320572e-02,1.000000000000000888e+00
1.000000000000000888e+00,4.131445330744924482e-01,4.131445330744924482e-01,1.000000000000000888e+00
1.000000000000000888e+00,9.331542797324483551e-01,9.331542797324483551e-01,1.000000000000000888e+00
1.000000000000001332e+00,8.198173117085632011e-01,8.198173117085632011e-01,1.000000000000001332e+00
1.000000000000001110e+00,1.065154483577982619e-01,1.065154483577982619e-01,1.000000000000001110e+00
1.000000000000001110e+00,2.545769703104882598e-01,2.545769703104882598e-01,1.000000000000001110e+00
1.000000000000000888e+00,9.648578016193222195e-01,9.648578016193222195e-01,1.000000000000000888e+00
1.000000000000000888e+00,6.891359120294846541e-01,6.891359120294846541e-01,1.000000000000000888e+00
1.000000000000000888e+00,8.812358590607316522e-02,8.812358590607316522e-02,1.000000000000000888e+00
1.000000000000000888e+00,8.553835276126789400e-02,8.553835276126789400e-02,1.000000000000000888e+00
1.000000000000000888e+00,5.914935696197137771e-01,5.914935696197137771e-01,1.000000000000000888e+00
1.000000000000000888e+00,9.964712444994772156e-01,9.964712444994772156e-01,1.000000000000000888e+00
1.000000000000000666e+00,6.122873921579305989e-01,6.122873921579305989e-01,1.000000000000000666e+00
1.000000000000000666e+00,5.457081690958209830e-03,5.457081690958209830e-03,1.000000000000000666e+00
1.000000000000000888e+00,5.074529419466696778e-01,5.074529419466696778e-01,1.000000000000000888e+00
1.000000000000000888e+00,9.965413348897289580e-01,9.965413348897289580e-01,1.000000000000000888e+00
1.000000000000000444e+00,4.768603559560024019e-01,4.768603559560024019e-01,1.000000000000000444e+00
1.000000000000000444e+00,1.275911073545832330e-02,1.275911073545832330e-02,1.000000000000000444e+00
1.000000000000000222e+00,2.066796680937732500e-01,2.066796680937732500e-01,1.000000000000000222e+00
1.000000000000000222e+00,7.625902521267524659e-01,7.625902521267524659e-01,1.000000000000000222e+00
1.000000000000000444e+00,9.770586751732359687e-01,9.770586751732359687e-01,1.000000000000000444e+00
1.000000000000000444e+00,3.719621819400146245e-01,3.719621819400146245e-01,1.000000000000000444e+00
1.000000000000000444e+00,3.516279050823103991e-02,3.516279050823103991e-02,1.000000000000000444e+00
1.000000000000000222e+00,7.558192087582289442e-01,7.558192087582289442e-01,1.000000000000000222e+00
1.000000000000000222e+00,9.138645929128784706e-01,9.138645929128784706e-01,1.000000000000000222e+00
1.000000000000000000e+00,2.775242828305845011e-01,2.775242828305845011e-01,1.000000000000000000e+00
1.000000000000000000e+00,4.731989337951020280e-03,4.731989337951020280e-03,1.000000000000000000e+00
1.000000000000000000e+00,3.638853574449363304e-01,3.638853574449363304e-01,1.000000000000000000e+00
1.000000000000000000e+00,9.024564937045527202e-01,9.024564937045527202e-01,1.000000000000000000e+00
1.000000000000000000e+00,8.669657719918238969e-01,8.669657719918238969e-01,1.000000000000000000e+00
1.000000000000000000e+00,1.554742501780359554e-01,1.554742501780359554e-01,1.000000000000000000e+00
9.999999999999997780e-01,1.917144558809573129e-01,1.917144558809573129e-01,9.999999999999997780e-01
1.000000000000000000e+00,9.335933708627358607e-01,9.335933708627358607e-01,1.000000000000000000e+00
1.000000000000000222e+00,7.465361540868568069e-01,7.465361540868568069e-01,1.000000000000000222e+00
1.000000000000000222e+00,1.218143117732325142e-01,1.218143117732325142e-01,1.000000000000000222e+00
1.000000000000000222e+00,5.956529431708040834e-02,5.956529431708040834e-02,1.000000000000000222e+00
1.000000000000000222e+00,5.402937846349190609e-01,5.402937846349190609e-01,1.000000000000000222e+00
1.000000000000000222e+00,9.861157912433611283e-01,9.861157912433611283e-01,1.000000000000000222e+00
1.000000000000000444e+00,6.770678312840021640e-01,6.770678312840021640e-01,1.000000000000000444e+00
1.000000000000000222e+00,2.183253147223415680e-02,2.183253147223415680e-02,1.000000000000000222e+00
1.000000000000000222e+00,4.324405995538216918e-01,4.324405995538216918e-01,1.000000000000000222e+00
1.000000000000000666e+00,9.998780745749653587e-01,9.998780745749653587e-01,1.000000000000000666e+00
1.000000000000000666e+00,5.378433278454620714e-01,5.378433278454620714e-01,1.000000000000000666e+00
1.000000000000000888e+00,2.739122535945789916e-02,2.739122535945789916e-02,1.000000000000000888e+00
1.000000000000001110e+00,1.677264800274349543e-01,1.677264800274349543e-01,1.000000000000001110e+00
1.000000000000000888e+00,7.158004916331612844e-01,7.158004916331612844e-01,1.000000000000000888e+00
1.000000000000001110e+00,9.918083909109760565e-01,9.918083909109760565e-01,1.000000000000001110e+00
1.000000000000001110e+00,4.408703758417620300e-01,4.408703758417620300e-01,1.000000000000001110e+00
1.000000000000000888e+00,1.278575118325400717e-02,1.278575118325400717e-02,1.000000000000000888e+00
1.000000000000000888e+00,6.895038562908338831e-01,6.895038562908338831e-01,1.000000000000000888e+00
1.000000000000000888e+00,9.478049622187426637e-01,9.478049622187426637e-01,1.000000000000000888e+00
1.000000000000000888e+00,3.311250280667086265e-01,3.311250280667086265e-01,1.000000000000000888e+00
1.000000000000000888e+00,3.012967370469576966e-04,3.012967370469576966e-04,1.000000000000000888e+00
1.000000000000001110e+00,3.162142664809757253e-01,3.162142664809757253e-01,1.000000000000001110e+00
1.000000000000001110e+00,8.671523073946078020e-01,8.671523073946078020e-01,1.000000000000001110e+00
1.000000000000001110e+00,9.074522043524211323e-01,9.074522043524211323e-01,1.000000000000001110e+00
1.000000000000000888e+00,2.113059146032859881e-01,2.113059146032859881e-01,1.000000000000000888e+00
1.000000000000000888e+00,1.358890015149400998e-01,1.358890015149400998e-01,1.000000000000000888e+00
1.000000000000000888e+00,8.930038825536242841e-01,8.930038825536242841e-01,1.000000000000000888e+00
1.000000000000000888e+00,8.005633893245654997e-01,8.005633893245654997e-01,1.000000000000000888e+00
1.000000000000001332e+00,1.605818218713815360e-01,1.605818218713815360e-01,1.000000000000001332e+00
1.000000000000001332e+00,3.796624446821536547e-02,3.796624446821536547e-02,1.000000000000001332e+00
1.000000000000001554e+00,4.890411273521520497e-01,4.890411273521520497e-01,1.000000000000001554e+00
1.000000000000001554e+00,9.693361617423812415e-01,9.693361617423812415e-01,1.000000000000001554e+00
1.000000000000001776e+00,7.379394805418417747e-01,7.379394805418417747e-01,1.000000000000001776e+00
1.000000000000001776e+00,4.860238770237781947e-02,4.860238770237781947e-02,1.000000000000001776e+00
1.000000000000001776e+00,3.587740152469012234e-01,3.587740152469012234e-01,1.000000000000001776e+00
1.000000000000001998e+00,9.933580509176633822e-01,9.933580509176633822e-01,1.000000000000001998e+00
1.000000000000001776e+00,5.990493744388866171e-01,5.990493744388866171e-01,1.000000000000001776e+00
1.000000000000001998e+00,4.757362094807726649e-02,4.757362094807726649e-02,1.000000000000001998e+00
1.000000000000001998e+00,1.320833346911007289e-01,1.320833346911007289e-01,1.000000000000001998e+00
1.000000000000001998e+00,6.670517102495401307e-01,6.670517102495401307e-01,1.000000000000001998e+00
1.000000000000001776e+00,9.990995150879190545e-01,9.990995150879190545e-01,1.000000000000001776e+00
1.000000000000001998e+00,5.102683131706735598e-01,5.102683131706735598e-01,1.000000000000001998e+00
1.000000000000001776e+00,1.459442088293960715e-03,1.459442088293960715e-03,1.000000000000001776e+00
1.000000000000001554e+00,6.186801884552101116e-01,6.186801884552101116e-01,1.000000000000001554e+00
1.000000000000001554e+00,9.738646719148469355e-01,9.738646719148469355e-01,1.000000000000001554e+00
1.000000000000001332e+00,3.877626555438705158e-01,3.877626555438705158e-01,1.000000000000001332e+00
1.000000000000001332e+00,1.191589359106015600e-03,1.191589359106015600e-03,1.000000000000001332e+00
1.000000000000001554e+00,2.705498719512811623e-01,2.705498719512811623e-01,1.000000000000001554e+00
1.000000000000001554e+00,8.278255087723965788e-01,8.278255087723965788e-01,1.000000000000001554e+00
1.000000000000001332e+00,9.408439476654717470e-01,9.408439476654717470e-01,1.000000000000001332e+00
1.000000000000001332e+00,2.726674684714532337e-01,2.726674684714532337e-01,1.000000000000001332e+00
1.000000000000001332e+00,8.840937113090421851e-02,8.840937113090421851e-02,1.000000000000001332e+00
1.000000000000001110e+00,8.437772704375664512e-01,8.437772704375664512e-01,1.000000000000001110e+00
1.000000000000001110e+00,8.501409593846528390e-01,8.501409593846528390e-01,1.000000000000001110e+00
