1.000000000000000000e+00,1.000000000000000000e+00,1.000000000000000000e+00,1.000000000000000000e+00
1.000000000000000000e+00,4.768372151647884416e-01,4.768372151647884416e-01,1.000000000000000000e+00
1.000000000000000000e+00,1.083643607750178761e-02,1.083643607750178761e-02,1.000000000000000000e+00
9.999999999999998890e-01,6.048850536708223480e-01,6.048850536708223480e-01,9.999999999999998890e-01
1.000000000000000222e+00,9.988377531864155445e-01,9.988377531864155445e-01,1.000000000000000222e+00
1.000000000000000222e+00,7.321590015779777527e-01,7.321590015779777527e-01,1.000000000000000222e+00
1.000000000000000000e+00,1.362917520617073219e-01,1.362917520617073219e-01,1.000000000000000000e+00
9.999999999999998890e-01,1.602579525187261544e-01,1.602579525187261544e-01,9.999999999999998890e-01
1.000000000000000000e+00,9.170549002451674481e-01,9.170549002451674481e-01,1.000000000000000000e+00
9.999999999999998890e-01,7.586905182600607311e-01,7.586905182600607311e-01,9.999999999999998890e-01
1.000000000000000000e+00,1.461301577118652717e-01,1.461301577118652717e-01,1.000000000000000000e+00
1.000000000000000222e+00,3.463861843860449596e-02,3.463861843860449596e-02,1.000000000000000222e+00
1.000000000000000000e+00,5.325349072202266720e-01,5.325349072202266720e-01,1.000000000000000000e+00
1.000000000000000000e+00,9.997103632719923638e-01,9.997103632719923638e-01,1.000000000000000000e+00
1.000000000000000222e+00,4.052196458472943630e-01,4.052196458472943630e-01,1.000000000000000222e+00
1.000000000000000444e+00,1.746693898393025801e-02,1.746693898393025801e-02,1.000000000000000444e+00
1.000000000000000444e+00,5.329064418854926322e-01,5.329064418854926322e-01,1.000000000000000444e+00
1.000000000000000444e+00,9.719359147303543445e-01,9.719359147303543445e-01,1.000000000000000444e+00
1.000000000000000444e+00,8.134661866991348411e-01,8.134661866991348411e-01,1.000000000000000444e+00
1.000000000000000444e+00,1.345415665271037509e-01,1.345415665271037509e-01,1.000000000000000444e+00
1.000000000000000666e+00,2.147675993833428332e-01,2.147675993833428332e-01,1.000000000000000666e+00
1.000000000000000888e+00,9.379725514684036369e-01,9.379725514684036369e-01,1.000000000000000888e+00
1.000000000000000888e+00,8.063504113940291873e-01,8.063504113940291873e-01,1.000000000000000888e+00
1.000000000000001110e+00,2.495668341127251222e-01,2.495668341127251222e-01,1.000000000000001110e+00
1.000000000000001110e+00,6.142604304282872629e-03,6.142604304282872629e-03,1.000000000000001110e+00
1.000000000000001110e+00,5.198646720068327287e-01,5.198646720068327287e-01,1.000000000000001110e+00
1.000000000000001332e+00,9.932121076404327731e-01,9.932121076404327731e-01,1.000000000000001332e+00
1.000000000000001554e+00,3.557675377536376193e-01,3.557675377536376193e-01,1.000000000000001554e+00
1.000000000000001332e+00,8.116454284756047244e-03,8.116454284756047244e-03,1.000000000000001332e+00
1.000000000000001110e+00,4.082702662914853287e-01,4.082702662914853287e-01,1.000000000000001110e+00
1.000000000000000888e+00,9.200508751034318644e-01,9.200508751034318644e-01,1.000000000000000888e+00
1.000000000000001332e+00,8.350487944052686906e-01,8.350487944052686906e-01,1.000000000000001332e+00
1.000000000000001332e+00,9.708997825282018879e-02,9.708997825282018879e-02,1.000000000000001332e+00
1.000000000000001110e+00,2.656014978855832931e-01,2.656014978855832931e-01,1.000000000000001110e+00
1.000000000000000888e+00,9.245381506930390181e-01,9.245381506930390181e-01,1.000000000000000888e+00
1.000000000000000888e+00,8.898493345725597692e-01,8.898493345725597692e-01,1.000000000000000888e+00
1.000000000000001110e+00,3.653203902614398091e-01,3.653203902614398091e-01,1.000000000000001110e+00
1.000000000000001332e+00,1.178912653710423308e-03,1.178912653710423308e-03,1.000000000000001332e+00
1.000000000000001332e+00,5.694979262570826206e-01,5.694979262570826206e-01,1.000000000000001332e+00
1.000000000000001332e+00,9.780880378705538725e-01,9.780880378705538725e-01,1.000000000000001332e+00
1.000000000000001776e+00,3.662685268673931960e-01,3.662685268673931960e-01,1.000000000000001776e+00
1.000000000000001776e+00,3.003981629862151337e-04,3.003981629862151337e-04,1.000000000000001776e+00
1.000000000000001554e+00,2.837800353133552722e-01,2.837800353133552722e-01,1.000000000000001554e+00
1.000000000000001776e+00,8.848383280149385577e-01,8.848383280149385577e-01,1.000000000000001776e+00
1.000000000000001554e+00,8.050029871203399079e-01,8.050029871203399079e-01,1.000000000000001554e+00
1.000000000000001332e+00,5.954505014460292900e-02,5.954505014460292900e-02,1.000000000000001332e+00
1.000000000000001110e+00,2.693569279203376077e-01,2.693569279203376077e-01,1.000000000000001110e+00
1.000000000000001332e+00,8.663464417220104741e-01,8.663464417220104741e-01,1.000000000000001332e+00
1.000000000000001332e+00,9.590160699175366288e-01,9.590160699175366288e-01,1.000000000000001332e+00
1.000000000000001110e+00,4.381687165807831574e-01,4.381687165807831574e-01,1.000000000000001110e+00
1.000000000000001332e+00,3.732633226312537245e-03,3.732633226312537245e-03,1.000000000000001332e+00
1.000000000000001332e+00,6.401065986585171563e-01,6.401065986585171563e-01,1.000000000000001332e+00
1.000000000000001332e+00,9.723146116395553484e-01,9.723146116395553484e-01,1.000000000000001332e+00
1.000000000000001332e+00,4.476449150638005525e-01,4.476449150638005525e-01,1.000000000000001332e+00
1.000000000000001332e+00,2.308090437809384721e-02,2.308090437809384721e-02,1.000000000000001332e+00
1.000000000000001554e+00,2.080295644456754967e-01,2.080295644456754967e-01,1.000000000000001554e+00
1.000000000000001554e+00,8.930713705888237985e-01,8.930713705888237985e-01,1.000000000000001554e+00
1.000000000000001554e+00,7.451507861296732260e-01,7.451507861296732260e-01,1.000000000000001554e+00
1.000000000000001332e+00,4.539845837100822679e-02,4.539845837100822679e-02,1.000000000000001332e+00
1.000000000000000888e+00,2.107788894284258752e-01,2.107788894284258752e-01,1.000000000000000888e+00
1.000000000000001110e+00,7.635709746615504390e-01,7.635709746615504390e-01,1.000000000000001110e+00
1.000000000000001110e+00,9.893958652714396340e-01,9.893958652714396340e-01,1.000000000000001110e+00
1.000000000000000666e+00,4.397663023049103170e-01,4.397663023049103170e-01,1.000000000000000666e+00
1.000000000000000888e+00,1.683088877310123799e-02,1.683088877310123799e-02,1.000000000000000888e+00
1.000000000000000888e+00,6.813122380049030369e-01,6.813122380049030369e-01,1.000000000000000888e+00
1.000000000000001110e+00,9.871547095981709763e-01,9.871547095981709763e-01,1.000000000000001110e+00
1.000000000000001110e+00,5.767445096830218221e-01,5.767445096830218221e-01,1.000000000000001110e+00
1.000000000000000888e+00,6.815088574622588102e-02,6.815088574622588102e-02,1.000000000000000888e+00
1.000000000000001110e+00,1.943918655579321697e-01,1.943918655579321697e-01,1.000000000000001110e+00
1.000000000000000666e+00,9.292018336135534629e-01,9.292018336135534629e-01,1.000000000000000666e+00
1.000000000000000666e+00,6.971677781361259596e-01,6.971677781361259596e-01,1.000000000000000666e+00
1.000000000000000888e+00,6.250395379973372467e-02,6.250395379973372467e-02,1.000000000000000888e+00
1.000000000000000888e+00,1.200178075816614037e-01,1.200178075816614037e-01,1.000000000000000888e+00
1.000000000000000888e+00,6.543903030561480927e-01,6.543903030561480927e-01,1.000000000000000888e+00
1.000000000000001110e+00,9.950499138205246563e-01,9.950499138205246563e-01,1.000000000000001110e+00
1.000000000000001110e+00,3.842361750247137442e-01,3.842361750247137442e-01,1.000000000000001110e+00
1.000000000000001110e+00,3.630061047267391094e-02,3.630061047267391094e-02,1.000000000000001110e+00
1.000000000000001554e+00,6.604422299931311802e-01,6.604422299931311802e-01,1.000000000000001554e+00
1.000000000000001776e+00,9.999984573946001376e-01,9.999984573946001376e-01,1.000000000000001776e+00
1.000000000000001554e+00,6.990398449015737814e-01,6.990398449015737814e-01,1.000000000000001554e+00
1.000000000000001776e+00,9.455604329130855301e-02,9.455604329130855301e-02,1.000000000000001776e+00
1.000000000000001776e+00,2.329336809754067872e-01,2.329336809754067872e-01,1.000000000000001776e+00
1.000000000000001776e+00,9.598199278177483862e-01,9.598199278177483862e-01,1.000000000000001776e+00
1.000000000000001776e+00,7.032689446314686066e-01,7.032689446314686066e-01,1.000000000000001776e+00
1.000000000000001998e+00,1.222507894256869149e-01,1.222507894256869149e-01,1.000000000000001998e+00
1.000000000000002220e+00,4.819043152050234147e-02,4.819043152050234147e-02,1.000000000000002220e+00
1.000000000000002220e+00,5.926596179521926855e-01,5.926596179521926855e-01,1.000000000000002220e+00
1.000000000000001776e+00,9.887477080935496154e-01,9.887477080935496154e-01,1.000000000000001776e+00
1.000000000000001998e+00,3.164386112193000034e-01,3.164386112193000034e-01,1.000000000000001998e+00
1.000000000000001776e+00,3.947772000134236459e-02,3.947772000134236459e-02,1.000000000000001776e+00
1.000000000000001998e+00,5.705985867060446859e-01,5.705985867060446859e-01,1.000000000000001998e+00
1.000000000000001998e+00,9.815810515831684402e-01,9.815810515831684402e-01,1.000000000000001998e+00
1.000000000000002220e+00,7.681574641258726022e-01,7.681574641258726022e-01,1.000000000000002220e+00
1.000000000000002220e+00,8.146740152491568909e-02,8.146740152491568909e-02,1.000000000000002220e+00
1.000000000000002442e+00,2.967171705860832676e-01,2.967171705860832676e-01,1.000000000000002442e+00
1.000000000000002220e+00,9.681485447775691755e-01,9.681485447775691755e-01,1.000000000000002220e+00
1.000000000000002220e+00,7.726824898755877413e-01,7.726824898755877413e-01,1.000000000000002220e+00
1.000000000000002220e+00,2.232770826846829926e-01,2.232770826846829926e-01,1.000000000000002220e+00
1.000000000000002220e+00,1.668236860309116332e-02,1.668236860309116332e-02,1.000000000000002220e+00
1.000000000000002220e+00,6.015955847937080048e-01,6.015955847937080048e-01,1.000000000000002220e+00
1.000000000000001998e+00,9.688096180773337895e-01,9.688096180773337895e-01,1.000000000000001998e+00
