1.000000000000000000e+00,1.000000000000000000e+00,1.000000000000000000e+00,1.000000000000000000e+00
9.999999999999997780e-01,5.922023168736533227e-01,5.922023168736533227e-01,9.999999999999997780e-01
9.999999999999995559e-01,-4.286810228426174429e-01,-4.286810228426174429e-01,9.999999999999995559e-01
1.000000000000000000e+00,-9.870102074580723306e-01,-9.870102074580723306e-01,1.000000000000000000e+00
9.999999999999995559e-01,-2.653443403849634064e-01,-2.653443403849634064e-01,9.999999999999995559e-01
9.999999999999995559e-01,7.662163891649810266e-01,7.662163891649810266e-01,9.999999999999995559e-01
9.999999999999992228e-01,9.524563268565381380e-01,9.524563268565381380e-01,9.999999999999992228e-01
9.999999999999992228e-01,3.752938777111701762e-01,3.752938777111701762e-01,9.999999999999992228e-01
9.999999999999991118e-01,-4.175422716163382231e-01,-4.175422716163382231e-01,9.999999999999991118e-01
9.999999999999991118e-01,-9.564044290575335339e-01,-9.564044290575335339e-01,9.999999999999991118e-01
9.999999999999988898e-01,-7.560557437619913612e-01,-7.560557437619913612e-01,9.999999999999988898e-01
9.999999999999995559e-01,2.565350807048153992e-01,2.565350807048153992e-01,9.999999999999995559e-01
1.000000000000000000e+00,9.947656050896610536e-01,9.947656050896610536e-01,1.000000000000000000e+00
1.000000000000000222e+00,4.496237510069938659e-01,4.496237510069938659e-01,1.000000000000000222e+00
1.000000000000000444e+00,-5.957726981206090677e-01,-5.957726981206090677e-01,1.000000000000000444e+00
1.000000000000000222e+00,-9.938247512834624819e-01,-9.938247512834624819e-01,1.000000000000000222e+00
1.000000000000000666e+00,-6.268596784849602699e-01,-6.268596784849602699e-01,1.000000000000000666e+00
1.000000000000000666e+00,1.389492795397618830e-01,1.389492795397618830e-01,1.000000000000000666e+00
1.000000000000000666e+00,8.561636839877651006e-01,8.561636839877651006e-01,1.000000000000000666e+00
1.000000000000001110e+00,8.864020226353722665e-01,8.864020226353722665e-01,1.000000000000001110e+00
1.000000000000000666e+00,-6.487665441671491839e-02,-6.487665441671491839e-02,1.000000000000000666e+00
1.000000000000000888e+00,-9.521654559539803886e-01,-9.521654559539803886e-01,1.000000000000000888e+00
1.000000000000000888e+00,-6.070690450451945441e-01,-6.070690450451945441e-01,1.000000000000000888e+00
1.000000000000001332e+00,3.957071213044292546e-01,3.957071213044292546e-01,1.000000000000001332e+00
1.000000000000000666e+00,9.709222926926563968e-01,9.709222926926563968e-01,1.000000000000000666e+00
1.000000000000000666e+00,8.329074252974316694e-01,8.329074252974316694e-01,1.000000000000000666e+00
1.000000000000000444e+00,1.541090241822975493e-01,1.541090241822975493e-01,1.000000000000000444e+00
1.000000000000000444e+00,-6.932896049595209664e-01,-6.932896049595209664e-01,1.000000000000000444e+00
1.000000000000000888e+00,-9.547106389441180063e-01,-9.547106389441180063e-01,1.000000000000000888e+00
1.000000000000000888e+00,-1.027624540155464006e-01,-1.027624540155464006e-01,1.000000000000000888e+00
1.000000000000000666e+00,8.977374876530962444e-01,8.977374876530962444e-01,1.000000000000000666e+00
1.000000000000001110e+00,7.658159759731761884e-01,7.658159759731761884e-01,1.000000000000001110e+00
1.000000000000001110e+00,-1.466366240207785943e-01,-1.466366240207785943e-01,1.000000000000001110e+00
1.000000000000000888e+00,-8.573893161092471793e-01,-8.573893161092471793e-01,1.000000000000000888e+00
1.000000000000001332e+00,-9.548287885341590897e-01,-9.548287885341590897e-01,1.000000000000001332e+00
1.000000000000000888e+00,-4.167569229037172973e-01,-4.167569229037172973e-01,1.000000000000000888e+00
1.000000000000000666e+00,5.118860519466514880e-01,5.118860519466514880e-01,1.000000000000000666e+00
1.000000000000000888e+00,9.970112403013016156e-01,9.970112403013016156e-01,1.000000000000000888e+00
1.000000000000000666e+00,2.843568109323803550e-01,2.843568109323803550e-01,1.000000000000000666e+00
1.000000000000000888e+00,-7.913575439900641939e-01,-7.913575439900641939e-01,1.000000000000000888e+00
1.000000000000000888e+00,-8.819224841569686113e-01,-8.819224841569686113e-01,1.000000000000000888e+00
1.000000000000001110e+00,-1.125690522841695795e-01,-1.125690522841695795e-01,1.000000000000001110e+00
1.000000000000000666e+00,6.752139783716184507e-01,6.752139783716184507e-01,1.000000000000000666e+00
1.000000000000000444e+00,9.999225344961142348e-01,9.999225344961142348e-01,1.000000000000000444e+00
1.000000000000000444e+00,6.478383290007991846e-01,6.478383290007991846e-01,1.000000000000000444e+00
1.000000000000001110e+00,-3.001734630749805510e-01,-3.001734630749805510e-01,1.000000000000001110e+00
1.000000000000000888e+00,-9.834317107191699048e-01,-9.834317107191699048e-01,1.000000000000000888e+00
1.000000000000000888e+00,-4.376034652029655025e-01,-4.376034652029655025e-01,1.000000000000000888e+00
1.000000000000001110e+00,6.705474117913340359e-01,6.705474117913340359e-01,1.000000000000001110e+00
1.000000000000001110e+00,9.712856050732765478e-01,9.712856050732765478e-01,1.000000000000001110e+00
1.000000000000001332e+00,3.859593533100472151e-01,3.859593533100472151e-01,1.000000000000001332e+00
1.000000000000001554e+00,-4.220032727766703795e-01,-4.220032727766703795e-01,1.000000000000001554e+00
1.000000000000000888e+00,-9.495513872238654507e-01,-9.495513872238654507e-01,1.000000000000000888e+00
1.000000000000000666e+00,-8.129583724266304934e-01,-8.129583724266304934e-01,1.000000000000000666e+00
1.000000000000000888e+00,1.009777280462110516e-01,1.009777280462110516e-01,1.000000000000000888e+00
1.000000000000001110e+00,9.576939317154786746e-01,9.576939317154786746e-01,1.000000000000001110e+00
1.000000000000001332e+00,5.985340076924582364e-01,5.985340076924582364e-01,1.000000000000001332e+00
1.000000000000001110e+00,-4.968828817841620671e-01,-4.968828817841620671e-01,1.000000000000001110e+00
1.000000000000001110e+00,-9.935526991828504961e-01,-9.935526991828504961e-01,1.000000000000001110e+00
1.000000000000001332e+00,-6.277993756557037619e-01,-6.277993756557037619e-01,1.000000000000001332e+00
1.000000000000001110e+00,1.391647962451229847e-01,1.391647962451229847e-01,1.000000000000001110e+00
1.000000000000000666e+00,8.320373293355809441e-01,8.320373293355809441e-01,1.000000000000000666e+00
1.000000000000001110e+00,9.332592123551998187e-01,9.332592123551998187e-01,1.000000000000001110e+00
1.000000000000000444e+00,1.067383413454123242e-01,1.067383413454123242e-01,1.000000000000000444e+00
1.000000000000000888e+00,-8.826187774449055778e-01,-8.826187774449055778e-01,1.000000000000000888e+00
1.000000000000000444e+00,-7.246355250486725685e-01,-7.246355250486725685e-01,1.000000000000000444e+00
1.000000000000000444e+00,3.054701473805327416e-01,3.054701473805327416e-01,1.000000000000000444e+00
1.000000000000000444e+00,9.631657268648380343e-01,9.631657268648380343e-01,1.000000000000000444e+00
1.000000000000000444e+00,8.303697595056531711e-01,8.303697595056531711e-01,1.000000000000000444e+00
1.000000000000000222e+00,1.630713613417003327e-01,1.630713613417003327e-01,1.000000000000000222e+00
1.000000000000000444e+00,-6.464210590019106029e-01,-6.464210590019106029e-01,1.000000000000000444e+00
1.000000000000000444e+00,-9.830106864992009807e-01,-9.830106864992009807e-01,1.000000000000000444e+00
1.000000000000000888e+00,-2.823079743559214760e-01,-2.823079743559214760e-01,1.000000000000000888e+00
1.000000000000000666e+00,8.002536059950654534e-01,8.002536059950654534e-01,1.000000000000000666e+00
1.000000000000000888e+00,8.502275670876263680e-01,8.502275670876263680e-01,1.000000000000000888e+00
1.000000000000001110e+00,-7.175368507412538399e-02,-7.175368507412538399e-02,1.000000000000001110e+00
1.000000000000001332e+00,-8.488002663502126621e-01,-8.488002663502126621e-01,1.000000000000001332e+00
1.000000000000000666e+00,-9.535247395479534704e-01,-9.535247395479534704e-01,1.000000000000000666e+00
1.000000000000000666e+00,-4.373239618962418418e-01,-4.373239618962418418e-01,1.000000000000000666e+00
1.000000000000000666e+00,4.355804463232118562e-01,4.355804463232118562e-01,1.000000000000000666e+00
1.000000000000000888e+00,9.969751201977802291e-01,9.969751201977802291e-01,1.000000000000000888e+00
1.000000000000000888e+00,4.602797962443390678e-01,4.602797962443390678e-01,1.000000000000000888e+00
1.000000000000000666e+00,-6.724820411610021864e-01,-6.724820411610021864e-01,1.000000000000000666e+00
1.000000000000000222e+00,-9.303091022300797874e-01,-9.303091022300797874e-01,1.000000000000000222e+00
1.000000000000000000e+00,-1.662300757550035368e-01,-1.662300757550035368e-01,1.000000000000000000e+00
1.000000000000000222e+00,6.726223579205763414e-01,6.726223579205763414e-01,1.000000000000000222e+00
1.000000000000000000e+00,9.999438349988479802e-01,9.999438349988479802e-01,1.000000000000000000e+00
9.999999999999997780e-01,6.771003345159021247e-01,6.771003345159021247e-01,9.999999999999997780e-01
1.000000000000000000e+00,-1.961660466370163114e-01,-1.961660466370163114e-01,1.000000000000000000e+00
1.000000000000000444e+00,-9.522425950217834334e-01,-9.522425950217834334e-01,1.000000000000000444e+00
1.000000000000000666e+00,-5.990402819625886277e-01,-5.990402819625886277e-01,1.000000000000000666e+00
1.000000000000000666e+00,5.390250603707280597e-01,5.390250603707280597e-01,1.000000000000000666e+00
1.000000000000000666e+00,9.905335602161803310e-01,9.905335602161803310e-01,1.000000000000000666e+00
1.000000000000000444e+00,4.189501320560202746e-01,4.189501320560202746e-01,1.000000000000000444e+00
1.000000000000000888e+00,-4.253826059453296171e-01,-4.253826059453296171e-01,1.000000000000000888e+00
1.000000000000001554e+00,-9.474944169776302605e-01,-9.474944169776302605e-01,1.000000000000001554e+00
1.000000000000001110e+00,-8.467280992749237623e-01,-8.467280992749237623e-01,1.000000000000001110e+00
1.000000000000001332e+00,-2.739664651701523290e-02,-2.739664651701523290e-02,1.000000000000001332e+00
1.000000000000001332e+00,8.902716808368231760e-01,8.902716808368231760e-01,1.000000000000001332e+00
1.000000000000000888e+00,7.379071631259138675e-01,7.379071631259138675e-01,1.000000000000000888e+00
1.000000000000000888e+00,-3.617141763725280068e-01,-3.617141763725280068e-01,1.000000000000000888e+00
