1.000000000000000000e+00,1.000000000000000000e+00,1.000000000000000000e+00,1.000000000000000000e+00
1.000000000000000000e+00,5.299351900009381389e-01,5.299351900009381389e-01,1.000000000000000000e+00
1.000000000000000222e+00,2.495898715045150040e-02,2.495898715045150040e-02,1.000000000000000222e+00
1.000000000000000444e+00,3.254803235022296626e-01,3.254803235022296626e-01,1.000000000000000444e+00
1.000000000000000222e+00,9.540471919665238776e-01,9.540471919665238776e-01,1.000000000000000222e+00
1.000000000000000222e+00,7.862762863371568489e-01,7.862762863371568489e-01,1.000000000000000222e+00
1.000000000000000000e+00,8.805580929115892908e-02,8.805580929115892908e-02,1.000000000000000000e+00
1.000000000000000000e+00,1.449810056193732988e-01,1.449810056193732988e-01,1.000000000000000000e+00
1.000000000000000000e+00,7.660361813346709958e-01,7.660361813346709958e-01,1.000000000000000000e+00
1.000000000000000222e+00,9.780663943622516232e-01,9.780663943622516232e-01,1.000000000000000222e+00
9.999999999999997780e-01,4.693880501327176713e-01,4.693880501327176713e-01,9.999999999999997780e-01
1.000000000000000000e+00,7.634499252229254296e-07,7.634499252229254296e-07,1.000000000000000000e+00
1.000000000000000222e+00,5.041269952361341344e-01,5.041269952361341344e-01,1.000000000000000222e+00
1.000000000000000444e+00,9.949784741200136118e-01,9.949784741200136118e-01,1.000000000000000444e+00
1.000000000000000444e+00,6.692243241794457731e-01,6.692243241794457731e-01,1.000000000000000444e+00
1.000000000000000444e+00,4.314213739947342363e-02,4.314213739947342363e-02,1.000000000000000444e+00
1.000000000000000444e+00,3.051445823520722023e-01,3.051445823520722023e-01,1.000000000000000444e+00
1.000000000000000444e+00,9.569344529281016420e-01,9.569344529281016420e-01,1.000000000000000444e+00
1.000000000000000444e+00,7.469536485343710730e-01,7.469536485343710730e-01,1.000000000000000444e+00
1.000000000000000888e+00,6.933676765189125679e-02,6.933676765189125679e-02,1.000000000000000888e+00
1.000000000000000444e+00,1.467480319467825978e-01,1.467480319467825978e-01,1.000000000000000444e+00
1.000000000000000888e+00,8.179301838155756954e-01,8.179301838155756954e-01,1.000000000000000888e+00
1.000000000000000888e+00,8.989024933751030844e-01,8.989024933751030844e-01,1.000000000000000888e+00
1.000000000000000666e+00,3.105910923890107811e-01,3.105910923890107811e-01,1.000000000000000666e+00
1.000000000000000444e+00,1.825469207684735085e-02,1.825469207684735085e-02,1.000000000000000444e+00
1.000000000000000888e+00,6.024793416636616827e-01,6.024793416636616827e-01,1.000000000000000888e+00
1.000000000000000666e+00,9.922509805545425277e-01,9.922509805545425277e-01,1.000000000000000666e+00
1.000000000000000444e+00,4.580632781936105902e-01,4.580632781936105902e-01,1.000000000000000444e+00
1.000000000000000666e+00,1.380526370930945657e-03,1.380526370930945657e-03,1.000000000000000666e+00
1.000000000000001110e+00,4.239812212615932108e-01,4.239812212615932108e-01,1.000000000000001110e+00
1.000000000000001332e+00,9.840103972913136765e-01,9.840103972913136765e-01,1.000000000000001332e+00
1.000000000000000888e+00,7.188132042794483922e-01,7.188132042794483922e-01,1.000000000000000888e+00
1.000000000000000888e+00,7.171785326392959847e-02,7.171785326392959847e-02,1.000000000000000888e+00
1.000000000000001110e+00,1.723794833084572597e-01,1.723794833084572597e-01,1.000000000000001110e+00
1.000000000000001110e+00,8.109753125414032038e-01,8.109753125414032038e-01,1.000000000000001110e+00
1.000000000000001110e+00,9.153474313580399757e-01,9.153474313580399757e-01,1.000000000000001110e+00
1.000000000000001110e+00,2.774633740801346615e-01,2.774633740801346615e-01,1.000000000000001110e+00
1.000000000000000888e+00,3.573959227296888419e-02,3.573959227296888419e-02,1.000000000000000888e+00
1.000000000000001110e+00,6.216631825527294541e-01,6.216631825527294541e-01,1.000000000000001110e+00
1.000000000000000888e+00,9.999052585095173917e-01,9.999052585095173917e-01,1.000000000000000888e+00
1.000000000000000666e+00,5.102889909144343594e-01,5.102889909144343594e-01,1.000000000000000666e+00
1.000000000000000888e+00,2.622941572986398073e-03,2.622941572986398073e-03,1.000000000000000888e+00
1.000000000000001110e+00,3.730440282192889478e-01,3.730440282192889478e-01,1.000000000000001110e+00
1.000000000000001332e+00,9.625084592874836309e-01,9.625084592874836309e-01,1.000000000000001332e+00
1.000000000000001110e+00,8.047161419472514954e-01,8.047161419472514954e-01,1.000000000000001110e+00
1.000000000000001110e+00,1.058709156232963966e-01,1.058709156232963966e-01,1.000000000000001110e+00
1.000000000000001110e+00,1.957054203021690031e-01,1.957054203021690031e-01,1.000000000000001110e+00
1.000000000000000666e+00,9.012413006644914848e-01,9.012413006644914848e-01,1.000000000000000666e+00
1.000000000000001110e+00,8.775733204428302070e-01,8.775733204428302070e-01,1.000000000000001110e+00
1.000000000000001110e+00,2.442903318467315732e-01,2.442903318467315732e-01,1.000000000000001110e+00
1.000000000000001110e+00,5.083687034673722849e-02,5.083687034673722849e-02,1.000000000000001110e+00
1.000000000000001110e+00,7.043886624374169347e-01,7.043886624374169347e-01,1.000000000000001110e+00
1.000000000000001110e+00,9.910952769487596514e-01,9.910952769487596514e-01,1.000000000000001110e+00
1.000000000000001332e+00,4.131440672029365047e-01,4.131440672029365047e-01,1.000000000000001332e+00
1.000000000000001110e+00,7.588743892696342419e-03,7.588743892696342419e-03,1.000000000000001110e+00
1.000000000000001332e+00,4.727868937884637246e-01,4.727868937884637246e-01,1.000000000000001332e+00
1.000000000000001332e+00,9.991003062537134882e-01,9.991003062537134882e-01,1.000000000000001332e+00
1.000000000000001332e+00,5.453167660648822190e-01,5.453167660648822190e-01,1.000000000000001332e+00
1.000000000000001332e+00,1.594181267539421243e-02,1.594181267539421243e-02,1.000000000000001332e+00
1.000000000000001332e+00,3.485396131059878555e-01,3.485396131059878555e-01,1.000000000000001332e+00
1.000000000000001332e+00,9.575071130942380826e-01,9.575071130942380826e-01,1.000000000000001332e+00
1.000000000000001110e+00,7.491069486946980716e-01,7.491069486946980716e-01,1.000000000000001110e+00
1.000000000000000888e+00,6.622802089550011706e-02,6.622802089550011706e-02,1.000000000000000888e+00
1.000000000000001332e+00,1.951462747809054044e-01,1.951462747809054044e-01,1.000000000000001332e+00
1.000000000000001554e+00,8.986490241087609077e-01,8.986490241087609077e-01,1.000000000000001554e+00
1.000000000000001554e+00,8.814084445342176277e-01,8.814084445342176277e-01,1.000000000000001554e+00
1.000000000000001554e+00,2.453253334962314791e-01,2.453253334962314791e-01,1.000000000000001554e+00
1.000000000000001332e+00,2.111049413686638676e-02,2.111049413686638676e-02,1.000000000000001332e+00
1.000000000000001332e+00,5.135581869607663830e-01,5.135581869607663830e-01,1.000000000000001332e+00
1.000000000000001776e+00,9.971045803201983304e-01,9.971045803201983304e-01,1.000000000000001776e+00
1.000000000000001554e+00,5.761350860503727800e-01,5.761350860503727800e-01,1.000000000000001554e+00
1.000000000000001554e+00,6.467618366148508713e-03,6.467618366148508713e-03,1.000000000000001554e+00
1.000000000000001554e+00,4.105694102098904619e-01,4.105694102098904619e-01,1.000000000000001554e+00
1.000000000000001554e+00,9.836852278690575435e-01,9.836852278690575435e-01,1.000000000000001554e+00
1.000000000000001110e+00,7.296029531966879977e-01,7.296029531966879977e-01,1.000000000000001110e+00
1.000000000000001110e+00,9.314607879115209543e-02,9.314607879115209543e-02,1.000000000000001110e+00
1.000000000000000888e+00,1.521563215060493801e-01,1.521563215060493801e-01,1.000000000000000888e+00
1.000000000000000666e+00,8.151135293187123931e-01,8.151135293187123931e-01,1.000000000000000666e+00
1.000000000000000444e+00,9.491427744983478298e-01,9.491427744983478298e-01,1.000000000000000444e+00
1.000000000000000666e+00,3.152600119737554163e-01,3.152600119737554163e-01,1.000000000000000666e+00
1.000000000000000444e+00,1.870507586783282106e-02,1.870507586783282106e-02,1.000000000000000444e+00
1.000000000000000444e+00,6.187392332151731011e-01,6.187392332151731011e-01,1.000000000000000444e+00
1.000000000000000888e+00,9.970106123289084188e-01,9.970106123289084188e-01,1.000000000000000888e+00
1.000000000000000888e+00,4.554732005777077930e-01,4.554732005777077930e-01,1.000000000000000888e+00
1.000000000000000666e+00,3.576737966507287370e-03,3.576737966507287370e-03,1.000000000000000666e+00
1.000000000000000666e+00,3.560667783118932062e-01,3.560667783118932062e-01,1.000000000000000666e+00
1.000000000000000666e+00,9.801492948825039075e-01,9.801492948825039075e-01,1.000000000000000666e+00
1.000000000000000888e+00,6.688018704406039072e-01,6.688018704406039072e-01,1.000000000000000888e+00
1.000000000000001110e+00,5.760299602245116946e-02,5.760299602245116946e-02,1.000000000000001110e+00
1.000000000000001332e+00,1.611099570189530594e-01,1.611099570189530594e-01,1.000000000000001332e+00
1.000000000000001110e+00,8.601908574789133288e-01,8.601908574789133288e-01,1.000000000000001110e+00
1.000000000000001332e+00,9.167879770860808408e-01,9.167879770860808408e-01,1.000000000000001332e+00
1.000000000000001110e+00,3.143374016937335869e-01,3.143374016937335869e-01,1.000000000000001110e+00
1.000000000000001110e+00,1.230091495002530455e-02,1.230091495002530455e-02,1.000000000000001110e+00
1.000000000000001332e+00,5.049831299779595772e-01,5.049831299779595772e-01,1.000000000000001332e+00
1.000000000000001332e+00,9.835541548687439795e-01,9.835541548687439795e-01,1.000000000000001332e+00
1.000000000000001332e+00,6.429916156345977241e-01,6.429916156345977241e-01,1.000000000000001332e+00
1.000000000000001332e+00,4.788463887264216012e-02,4.788463887264216012e-02,1.000000000000001332e+00
1.000000000000001110e+00,2.568719108351580349e-01,2.568719108351580349e-01,1.000000000000001110e+00
1.000000000000001332e+00,8.841089080762776220e-01,8.841089080762776220e-01,1.000000000000001332e+00
1.000000000000001110e+00,8.269447863191844439e-01,8.269447863191844439e-01,1.000000000000001110e+00
