1.000000000000000000e+00,1.000000000000000000e+00,1.000000000000000000e+00,1.000000000000000000e+00
1.000000000000000000e+00,4.682474224909949356e-01,4.682474224909949356e-01,1.000000000000000000e+00
1.000000000000000222e+00,-4.375437702654648708e-01,-4.375437702654648708e-01,1.000000000000000222e+00
1.000000000000000000e+00,-9.570088926556266085e-01,-9.570088926556266085e-01,1.000000000000000000e+00
9.999999999999996669e-01,-8.488540915020759137e-01,-8.488540915020759137e-01,9.999999999999996669e-01
9.999999999999995559e-01,-1.089883634789083344e-01,-1.089883634789083344e-01,9.999999999999995559e-01
9.999999999999995559e-01,8.064282443011211443e-01,8.064282443011211443e-01,9.999999999999995559e-01
9.999999999999996669e-01,8.572800946441228032e-01,8.572800946441228032e-01,9.999999999999996669e-01
9.999999999999996669e-01,-1.874406528530031535e-01,-1.874406528530031535e-01,9.999999999999996669e-01
9.999999999999993339e-01,-9.708051671109905190e-01,-9.708051671109905190e-01,9.999999999999993339e-01
9.999999999999997780e-01,-6.627907859605012275e-01,-6.627907859605012275e-01,9.999999999999997780e-01
9.999999999999996669e-01,1.712317460659537882e-01,1.712317460659537882e-01,9.999999999999996669e-01
1.000000000000000000e+00,8.378622310588440536e-01,8.378622310588440536e-01,1.000000000000000000e+00
1.000000000000000000e+00,9.657760952378011687e-01,9.657760952378011687e-01,1.000000000000000000e+00
1.000000000000000000e+00,3.531453509303369431e-01,3.531453509303369431e-01,1.000000000000000000e+00
1.000000000000000000e+00,-6.614411781198392681e-01,-6.614411781198392681e-01,1.000000000000000000e+00
1.000000000000000000e+00,-9.241108616333444381e-01,-9.241108616333444381e-01,1.000000000000000000e+00
1.000000000000000888e+00,1.849770440017489692e-02,1.849770440017489692e-02,1.000000000000000888e+00
1.000000000000000666e+00,9.129443195002147071e-01,9.129443195002147071e-01,1.000000000000000666e+00
1.000000000000000888e+00,8.384702337569224229e-01,8.384702337569224229e-01,1.000000000000000888e+00
1.000000000000000888e+00,1.267418462371051602e-01,1.267418462371051602e-01,1.000000000000000888e+00
1.000000000000000888e+00,-6.348377832581285629e-01,-6.348377832581285629e-01,1.000000000000000888e+00
1.000000000000001332e+00,-9.930560750912454937e-01,-9.930560750912454937e-01,1.000000000000001332e+00
1.000000000000001110e+00,-5.508575428490598558e-01,-5.508575428490598558e-01,1.000000000000001110e+00
1.000000000000001332e+00,5.196010728767541664e-01,5.196010728767541664e-01,1.000000000000001332e+00
1.000000000000000888e+00,9.822755645502517785e-01,9.822755645502517785e-01,1.000000000000000888e+00
1.000000000000001110e+00,1.805468971629319297e-01,1.805468971629319297e-01,1.000000000000001110e+00
1.000000000000001332e+00,-7.879394652636619867e-01,-7.879394652636619867e-01,1.000000000000001332e+00
1.000000000000000888e+00,-9.494732373728214103e-01,-9.494732373728214103e-01,1.000000000000000888e+00
1.000000000000001110e+00,-4.076488902068318709e-01,-4.076488902068318709e-01,1.000000000000001110e+00
1.000000000000001332e+00,3.878400651973317181e-01,3.878400651973317181e-01,1.000000000000001332e+00
1.000000000000001332e+00,9.626580871122207839e-01,9.626580871122207839e-01,1.000000000000001332e+00
1.000000000000001554e+00,7.246432167892408183e-01,7.246432167892408183e-01,1.000000000000001554e+00
1.000000000000001332e+00,-3.450441448995696381e-01,-3.450441448995696381e-01,1.000000000000001332e+00
1.000000000000001554e+00,-9.878886334970079508e-01,-9.878886334970079508e-01,1.000000000000001554e+00
1.000000000000000888e+00,-3.643347250689198957e-01,-3.643347250689198957e-01,1.000000000000000888e+00
1.000000000000001110e+00,6.273617694002492362e-01,6.273617694002492362e-01,1.000000000000001110e+00
1.000000000000001332e+00,9.997351897695647693e-01,9.997351897695647693e-01,1.000000000000001332e+00
1.000000000000001332e+00,6.644847592064183628e-01,6.644847592064183628e-01,1.000000000000001332e+00
1.000000000000001332e+00,-1.053148130824484996e-01,-1.053148130824484996e-01,1.000000000000001332e+00
1.000000000000001332e+00,-8.596271081346389398e-01,-8.596271081346389398e-01,1.000000000000001332e+00
1.000000000000001776e+00,-8.390076340761130069e-01,-8.390076340761130069e-01,1.000000000000001776e+00
1.000000000000001998e+00,1.840685092972946524e-01,1.840685092972946524e-01,1.000000000000001998e+00
1.000000000000001776e+00,9.859817336197661541e-01,9.859817336197661541e-01,1.000000000000001776e+00
1.000000000000001554e+00,5.600809058815930941e-01,5.600809058815930941e-01,1.000000000000001554e+00
1.000000000000001998e+00,-4.025341372323995581e-01,-4.025341372323995581e-01,1.000000000000001998e+00
1.000000000000001776e+00,-9.571789095065605935e-01,-9.571789095065605935e-01,1.000000000000001776e+00
1.000000000000001776e+00,-8.516970003287489543e-01,-8.516970003287489543e-01,1.000000000000001776e+00
1.000000000000001554e+00,-1.642167275120265391e-01,-1.642167275120265391e-01,1.000000000000001554e+00
1.000000000000001332e+00,7.259287332573168827e-01,7.259287332573168827e-01,1.000000000000001332e+00
1.000000000000000888e+00,9.351850163245076786e-01,9.351850163245076786e-01,1.000000000000000888e+00
1.000000000000000666e+00,6.749186317606403751e-04,6.749186317606403751e-04,1.000000000000000666e+00
1.000000000000000888e+00,-9.278653706107228283e-01,-9.278653706107228283e-01,1.000000000000000888e+00
1.000000000000000666e+00,-7.224547939425729481e-01,-7.224547939425729481e-01,1.000000000000000666e+00
1.000000000000001110e+00,1.500284093880577818e-01,1.500284093880577818e-01,1.000000000000001110e+00
1.000000000000001110e+00,8.409859343018737388e-01,8.409859343018737388e-01,1.000000000000001110e+00
1.000000000000001110e+00,9.697661851578706083e-01,9.697661851578706083e-01,1.000000000000001110e+00
1.000000000000001332e+00,4.233121964606940679e-01,4.233121964606940679e-01,1.000000000000001332e+00
1.000000000000001554e+00,-5.486606538791912735e-01,-5.486606538791912735e-01,1.000000000000001554e+00
1.000000000000001332e+00,-9.740924914844342197e-01,-9.740924914844342197e-01,1.000000000000001332e+00
1.000000000000000888e+00,-1.630811084549252943e-01,-1.630811084549252943e-01,1.000000000000000888e+00
1.000000000000001110e+00,8.507864845793334796e-01,8.507864845793334796e-01,1.000000000000001110e+00
1.000000000000001110e+00,8.716440003800532965e-01,8.716440003800532965e-01,1.000000000000001110e+00
1.000000000000000666e+00,1.350781049186358662e-01,1.350781049186358662e-01,1.000000000000000666e+00
1.000000000000000888e+00,-6.378343921274228778e-01,-6.378343921274228778e-01,1.000000000000000888e+00
1.000000000000000666e+00,-9.934446527743361344e-01,-9.934446527743361344e-01,1.000000000000000666e+00
1.000000000000000666e+00,-6.296011745372359636e-01,-6.296011745372359636e-01,1.000000000000000666e+00
1.000000000000001110e+00,3.743617903237307365e-01,3.743617903237307365e-01,1.000000000000001110e+00
1.000000000000000666e+00,9.999822752849757412e-01,9.999822752849757412e-01,1.000000000000000666e+00
1.000000000000000666e+00,3.466986763422309492e-01,3.466986763422309492e-01,1.000000000000000666e+00
1.000000000000000666e+00,-7.147495728892547806e-01,-7.147495728892547806e-01,1.000000000000000666e+00
1.000000000000001110e+00,-9.600171893488502750e-01,-9.600171893488502750e-01,1.000000000000001110e+00
1.000000000000001554e+00,-4.075262999719199697e-01,-4.075262999719199697e-01,1.000000000000001554e+00
1.000000000000001776e+00,3.865318232842714918e-01,3.865318232842714918e-01,1.000000000000001776e+00
1.000000000000001332e+00,9.477754570989319616e-01,9.477754570989319616e-01,1.000000000000001332e+00
1.000000000000001110e+00,8.010829956796298168e-01,8.010829956796298168e-01,1.000000000000001110e+00
1.000000000000001332e+00,-1.757811714080537713e-01,-1.757811714080537713e-01,1.000000000000001332e+00
1.000000000000000888e+00,-9.733064090938480240e-01,-9.733064090938480240e-01,1.000000000000000888e+00
1.000000000000000888e+00,-5.027889609899758305e-01,-5.027889609899758305e-01,1.000000000000000888e+00
1.000000000000001110e+00,5.535975833337409835e-01,5.535975833337409835e-01,1.000000000000001110e+00
1.000000000000001332e+00,9.999000977470750007e-01,9.999000977470750007e-01,1.000000000000001332e+00
1.000000000000001110e+00,6.609269831422533992e-01,6.609269831422533992e-01,1.000000000000001110e+00
1.000000000000001554e+00,-9.410851083644095061e-02,-9.410851083644095061e-02,1.000000000000001554e+00
1.000000000000001332e+00,-8.220901278327021888e-01,-8.220901278327021888e-01,1.000000000000001332e+00
1.000000000000000888e+00,-9.065602662858751604e-01,-9.065602662858751604e-01,1.000000000000000888e+00
1.000000000000000444e+00,8.301239059884391036e-04,8.301239059884391036e-04,1.000000000000000444e+00
1.000000000000000666e+00,9.381021362021104704e-01,9.381021362021104704e-01,1.000000000000000666e+00
1.000000000000000222e+00,6.689876939899404018e-01,6.689876939899404018e-01,1.000000000000000222e+00
1.000000000000000000e+00,-3.363657644628578747e-01,-3.363657644628578747e-01,1.000000000000000000e+00
1.000000000000000000e+00,-9.545221902975418171e-01,-9.545221902975418171e-01,1.000000000000000000e+00
9.999999999999997780e-01,-8.480438408253963001e-01,-8.480438408253963001e-01,9.999999999999997780e-01
1.000000000000000000e+00,-1.917599213871061803e-01,-1.917599213871061803e-01,1.000000000000000000e+00
1.000000000000000222e+00,6.601490707293169447e-01,6.601490707293169447e-01,1.000000000000000222e+00
9.999999999999998890e-01,9.792911988449986005e-01,9.792911988449986005e-01,9.999999999999998890e-01
9.999999999999996669e-01,1.887812595522807557e-01,1.887812595522807557e-01,9.999999999999996669e-01
1.000000000000000222e+00,-8.504890390261072852e-01,-8.504890390261072852e-01,1.000000000000000222e+00
1.000000000000000444e+00,-7.984652195986261525e-01,-7.984652195986261525e-01,1.000000000000000444e+00
1.000000000000000444e+00,1.023820573484748586e-01,1.023820573484748586e-01,1.000000000000000444e+00
1.000000000000000888e+00,8.399028741952042632e-01,8.399028741952042632e-01,1.000000000000000888e+00
1.000000000000000666e+00,9.695321587979417455e-01,9.695321587979417455e-01,1.000000000000000666e+00
1.000000000000000666e+00,4.633899509472387268e-01,4.633899509472387268e-01,1.000000000000000666e+00
