1.000000000000000000e+00,1.000000000000000000e+00,1.000000000000000000e+00,1.000000000000000000e+00
9.999999999999998890e-01,5.723737282723015962e-01,5.723737282723015962e-01,9.999999999999998890e-01
1.000000000000000222e+00,-4.716318000894038076e-01,-4.716318000894038076e-01,1.000000000000000222e+00
1.000000000000000222e+00,-9.805795886109580639e-01,-9.805795886109580639e-01,1.000000000000000222e+00
1.000000000000000000e+00,-2.129344155417361439e-01,-2.129344155417361439e-01,1.000000000000000000e+00
9.999999999999998890e-01,7.868993868358706845e-01,7.868993868358706845e-01,9.999999999999998890e-01
1.000000000000000222e+00,9.502856103733555715e-01,9.502856103733555715e-01,1.000000000000000222e+00
9.999999999999995559e-01,3.848252475118454918e-01,3.848252475118454918e-01,9.999999999999995559e-01
1.000000000000000000e+00,-4.079540484485252305e-01,-4.079540484485252305e-01,1.000000000000000000e+00
9.999999999999998890e-01,-9.578951688519424801e-01,-9.578951688519424801e-01,9.999999999999998890e-01
1.000000000000000444e+00,-7.342942525910031160e-01,-7.342942525910031160e-01,1.000000000000000444e+00
9.999999999999998890e-01,3.084805061617140742e-01,3.084805061617140742e-01,9.999999999999998890e-01
1.000000000000000222e+00,9.990385191438350132e-01,9.990385191438350132e-01,1.000000000000000222e+00
1.000000000000000444e+00,4.052763551042418144e-01,4.052763551042418144e-01,1.000000000000000444e+00
1.000000000000000000e+00,-6.157066879823677175e-01,-6.157066879823677175e-01,1.000000000000000000e+00
9.999999999999997780e-01,-9.940290893477501388e-01,-9.940290893477501388e-01,9.999999999999997780e-01
1.000000000000000000e+00,-6.364293564675821413e-01,-6.364293564675821413e-01,1.000000000000000000e+00
1.000000000000000444e+00,1.322721765024116314e-01,1.322721765024116314e-01,1.000000000000000444e+00
1.000000000000000444e+00,8.634326908473115569e-01,8.634326908473115569e-01,1.000000000000000444e+00
1.000000000000000222e+00,8.671375780160232027e-01,8.671375780160232027e-01,1.000000000000000222e+00
9.999999999999997780e-01,-1.223350866921149582e-01,-1.223350866921149582e-01,9.999999999999997780e-01
1.000000000000000000e+00,-9.667109356326264447e-01,-9.667109356326264447e-01,1.000000000000000000e+00
9.999999999999998890e-01,-5.733259677429182188e-01,-5.733259677429182188e-01,9.999999999999998890e-01
1.000000000000000000e+00,4.110016864131534886e-01,4.110016864131534886e-01,1.000000000000000000e+00
9.999999999999995559e-01,9.696443519906167152e-01,9.696443519906167152e-01,9.999999999999995559e-01
9.999999999999993339e-01,8.398644870406400953e-01,8.398644870406400953e-01,9.999999999999993339e-01
9.999999999999997780e-01,1.558760798707285455e-01,1.558760798707285455e-01,9.999999999999997780e-01
9.999999999999994449e-01,-7.085822035410943576e-01,-7.085822035410943576e-01,9.999999999999994449e-01
9.999999999999991118e-01,-9.406257957259931413e-01,-9.406257957259931413e-01,9.999999999999991118e-01
9.999999999999991118e-01,-4.270103721588730528e-02,-4.270103721588730528e-02,9.999999999999991118e-01
9.999999999999993339e-01,9.208254228816962206e-01,9.208254228816962206e-01,9.999999999999993339e-01
9.999999999999992228e-01,7.427360683851015333e-01,7.427360683851015333e-01,9.999999999999992228e-01
9.999999999999996669e-01,-1.557823184277472572e-01,-1.557823184277472572e-01,9.999999999999996669e-01
9.999999999999995559e-01,-8.526614124090960978e-01,-8.526614124090960978e-01,9.999999999999995559e-01
9.999999999999995559e-01,-9.578012845380916573e-01,-9.578012845380916573e-01,9.999999999999995559e-01
9.999999999999991118e-01,-4.123251948809578682e-01,-4.123251948809578682e-01,9.999999999999991118e-01
9.999999999999991118e-01,5.377294333622364420e-01,5.377294333622364420e-01,9.999999999999991118e-01
9.999999999999988898e-01,9.916275019274694014e-01,9.916275019274694014e-01,9.999999999999988898e-01
9.999999999999992228e-01,2.255783040051447252e-01,2.255783040051447252e-01,9.999999999999992228e-01
9.999999999999995559e-01,-8.208783402186294875e-01,-8.208783402186294875e-01,9.999999999999995559e-01
9.999999999999993339e-01,-8.694792275039677776e-01,-8.694792275039677776e-01,9.999999999999993339e-01
9.999999999999991118e-01,-1.105789962296390150e-01,-1.105789962296390150e-01,9.999999999999991118e-01
9.999999999999996669e-01,6.663190806261521937e-01,6.663190806261521937e-01,9.999999999999996669e-01
9.999999999999993339e-01,9.997906920404904252e-01,9.997906920404904252e-01,9.999999999999993339e-01
9.999999999999995559e-01,6.387451826271229871e-01,6.387451826271229871e-01,9.999999999999995559e-01
9.999999999999993339e-01,-3.358409470281542575e-01,-3.358409470281542575e-01,9.999999999999993339e-01
9.999999999999995559e-01,-9.878393544037572527e-01,-9.878393544037572527e-01,9.999999999999995559e-01
9.999999999999993339e-01,-3.836176999349655281e-01,-3.836176999349655281e-01,9.999999999999993339e-01
9.999999999999997780e-01,7.028340656198982517e-01,7.028340656198982517e-01,9.999999999999997780e-01
9.999999999999994449e-01,9.665677377766036527e-01,9.665677377766036527e-01,9.999999999999994449e-01
9.999999999999995559e-01,3.894078621991861056e-01,3.894078621991861056e-01,9.999999999999995559e-01
9.999999999999994449e-01,-4.103753687173153364e-01,-4.103753687173153364e-01,9.999999999999994449e-01
9.999999999999997780e-01,-9.483685762714380019e-01,-9.483685762714380019e-01,9.999999999999997780e-01
1.000000000000000000e+00,-8.010248972841405024e-01,-8.010248972841405024e-01,1.000000000000000000e+00
1.000000000000000000e+00,1.458245119633395925e-01,1.458245119633395925e-01,1.000000000000000000e+00
9.999999999999998890e-01,9.731662086654456756e-01,9.731662086654456756e-01,9.999999999999998890e-01
9.999999999999998890e-01,5.521814848727006897e-01,5.521814848727006897e-01,9.999999999999998890e-01
1.000000000000000444e+00,-5.290097271861954331e-01,-5.290097271861954331e-01,1.000000000000000444e+00
1.000000000000000666e+00,-9.938681384105081396e-01,-9.938681384105081396e-01,1.000000000000000666e+00
1.000000000000000222e+00,-6.343928576095135830e-01,-6.343928576095135830e-01,1.000000000000000222e+00
1.000000000000000222e+00,1.275278109823374806e-01,1.275278109823374806e-01,1.000000000000000222e+00
1.000000000000000000e+00,8.335713682798497892e-01,8.335713682798497892e-01,1.000000000000000000e+00
9.999999999999998890e-01,9.228589164934336564e-01,9.228589164934336564e-01,9.999999999999998890e-01
1.000000000000000222e+00,5.600563769529617875e-02,5.600563769529617875e-02,1.000000000000000222e+00
1.000000000000000000e+00,-9.083910833245658623e-01,-9.083910833245658623e-01,1.000000000000000000e+00
1.000000000000000444e+00,-6.884417215964421244e-01,-6.884417215964421244e-01,1.000000000000000444e+00
1.000000000000000444e+00,3.332640516676176334e-01,3.332640516676176334e-01,1.000000000000000444e+00
1.000000000000000444e+00,9.642403454836915300e-01,9.642403454836915300e-01,1.000000000000000444e+00
1.000000000000000222e+00,8.366795638457792395e-01,8.366795638457792395e-01,1.000000000000000222e+00
1.000000000000000000e+00,1.720863899581167034e-01,1.720863899581167034e-01,1.000000000000000000e+00
1.000000000000000444e+00,-6.535270411226086207e-01,-6.535270411226086207e-01,1.000000000000000444e+00
1.000000000000000000e+00,-9.770317052972635752e-01,-9.770317052972635752e-01,1.000000000000000000e+00
1.000000000000000444e+00,-2.282145247896148477e-01,-2.282145247896148477e-01,1.000000000000000444e+00
1.000000000000000666e+00,8.348606755682745906e-01,8.348606755682745906e-01,1.000000000000000666e+00
1.000000000000000888e+00,8.249157290707653800e-01,8.249157290707653800e-01,1.000000000000000888e+00
1.000000000000000222e+00,-9.321814557440361027e-02,-9.321814557440361027e-02,1.000000000000000222e+00
1.000000000000000222e+00,-8.478179592818178012e-01,-8.478179592818178012e-01,1.000000000000000222e+00
1.000000000000000444e+00,-9.570781857700683126e-01,-9.570781857700683126e-01,1.000000000000000444e+00
1.000000000000000444e+00,-4.414825338723200043e-01,-4.414825338723200043e-01,1.000000000000000444e+00
1.000000000000000444e+00,4.514395168564245830e-01,4.514395168564245830e-01,1.000000000000000444e+00
1.000000000000000444e+00,9.993577801207932376e-01,9.993577801207932376e-01,1.000000000000000444e+00
1.000000000000000444e+00,4.070252119268876756e-01,4.070252119268876756e-01,1.000000000000000444e+00
1.000000000000000888e+00,-7.136342541607323398e-01,-7.136342541607323398e-01,1.000000000000000888e+00
1.000000000000001332e+00,-9.163526024568660056e-01,-9.163526024568660056e-01,1.000000000000001332e+00
1.000000000000000888e+00,-1.531413852990904934e-01,-1.531413852990904934e-01,1.000000000000000888e+00
1.000000000000000888e+00,6.672231253767029191e-01,6.672231253767029191e-01,1.000000000000000888e+00
1.000000000000000888e+00,9.997388907542534842e-01,9.997388907542534842e-01,1.000000000000000888e+00
1.000000000000001332e+00,6.764826024004443328e-01,6.764826024004443328e-01,1.000000000000001332e+00
1.000000000000001110e+00,-2.209321585130060162e-01,-2.209321585130060162e-01,1.000000000000001110e+00
1.000000000000000888e+00,-9.643867167473221258e-01,-9.643867167473221258e-01,1.000000000000000888e+00
1.000000000000001110e+00,-5.497251029469703010e-01,-5.497251029469703010e-01,1.000000000000001110e+00
1.000000000000000888e+00,5.833622477519568861e-01,5.833622477519568861e-01,1.000000000000000888e+00
1.000000000000000444e+00,9.856955302987873146e-01,9.856955302987873146e-01,1.000000000000000444e+00
1.000000000000000222e+00,4.134129792233955936e-01,4.134129792233955936e-01,1.000000000000000222e+00
1.000000000000000666e+00,-4.157226682783959903e-01,-4.157226682783959903e-01,1.000000000000000666e+00
1.000000000000000444e+00,-9.442408528626631270e-01,-9.442408528626631270e-01,1.000000000000000444e+00
1.000000000000001110e+00,-8.423777385193000899e-01,-8.423777385193000899e-01,1.000000000000001110e+00
1.000000000000001110e+00,6.394751205642701386e-03,6.394751205642701386e-03,1.000000000000001110e+00
1.000000000000000444e+00,9.138536831013177597e-01,9.138536831013177597e-01,1.000000000000000444e+00
1.000000000000000888e+00,6.957286704480556416e-01,6.957286704480556416e-01,1.000000000000000888e+00
1.000000000000000444e+00,-4.061548297941341423e-01,-4.061548297941341423e-01,1.000000000000000444e+00
