1.000000000000000000e+00,1.000000000000000000e+00,1.000000000000000000e+00,1.000000000000000000e+00
1.000000000000000000e+00,5.311075124729748298e-01,5.311075124729748298e-01,1.000000000000000000e+00
1.000000000000000444e+00,-4.323587686958406673e-01,-4.323587686958406673e-01,1.000000000000000444e+00
1.000000000000000666e+00,-9.840921848218832091e-01,-9.840921848218832091e-01,1.000000000000000666e+00
1.000000000000000444e+00,-7.003616532508036840e-01,-7.003616532508036840e-01,1.000000000000000444e+00
1.000000000000000444e+00,1.866286874374252780e-01,1.866286874374252780e-01,1.000000000000000444e+00
1.000000000000001110e+00,9.646372677826289266e-01,9.646372677826289266e-01,1.000000000000001110e+00
1.000000000000000444e+00,6.710189579959302542e-01,6.710189579959302542e-01,1.000000000000000444e+00
1.000000000000000222e+00,-2.129075261434965616e-01,-2.129075261434965616e-01,1.000000000000000222e+00
1.000000000000000444e+00,-9.236232775784850579e-01,-9.236232775784850579e-01,1.000000000000000444e+00
1.000000000000000444e+00,-7.599140079091420974e-01,-7.599140079091420974e-01,1.000000000000000444e+00
9.999999999999998890e-01,2.093859097309017647e-01,2.093859097309017647e-01,9.999999999999998890e-01
1.000000000000000222e+00,9.494042483456940351e-01,9.494042483456940351e-01,1.000000000000000222e+00
1.000000000000000000e+00,7.842309024860397715e-01,7.842309024860397715e-01,1.000000000000000000e+00
1.000000000000000000e+00,-1.883799636388830412e-01,-1.883799636388830412e-01,1.000000000000000000e+00
1.000000000000000000e+00,-9.137336565207732075e-01,-9.137336565207732075e-01,1.000000000000000000e+00
1.000000000000000222e+00,-8.277548717049305615e-01,-8.277548717049305615e-01,1.000000000000000222e+00
1.000000000000000444e+00,-2.991522179699485084e-02,-2.991522179699485084e-02,1.000000000000000444e+00
1.000000000000000222e+00,8.418592803857156692e-01,8.418592803857156692e-01,1.000000000000000222e+00
1.000000000000000000e+00,8.881855238269902308e-01,8.881855238269902308e-01,1.000000000000000000e+00
1.000000000000000222e+00,1.187005188267444278e-01,1.187005188267444278e-01,1.000000000000000222e+00
1.000000000000000000e+00,-7.499927023755552646e-01,-7.499927023755552646e-01,1.000000000000000000e+00
1.000000000000000000e+00,-9.475557528954474673e-01,-9.475557528954474673e-01,1.000000000000000000e+00
1.000000000000000222e+00,-2.641843208288734424e-01,-2.641843208288734424e-01,1.000000000000000222e+00
1.000000000000000222e+00,6.050997408137994693e-01,6.050997408137994693e-01,1.000000000000000222e+00
1.000000000000000444e+00,9.980210011024147621e-01,9.980210011024147621e-01,1.000000000000000444e+00
1.000000000000000444e+00,4.361036722937052801e-01,4.361036722937052801e-01,1.000000000000000444e+00
1.000000000000001110e+00,-5.377049568855309936e-01,-5.377049568855309936e-01,1.000000000000001110e+00
1.000000000000001332e+00,-9.903221305949669873e-01,-9.903221305949669873e-01,1.000000000000001332e+00
1.000000000000001110e+00,-5.045002476639590672e-01,-5.045002476639590672e-01,1.000000000000001110e+00
1.000000000000001110e+00,3.945688881584049623e-01,3.945688881584049623e-01,1.000000000000001110e+00
1.000000000000000888e+00,9.960402543951595300e-01,9.960402543951595300e-01,1.000000000000000888e+00
1.000000000000000888e+00,5.882803524615924928e-01,5.882803524615924928e-01,1.000000000000000888e+00
1.000000000000000888e+00,-4.564320478350195609e-01,-4.564320478350195609e-01,1.000000000000000888e+00
1.000000000000000888e+00,-9.887180693051753622e-01,-9.887180693051753622e-01,1.000000000000000888e+00
1.000000000000000444e+00,-5.850507527052614121e-01,-5.850507527052614121e-01,1.000000000000000444e+00
1.000000000000000444e+00,3.280612265112497483e-01,3.280612265112497483e-01,1.000000000000000444e+00
1.000000000000000888e+00,9.897067750229432415e-01,9.897067750229432415e-01,1.000000000000000888e+00
1.000000000000000888e+00,6.718412788624327225e-01,6.718412788624327225e-01,1.000000000000000888e+00
1.000000000000000666e+00,-3.673294449291629182e-01,-3.673294449291629182e-01,1.000000000000000666e+00
1.000000000000001110e+00,-9.863979415705115272e-01,-9.863979415705115272e-01,1.000000000000001110e+00
1.000000000000001332e+00,-5.492595594385384361e-01,-5.492595594385384361e-01,1.000000000000001332e+00
1.000000000000001110e+00,3.867289180329460674e-01,3.867289180329460674e-01,1.000000000000001110e+00
1.000000000000000888e+00,9.964124099483515629e-01,9.964124099483515629e-01,1.000000000000000888e+00
1.000000000000000888e+00,6.627002410540542288e-01,6.627002410540542288e-01,1.000000000000000888e+00
1.000000000000000888e+00,-3.334714484511573374e-01,-3.334714484511573374e-01,1.000000000000000888e+00
1.000000000000001332e+00,-9.613343921867204545e-01,-9.613343921867204545e-01,1.000000000000001332e+00
1.000000000000001554e+00,-7.650178162324724473e-01,-7.650178162324724473e-01,1.000000000000001554e+00
1.000000000000001554e+00,1.373321412766456140e-01,1.373321412766456140e-01,1.000000000000001554e+00
1.000000000000001332e+00,8.996118180513595908e-01,8.996118180513595908e-01,1.000000000000001332e+00
1.000000000000001110e+00,7.942517281636771731e-01,7.942517281636771731e-01,1.000000000000001110e+00
1.000000000000000888e+00,-7.605539643919478898e-02,-7.605539643919478898e-02,1.000000000000000888e+00
1.000000000000000444e+00,-8.526703493851555127e-01,-8.526703493851555127e-01,1.000000000000000444e+00
1.000000000000000888e+00,-9.187280756321833941e-01,-9.187280756321833941e-01,1.000000000000000888e+00
1.000000000000000888e+00,-9.493763144746808491e-02,-9.493763144746808491e-02,1.000000000000000888e+00
1.000000000000000666e+00,7.948547575032592905e-01,7.948547575032592905e-01,1.000000000000000666e+00
1.000000000000000888e+00,9.355726298393679530e-01,9.355726298393679530e-01,1.000000000000000888e+00
1.000000000000000222e+00,1.123323768627037256e-01,1.123323768627037256e-01,1.000000000000000222e+00
1.000000000000000000e+00,-8.027765401620423624e-01,-8.027765401620423624e-01,1.000000000000000000e+00
9.999999999999995559e-01,-9.335721039507874908e-01,-9.335721039507874908e-01,9.999999999999995559e-01
9.999999999999994449e-01,-1.382666834640208231e-01,-1.382666834640208231e-01,9.999999999999994449e-01
9.999999999999996669e-01,7.396413784523306889e-01,7.396413784523306889e-01,9.999999999999996669e-01
1.000000000000000000e+00,9.616863282004914915e-01,9.616863282004914915e-01,1.000000000000000000e+00
1.000000000000000222e+00,2.112282324039512771e-01,2.112282324039512771e-01,1.000000000000000222e+00
1.000000000000000666e+00,-7.115739067021578101e-01,-7.115739067021578101e-01,1.000000000000000666e+00
1.000000000000000666e+00,-9.305074680937066578e-01,-9.305074680937066578e-01,1.000000000000000666e+00
1.000000000000000888e+00,-2.322400928723746816e-01,-2.322400928723746816e-01,1.000000000000000888e+00
1.000000000000001332e+00,7.785001497875280174e-01,7.785001497875280174e-01,1.000000000000001332e+00
1.000000000000001332e+00,9.132556584334112770e-01,9.132556584334112770e-01,1.000000000000001332e+00
1.000000000000001110e+00,5.633228334056716857e-02,5.633228334056716857e-02,1.000000000000001110e+00
1.000000000000001554e+00,-8.054512898631129847e-01,-8.054512898631129847e-01,1.000000000000001554e+00
1.000000000000001554e+00,-9.001722647980570091e-01,-9.001722647980570091e-01,1.000000000000001554e+00
1.000000000000001776e+00,-2.013272414898962248e-01,-2.013272414898962248e-01,1.000000000000001776e+00
1.000000000000001776e+00,7.684101548738713205e-01,7.684101548738713205e-01,1.000000000000001776e+00
1.000000000000001554e+00,9.600565771755530386e-01,9.600565771755530386e-01,1.000000000000001554e+00
1.000000000000001332e+00,2.330681065948088659e-01,2.330681065948088659e-01,1.000000000000001332e+00
1.000000000000001110e+00,-6.696385634552786126e-01,-6.696385634552786126e-01,1.000000000000001110e+00
1.000000000000001776e+00,-9.814216041950009073e-01,-9.814216041950009073e-01,1.000000000000001776e+00
1.000000000000001332e+00,-4.450773061540488351e-01,-4.450773061540488351e-01,1.000000000000001332e+00
1.000000000000001554e+00,6.072562062078744605e-01,6.072562062078744605e-01,1.000000000000001554e+00
1.000000000000000888e+00,9.969966962472897043e-01,9.969966962472897043e-01,1.000000000000000888e+00
1.000000000000000444e+00,3.664646537251863290e-01,3.664646537251863290e-01,1.000000000000000444e+00
1.000000000000000444e+00,-6.430751437252161251e-01,-6.430751437252161251e-01,1.000000000000000444e+00
1.000000000000000666e+00,-9.652184825824339232e-01,-9.652184825824339232e-01,1.000000000000000666e+00
1.000000000000001110e+00,-2.027801947692331463e-01,-2.027801947692331463e-01,1.000000000000001110e+00
1.000000000000000888e+00,7.164346932091191222e-01,7.164346932091191222e-01,1.000000000000000888e+00
1.000000000000001110e+00,9.440385769397638960e-01,9.440385769397638960e-01,1.000000000000001110e+00
1.000000000000000888e+00,1.896741171993773512e-01,1.896741171993773512e-01,1.000000000000000888e+00
1.000000000000000888e+00,-7.726956307416565917e-01,-7.726956307416565917e-01,1.000000000000000888e+00
1.000000000000000888e+00,-9.572543159451827322e-01,-9.572543159451827322e-01,1.000000000000000888e+00
1.000000000000001110e+00,-3.261411747618985779e-01,-3.261411747618985779e-01,1.000000000000001110e+00
1.000000000000001332e+00,6.525040245244230208e-01,6.525040245244230208e-01,1.000000000000001332e+00
1.000000000000001332e+00,9.871417277921307187e-01,9.871417277921307187e-01,1.000000000000001332e+00
1.000000000000000888e+00,3.809878824561322985e-01,3.809878824561322985e-01,1.000000000000000888e+00
1.000000000000000888e+00,-5.676839538529859785e-01,-5.676839538529859785e-01,1.000000000000000888e+00
1.000000000000001332e+00,-9.854798997499226720e-01,-9.854798997499226720e-01,1.000000000000001332e+00
1.000000000000001332e+00,-4.207567615721771737e-01,-4.207567615721771737e-01,1.000000000000001332e+00
1.000000000000001110e+00,5.815643554086620259e-01,5.815643554086620259e-01,1.000000000000001110e+00
1.000000000000001332e+00,9.997305642267343417e-01,9.997305642267343417e-01,1.000000000000001332e+00
1.000000000000001332e+00,4.486528197417846697e-01,4.486528197417846697e-01,1.000000000000001332e+00
1.000000000000001110e+00,-4.971210131760427364e-01,-4.971210131760427364e-01,1.000000000000001110e+00
