1.000000000000000000e+00,1.000000000000000000e+00,1.000000000000000000e+00,1.000000000000000000e+00
1.000000000000000444e+00,5.021825292792713169e-01,5.021825292792713169e-01,1.000000000000000444e+00
1.000000000000000444e+00,-3.900618822980129186e-01,-3.900618822980129186e-01,1.000000000000000444e+00
1.000000000000000666e+00,-9.654631003244296128e-01,-9.654631003244296128e-01,1.000000000000000666e+00
1.000000000000000444e+00,-6.543684068115078745e-01,-6.543684068115078745e-01,1.000000000000000444e+00
1.000000000000000444e+00,3.705409491552309476e-01,3.705409491552309476e-01,1.000000000000000444e+00
1.000000000000000222e+00,9.972172996280440627e-01,9.972172996280440627e-01,1.000000000000000222e+00
1.000000000000000000e+00,5.921715343104851925e-01,5.921715343104851925e-01,1.000000000000000000e+00
1.000000000000000000e+00,-4.533773430163453022e-01,-4.533773430163453022e-01,1.000000000000000000e+00
1.000000000000000222e+00,-9.823259195004576672e-01,-9.823259195004576672e-01,1.000000000000000222e+00
1.000000000000000444e+00,-6.216720845564172038e-01,-6.216720845564172038e-01,1.000000000000000444e+00
1.000000000000000444e+00,2.913169044101635574e-01,2.913169044101635574e-01,1.000000000000000444e+00
1.000000000000000000e+00,9.585539006138245055e-01,9.585539006138245055e-01,1.000000000000000000e+00
1.000000000000000000e+00,7.753612543167017757e-01,7.753612543167017757e-01,1.000000000000000000e+00
9.999999999999997780e-01,-8.017354342150651014e-02,-8.017354342150651014e-02,9.999999999999997780e-01
1.000000000000000000e+00,-8.459813642437803427e-01,-8.459813642437803427e-01,1.000000000000000000e+00
1.000000000000000222e+00,-8.704232506782647594e-01,-8.704232506782647594e-01,1.000000000000000222e+00
1.000000000000000000e+00,-8.171506334061856558e-03,-8.171506334061856558e-03,1.000000000000000000e+00
1.000000000000000222e+00,8.721059870312675155e-01,8.721059870312675155e-01,1.000000000000000222e+00
1.000000000000000222e+00,8.345176250980095300e-01,8.345176250980095300e-01,1.000000000000000222e+00
9.999999999999997780e-01,3.349829097034626169e-02,3.349829097034626169e-02,9.999999999999997780e-01
9.999999999999997780e-01,-8.347065807140021665e-01,-8.347065807140021665e-01,9.999999999999997780e-01
1.000000000000000000e+00,-8.561500645103267138e-01,-8.561500645103267138e-01,1.000000000000000000e+00
9.999999999999998890e-01,-7.071068423989490537e-02,-7.071068423989490537e-02,9.999999999999998890e-01
9.999999999999997780e-01,8.110656276252392605e-01,8.110656276252392605e-01,9.999999999999997780e-01
1.000000000000000000e+00,9.048286183951238515e-01,9.048286183951238515e-01,1.000000000000000000e+00
9.999999999999995559e-01,5.383811733098436969e-02,5.383811733098436969e-02,9.999999999999995559e-01
9.999999999999990008e-01,-8.176827589642788885e-01,-8.176827589642788885e-01,9.999999999999990008e-01
9.999999999999992228e-01,-8.832952503891741136e-01,-8.832952503891741136e-01,9.999999999999992228e-01
9.999999999999992228e-01,-1.305245529479553968e-03,-1.305245529479553968e-03,9.999999999999992228e-01
9.999999999999988898e-01,8.892655843295206308e-01,8.892655843295206308e-01,9.999999999999988898e-01
9.999999999999992228e-01,8.023171271432435470e-01,8.023171271432435470e-01,9.999999999999992228e-01
9.999999999999991118e-01,-6.529601155662340117e-02,-6.529601155662340117e-02,9.999999999999991118e-01
9.999999999999993339e-01,-8.419242585965085457e-01,-8.419242585965085457e-01,9.999999999999993339e-01
9.999999999999995559e-01,-8.904249497411951264e-01,-8.904249497411951264e-01,9.999999999999995559e-01
9.999999999999992228e-01,-6.626146455497777810e-02,-6.626146455497777810e-02,9.999999999999992228e-01
9.999999999999995559e-01,8.026504537488188262e-01,8.026504537488188262e-01,9.999999999999995559e-01
1.000000000000000000e+00,9.306455661287195147e-01,9.306455661287195147e-01,1.000000000000000000e+00
1.000000000000000000e+00,8.272386336967882392e-02,8.272386336967882392e-02,1.000000000000000000e+00
1.000000000000000444e+00,-7.653244794842386511e-01,-7.653244794842386511e-01,1.000000000000000444e+00
1.000000000000000888e+00,-9.092833967266755746e-01,-9.092833967266755746e-01,1.000000000000000888e+00
1.000000000000000666e+00,-1.299189266232258499e-01,-1.299189266232258499e-01,1.000000000000000666e+00
1.000000000000000666e+00,8.132313613621550141e-01,8.132313613621550141e-01,1.000000000000000666e+00
1.000000000000000888e+00,9.213104701141993091e-01,9.213104701141993091e-01,1.000000000000000888e+00
1.000000000000000666e+00,6.534094905897691596e-02,6.534094905897691596e-02,1.000000000000000666e+00
1.000000000000001110e+00,-7.576800849039956320e-01,-7.576800849039956320e-01,1.000000000000001110e+00
1.000000000000001110e+00,-9.350430401023139826e-01,-9.350430401023139826e-01,1.000000000000001110e+00
1.000000000000001332e+00,-1.741636672879356973e-01,-1.741636672879356973e-01,1.000000000000001332e+00
1.000000000000001332e+00,7.726719834771413886e-01,7.726719834771413886e-01,1.000000000000001332e+00
1.000000000000001332e+00,9.367963091672200093e-01,9.367963091672200093e-01,1.000000000000001332e+00
1.000000000000001554e+00,2.414018126231576022e-01,2.414018126231576022e-01,1.000000000000001554e+00
1.000000000000000888e+00,-7.458201483748393423e-01,-7.458201483748393423e-01,1.000000000000000888e+00
1.000000000000001110e+00,-9.163523619924152097e-01,-9.163523619924152097e-01,1.000000000000001110e+00
1.000000000000000888e+00,-1.474807638674663912e-01,-1.474807638674663912e-01,1.000000000000000888e+00
1.000000000000001332e+00,7.498341028711988931e-01,7.498341028711988931e-01,1.000000000000001332e+00
1.000000000000000888e+00,9.539453437199139074e-01,9.539453437199139074e-01,1.000000000000000888e+00
1.000000000000001110e+00,2.042586798804398585e-01,2.042586798804398585e-01,1.000000000000001110e+00
1.000000000000001110e+00,-7.694814155346791917e-01,-7.694814155346791917e-01,1.000000000000001110e+00
1.000000000000000666e+00,-9.528990722685901638e-01,-9.528990722685901638e-01,1.000000000000000666e+00
1.000000000000000666e+00,-3.047253986135643467e-01,-3.047253986135643467e-01,1.000000000000000666e+00
1.000000000000000222e+00,7.042022515230249580e-01,7.042022515230249580e-01,1.000000000000000222e+00
1.000000000000000444e+00,9.643696151491454316e-01,9.643696151491454316e-01,1.000000000000000444e+00
1.000000000000000000e+00,1.918081975852220511e-01,1.918081975852220511e-01,1.000000000000000000e+00
1.000000000000000000e+00,-7.256377400519822274e-01,-7.256377400519822274e-01,1.000000000000000000e+00
9.999999999999997780e-01,-9.503413216809606379e-01,-9.503413216809606379e-01,9.999999999999997780e-01
1.000000000000000444e+00,-3.232907356705654323e-01,-3.232907356705654323e-01,1.000000000000000444e+00
1.000000000000000222e+00,6.847755426459436467e-01,6.847755426459436467e-01,1.000000000000000222e+00
9.999999999999998890e-01,9.703552510764809069e-01,9.703552510764809069e-01,9.999999999999998890e-01
1.000000000000000444e+00,3.805081832132021225e-01,3.805081832132021225e-01,1.000000000000000444e+00
1.000000000000000444e+00,-5.797755551327806733e-01,-5.797755551327806733e-01,1.000000000000000444e+00
1.000000000000000444e+00,-9.984290667457618174e-01,-9.984290667457618174e-01,1.000000000000000444e+00
1.000000000000000666e+00,-5.383153786897536541e-01,-5.383153786897536541e-01,1.000000000000000666e+00
1.000000000000000666e+00,3.720301762104309962e-01,3.720301762104309962e-01,1.000000000000000666e+00
1.000000000000000666e+00,9.908226330730413034e-01,9.908226330730413034e-01,1.000000000000000666e+00
1.000000000000000444e+00,7.008375085954323680e-01,7.008375085954323680e-01,1.000000000000000444e+00
1.000000000000000666e+00,-1.593292895586206903e-01,-1.593292895586206903e-01,1.000000000000000666e+00
1.000000000000000666e+00,-9.003802424561850870e-01,-9.003802424561850870e-01,1.000000000000000666e+00
1.000000000000000888e+00,-8.217851226972311407e-01,-8.217851226972311407e-01,1.000000000000000888e+00
1.000000000000001110e+00,4.552502477466532915e-02,4.552502477466532915e-02,1.000000000000001110e+00
1.000000000000001332e+00,8.155663362126447380e-01,8.155663362126447380e-01,1.000000000000001332e+00
1.000000000000001332e+00,9.058275112170179888e-01,9.058275112170179888e-01,1.000000000000001332e+00
1.000000000000001110e+00,1.105282564615198138e-01,1.105282564615198138e-01,1.000000000000001110e+00
1.000000000000000888e+00,-7.540576796550184646e-01,-7.540576796550184646e-01,1.000000000000000888e+00
1.000000000000000888e+00,-9.507528050913086615e-01,-9.507528050913086615e-01,1.000000000000000888e+00
1.000000000000000888e+00,-3.402183914630735884e-01,-3.402183914630735884e-01,1.000000000000000888e+00
1.000000000000000888e+00,6.999141131721833275e-01,6.999141131721833275e-01,1.000000000000000888e+00
1.000000000000001110e+00,9.932832622104167397e-01,9.932832622104167397e-01,1.000000000000001110e+00
1.000000000000000888e+00,3.642309736380667795e-01,3.642309736380667795e-01,1.000000000000000888e+00
1.000000000000001110e+00,-5.364303003648293044e-01,-5.364303003648293044e-01,1.000000000000001110e+00
1.000000000000001332e+00,-9.965899754633835705e-01,-9.965899754633835705e-01,1.000000000000001332e+00
1.000000000000001776e+00,-4.352074954180624178e-01,-4.352074954180624178e-01,1.000000000000001776e+00
1.000000000000001776e+00,5.696365774773443080e-01,5.696365774773443080e-01,1.000000000000001776e+00
1.000000000000001110e+00,9.993080621626122539e-01,9.993080621626122539e-01,1.000000000000001110e+00
1.000000000000001332e+00,5.649910979751892048e-01,5.649910979751892048e-01,1.000000000000001332e+00
1.000000000000000666e+00,-4.190006199357698691e-01,-4.190006199357698691e-01,1.000000000000000666e+00
1.000000000000000444e+00,-9.784089455580683437e-01,-9.784089455580683437e-01,1.000000000000000444e+00
1.000000000000000888e+00,-5.856907193730414019e-01,-5.856907193730414019e-01,1.000000000000000888e+00
1.000000000000001110e+00,3.135410534521724801e-01,3.135410534521724801e-01,1.000000000000001110e+00
1.000000000000001332e+00,9.816682319661463874e-01,9.816682319661463874e-01,1.000000000000001332e+00
1.000000000000000888e+00,7.133089057165135083e-01,7.133089057165135083e-01,1.000000000000000888e+00
1.000000000000001332e+00,-2.841686041973217614e-01,-2.841686041973217614e-01,1.000000000000001332e+00
