1.000000000000000000e+00,1.000000000000000000e+00,1.000000000000000000e+00,1.000000000000000000e+00
1.000000000000000000e+00,5.009678273612867550e-01,5.009678273612867550e-01,1.000000000000000000e+00
1.000000000000000000e+00,1.457428641303243344e-03,1.457428641303243344e-03,1.000000000000000000e+00
1.000000000000000000e+00,3.595097815347217396e-01,3.595097815347217396e-01,1.000000000000000000e+00
1.000000000000000000e+00,9.383903966843732958e-01,9.383903966843732958e-01,1.000000000000000000e+00
1.000000000000000000e+00,7.827142101308344202e-01,7.827142101308344202e-01,1.000000000000000000e+00
1.000000000000000222e+00,9.481388134128965195e-02,9.481388134128965195e-02,1.000000000000000222e+00
1.000000000000000222e+00,1.347059989075449216e-01,1.347059989075449216e-01,1.000000000000000222e+00
1.000000000000000444e+00,7.467725308157016073e-01,7.467725308157016073e-01,1.000000000000000444e+00
1.000000000000000444e+00,9.756964562368075633e-01,9.756964562368075633e-01,1.000000000000000444e+00
1.000000000000000666e+00,3.672394041393485242e-01,3.672394041393485242e-01,1.000000000000000666e+00
1.000000000000000444e+00,8.201790512271378564e-04,8.201790512271378564e-04,1.000000000000000444e+00
1.000000000000000444e+00,4.558638013973453917e-01,4.558638013973453917e-01,1.000000000000000444e+00
1.000000000000000666e+00,9.954724322393463387e-01,9.954724322393463387e-01,1.000000000000000666e+00
1.000000000000000444e+00,6.280512641354089043e-01,6.280512641354089043e-01,1.000000000000000444e+00
1.000000000000000444e+00,5.362870574529307599e-02,5.362870574529307599e-02,1.000000000000000444e+00
1.000000000000000666e+00,1.871231622078199375e-01,1.871231622078199375e-01,1.000000000000000666e+00
1.000000000000000888e+00,8.531785150483277569e-01,8.531785150483277569e-01,1.000000000000000888e+00
1.000000000000001110e+00,9.235063102956220238e-01,9.235063102956220238e-01,1.000000000000001110e+00
1.000000000000001110e+00,2.551770909226951933e-01,2.551770909226951933e-01,1.000000000000001110e+00
1.000000000000000888e+00,6.092824740428703922e-02,6.092824740428703922e-02,1.000000000000000888e+00
1.000000000000001332e+00,6.256084194785476171e-01,6.256084194785476171e-01,1.000000000000001332e+00
1.000000000000001332e+00,9.968945122205882248e-01,9.968945122205882248e-01,1.000000000000001332e+00
1.000000000000001110e+00,5.309748953829924734e-01,5.309748953829924734e-01,1.000000000000001110e+00
1.000000000000001110e+00,1.679984739855061582e-03,1.679984739855061582e-03,1.000000000000001110e+00
1.000000000000001332e+00,3.825950037134769333e-01,3.825950037134769333e-01,1.000000000000001332e+00
1.000000000000001110e+00,9.849851161131815136e-01,9.849851161131815136e-01,1.000000000000001110e+00
1.000000000000000888e+00,6.149787677747718950e-01,6.149787677747718950e-01,1.000000000000000888e+00
1.000000000000000888e+00,5.071307435720789902e-02,5.071307435720789902e-02,1.000000000000000888e+00
1.000000000000001110e+00,1.808892570910594078e-01,1.808892570910594078e-01,1.000000000000001110e+00
1.000000000000001110e+00,7.985605768602160870e-01,7.985605768602160870e-01,1.000000000000001110e+00
1.000000000000001110e+00,9.128079214441477962e-01,9.128079214441477962e-01,1.000000000000001110e+00
1.000000000000001110e+00,2.153165689070901667e-01,2.153165689070901667e-01,1.000000000000001110e+00
1.000000000000001332e+00,5.654015470346879235e-02,5.654015470346879235e-02,1.000000000000001332e+00
1.000000000000001110e+00,6.904711118762391076e-01,6.904711118762391076e-01,1.000000000000001110e+00
1.000000000000001332e+00,9.955320225251327315e-01,9.955320225251327315e-01,1.000000000000001332e+00
1.000000000000001110e+00,5.400891152595954647e-01,5.400891152595954647e-01,1.000000000000001110e+00
1.000000000000001332e+00,7.052372253155109183e-03,7.052372253155109183e-03,1.000000000000001332e+00
1.000000000000000888e+00,3.779326927573892769e-01,3.779326927573892769e-01,1.000000000000000888e+00
1.000000000000000888e+00,9.783277554241834872e-01,9.783277554241834872e-01,1.000000000000000888e+00
1.000000000000000888e+00,7.245120700562713845e-01,7.245120700562713845e-01,1.000000000000000888e+00
1.000000000000000666e+00,8.273927531952177117e-02,8.273927531952177117e-02,1.000000000000000666e+00
1.000000000000001110e+00,1.511009213977579924e-01,1.511009213977579924e-01,1.000000000000001110e+00
1.000000000000001332e+00,7.797257154553832725e-01,7.797257154553832725e-01,1.000000000000001332e+00
1.000000000000001110e+00,9.697455250149934480e-01,9.697455250149934480e-01,1.000000000000001110e+00
1.000000000000001110e+00,4.131176194748341635e-01,4.131176194748341635e-01,1.000000000000001110e+00
1.000000000000001110e+00,1.329503558883671221e-04,1.329503558883671221e-04,1.000000000000001110e+00
1.000000000000001110e+00,4.722716910851911254e-01,4.722716910851911254e-01,1.000000000000001110e+00
1.000000000000001332e+00,9.859733393340962548e-01,9.859733393340962548e-01,1.000000000000001332e+00
1.000000000000001332e+00,6.357056204246984699e-01,6.357056204246984699e-01,1.000000000000001332e+00
1.000000000000001554e+00,2.398474804789560433e-02,2.398474804789560433e-02,1.000000000000001554e+00
1.000000000000001332e+00,2.819223742369940111e-01,2.819223742369940111e-01,1.000000000000001332e+00
1.000000000000001332e+00,8.800799541361730149e-01,8.800799541361730149e-01,1.000000000000001332e+00
1.000000000000001110e+00,8.988518336549312648e-01,8.988518336549312648e-01,1.000000000000001110e+00
1.000000000000001110e+00,3.118930122956296569e-01,3.118930122956296569e-01,1.000000000000001110e+00
1.000000000000000888e+00,4.008560075378056475e-02,4.008560075378056475e-02,1.000000000000000888e+00
1.000000000000001110e+00,6.028418900205992914e-01,6.028418900205992914e-01,1.000000000000001110e+00
1.000000000000000666e+00,9.997603688168059666e-01,9.997603688168059666e-01,1.000000000000000666e+00
1.000000000000000888e+00,5.304022909476645564e-01,5.304022909476645564e-01,1.000000000000000888e+00
1.000000000000000666e+00,2.372300771146196308e-02,2.372300771146196308e-02,1.000000000000000666e+00
1.000000000000001110e+00,2.437400665798163946e-01,2.437400665798163946e-01,1.000000000000001110e+00
1.000000000000001110e+00,8.863158160160506949e-01,8.863158160160506949e-01,1.000000000000001110e+00
1.000000000000001332e+00,8.963908311541511909e-01,8.963908311541511909e-01,1.000000000000001332e+00
1.000000000000000888e+00,2.452121171742821792e-01,2.452121171742821792e-01,1.000000000000000888e+00
1.000000000000000888e+00,3.701235336513575280e-02,3.701235336513575280e-02,1.000000000000000888e+00
1.000000000000001110e+00,6.112907330388492877e-01,6.112907330388492877e-01,1.000000000000001110e+00
1.000000000000001110e+00,9.999371173967548376e-01,9.999371173967548376e-01,1.000000000000001110e+00
1.000000000000001110e+00,5.503964743767515433e-01,5.503964743767515433e-01,1.000000000000001110e+00
1.000000000000001332e+00,2.923644719702159223e-02,2.923644719702159223e-02,1.000000000000001332e+00
1.000000000000001332e+00,2.234271894342658993e-01,2.234271894342658993e-01,1.000000000000001332e+00
1.000000000000001332e+00,9.043358293355447941e-01,9.043358293355447941e-01,1.000000000000001332e+00
1.000000000000001110e+00,8.435890485989333554e-01,8.435890485989333554e-01,1.000000000000001110e+00
1.000000000000001332e+00,1.437381700859185485e-01,1.437381700859185485e-01,1.000000000000001332e+00
1.000000000000001110e+00,1.487653136530853182e-01,1.487653136530853182e-01,1.000000000000001110e+00
1.000000000000000888e+00,8.112428603102185276e-01,8.112428603102185276e-01,1.000000000000000888e+00
1.000000000000000666e+00,9.129466483422563616e-01,9.129466483422563616e-01,1.000000000000000666e+00
1.000000000000000888e+00,2.582140857024265435e-01,2.582140857024265435e-01,1.000000000000000888e+00
1.000000000000000444e+00,5.848675644513570693e-02,5.848675644513570693e-02,1.000000000000000444e+00
1.000000000000000666e+00,7.357807112675941452e-01,7.357807112675941452e-01,1.000000000000000666e+00
1.000000000000000666e+00,9.694467225508318631e-01,9.694467225508318631e-01,1.000000000000000666e+00
1.000000000000000666e+00,4.543802225943956441e-01,4.543802225943956441e-01,1.000000000000000666e+00
1.000000000000000888e+00,7.306722282475835994e-03,7.306722282475835994e-03,1.000000000000000888e+00
1.000000000000000666e+00,3.757811900490666268e-01,3.757811900490666268e-01,1.000000000000000666e+00
1.000000000000000444e+00,9.380016145902199121e-01,9.380016145902199121e-01,1.000000000000000444e+00
1.000000000000000888e+00,8.460923070926030798e-01,8.460923070926030798e-01,1.000000000000000888e+00
1.000000000000000888e+00,2.216245243542602494e-01,2.216245243542602494e-01,1.000000000000000888e+00
1.000000000000000888e+00,5.627686642206272682e-02,5.627686642206272682e-02,1.000000000000000888e+00
1.000000000000000666e+00,7.129225543153664413e-01,7.129225543153664413e-01,1.000000000000000666e+00
1.000000000000000666e+00,9.654944084319495579e-01,9.654944084319495579e-01,1.000000000000000666e+00
1.000000000000000888e+00,3.732353040738650152e-01,3.732353040738650152e-01,1.000000000000000888e+00
1.000000000000000666e+00,4.494701268230871793e-03,4.494701268230871793e-03,1.000000000000000666e+00
1.000000000000000666e+00,5.706088090369599852e-01,5.706088090369599852e-01,1.000000000000000666e+00
1.000000000000000888e+00,9.985968591076774814e-01,9.985968591076774814e-01,1.000000000000000888e+00
1.000000000000000888e+00,6.038215355531092454e-01,6.038215355531092454e-01,1.000000000000000888e+00
1.000000000000000888e+00,4.925804370912170715e-02,4.925804370912170715e-02,1.000000000000000888e+00
1.000000000000001110e+00,2.331438418513124555e-01,2.331438418513124555e-01,1.000000000000001110e+00
1.000000000000001110e+00,8.536334495264262801e-01,8.536334495264262801e-01,1.000000000000001110e+00
1.000000000000001110e+00,8.965322587380745167e-01,8.965322587380745167e-01,1.000000000000001110e+00
1.000000000000001554e+00,2.674314435034486070e-01,2.674314435034486070e-01,1.000000000000001554e+00
1.000000000000001332e+00,3.574770261224965995e-02,3.574770261224965995e-02,1.000000000000001332e+00
1.000000000000001776e+00,6.581308770665338370e-01,6.581308770665338370e-01,1.000000000000001776e+00
