1.000000000000000000e+00,1.000000000000000000e+00,1.000000000000000000e+00,1.000000000000000000e+00
9.999999999999998890e-01,5.607150615973783836e-01,5.607150615973783836e-01,9.999999999999998890e-01
1.000000000000000222e+00,9.869312522002210430e-03,9.869312522002210430e-03,1.000000000000000222e+00
1.000000000000000000e+00,3.856804602084028533e-01,3.856804602084028533e-01,1.000000000000000000e+00
1.000000000000000222e+00,9.783488663497907911e-01,9.783488663497907911e-01,1.000000000000000222e+00
1.000000000000000222e+00,6.977646458812813979e-01,6.977646458812813979e-01,1.000000000000000222e+00
1.000000000000000222e+00,5.985970978081625593e-02,5.985970978081625593e-02,1.000000000000000222e+00
1.000000000000000222e+00,2.622929322035323918e-01,2.622929322035323918e-01,1.000000000000000222e+00
1.000000000000000222e+00,9.403608146648371191e-01,9.403608146648371191e-01,1.000000000000000222e+00
1.000000000000000444e+00,7.746695860167559511e-01,7.746695860167559511e-01,1.000000000000000444e+00
1.000000000000000666e+00,1.166695010791530263e-01,1.166695010791530263e-01,1.000000000000000666e+00
1.000000000000000666e+00,1.841096429928282818e-01,1.841096429928282818e-01,1.000000000000000666e+00
1.000000000000000444e+00,8.130931264395236946e-01,8.130931264395236946e-01,1.000000000000000444e+00
1.000000000000000666e+00,9.239951818017393403e-01,9.239951818017393403e-01,1.000000000000000666e+00
1.000000000000000444e+00,3.098118484806100525e-01,3.098118484806100525e-01,1.000000000000000444e+00
1.000000000000000444e+00,3.934595887831890404e-02,3.934595887831890404e-02,1.000000000000000444e+00
1.000000000000000444e+00,5.931734881585732921e-01,5.931734881585732921e-01,1.000000000000000444e+00
1.000000000000000000e+00,9.915084208804629817e-01,9.915084208804629817e-01,1.000000000000000000e+00
1.000000000000000000e+00,5.153898205984037695e-01,5.153898205984037695e-01,1.000000000000000000e+00
1.000000000000000000e+00,2.034639346924660419e-02,2.034639346924660419e-02,1.000000000000000000e+00
1.000000000000000222e+00,3.552590383027721677e-01,3.552590383027721677e-01,1.000000000000000222e+00
1.000000000000000444e+00,9.230459124403087579e-01,9.230459124403087579e-01,1.000000000000000444e+00
1.000000000000000444e+00,8.277756444232529098e-01,8.277756444232529098e-01,1.000000000000000444e+00
1.000000000000000444e+00,1.179234964381771084e-01,1.179234964381771084e-01,1.000000000000000444e+00
1.000000000000000444e+00,1.503470364275145132e-01,1.503470364275145132e-01,1.000000000000000444e+00
1.000000000000000444e+00,7.765288479220348039e-01,7.765288479220348039e-01,1.000000000000000444e+00
1.000000000000000444e+00,9.480322794464108860e-01,9.480322794464108860e-01,1.000000000000000444e+00
1.000000000000000444e+00,3.030209630904306950e-01,3.030209630904306950e-01,1.000000000000000444e+00
1.000000000000000888e+00,5.949740699512540143e-03,5.949740699512540143e-03,1.000000000000000888e+00
1.000000000000000888e+00,5.707985183488841763e-01,5.707985183488841763e-01,1.000000000000000888e+00
1.000000000000000888e+00,9.967135522128964809e-01,9.967135522128964809e-01,1.000000000000000888e+00
1.000000000000000888e+00,6.473078899468833747e-01,6.473078899468833747e-01,1.000000000000000888e+00
1.000000000000000888e+00,6.071107578690054796e-02,6.071107578690054796e-02,1.000000000000000888e+00
1.000000000000000888e+00,2.500446818277071159e-01,2.500446818277071159e-01,1.000000000000000888e+00
1.000000000000001110e+00,8.830774439249301500e-01,8.830774439249301500e-01,1.000000000000001110e+00
1.000000000000000888e+00,8.612835740537475582e-01,8.612835740537475582e-01,1.000000000000000888e+00
1.000000000000000888e+00,2.525128278418149463e-01,2.525128278418149463e-01,1.000000000000000888e+00
1.000000000000000888e+00,4.945393158316482851e-02,4.945393158316482851e-02,1.000000000000000888e+00
1.000000000000000888e+00,7.005469659421931228e-01,7.005469659421931228e-01,1.000000000000000888e+00
1.000000000000000888e+00,9.805846332151224587e-01,9.805846332151224587e-01,1.000000000000000888e+00
1.000000000000000888e+00,4.269234060151230192e-01,4.269234060151230192e-01,1.000000000000000888e+00
1.000000000000001110e+00,3.124666424723948621e-03,3.124666424723948621e-03,1.000000000000001110e+00
1.000000000000001332e+00,3.913903693584507293e-01,3.913903693584507293e-01,1.000000000000001332e+00
1.000000000000000888e+00,9.685567393381560031e-01,9.685567393381560031e-01,1.000000000000000888e+00
1.000000000000000888e+00,7.440573421985532399e-01,7.440573421985532399e-01,1.000000000000000888e+00
1.000000000000001110e+00,1.047587599637232331e-01,1.047587599637232331e-01,1.000000000000001110e+00
1.000000000000000888e+00,1.615193626697727369e-01,1.615193626697727369e-01,1.000000000000000888e+00
1.000000000000001110e+00,7.748401568374351234e-01,7.748401568374351234e-01,1.000000000000001110e+00
1.000000000000000888e+00,9.338968047348741308e-01,9.338968047348741308e-01,1.000000000000000888e+00
1.000000000000001110e+00,3.517782604997051754e-01,3.517782604997051754e-01,1.000000000000001110e+00
1.000000000000000888e+00,1.548795574439726375e-02,1.548795574439726375e-02,1.000000000000000888e+00
1.000000000000000888e+00,5.716124769996026034e-01,5.716124769996026034e-01,1.000000000000000888e+00
1.000000000000000444e+00,9.995389720734624284e-01,9.995389720734624284e-01,1.000000000000000444e+00
1.000000000000000666e+00,4.975208261540691179e-01,4.975208261540691179e-01,1.000000000000000666e+00
1.000000000000000666e+00,8.177576993086910218e-03,8.177576993086910218e-03,1.000000000000000666e+00
1.000000000000000888e+00,3.370591072547041156e-01,3.370591072547041156e-01,1.000000000000000888e+00
1.000000000000000666e+00,9.487655074416154743e-01,9.487655074416154743e-01,1.000000000000000666e+00
1.000000000000000666e+00,7.615971607164165880e-01,7.615971607164165880e-01,1.000000000000000666e+00
1.000000000000000888e+00,1.234623662908385933e-01,1.234623662908385933e-01,1.000000000000000888e+00
1.000000000000000888e+00,1.275073147168485632e-01,1.275073147168485632e-01,1.000000000000000888e+00
1.000000000000000444e+00,8.002453350402679577e-01,8.002453350402679577e-01,1.000000000000000444e+00
1.000000000000000444e+00,9.428202843850010950e-01,9.428202843850010950e-01,1.000000000000000444e+00
1.000000000000000666e+00,3.463808113524746712e-01,3.463808113524746712e-01,1.000000000000000666e+00
1.000000000000000444e+00,9.761050697721151970e-03,9.761050697721151970e-03,1.000000000000000444e+00
1.000000000000000666e+00,5.867449411524434666e-01,5.867449411524434666e-01,1.000000000000000666e+00
1.000000000000000222e+00,9.910496890065665365e-01,9.910496890065665365e-01,1.000000000000000222e+00
1.000000000000000666e+00,4.800157336195007840e-01,4.800157336195007840e-01,1.000000000000000666e+00
1.000000000000000666e+00,2.815807107139078891e-04,2.815807107139078891e-04,1.000000000000000666e+00
1.000000000000000444e+00,4.250534833724649020e-01,4.250534833724649020e-01,1.000000000000000444e+00
1.000000000000000444e+00,9.946875773791572506e-01,9.946875773791572506e-01,1.000000000000000444e+00
1.000000000000000666e+00,6.065945305058254577e-01,6.065945305058254577e-01,1.000000000000000666e+00
1.000000000000000444e+00,1.430042034722439626e-02,1.430042034722439626e-02,1.000000000000000444e+00
1.000000000000000666e+00,3.389801832751355715e-01,3.389801832751355715e-01,1.000000000000000666e+00
1.000000000000000666e+00,9.730992799223086021e-01,9.730992799223086021e-01,1.000000000000000666e+00
1.000000000000000666e+00,7.284770151564873286e-01,7.284770151564873286e-01,1.000000000000000666e+00
1.000000000000000888e+00,1.320351067769617304e-01,1.320351067769617304e-01,1.000000000000000888e+00
1.000000000000000888e+00,1.539646279739647072e-01,1.539646279739647072e-01,1.000000000000000888e+00
1.000000000000000666e+00,8.029076334167476459e-01,8.029076334167476459e-01,1.000000000000000666e+00
1.000000000000000888e+00,9.370897833518823106e-01,9.370897833518823106e-01,1.000000000000000888e+00
1.000000000000000666e+00,3.515690367438882302e-01,3.515690367438882302e-01,1.000000000000000666e+00
1.000000000000000666e+00,2.524072033714083729e-02,2.524072033714083729e-02,1.000000000000000666e+00
1.000000000000000444e+00,6.198000486201276082e-01,6.198000486201276082e-01,1.000000000000000444e+00
1.000000000000000222e+00,9.963016375285624893e-01,9.963016375285624893e-01,1.000000000000000222e+00
1.000000000000000000e+00,5.132620634245403934e-01,5.132620634245403934e-01,1.000000000000000000e+00
1.000000000000000000e+00,2.009800315330678711e-02,2.009800315330678711e-02,1.000000000000000000e+00
1.000000000000000000e+00,2.461758611282078291e-01,2.461758611282078291e-01,1.000000000000000000e+00
1.000000000000000000e+00,8.686261895527468413e-01,8.686261895527468413e-01,1.000000000000000000e+00
1.000000000000000000e+00,8.827783450565426238e-01,8.827783450565426238e-01,1.000000000000000000e+00
1.000000000000000222e+00,2.307665720371565865e-01,2.307665720371565865e-01,1.000000000000000222e+00
1.000000000000000222e+00,3.622825081362074373e-02,3.622825081362074373e-02,1.000000000000000222e+00
1.000000000000000444e+00,6.692534299776927709e-01,6.692534299776927709e-01,1.000000000000000444e+00
1.000000000000000222e+00,9.701351223894787434e-01,9.701351223894787434e-01,1.000000000000000222e+00
1.000000000000000444e+00,3.896230835389463687e-01,3.896230835389463687e-01,1.000000000000000444e+00
1.000000000000000222e+00,2.177526467825319223e-05,2.177526467825319223e-05,1.000000000000000222e+00
1.000000000000000222e+00,4.810519382163137014e-01,4.810519382163137014e-01,1.000000000000000222e+00
1.000000000000000000e+00,9.996254605580962016e-01,9.996254605580962016e-01,1.000000000000000000e+00
1.000000000000000222e+00,6.146683944682729273e-01,6.146683944682729273e-01,1.000000000000000222e+00
1.000000000000000222e+00,5.515237709161355251e-02,5.515237709161355251e-02,1.000000000000000222e+00
1.000000000000000000e+00,2.337877217913275907e-01,2.337877217913275907e-01,1.000000000000000000e+00
1.000000000000000000e+00,8.963554878227132372e-01,8.963554878227132372e-01,1.000000000000000000e+00
1.000000000000000222e+00,8.253234941827681803e-01,8.253234941827681803e-01,1.000000000000000222e+00
