1.000000000000000000e+00,1.000000000000000000e+00,1.000000000000000000e+00,1.000000000000000000e+00
9.999999999999998890e-01,5.312476346047516618e-01,5.312476346047516618e-01,9.999999999999998890e-01
1.000000000000000000e+00,1.423968306989237265e-03,1.423968306989237265e-03,1.000000000000000000e+00
1.000000000000000000e+00,4.035507621480979856e-01,4.035507621480979856e-01,1.000000000000000000e+00
1.000000000000000222e+00,9.706042943350217111e-01,9.706042943350217111e-01,1.000000000000000222e+00
1.000000000000000000e+00,6.705893984600032054e-01,6.705893984600032054e-01,1.000000000000000000e+00
9.999999999999998890e-01,2.806158933054073157e-02,2.806158933054073157e-02,9.999999999999998890e-01
1.000000000000000000e+00,2.758749079802567672e-01,2.758749079802567672e-01,1.000000000000000000e+00
9.999999999999998890e-01,9.210178311114942673e-01,9.210178311114942673e-01,9.999999999999998890e-01
1.000000000000000222e+00,8.131824917053604995e-01,8.131824917053604995e-01,1.000000000000000222e+00
1.000000000000000444e+00,1.514402985406751445e-01,1.514402985406751445e-01,1.000000000000000444e+00
1.000000000000000444e+00,9.257743832535073047e-02,9.257743832535073047e-02,1.000000000000000444e+00
1.000000000000000222e+00,7.132523091683100613e-01,7.132523091683100613e-01,1.000000000000000222e+00
1.000000000000000222e+00,9.524508033602854251e-01,9.524508033602854251e-01,1.000000000000000222e+00
1.000000000000000222e+00,2.822290593279809801e-01,2.822290593279809801e-01,1.000000000000000222e+00
1.000000000000000222e+00,3.292782780520275843e-02,3.292782780520275843e-02,1.000000000000000222e+00
1.000000000000000000e+00,6.441257293293842778e-01,6.441257293293842778e-01,1.000000000000000000e+00
1.000000000000000222e+00,9.997851352815845249e-01,9.997851352815845249e-01,1.000000000000000222e+00
1.000000000000000222e+00,5.146735375346861430e-01,5.146735375346861430e-01,1.000000000000000222e+00
9.999999999999997780e-01,8.134525167833889236e-03,8.134525167833889236e-03,9.999999999999997780e-01
1.000000000000000000e+00,3.896016598325725000e-01,3.896016598325725000e-01,1.000000000000000000e+00
9.999999999999997780e-01,9.714685713760553565e-01,9.714685713760553565e-01,9.999999999999997780e-01
9.999999999999998890e-01,6.693655196236354410e-01,6.693655196236354410e-01,9.999999999999998890e-01
1.000000000000000000e+00,4.662291452650771384e-02,4.662291452650771384e-02,1.000000000000000000e+00
9.999999999999997780e-01,1.861221352238151550e-01,1.861221352238151550e-01,9.999999999999997780e-01
9.999999999999996669e-01,8.153262840613213491e-01,8.153262840613213491e-01,9.999999999999996669e-01
9.999999999999996669e-01,9.021662976536266587e-01,9.021662976536266587e-01,9.999999999999996669e-01
9.999999999999994449e-01,3.136375210767851085e-01,3.136375210767851085e-01,9.999999999999994449e-01
9.999999999999993339e-01,3.854904276993717516e-02,3.854904276993717516e-02,9.999999999999993339e-01
9.999999999999993339e-01,6.733158662951331808e-01,6.733158662951331808e-01,9.999999999999993339e-01
9.999999999999992228e-01,9.966421843926154267e-01,9.966421843926154267e-01,9.999999999999992228e-01
9.999999999999995559e-01,4.711306964149502563e-01,4.711306964149502563e-01,9.999999999999995559e-01
9.999999999999994449e-01,9.607589241205083397e-03,9.607589241205083397e-03,9.999999999999994449e-01
9.999999999999996669e-01,3.355453199286159149e-01,3.355453199286159149e-01,9.999999999999996669e-01
1.000000000000000000e+00,9.666154990206989872e-01,9.666154990206989872e-01,1.000000000000000000e+00
9.999999999999997780e-01,7.238130081311713315e-01,7.238130081311713315e-01,9.999999999999997780e-01
1.000000000000000000e+00,8.709492176634467397e-02,8.709492176634467397e-02,1.000000000000000000e+00
1.000000000000000222e+00,1.808607931994686002e-01,1.808607931994686002e-01,1.000000000000000222e+00
1.000000000000000222e+00,8.369926188972079961e-01,8.369926188972079961e-01,1.000000000000000222e+00
1.000000000000000000e+00,9.399435678373494474e-01,9.399435678373494474e-01,1.000000000000000000e+00
9.999999999999997780e-01,2.927800304985637148e-01,2.927800304985637148e-01,9.999999999999997780e-01
9.999999999999997780e-01,2.713742708371985612e-02,2.713742708371985612e-02,9.999999999999997780e-01
1.000000000000000000e+00,6.562849701919005740e-01,6.562849701919005740e-01,1.000000000000000000e+00
1.000000000000000000e+00,9.866522050627103413e-01,9.866522050627103413e-01,1.000000000000000000e+00
9.999999999999997780e-01,4.524568520879735378e-01,4.524568520879735378e-01,9.999999999999997780e-01
9.999999999999997780e-01,2.119495783668434719e-03,2.119495783668434719e-03,9.999999999999997780e-01
1.000000000000000222e+00,3.331292832605711740e-01,3.331292832605711740e-01,1.000000000000000222e+00
1.000000000000000000e+00,9.618237814489050130e-01,9.618237814489050130e-01,1.000000000000000000e+00
9.999999999999998890e-01,7.324892712678574558e-01,7.324892712678574558e-01,9.999999999999998890e-01
1.000000000000000000e+00,9.375741791561575944e-02,9.375741791561575944e-02,1.000000000000000000e+00
1.000000000000000000e+00,1.869013464927777868e-01,1.869013464927777868e-01,1.000000000000000000e+00
9.999999999999998890e-01,8.411838197503608283e-01,8.411838197503608283e-01,9.999999999999998890e-01
9.999999999999998890e-01,8.890243280705505402e-01,8.890243280705505402e-01,9.999999999999998890e-01
1.000000000000000000e+00,2.499082789625605705e-01,2.499082789625605705e-01,1.000000000000000000e+00
1.000000000000000000e+00,5.928710042684126602e-02,5.928710042684126602e-02,1.000000000000000000e+00
1.000000000000000222e+00,6.740520599499977283e-01,6.740520599499977283e-01,1.000000000000000222e+00
1.000000000000000222e+00,9.815993164203639099e-01,9.815993164203639099e-01,1.000000000000000222e+00
9.999999999999997780e-01,4.473790755429509769e-01,4.473790755429509769e-01,9.999999999999997780e-01
1.000000000000000000e+00,2.100102918579066502e-03,2.100102918579066502e-03,1.000000000000000000e+00
1.000000000000000000e+00,4.175407252989159490e-01,4.175407252989159490e-01,1.000000000000000000e+00
9.999999999999997780e-01,9.596284925791243037e-01,9.596284925791243037e-01,9.999999999999997780e-01
1.000000000000000222e+00,7.947219144808558289e-01,7.947219144808558289e-01,1.000000000000000222e+00
1.000000000000000222e+00,1.327004472343863428e-01,1.327004472343863428e-01,1.000000000000000222e+00
1.000000000000000000e+00,1.359784672796086058e-01,1.359784672796086058e-01,1.000000000000000000e+00
1.000000000000000222e+00,8.362008115854352441e-01,8.362008115854352441e-01,1.000000000000000222e+00
1.000000000000000000e+00,8.932602429404066235e-01,8.932602429404066235e-01,1.000000000000000000e+00
1.000000000000000222e+00,2.844953219671243483e-01,2.844953219671243483e-01,1.000000000000000222e+00
1.000000000000000222e+00,2.315099896158798187e-02,2.315099896158798187e-02,1.000000000000000222e+00
1.000000000000000222e+00,6.118154911708761912e-01,6.118154911708761912e-01,1.000000000000000222e+00
1.000000000000000444e+00,9.869342105839061796e-01,9.869342105839061796e-01,1.000000000000000444e+00
1.000000000000000444e+00,4.629823956578701383e-01,4.629823956578701383e-01,1.000000000000000444e+00
1.000000000000000888e+00,1.020196035055515038e-03,1.020196035055515038e-03,1.000000000000000888e+00
1.000000000000000888e+00,3.650320390910520851e-01,3.650320390910520851e-01,1.000000000000000888e+00
1.000000000000000666e+00,9.814583704493206051e-01,9.814583704493206051e-01,1.000000000000000666e+00
1.000000000000000888e+00,7.013191778780553109e-01,7.013191778780553109e-01,1.000000000000000888e+00
1.000000000000000888e+00,4.570161971577973992e-02,4.570161971577973992e-02,1.000000000000000888e+00
1.000000000000001110e+00,2.277496001143636262e-01,2.277496001143636262e-01,1.000000000000001110e+00
1.000000000000000888e+00,9.042884939937225752e-01,9.042884939937225752e-01,1.000000000000000888e+00
1.000000000000001110e+00,8.440414713176679351e-01,8.440414713176679351e-01,1.000000000000001110e+00
1.000000000000001332e+00,2.134923070264762024e-01,2.134923070264762024e-01,1.000000000000001332e+00
1.000000000000000888e+00,5.979897977277218168e-02,5.979897977277218168e-02,1.000000000000000888e+00
1.000000000000000888e+00,6.825293211490741641e-01,6.825293211490741641e-01,1.000000000000000888e+00
1.000000000000000888e+00,9.680868950420684627e-01,9.680868950420684627e-01,1.000000000000000888e+00
1.000000000000000888e+00,4.224254784269468876e-01,4.224254784269468876e-01,1.000000000000000888e+00
1.000000000000001110e+00,1.773841076845583675e-04,1.773841076845583675e-04,1.000000000000001110e+00
1.000000000000001110e+00,4.284205949463523733e-01,4.284205949463523733e-01,1.000000000000001110e+00
1.000000000000001332e+00,9.707912618555272211e-01,9.707912618555272211e-01,1.000000000000001332e+00
1.000000000000001554e+00,7.214150479836644037e-01,7.214150479836644037e-01,1.000000000000001554e+00
1.000000000000001332e+00,7.574589504285725305e-02,7.574589504285725305e-02,1.000000000000001332e+00
1.000000000000001332e+00,1.476939623856379780e-01,1.476939623856379780e-01,1.000000000000001332e+00
1.000000000000000888e+00,8.367874191588523525e-01,8.367874191588523525e-01,1.000000000000000888e+00
1.000000000000000666e+00,8.662211487688739053e-01,8.662211487688739053e-01,1.000000000000000666e+00
1.000000000000000444e+00,1.569077345122719680e-01,1.569077345122719680e-01,1.000000000000000444e+00
1.000000000000000888e+00,1.235293511930588145e-01,1.235293511930588145e-01,1.000000000000000888e+00
1.000000000000000666e+00,7.574733952416629057e-01,7.574733952416629057e-01,1.000000000000000666e+00
1.000000000000001110e+00,9.249507376137240389e-01,9.249507376137240389e-01,1.000000000000001110e+00
1.000000000000000888e+00,2.533472802905567534e-01,2.533472802905567534e-01,1.000000000000000888e+00
1.000000000000000888e+00,6.190454527277006180e-02,6.190454527277006180e-02,1.000000000000000888e+00
1.000000000000001110e+00,6.261313125285784542e-01,6.261313125285784542e-01,1.000000000000001110e+00
1.000000000000001332e+00,9.890094167547066606e-01,9.890094167547066606e-01,1.000000000000001332e+00
1.000000000000001110e+00,5.241244912417973856e-01,5.241244912417973856e-01,1.000000000000001110e+00
