1.000000000000000000e+00,1.000000000000000000e+00,1.000000000000000000e+00,1.000000000000000000e+00
1.000000000000000000e+00,5.634101021816054766e-01,5.634101021816054766e-01,1.000000000000000000e+00
9.999999999999997780e-01,7.837833211791406240e-03,7.837833211791406240e-03,9.999999999999997780e-01
1.000000000000000000e+00,3.202500025311958431e-01,3.202500025311958431e-01,1.000000000000000000e+00
1.000000000000000000e+00,9.379193062253388113e-01,9.379193062253388113e-01,1.000000000000000000e+00
9.999999999999998890e-01,7.847243483199288772e-01,7.847243483199288772e-01,9.999999999999998890e-01
1.000000000000000222e+00,1.607209793580058055e-01,1.607209793580058055e-01,1.000000000000000222e+00
1.000000000000000222e+00,1.184791765745923514e-01,1.184791765745923514e-01,1.000000000000000222e+00
1.000000000000000000e+00,7.444253212238659545e-01,7.444253212238659545e-01,1.000000000000000000e+00
1.000000000000000000e+00,9.671236625095818162e-01,9.671236625095818162e-01,1.000000000000000000e+00
1.000000000000000000e+00,3.721942863617809794e-01,3.721942863617809794e-01,1.000000000000000000e+00
1.000000000000000000e+00,9.659872104494926504e-06,9.659872104494926504e-06,1.000000000000000000e+00
1.000000000000000222e+00,4.311323536902287312e-01,4.311323536902287312e-01,1.000000000000000222e+00
1.000000000000000222e+00,9.958220705262801342e-01,9.958220705262801342e-01,1.000000000000000222e+00
1.000000000000000222e+00,6.610319628129139868e-01,6.610319628129139868e-01,1.000000000000000222e+00
1.000000000000000222e+00,5.638712183531344180e-02,5.638712183531344180e-02,1.000000000000000222e+00
1.000000000000000000e+00,2.408840629889685836e-01,2.408840629889685836e-01,1.000000000000000000e+00
1.000000000000000222e+00,8.712980792972525590e-01,8.712980792972525590e-01,1.000000000000000222e+00
1.000000000000000000e+00,8.475130341534500289e-01,8.475130341534500289e-01,1.000000000000000000e+00
1.000000000000000000e+00,1.603280869806225084e-01,1.603280869806225084e-01,1.000000000000000000e+00
1.000000000000000000e+00,1.242398035602619716e-01,1.242398035602619716e-01,1.000000000000000000e+00
9.999999999999997780e-01,7.690278934026136826e-01,7.690278934026136826e-01,9.999999999999997780e-01
1.000000000000000000e+00,9.690020477368350704e-01,9.690020477368350704e-01,1.000000000000000000e+00
1.000000000000000222e+00,4.040727080954373829e-01,4.040727080954373829e-01,1.000000000000000222e+00
1.000000000000000222e+00,1.264531988221018199e-03,1.264531988221018199e-03,1.000000000000000222e+00
1.000000000000000222e+00,4.738788261978876815e-01,4.738788261978876815e-01,1.000000000000000222e+00
1.000000000000000222e+00,9.787452878905160691e-01,9.787452878905160691e-01,1.000000000000000222e+00
1.000000000000000444e+00,6.842486419866240510e-01,6.842486419866240510e-01,1.000000000000000444e+00
1.000000000000000000e+00,3.748499972306237882e-02,3.748499972306237882e-02,1.000000000000000000e+00
1.000000000000000000e+00,2.775064099580645816e-01,2.775064099580645816e-01,1.000000000000000000e+00
1.000000000000000444e+00,9.018080480589771852e-01,9.018080480589771852e-01,1.000000000000000444e+00
1.000000000000000444e+00,7.991740341432940209e-01,7.991740341432940209e-01,1.000000000000000444e+00
1.000000000000000444e+00,1.057799271778688543e-01,1.057799271778688543e-01,1.000000000000000444e+00
1.000000000000000666e+00,1.793769269757570783e-01,1.793769269757570783e-01,1.000000000000000666e+00
1.000000000000000888e+00,8.046961352166226433e-01,8.046961352166226433e-01,1.000000000000000888e+00
1.000000000000000888e+00,9.434511291440714764e-01,9.434511291440714764e-01,1.000000000000000888e+00
1.000000000000000888e+00,3.607731504925673072e-01,3.607731504925673072e-01,1.000000000000000888e+00
1.000000000000001332e+00,4.911267493270810025e-04,4.911267493270810025e-04,1.000000000000001332e+00
1.000000000000001110e+00,4.998832239252345433e-01,4.998832239252345433e-01,1.000000000000001110e+00
1.000000000000000666e+00,9.965198322392324615e-01,9.965198322392324615e-01,1.000000000000000666e+00
1.000000000000000444e+00,5.924135066988203135e-01,5.924135066988203135e-01,1.000000000000000444e+00
1.000000000000000444e+00,1.381009728746274146e-02,1.381009728746274146e-02,1.000000000000000444e+00
1.000000000000000888e+00,2.745332704512194466e-01,2.745332704512194466e-01,1.000000000000000888e+00
1.000000000000000666e+00,9.332835110208332896e-01,9.332835110208332896e-01,1.000000000000000666e+00
1.000000000000000666e+00,7.500359891523736833e-01,7.500359891523736833e-01,1.000000000000000666e+00
1.000000000000000444e+00,9.916764303505730405e-02,9.916764303505730405e-02,1.000000000000000444e+00
1.000000000000000444e+00,1.124034566719503830e-01,1.124034566719503830e-01,1.000000000000000444e+00
1.000000000000000666e+00,7.539033372051640036e-01,7.539033372051640036e-01,1.000000000000000666e+00
1.000000000000000666e+00,9.716065063875942709e-01,9.716065063875942709e-01,1.000000000000000666e+00
1.000000000000000888e+00,3.540267657427429437e-01,3.540267657427429437e-01,1.000000000000000888e+00
1.000000000000000888e+00,2.370561655758440800e-04,2.370561655758440800e-04,1.000000000000000888e+00
1.000000000000000888e+00,5.222440455987710228e-01,5.222440455987710228e-01,1.000000000000000888e+00
1.000000000000000666e+00,9.999706478832323109e-01,9.999706478832323109e-01,1.000000000000000666e+00
1.000000000000000666e+00,5.145328135585222062e-01,5.145328135585222062e-01,1.000000000000000666e+00
1.000000000000000888e+00,1.829161988636071601e-02,1.829161988636071601e-02,1.000000000000000888e+00
1.000000000000000666e+00,3.588705313448926626e-01,3.588705313448926626e-01,1.000000000000000666e+00
1.000000000000000444e+00,9.632897455293112365e-01,9.632897455293112365e-01,1.000000000000000444e+00
1.000000000000000444e+00,7.657732127790471965e-01,7.657732127790471965e-01,1.000000000000000444e+00
1.000000000000000444e+00,1.157663256088827114e-01,1.157663256088827114e-01,1.000000000000000444e+00
1.000000000000000888e+00,1.319386031512743140e-01,1.319386031512743140e-01,1.000000000000000888e+00
1.000000000000000222e+00,8.330831041657031921e-01,8.330831041657031921e-01,1.000000000000000222e+00
1.000000000000000666e+00,9.064527300728835169e-01,9.064527300728835169e-01,1.000000000000000666e+00
1.000000000000000222e+00,2.821969097491461853e-01,2.821969097491461853e-01,1.000000000000000222e+00
1.000000000000000444e+00,3.481981806397874135e-02,3.481981806397874135e-02,1.000000000000000444e+00
1.000000000000000666e+00,5.656191918685143927e-01,5.656191918685143927e-01,1.000000000000000666e+00
1.000000000000000666e+00,9.999612984149084394e-01,9.999612984149084394e-01,1.000000000000000666e+00
1.000000000000000666e+00,5.857430338945294190e-01,5.857430338945294190e-01,1.000000000000000666e+00
1.000000000000000888e+00,9.797179800725308585e-03,9.797179800725308585e-03,1.000000000000000888e+00
1.000000000000000888e+00,3.111348174697146085e-01,3.111348174697146085e-01,1.000000000000000888e+00
1.000000000000000888e+00,9.606155193380074842e-01,9.606155193380074842e-01,1.000000000000000888e+00
1.000000000000000888e+00,7.627963647110893586e-01,7.627963647110893586e-01,1.000000000000000888e+00
1.000000000000001110e+00,1.567400469064766655e-01,1.567400469064766655e-01,1.000000000000001110e+00
1.000000000000001332e+00,1.216675696482426849e-01,1.216675696482426849e-01,1.000000000000001332e+00
1.000000000000001554e+00,7.430385010899724918e-01,7.430385010899724918e-01,1.000000000000001554e+00
1.000000000000001554e+00,9.385753864490549159e-01,9.385753864490549159e-01,1.000000000000001554e+00
1.000000000000001776e+00,3.318907573182716120e-01,3.318907573182716120e-01,1.000000000000001776e+00
1.000000000000001998e+00,2.962537449130511757e-02,2.962537449130511757e-02,1.000000000000001998e+00
1.000000000000002220e+00,6.519330941968232151e-01,6.519330941968232151e-01,1.000000000000002220e+00
1.000000000000001998e+00,9.869359964146988684e-01,9.869359964146988684e-01,1.000000000000001998e+00
1.000000000000002220e+00,4.222144649421136764e-01,4.222144649421136764e-01,1.000000000000002220e+00
1.000000000000002220e+00,3.072706097656252577e-03,3.072706097656252577e-03,1.000000000000002220e+00
1.000000000000002442e+00,5.028720440949440151e-01,5.028720440949440151e-01,1.000000000000002442e+00
1.000000000000002442e+00,9.990831435023188600e-01,9.990831435023188600e-01,1.000000000000002442e+00
1.000000000000002665e+00,5.886437320144164431e-01,5.886437320144164431e-01,1.000000000000002665e+00
1.000000000000002665e+00,7.960316539599221475e-03,7.960316539599221475e-03,1.000000000000002665e+00
1.000000000000002442e+00,3.811691728020378811e-01,3.811691728020378811e-01,1.000000000000002442e+00
1.000000000000002665e+00,9.511338446307799899e-01,9.511338446307799899e-01,1.000000000000002665e+00
1.000000000000002665e+00,7.887454226296529702e-01,7.887454226296529702e-01,1.000000000000002665e+00
1.000000000000002665e+00,1.711709662974881807e-01,1.711709662974881807e-01,1.000000000000002665e+00
1.000000000000002887e+00,5.725007184364944157e-02,5.725007184364944157e-02,1.000000000000002887e+00
1.000000000000003109e+00,6.470982515177658989e-01,6.470982515177658989e-01,1.000000000000003109e+00
1.000000000000002887e+00,9.982644931791334608e-01,9.982644931791334608e-01,1.000000000000002887e+00
1.000000000000003109e+00,5.888306697090834874e-01,5.888306697090834874e-01,1.000000000000003109e+00
1.000000000000003109e+00,2.421063607621309899e-02,2.421063607621309899e-02,1.000000000000003109e+00
1.000000000000003109e+00,2.719540225481879014e-01,2.719540225481879014e-01,1.000000000000003109e+00
1.000000000000003109e+00,9.133674040980741538e-01,9.133674040980741538e-01,1.000000000000003109e+00
1.000000000000003109e+00,8.206746956403730975e-01,8.206746956403730975e-01,1.000000000000003109e+00
1.000000000000003109e+00,1.362955998040329408e-01,1.362955998040329408e-01,1.000000000000003109e+00
1.000000000000003109e+00,7.866925533690777295e-02,7.866925533690777295e-02,1.000000000000003109e+00
1.000000000000003109e+00,7.434720195593584879e-01,7.434720195593584879e-01,1.000000000000003109e+00
1.000000000000003109e+00,9.479083041045744951e-01,9.479083041045744951e-01,1.000000000000003109e+00
