1.000000000000000000e+00,1.000000000000000000e+00,1.000000000000000000e+00,1.000000000000000000e+00
1.000000000000000222e+00,4.927932831236823130e-01,4.927932831236823130e-01,1.000000000000000222e+00
1.000000000000000000e+00,6.299548310834596210e-03,6.299548310834596210e-03,1.000000000000000000e+00
1.000000000000000000e+00,3.140367995503863807e-01,3.140367995503863807e-01,1.000000000000000000e+00
9.999999999999996669e-01,9.126586993382583834e-01,9.126586993382583834e-01,9.999999999999996669e-01
9.999999999999997780e-01,8.522915398860766434e-01,8.522915398860766434e-01,9.999999999999997780e-01
1.000000000000000222e+00,2.151963131619586689e-01,2.151963131619586689e-01,1.000000000000000222e+00
1.000000000000000444e+00,6.227233816245164588e-02,6.227233816245164588e-02,1.000000000000000444e+00
1.000000000000000444e+00,6.298231710914978798e-01,6.298231710914978798e-01,1.000000000000000444e+00
1.000000000000000444e+00,9.999992387429039731e-01,9.999992387429039731e-01,1.000000000000000444e+00
1.000000000000000444e+00,6.110646131901984468e-01,6.110646131901984468e-01,1.000000000000000444e+00
1.000000000000000000e+00,2.590554305625070164e-02,2.590554305625070164e-02,1.000000000000000000e+00
1.000000000000000444e+00,3.458380405638689092e-01,3.458380405638689092e-01,1.000000000000000444e+00
1.000000000000000222e+00,9.533508015135152558e-01,9.533508015135152558e-01,1.000000000000000222e+00
1.000000000000000444e+00,7.864139321750913680e-01,7.864139321750913680e-01,1.000000000000000444e+00
1.000000000000000444e+00,8.840114887612722516e-02,8.840114887612722516e-02,1.000000000000000444e+00
1.000000000000000666e+00,1.200731847503083288e-01,1.200731847503083288e-01,1.000000000000000666e+00
1.000000000000000444e+00,7.803833460097826524e-01,7.803833460097826524e-01,1.000000000000000444e+00
1.000000000000000666e+00,9.238791845705274230e-01,9.238791845705274230e-01,1.000000000000000666e+00
1.000000000000000888e+00,2.419745786123441433e-01,2.419745786123441433e-01,1.000000000000000888e+00
1.000000000000001332e+00,2.476592206031708043e-02,2.476592206031708043e-02,1.000000000000001332e+00
1.000000000000001110e+00,5.992370247783025405e-01,5.992370247783025405e-01,1.000000000000001110e+00
1.000000000000000888e+00,9.996511276528430301e-01,9.996511276528430301e-01,1.000000000000000888e+00
1.000000000000000888e+00,4.773981413795418960e-01,4.773981413795418960e-01,1.000000000000000888e+00
1.000000000000000666e+00,9.580358639572073010e-04,9.580358639572073010e-04,1.000000000000000666e+00
1.000000000000000888e+00,4.920801102913262004e-01,4.920801102913262004e-01,1.000000000000000888e+00
1.000000000000001110e+00,9.951812754176889708e-01,9.951812754176889708e-01,1.000000000000001110e+00
1.000000000000001332e+00,6.793653041782682367e-01,6.793653041782682367e-01,1.000000000000001332e+00
1.000000000000001110e+00,8.782016500487435651e-02,8.782016500487435651e-02,1.000000000000001110e+00
1.000000000000001110e+00,1.555744250679880203e-01,1.555744250679880203e-01,1.000000000000001110e+00
1.000000000000000888e+00,8.457794322626814854e-01,8.457794322626814854e-01,1.000000000000000888e+00
1.000000000000000888e+00,8.817376197326636245e-01,8.817376197326636245e-01,1.000000000000000888e+00
1.000000000000000666e+00,2.648200647459375556e-01,2.648200647459375556e-01,1.000000000000000666e+00
1.000000000000000444e+00,3.875523423685489632e-02,3.875523423685489632e-02,1.000000000000000444e+00
1.000000000000000666e+00,6.027754653194115075e-01,6.027754653194115075e-01,1.000000000000000666e+00
1.000000000000000444e+00,9.975465602139510501e-01,9.975465602139510501e-01,1.000000000000000444e+00
1.000000000000000888e+00,5.621792953496914658e-01,5.621792953496914658e-01,1.000000000000000888e+00
1.000000000000000888e+00,3.605275509765829001e-02,3.605275509765829001e-02,1.000000000000000888e+00
1.000000000000000888e+00,2.054710624742996372e-01,2.054710624742996372e-01,1.000000000000000888e+00
1.000000000000000888e+00,8.732972121348412387e-01,8.732972121348412387e-01,1.000000000000000888e+00
1.000000000000000666e+00,8.967843008379399183e-01,8.967843008379399183e-01,1.000000000000000666e+00
1.000000000000000888e+00,2.117686575291179985e-01,2.117686575291179985e-01,1.000000000000000888e+00
1.000000000000001110e+00,6.804123085634400381e-02,6.804123085634400381e-02,1.000000000000001110e+00
1.000000000000000888e+00,6.416079315554054086e-01,6.416079315554054086e-01,1.000000000000000888e+00
1.000000000000001110e+00,9.899611801495227237e-01,9.899611801495227237e-01,1.000000000000001110e+00
1.000000000000000888e+00,5.164544113078127774e-01,5.164544113078127774e-01,1.000000000000000888e+00
1.000000000000000888e+00,6.469473407634540596e-03,6.469473407634540596e-03,1.000000000000000888e+00
1.000000000000000888e+00,4.167057215892072675e-01,4.167057215892072675e-01,1.000000000000000888e+00
1.000000000000000888e+00,9.688527370777335612e-01,9.688527370777335612e-01,1.000000000000000888e+00
1.000000000000000888e+00,7.652982530228427116e-01,7.652982530228427116e-01,1.000000000000000888e+00
1.000000000000001332e+00,1.189872793631963910e-01,1.189872793631963910e-01,1.000000000000001332e+00
1.000000000000001332e+00,1.092718490345682275e-01,1.092718490345682275e-01,1.000000000000001332e+00
1.000000000000000888e+00,7.677910138320749311e-01,7.677910138320749311e-01,1.000000000000000888e+00
1.000000000000000888e+00,9.531901687448169902e-01,9.531901687448169902e-01,1.000000000000000888e+00
1.000000000000000666e+00,2.881752087312692279e-01,2.881752087312692279e-01,1.000000000000000666e+00
1.000000000000000444e+00,1.329485552894021927e-02,1.329485552894021927e-02,1.000000000000000444e+00
1.000000000000000666e+00,5.691534138787079922e-01,5.691534138787079922e-01,1.000000000000000666e+00
1.000000000000000444e+00,9.993815561830098337e-01,9.993815561830098337e-01,1.000000000000000444e+00
1.000000000000000222e+00,6.308072446404417999e-01,6.308072446404417999e-01,1.000000000000000222e+00
1.000000000000000444e+00,1.683576887607513006e-02,1.683576887607513006e-02,1.000000000000000444e+00
1.000000000000000444e+00,3.640419617500597615e-01,3.640419617500597615e-01,1.000000000000000444e+00
1.000000000000000222e+00,9.814001051963023858e-01,9.814001051963023858e-01,1.000000000000000222e+00
1.000000000000000222e+00,7.567452108732826144e-01,7.567452108732826144e-01,1.000000000000000222e+00
1.000000000000000000e+00,1.377945883278152150e-01,1.377945883278152150e-01,1.000000000000000000e+00
1.000000000000000222e+00,1.047335284214214318e-01,1.047335284214214318e-01,1.000000000000000222e+00
1.000000000000000222e+00,7.400860378472093881e-01,7.400860378472093881e-01,1.000000000000000222e+00
1.000000000000000444e+00,9.660364751385227544e-01,9.660364751385227544e-01,1.000000000000000444e+00
1.000000000000000444e+00,4.470085010269535530e-01,4.470085010269535530e-01,1.000000000000000444e+00
1.000000000000000444e+00,2.218215129718786871e-03,2.218215129718786871e-03,1.000000000000000444e+00
1.000000000000000444e+00,4.385376730096205988e-01,4.385376730096205988e-01,1.000000000000000444e+00
1.000000000000000444e+00,9.831941500483715179e-01,9.831941500483715179e-01,1.000000000000000444e+00
1.000000000000000444e+00,7.376309458309568967e-01,7.376309458309568967e-01,1.000000000000000444e+00
1.000000000000000444e+00,5.686195260083801162e-02,5.686195260083801162e-02,1.000000000000000444e+00
1.000000000000000666e+00,2.299099432868926263e-01,2.299099432868926263e-01,1.000000000000000666e+00
1.000000000000000888e+00,8.615556846861336382e-01,8.615556846861336382e-01,1.000000000000000888e+00
1.000000000000000666e+00,9.246767992294854244e-01,9.246767992294854244e-01,1.000000000000000666e+00
1.000000000000000666e+00,3.304693539898724275e-01,3.304693539898724275e-01,1.000000000000000666e+00
1.000000000000000888e+00,8.324020211770255528e-03,8.324020211770255528e-03,1.000000000000000888e+00
1.000000000000000888e+00,5.834525484254619032e-01,5.834525484254619032e-01,1.000000000000000888e+00
1.000000000000000666e+00,9.989184055619950708e-01,9.989184055619950708e-01,1.000000000000000666e+00
1.000000000000000666e+00,5.737810771947502442e-01,5.737810771947502442e-01,1.000000000000000666e+00
1.000000000000000666e+00,4.298540065799649756e-02,4.298540065799649756e-02,1.000000000000000666e+00
1.000000000000000666e+00,2.614919454066117477e-01,2.614919454066117477e-01,1.000000000000000666e+00
1.000000000000000666e+00,9.344375922470209428e-01,9.344375922470209428e-01,1.000000000000000666e+00
1.000000000000001110e+00,7.624547190306139033e-01,7.624547190306139033e-01,1.000000000000001110e+00
1.000000000000000888e+00,1.167161834103947055e-01,1.167161834103947055e-01,1.000000000000000888e+00
1.000000000000000666e+00,1.768839710059910697e-01,1.768839710059910697e-01,1.000000000000000666e+00
1.000000000000000444e+00,8.828996063842443620e-01,8.828996063842443620e-01,1.000000000000000444e+00
1.000000000000000444e+00,8.208513019986054537e-01,8.208513019986054537e-01,1.000000000000000444e+00
1.000000000000000222e+00,1.115720842021683257e-01,1.115720842021683257e-01,1.000000000000000222e+00
1.000000000000000444e+00,1.733511149520346462e-01,1.733511149520346462e-01,1.000000000000000444e+00
1.000000000000000666e+00,7.808823650473458722e-01,7.808823650473458722e-01,1.000000000000000666e+00
1.000000000000000666e+00,9.550237131676756475e-01,9.550237131676756475e-01,1.000000000000000666e+00
1.000000000000000888e+00,3.782207732734549910e-01,3.782207732734549910e-01,1.000000000000000888e+00
1.000000000000000666e+00,1.167497437370712543e-04,1.167497437370712543e-04,1.000000000000000666e+00
1.000000000000000888e+00,4.712796403353798902e-01,4.712796403353798902e-01,1.000000000000000888e+00
1.000000000000000666e+00,9.907070537141822175e-01,9.907070537141822175e-01,1.000000000000000666e+00
1.000000000000000666e+00,6.994971290671856412e-01,6.994971290671856412e-01,1.000000000000000666e+00
1.000000000000000888e+00,4.357886528731103049e-02,4.357886528731103049e-02,1.000000000000000888e+00
1.000000000000000888e+00,2.198530355975288619e-01,2.198530355975288619e-01,1.000000000000000888e+00
1.000000000000000666e+00,8.347171342322077248e-01,8.347171342322077248e-01,1.000000000000000666e+00
