1.000000000000000000e+00,1.000000000000000000e+00,1.000000000000000000e+00,1.000000000000000000e+00
1.000000000000000000e+00,5.448923533081919679e-01,5.448923533081919679e-01,1.000000000000000000e+00
9.999999999999998890e-01,7.456945335318737600e-03,7.456945335318737600e-03,9.999999999999998890e-01
1.000000000000000000e+00,3.416033968446110514e-01,3.416033968446110514e-01,1.000000000000000000e+00
1.000000000000000222e+00,9.670624509842035144e-01,9.670624509842035144e-01,1.000000000000000222e+00
1.000000000000000222e+00,7.849292485028025457e-01,7.849292485028025457e-01,1.000000000000000222e+00
1.000000000000000000e+00,1.741850180376311175e-01,1.741850180376311175e-01,1.000000000000000000e+00
1.000000000000000222e+00,1.047453582617654672e-01,1.047453582617654672e-01,1.000000000000000222e+00
1.000000000000000222e+00,7.834253639045944961e-01,7.834253639045944961e-01,1.000000000000000222e+00
1.000000000000000000e+00,9.644671492806143887e-01,9.644671492806143887e-01,1.000000000000000000e+00
1.000000000000000000e+00,3.843660599745826745e-01,3.843660599745826745e-01,1.000000000000000000e+00
1.000000000000000222e+00,6.480125413127896250e-03,6.480125413127896250e-03,1.000000000000000222e+00
1.000000000000000222e+00,5.605942009226577705e-01,5.605942009226577705e-01,1.000000000000000222e+00
9.999999999999998890e-01,9.981145722931210607e-01,9.981145722931210607e-01,9.999999999999998890e-01
9.999999999999997780e-01,6.732149219468979151e-01,6.732149219468979151e-01,9.999999999999997780e-01
9.999999999999997780e-01,3.629218961522770459e-02,3.629218961522770459e-02,9.999999999999997780e-01
1.000000000000000000e+00,1.987402040224023336e-01,1.987402040224023336e-01,1.000000000000000000e+00
1.000000000000000000e+00,8.407204016439434602e-01,8.407204016439434602e-01,1.000000000000000000e+00
9.999999999999998890e-01,9.134434210860269410e-01,9.134434210860269410e-01,9.999999999999998890e-01
9.999999999999997780e-01,3.047037146276694308e-01,3.047037146276694308e-01,9.999999999999997780e-01
1.000000000000000222e+00,1.374378402060139059e-02,1.374378402060139059e-02,1.000000000000000222e+00
1.000000000000000222e+00,4.842685817461782061e-01,4.842685817461782061e-01,1.000000000000000222e+00
1.000000000000000222e+00,9.919197499833456444e-01,9.919197499833456444e-01,1.000000000000000222e+00
1.000000000000000222e+00,6.477405622434504462e-01,6.477405622434504462e-01,1.000000000000000222e+00
1.000000000000000000e+00,6.469894478057136578e-02,6.469894478057136578e-02,1.000000000000000000e+00
1.000000000000000000e+00,1.692983939850754849e-01,1.692983939850754849e-01,1.000000000000000000e+00
1.000000000000000000e+00,8.481753223779460171e-01,8.481753223779460171e-01,1.000000000000000000e+00
1.000000000000000000e+00,9.019201015408984112e-01,9.019201015408984112e-01,1.000000000000000000e+00
1.000000000000000222e+00,2.897817852385944914e-01,2.897817852385944914e-01,1.000000000000000222e+00
1.000000000000000444e+00,9.546096736958414875e-03,9.546096736958414875e-03,1.000000000000000444e+00
1.000000000000000444e+00,5.672812747679194523e-01,5.672812747679194523e-01,1.000000000000000444e+00
1.000000000000000666e+00,9.997745607020320779e-01,9.997745607020320779e-01,1.000000000000000666e+00
1.000000000000000666e+00,6.398444796201693263e-01,6.398444796201693263e-01,1.000000000000000666e+00
1.000000000000000888e+00,3.585959228072838068e-02,3.585959228072838068e-02,1.000000000000000888e+00
1.000000000000001110e+00,2.257869027564407549e-01,2.257869027564407549e-01,1.000000000000001110e+00
1.000000000000001332e+00,9.215772006236209180e-01,9.215772006236209180e-01,1.000000000000001332e+00
1.000000000000001554e+00,7.609108394974258838e-01,7.609108394974258838e-01,1.000000000000001554e+00
1.000000000000001332e+00,7.191432239249856417e-02,7.191432239249856417e-02,1.000000000000001332e+00
1.000000000000001332e+00,2.428624699496727546e-01,2.428624699496727546e-01,1.000000000000001332e+00
1.000000000000001554e+00,8.944789652359975696e-01,8.944789652359975696e-01,1.000000000000001554e+00
1.000000000000001554e+00,8.209867193764212034e-01,8.209867193764212034e-01,1.000000000000001554e+00
1.000000000000001332e+00,1.948318554970127625e-01,1.948318554970127625e-01,1.000000000000001332e+00
1.000000000000001110e+00,8.862925822410254451e-02,8.862925822410254451e-02,1.000000000000001110e+00
1.000000000000001332e+00,7.048350919315107266e-01,7.048350919315107266e-01,1.000000000000001332e+00
1.000000000000000888e+00,9.904607728515952836e-01,9.904607728515952836e-01,1.000000000000000888e+00
1.000000000000001110e+00,4.937974971987793560e-01,4.937974971987793560e-01,1.000000000000001110e+00
1.000000000000000888e+00,3.751113601943578679e-05,3.751113601943578679e-05,1.000000000000000888e+00
1.000000000000001332e+00,4.272273179021927048e-01,4.272273179021927048e-01,1.000000000000001332e+00
1.000000000000001110e+00,9.615268542460591039e-01,9.615268542460591039e-01,1.000000000000001110e+00
1.000000000000001110e+00,7.939134776454593867e-01,7.939134776454593867e-01,1.000000000000001110e+00
1.000000000000001110e+00,1.016895809724947947e-01,1.016895809724947947e-01,1.000000000000001110e+00
1.000000000000001110e+00,1.588486149631888611e-01,1.588486149631888611e-01,1.000000000000001110e+00
1.000000000000001110e+00,7.615037693165755961e-01,7.615037693165755961e-01,1.000000000000001110e+00
1.000000000000001110e+00,9.764506995577051374e-01,9.764506995577051374e-01,1.000000000000001110e+00
1.000000000000001110e+00,4.067991733805460530e-01,4.067991733805460530e-01,1.000000000000001110e+00
1.000000000000001110e+00,6.826520486113984987e-06,6.826520486113984987e-06,1.000000000000001110e+00
1.000000000000001110e+00,4.121101544757953539e-01,4.121101544757953539e-01,1.000000000000001110e+00
1.000000000000001110e+00,9.865498170690598645e-01,9.865498170690598645e-01,1.000000000000001110e+00
1.000000000000001110e+00,7.297667328152876998e-01,7.297667328152876998e-01,1.000000000000001110e+00
1.000000000000000888e+00,5.788954299626331013e-02,5.788954299626331013e-02,1.000000000000000888e+00
1.000000000000001110e+00,1.883196940690169408e-01,1.883196940690169408e-01,1.000000000000001110e+00
1.000000000000001110e+00,8.790866924534117555e-01,8.790866924534117555e-01,1.000000000000001110e+00
1.000000000000000666e+00,8.397019499123484776e-01,8.397019499123484776e-01,1.000000000000000666e+00
1.000000000000000888e+00,2.157373473327083568e-01,2.157373473327083568e-01,1.000000000000000888e+00
1.000000000000000888e+00,4.778497349047339249e-02,4.778497349047339249e-02,1.000000000000000888e+00
1.000000000000000888e+00,6.243311497277406197e-01,6.243311497277406197e-01,1.000000000000000888e+00
1.000000000000001110e+00,9.993372843758263624e-01,9.993372843758263624e-01,1.000000000000001110e+00
1.000000000000001110e+00,4.808822143204973254e-01,4.808822143204973254e-01,1.000000000000001110e+00
1.000000000000001332e+00,6.442339253946938182e-03,6.442339253946938182e-03,1.000000000000001332e+00
1.000000000000001332e+00,4.095142148543846616e-01,4.095142148543846616e-01,1.000000000000001332e+00
1.000000000000001554e+00,9.555225903114766828e-01,9.555225903114766828e-01,1.000000000000001554e+00
1.000000000000001332e+00,8.183733859314578085e-01,8.183733859314578085e-01,1.000000000000001332e+00
1.000000000000001332e+00,1.300597583948936986e-01,1.300597583948936986e-01,1.000000000000001332e+00
1.000000000000001110e+00,1.272034905504875191e-01,1.272034905504875191e-01,1.000000000000001110e+00
1.000000000000001332e+00,7.535312202839867801e-01,7.535312202839867801e-01,1.000000000000001332e+00
1.000000000000001110e+00,9.280356445990165515e-01,9.280356445990165515e-01,1.000000000000001110e+00
1.000000000000001332e+00,2.972622439754490364e-01,2.972622439754490364e-01,1.000000000000001332e+00
1.000000000000000888e+00,1.908891689644767742e-02,1.908891689644767742e-02,1.000000000000000888e+00
1.000000000000001110e+00,6.150534945566876743e-01,6.150534945566876743e-01,1.000000000000001110e+00
1.000000000000001110e+00,9.980311807370151334e-01,9.980311807370151334e-01,1.000000000000001110e+00
1.000000000000001110e+00,4.473170389225113452e-01,4.473170389225113452e-01,1.000000000000001110e+00
1.000000000000001332e+00,2.424159031442774115e-04,2.424159031442774115e-04,1.000000000000001332e+00
1.000000000000001332e+00,4.358443224393576676e-01,4.358443224393576676e-01,1.000000000000001332e+00
1.000000000000001554e+00,9.723655465266244358e-01,9.723655465266244358e-01,1.000000000000001554e+00
1.000000000000001332e+00,7.762578702901011818e-01,7.762578702901011818e-01,1.000000000000001332e+00
1.000000000000001110e+00,1.498647794295953073e-01,1.498647794295953073e-01,1.000000000000001110e+00
1.000000000000000888e+00,8.019754499722087093e-02,8.019754499722087093e-02,1.000000000000000888e+00
1.000000000000000888e+00,7.550238249614144026e-01,7.550238249614144026e-01,1.000000000000000888e+00
1.000000000000000666e+00,9.412737851663355304e-01,9.412737851663355304e-01,1.000000000000000666e+00
1.000000000000000666e+00,2.976038992180936593e-01,2.976038992180936593e-01,1.000000000000000666e+00
1.000000000000000444e+00,1.666862334806348822e-02,1.666862334806348822e-02,1.000000000000000444e+00
1.000000000000000666e+00,5.851923041156228411e-01,5.851923041156228411e-01,1.000000000000000666e+00
1.000000000000000666e+00,9.952633369349956904e-01,9.952633369349956904e-01,1.000000000000000666e+00
1.000000000000000666e+00,5.022205776291648327e-01,5.022205776291648327e-01,1.000000000000000666e+00
1.000000000000001110e+00,7.874720649889421775e-03,7.874720649889421775e-03,1.000000000000001110e+00
1.000000000000001332e+00,3.353418760971338952e-01,3.353418760971338952e-01,1.000000000000001332e+00
1.000000000000001332e+00,9.669281480684022156e-01,9.669281480684022156e-01,1.000000000000001332e+00
1.000000000000001332e+00,6.848162903823583614e-01,6.848162903823583614e-01,1.000000000000001332e+00
1.000000000000001332e+00,8.891898567777622997e-02,8.891898567777622997e-02,1.000000000000001332e+00
1.000000000000001332e+00,2.087379305625093884e-01,2.087379305625093884e-01,1.000000000000001332e+00
1.000000000000001110e+00,8.327543168506029714e-01,8.327543168506029714e-01,1.000000000000001110e+00
