1.000000000000000000e+00,1.000000000000000000e+00,1.000000000000000000e+00,1.000000000000000000e+00
1.000000000000000000e+00,6.995195772958160418e-01,6.995195772958160418e-01,1.000000000000000000e+00
1.000000000000000000e+00,9.977480325395819694e-02,9.977480325395819694e-02,1.000000000000000000e+00
1.000000000000000444e+00,2.197993895140704368e-01,2.197993895140704368e-01,1.000000000000000444e+00
1.000000000000000222e+00,9.538945616994920496e-01,9.538945616994920496e-01,1.000000000000000222e+00
1.000000000000000222e+00,7.092393302532291610e-01,7.092393302532291610e-01,1.000000000000000222e+00
1.000000000000000222e+00,1.217744887578379037e-01,1.217744887578379037e-01,1.000000000000000222e+00
1.000000000000000000e+00,4.831492992174038492e-02,4.831492992174038492e-02,1.000000000000000000e+00
1.000000000000000222e+00,5.853312162553038211e-01,5.853312162553038211e-01,1.000000000000000222e+00
1.000000000000000444e+00,9.917071140019384501e-01,9.917071140019384501e-01,1.000000000000000444e+00
1.000000000000000444e+00,3.307706082886244237e-01,3.307706082886244237e-01,1.000000000000000444e+00
1.000000000000000666e+00,3.645014287371906025e-02,3.645014287371906025e-02,1.000000000000000666e+00
1.000000000000000888e+00,5.706254236731425067e-01,5.706254236731425067e-01,1.000000000000000888e+00
1.000000000000000888e+00,9.818297794691774882e-01,9.818297794691774882e-01,1.000000000000000888e+00
1.000000000000000666e+00,7.732704811382682397e-01,7.732704811382682397e-01,1.000000000000000666e+00
1.000000000000000888e+00,8.945957517556411831e-02,8.945957517556411831e-02,1.000000000000000888e+00
1.000000000000000666e+00,2.823305535322718773e-01,2.823305535322718773e-01,1.000000000000000666e+00
1.000000000000000666e+00,9.648097026619339989e-01,9.648097026619339989e-01,1.000000000000000666e+00
1.000000000000000666e+00,7.733890075557547927e-01,7.733890075557547927e-01,1.000000000000000666e+00
1.000000000000000444e+00,2.221331010247321602e-01,2.221331010247321602e-01,1.000000000000000444e+00
1.000000000000000888e+00,1.548871449288963253e-02,1.548871449288963253e-02,1.000000000000000888e+00
1.000000000000000666e+00,5.884901781208812244e-01,5.884901781208812244e-01,1.000000000000000666e+00
1.000000000000000888e+00,9.741974898211771539e-01,9.741974898211771539e-01,1.000000000000000888e+00
1.000000000000001332e+00,2.937688550134089915e-01,2.937688550134089915e-01,1.000000000000001332e+00
1.000000000000001110e+00,1.774035011634025882e-02,1.774035011634025882e-02,1.000000000000001110e+00
1.000000000000000888e+00,4.399646656348382145e-01,4.399646656348382145e-01,1.000000000000000888e+00
1.000000000000001110e+00,9.418712807201987669e-01,9.418712807201987669e-01,1.000000000000001110e+00
1.000000000000001110e+00,7.832488611622621111e-01,7.832488611622621111e-01,1.000000000000001110e+00
1.000000000000000888e+00,5.560045942352112580e-02,5.560045942352112580e-02,1.000000000000000888e+00
1.000000000000000666e+00,3.288571473365156095e-01,3.288571473365156095e-01,1.000000000000000666e+00
1.000000000000000888e+00,9.472553685756183173e-01,9.472553685756183173e-01,1.000000000000000888e+00
1.000000000000000666e+00,8.687845662791369161e-01,8.687845662791369161e-01,1.000000000000000666e+00
1.000000000000000666e+00,3.269969601296383033e-01,3.269969601296383033e-01,1.000000000000000666e+00
1.000000000000000666e+00,9.398891117495894454e-03,9.398891117495894454e-03,1.000000000000000666e+00
1.000000000000000888e+00,6.458445441343710902e-01,6.458445441343710902e-01,1.000000000000000888e+00
1.000000000000000888e+00,9.521334107962426963e-01,9.521334107962426963e-01,1.000000000000000888e+00
1.000000000000000888e+00,3.189026083676350098e-01,3.189026083676350098e-01,1.000000000000000888e+00
1.000000000000001332e+00,2.511958777173806112e-04,2.511958777173806112e-04,1.000000000000001332e+00
1.000000000000001554e+00,3.184192091356082277e-01,3.184192091356082277e-01,1.000000000000001554e+00
1.000000000000001554e+00,9.199073992094668473e-01,9.199073992094668473e-01,1.000000000000001554e+00
1.000000000000001332e+00,7.404532242043210255e-01,7.404532242043210255e-01,1.000000000000001332e+00
1.000000000000001332e+00,2.935650755897059594e-02,2.935650755897059594e-02,1.000000000000001332e+00
1.000000000000001332e+00,3.179974604828030849e-01,3.179974604828030849e-01,1.000000000000001332e+00
1.000000000000001332e+00,8.889474964124155498e-01,8.889474964124155498e-01,1.000000000000001332e+00
1.000000000000001110e+00,9.437239751542823019e-01,9.437239751542823019e-01,1.000000000000001110e+00
1.000000000000001332e+00,3.833343197483877196e-01,3.833343197483877196e-01,1.000000000000001332e+00
1.000000000000001332e+00,1.858166606881406224e-02,1.858166606881406224e-02,1.000000000000001332e+00
1.000000000000001554e+00,7.113572894560896698e-01,7.113572894560896698e-01,1.000000000000001554e+00
1.000000000000001776e+00,9.505871278869606478e-01,9.505871278869606478e-01,1.000000000000001776e+00
1.000000000000001776e+00,4.116752139070068983e-01,4.116752139070068983e-01,1.000000000000001776e+00
1.000000000000001554e+00,1.398038840578927355e-02,1.398038840578927355e-02,1.000000000000001554e+00
1.000000000000001998e+00,2.519287448593016121e-01,2.519287448593016121e-01,1.000000000000001998e+00
1.000000000000001998e+00,9.341247440981381711e-01,9.341247440981381711e-01,1.000000000000001998e+00
1.000000000000001998e+00,6.748204408648340591e-01,6.748204408648340591e-01,1.000000000000001998e+00
1.000000000000002220e+00,2.358916990126699864e-02,2.358916990126699864e-02,1.000000000000002220e+00
1.000000000000002220e+00,2.430970976014071305e-01,2.430970976014071305e-01,1.000000000000002220e+00
1.000000000000001998e+00,7.908874572443347351e-01,7.908874572443347351e-01,1.000000000000001998e+00
1.000000000000001998e+00,9.771038388765524996e-01,9.771038388765524996e-01,1.000000000000001998e+00
1.000000000000001998e+00,3.700331954081971242e-01,3.700331954081971242e-01,1.000000000000001998e+00
1.000000000000001998e+00,4.289736916407729805e-02,4.289736916407729805e-02,1.000000000000001998e+00
1.000000000000002220e+00,7.392419926403487329e-01,7.392419926403487329e-01,1.000000000000002220e+00
1.000000000000002220e+00,9.762174854525969003e-01,9.762174854525969003e-01,1.000000000000002220e+00
1.000000000000002220e+00,5.447897603193790905e-01,5.447897603193790905e-01,1.000000000000002220e+00
1.000000000000002220e+00,4.707024454157579529e-02,4.707024454157579529e-02,1.000000000000002220e+00
1.000000000000002442e+00,2.511040966739683244e-01,2.511040966739683244e-01,1.000000000000002442e+00
1.000000000000002442e+00,9.641741372148645572e-01,9.641741372148645572e-01,1.000000000000002442e+00
1.000000000000002220e+00,6.338852059982080789e-01,6.338852059982080789e-01,1.000000000000002220e+00
1.000000000000002220e+00,4.282821752317533814e-02,4.282821752317533814e-02,1.000000000000002220e+00
1.000000000000002220e+00,1.416486030797627915e-01,1.416486030797627915e-01,1.000000000000002220e+00
1.000000000000001998e+00,6.940561944310721376e-01,6.940561944310721376e-01,1.000000000000001998e+00
1.000000000000001776e+00,9.817332576772970221e-01,9.817332576772970221e-01,1.000000000000001776e+00
1.000000000000002220e+00,3.093949608056715261e-01,3.093949608056715261e-01,1.000000000000002220e+00
1.000000000000001998e+00,6.697494151635893789e-02,6.697494151635893789e-02,1.000000000000001998e+00
1.000000000000001998e+00,7.046131642474262602e-01,7.046131642474262602e-01,1.000000000000001998e+00
1.000000000000001998e+00,9.990210190266652912e-01,9.990210190266652912e-01,1.000000000000001998e+00
1.000000000000002220e+00,6.621704921542312938e-01,6.621704921542312938e-01,1.000000000000002220e+00
1.000000000000001998e+00,6.156935012292596987e-02,6.156935012292596987e-02,1.000000000000001998e+00
1.000000000000001998e+00,3.018727816139036291e-01,3.018727816139036291e-01,1.000000000000001998e+00
1.000000000000002220e+00,9.834165183335978888e-01,9.834165183335978888e-01,1.000000000000002220e+00
1.000000000000002665e+00,6.557971774570781065e-01,6.557971774570781065e-01,1.000000000000002665e+00
1.000000000000002665e+00,1.011653042167146299e-01,1.011653042167146299e-01,1.000000000000002665e+00
1.000000000000002665e+00,6.532969638827706982e-02,6.532969638827706982e-02,1.000000000000002665e+00
1.000000000000002442e+00,6.492156307007508342e-01,6.492156307007508342e-01,1.000000000000002442e+00
1.000000000000002220e+00,9.668558910523334937e-01,9.668558910523334937e-01,1.000000000000002220e+00
1.000000000000002442e+00,2.490926247625018242e-01,2.490926247625018242e-01,1.000000000000002442e+00
1.000000000000002665e+00,6.335787859226735264e-02,6.335787859226735264e-02,1.000000000000002665e+00
1.000000000000002442e+00,6.050247988372229324e-01,6.050247988372229324e-01,1.000000000000002442e+00
1.000000000000002442e+00,9.898358885032284560e-01,9.898358885032284560e-01,1.000000000000002442e+00
1.000000000000002665e+00,7.204127565673468236e-01,7.204127565673468236e-01,1.000000000000002665e+00
1.000000000000002665e+00,4.525328049161286836e-02,4.525328049161286836e-02,1.000000000000002665e+00
1.000000000000003109e+00,3.688589693177657391e-01,3.688589693177657391e-01,1.000000000000003109e+00
1.000000000000003109e+00,9.853220589157527520e-01,9.853220589157527520e-01,1.000000000000003109e+00
1.000000000000003109e+00,7.410169154576279338e-01,7.410169154576279338e-01,1.000000000000003109e+00
1.000000000000002887e+00,1.959175996393527353e-01,1.959175996393527353e-01,1.000000000000002887e+00
1.000000000000002665e+00,3.231964641812612449e-02,3.231964641812612449e-02,1.000000000000002665e+00
1.000000000000002665e+00,6.716591542509200430e-01,6.716591542509200430e-01,1.000000000000002665e+00
1.000000000000002665e+00,9.361446318194102112e-01,9.361446318194102112e-01,1.000000000000002665e+00
1.000000000000002442e+00,2.304844167872421856e-01,2.304844167872421856e-01,1.000000000000002442e+00
1.000000000000002220e+00,3.022939068753704994e-02,3.022939068753704994e-02,1.000000000000002220e+00
1.000000000000001998e+00,4.708228439517407327e-01,4.708228439517407327e-01,1.000000000000001998e+00
1.000000000000002220e+00,9.635002971086437107e-01,9.635002971086437107e-01,1.000000000000002220e+00
