1.000000000000000000e+00,1.000000000000000000e+00,1.000000000000000000e+00,1.000000000000000000e+00
9.999999999999997780e-01,4.748967564513210116e-01,4.748967564513210116e-01,9.999999999999997780e-01
9.999999999999998890e-01,2.262427002422739974e-03,2.262427002422739974e-03,9.999999999999998890e-01
1.000000000000000000e+00,2.932385505745322418e-01,2.932385505745322418e-01,1.000000000000000000e+00
1.000000000000000222e+00,8.335321783099031157e-01,8.335321783099031157e-01,1.000000000000000222e+00
1.000000000000000222e+00,9.648503767519265306e-01,9.648503767519265306e-01,1.000000000000000222e+00
1.000000000000000222e+00,4.011884105439048609e-01,4.011884105439048609e-01,1.000000000000000222e+00
1.000000000000000222e+00,1.224380282124234998e-02,1.224380282124234998e-02,1.000000000000000222e+00
1.000000000000000666e+00,6.814881520576084872e-01,6.814881520576084872e-01,1.000000000000000666e+00
1.000000000000000666e+00,9.362701117772045389e-01,9.362701117772045389e-01,1.000000000000000666e+00
1.000000000000000444e+00,2.574926059628229180e-01,2.574926059628229180e-01,1.000000000000000444e+00
1.000000000000000444e+00,2.211942581744061331e-02,2.211942581744061331e-02,1.000000000000000444e+00
1.000000000000000444e+00,4.640396498093161681e-01,4.640396498093161681e-01,1.000000000000000444e+00
1.000000000000000444e+00,9.428347388410097674e-01,9.428347388410097674e-01,1.000000000000000444e+00
1.000000000000000222e+00,8.557162510370454056e-01,8.557162510370454056e-01,1.000000000000000222e+00
1.000000000000000444e+00,1.917613800191440843e-01,1.917613800191440843e-01,1.000000000000000444e+00
1.000000000000000444e+00,1.299582391099715628e-01,1.299582391099715628e-01,1.000000000000000444e+00
1.000000000000000222e+00,8.916095956422686042e-01,8.916095956422686042e-01,1.000000000000000222e+00
1.000000000000000222e+00,7.671760733759479534e-01,7.671760733759479534e-01,1.000000000000000222e+00
1.000000000000000000e+00,9.536954567375459380e-02,9.536954567375459380e-02,1.000000000000000000e+00
9.999999999999998890e-01,1.101477898875871386e-01,1.101477898875871386e-01,9.999999999999998890e-01
1.000000000000000000e+00,6.374408609235591161e-01,6.374408609235591161e-01,1.000000000000000000e+00
1.000000000000000444e+00,9.966778819295738501e-01,9.966778819295738501e-01,1.000000000000000444e+00
1.000000000000000444e+00,6.811825987873139088e-01,6.811825987873139088e-01,1.000000000000000444e+00
1.000000000000000222e+00,4.408069606109391025e-02,4.408069606109391025e-02,1.000000000000000222e+00
1.000000000000000222e+00,3.480497912018882811e-01,3.480497912018882811e-01,1.000000000000000222e+00
1.000000000000000222e+00,9.945411187203825332e-01,9.945411187203825332e-01,1.000000000000000222e+00
1.000000000000000444e+00,5.417623482886289032e-01,5.417623482886289032e-01,1.000000000000000444e+00
1.000000000000000222e+00,1.107549759774817399e-02,1.107549759774817399e-02,1.000000000000000222e+00
1.000000000000000444e+00,2.477264543656416407e-01,2.477264543656416407e-01,1.000000000000000444e+00
1.000000000000000444e+00,7.943030386302789569e-01,7.943030386302789569e-01,1.000000000000000444e+00
1.000000000000000444e+00,9.824786022929238305e-01,9.824786022929238305e-01,1.000000000000000444e+00
1.000000000000000444e+00,4.652726195820519051e-01,4.652726195820519051e-01,1.000000000000000444e+00
1.000000000000000444e+00,1.461302862261260049e-03,1.461302862261260049e-03,1.000000000000000444e+00
1.000000000000000444e+00,6.091725954018483158e-01,6.091725954018483158e-01,1.000000000000000444e+00
1.000000000000000666e+00,9.669094332385136381e-01,9.669094332385136381e-01,1.000000000000000666e+00
1.000000000000000444e+00,3.154511274771834572e-01,3.154511274771834572e-01,1.000000000000000444e+00
1.000000000000000444e+00,8.789387239221846393e-03,8.789387239221846393e-03,1.000000000000000444e+00
1.000000000000000444e+00,4.141081550580038573e-01,4.141081550580038573e-01,1.000000000000000444e+00
1.000000000000000000e+00,9.166090382726634900e-01,9.166090382726634900e-01,1.000000000000000000e+00
1.000000000000000000e+00,8.942147241672917524e-01,8.942147241672917524e-01,1.000000000000000000e+00
1.000000000000000000e+00,2.474978767581964001e-01,2.474978767581964001e-01,1.000000000000000000e+00
9.999999999999998890e-01,8.430006339578866026e-02,8.430006339578866026e-02,9.999999999999998890e-01
1.000000000000000000e+00,8.405347307437724957e-01,8.405347307437724957e-01,1.000000000000000000e+00
9.999999999999996669e-01,8.236579069900097361e-01,8.236579069900097361e-01,9.999999999999996669e-01
9.999999999999997780e-01,1.343631261373784969e-01,1.343631261373784969e-01,9.999999999999997780e-01
1.000000000000000000e+00,7.905760061785963022e-02,7.905760061785963022e-02,1.000000000000000000e+00
1.000000000000000000e+00,5.887695883254401297e-01,5.887695883254401297e-01,1.000000000000000000e+00
1.000000000000000222e+00,9.877773632762008038e-01,9.877773632762008038e-01,1.000000000000000222e+00
1.000000000000000000e+00,7.366303846839287184e-01,7.366303846839287184e-01,1.000000000000000000e+00
1.000000000000000000e+00,7.715459651254313878e-02,7.715459651254313878e-02,1.000000000000000000e+00
9.999999999999998890e-01,2.783584647319935490e-01,2.783584647319935490e-01,9.999999999999998890e-01
1.000000000000000000e+00,9.781723496153222897e-01,9.781723496153222897e-01,1.000000000000000000e+00
1.000000000000000000e+00,6.086191341235402952e-01,6.086191341235402952e-01,1.000000000000000000e+00
1.000000000000000222e+00,2.666894682431342201e-02,2.666894682431342201e-02,1.000000000000000222e+00
1.000000000000000000e+00,2.045629426706209453e-01,2.045629426706209453e-01,1.000000000000000000e+00
1.000000000000000222e+00,7.522448847256916205e-01,7.522448847256916205e-01,1.000000000000000222e+00
1.000000000000000222e+00,9.939933679834707103e-01,9.939933679834707103e-01,1.000000000000000222e+00
1.000000000000000000e+00,5.291377269077410794e-01,5.291377269077410794e-01,1.000000000000000000e+00
1.000000000000000000e+00,1.146500551645918131e-03,1.146500551645918131e-03,1.000000000000000000e+00
1.000000000000000000e+00,5.343695152153071781e-01,5.343695152153071781e-01,1.000000000000000000e+00
1.000000000000000000e+00,9.879232292682766925e-01,9.879232292682766925e-01,1.000000000000000000e+00
1.000000000000000000e+00,3.772199855369791077e-01,3.772199855369791077e-01,1.000000000000000000e+00
9.999999999999998890e-01,1.430241668310738845e-03,1.430241668310738845e-03,9.999999999999998890e-01
1.000000000000000000e+00,3.648453163823131007e-01,3.648453163823131007e-01,1.000000000000000000e+00
1.000000000000000222e+00,8.861927799216563484e-01,8.861927799216563484e-01,1.000000000000000222e+00
9.999999999999998890e-01,9.269606822289933046e-01,9.269606822289933046e-01,9.999999999999998890e-01
1.000000000000000000e+00,3.071176085225655883e-01,3.071176085225655883e-01,1.000000000000000000e+00
9.999999999999997780e-01,4.795229582922463929e-02,4.795229582922463929e-02,9.999999999999997780e-01
1.000000000000000444e+00,7.816117980727511627e-01,7.816117980727511627e-01,1.000000000000000444e+00
1.000000000000000222e+00,8.742077246632850018e-01,8.742077246632850018e-01,1.000000000000000222e+00
1.000000000000000222e+00,1.794716253907309711e-01,1.794716253907309711e-01,1.000000000000000222e+00
1.000000000000000444e+00,5.249456756192719120e-02,5.249456756192719120e-02,1.000000000000000444e+00
1.000000000000000444e+00,5.391782102816898847e-01,5.391782102816898847e-01,1.000000000000000444e+00
1.000000000000000444e+00,9.735412761156405637e-01,9.735412761156405637e-01,1.000000000000000444e+00
1.000000000000000444e+00,7.878998925180948909e-01,7.878998925180948909e-01,1.000000000000000444e+00
1.000000000000000444e+00,1.180460823112022412e-01,1.180460823112022412e-01,1.000000000000000444e+00
1.000000000000000444e+00,2.138672027392516661e-01,2.138672027392516661e-01,1.000000000000000444e+00
1.000000000000000444e+00,9.511098441136711656e-01,9.511098441136711656e-01,1.000000000000000444e+00
1.000000000000000888e+00,6.741798362738476991e-01,6.741798362738476991e-01,1.000000000000000888e+00
1.000000000000000444e+00,4.908988539526712436e-02,4.908988539526712436e-02,1.000000000000000444e+00
1.000000000000000666e+00,1.642386067186159537e-01,1.642386067186159537e-01,1.000000000000000666e+00
1.000000000000000888e+00,7.077691140128479219e-01,7.077691140128479219e-01,1.000000000000000888e+00
1.000000000000000666e+00,9.994694896190126077e-01,9.994694896190126077e-01,1.000000000000000666e+00
1.000000000000000666e+00,5.917356035187715246e-01,5.917356035187715246e-01,1.000000000000000666e+00
1.000000000000000444e+00,1.106662379468706381e-02,1.106662379468706381e-02,1.000000000000000444e+00
1.000000000000000666e+00,4.588395827121352633e-01,4.588395827121352633e-01,1.000000000000000666e+00
1.000000000000000888e+00,9.986449729484619953e-01,9.986449729484619953e-01,1.000000000000000888e+00
1.000000000000000888e+00,4.418444439090367104e-01,4.418444439090367104e-01,1.000000000000000888e+00
1.000000000000000666e+00,3.584180195152775195e-04,3.584180195152775195e-04,1.000000000000000666e+00
1.000000000000000666e+00,3.167227901611044394e-01,3.167227901611044394e-01,1.000000000000000666e+00
1.000000000000000444e+00,8.519595882490067495e-01,8.519595882490067495e-01,1.000000000000000444e+00
1.000000000000000666e+00,9.537397463404666542e-01,9.537397463404666542e-01,1.000000000000000666e+00
1.000000000000000888e+00,3.694119897792877416e-01,3.694119897792877416e-01,1.000000000000000888e+00
1.000000000000001110e+00,2.156706328259624939e-02,2.156706328259624939e-02,1.000000000000001110e+00
1.000000000000001110e+00,7.161786380052383993e-01,7.161786380052383993e-01,1.000000000000001110e+00
1.000000000000000888e+00,9.176049689762649786e-01,9.176049689762649786e-01,1.000000000000000888e+00
1.000000000000000666e+00,2.302058360386211588e-01,2.302058360386211588e-01,1.000000000000000666e+00
1.000000000000000444e+00,3.091038408209156874e-02,3.091038408209156874e-02,1.000000000000000444e+00
1.000000000000000666e+00,4.891108879980373136e-01,4.891108879980373136e-01,1.000000000000000666e+00
1.000000000000000666e+00,9.542638826983858014e-01,9.542638826983858014e-01,1.000000000000000666e+00
