1.000000000000000000e+00,1.000000000000000000e+00,1.000000000000000000e+00,1.000000000000000000e+00
1.000000000000000222e+00,4.931139371356441092e-01,4.931139371356441092e-01,1.000000000000000222e+00
1.000000000000000444e+00,-6.329673817609310360e-01,-6.329673817609310360e-01,1.000000000000000444e+00
1.000000000000000888e+00,-9.442973382791732817e-01,-9.442973382791732817e-01,1.000000000000000888e+00
1.000000000000000666e+00,-2.555100401856189585e-01,-2.555100401856189585e-01,1.000000000000000666e+00
1.000000000000001332e+00,5.442905709729038977e-01,5.442905709729038977e-01,1.000000000000001332e+00
1.000000000000001332e+00,9.892697065505641207e-01,9.892697065505641207e-01,1.000000000000001332e+00
1.000000000000001554e+00,6.385758333597680858e-01,6.385758333597680858e-01,1.000000000000001554e+00
1.000000000000001776e+00,-4.768659565551335300e-01,-4.768659565551335300e-01,1.000000000000001776e+00
1.000000000000001332e+00,-9.805544783757556004e-01,-9.805544783757556004e-01,1.000000000000001332e+00
1.000000000000001776e+00,-3.891261179211678578e-01,-3.891261179211678578e-01,1.000000000000001776e+00
1.000000000000001332e+00,4.338374380842133782e-01,4.338374380842133782e-01,1.000000000000001332e+00
1.000000000000001110e+00,9.584497143948077502e-01,9.584497143948077502e-01,1.000000000000001110e+00
1.000000000000001554e+00,7.609472231456344549e-01,7.609472231456344549e-01,1.000000000000001554e+00
1.000000000000001332e+00,-3.031238527477746469e-01,-3.031238527477746469e-01,1.000000000000001332e+00
1.000000000000001110e+00,-9.871803118467978866e-01,-9.871803118467978866e-01,1.000000000000001110e+00
1.000000000000000444e+00,-5.178381363855432129e-01,-5.178381363855432129e-01,1.000000000000000444e+00
1.000000000000000222e+00,3.161591926789024121e-01,3.161591926789024121e-01,1.000000000000000222e+00
9.999999999999998890e-01,9.098987417556103630e-01,9.098987417556103630e-01,9.999999999999998890e-01
1.000000000000000000e+00,8.581662876601230394e-01,8.581662876601230394e-01,1.000000000000000000e+00
9.999999999999997780e-01,-1.191727850920184517e-01,-1.191727850920184517e-01,9.999999999999997780e-01
9.999999999999998890e-01,-9.620514390648164937e-01,-9.620514390648164937e-01,9.999999999999998890e-01
9.999999999999997780e-01,-6.379759765783221681e-01,-6.379759765783221681e-01,9.999999999999997780e-01
1.000000000000000000e+00,1.923678556385128302e-01,1.923678556385128302e-01,1.000000000000000000e+00
9.999999999999997780e-01,8.459271869489637385e-01,8.459271869489637385e-01,9.999999999999997780e-01
9.999999999999998890e-01,9.294213367578424423e-01,9.294213367578424423e-01,9.999999999999998890e-01
1.000000000000000000e+00,6.664238055341395461e-02,6.664238055341395461e-02,1.000000000000000000e+00
1.000000000000000444e+00,-9.029652697844162690e-01,-9.029652697844162690e-01,1.000000000000000444e+00
1.000000000000000444e+00,-7.468858370925526291e-01,-7.468858370925526291e-01,1.000000000000000444e+00
1.000000000000000444e+00,6.455369675287755959e-02,6.455369675287755959e-02,1.000000000000000444e+00
1.000000000000000666e+00,7.683397558032561969e-01,7.683397558032561969e-01,1.000000000000000666e+00
1.000000000000000666e+00,9.743764467621425229e-01,9.743764467621425229e-01,1.000000000000000666e+00
1.000000000000000666e+00,2.488947199801373467e-01,2.488947199801373467e-01,1.000000000000000666e+00
1.000000000000000888e+00,-8.135951378830621472e-01,-8.135951378830621472e-01,1.000000000000000888e+00
1.000000000000000888e+00,-8.380645194247624552e-01,-8.380645194247624552e-01,1.000000000000000888e+00
1.000000000000001110e+00,-6.714628733692457052e-02,-6.714628733692457052e-02,1.000000000000001110e+00
1.000000000000001110e+00,6.796838693708873169e-01,6.796838693708873169e-01,1.000000000000001110e+00
1.000000000000000666e+00,9.946053784485948679e-01,9.946053784485948679e-01,1.000000000000000666e+00
1.000000000000000888e+00,4.184044141327337707e-01,4.184044141327337707e-01,1.000000000000000888e+00
1.000000000000000888e+00,-6.924931764989950000e-01,-6.924931764989950000e-01,1.000000000000000888e+00
1.000000000000000888e+00,-9.107509509714735163e-01,-9.107509509714735163e-01,1.000000000000000888e+00
1.000000000000000888e+00,-1.987984441637853927e-01,-1.987984441637853927e-01,1.000000000000000888e+00
1.000000000000000888e+00,5.805965371168654299e-01,5.805965371168654299e-01,1.000000000000000888e+00
1.000000000000001332e+00,9.915348445595175697e-01,9.915348445595175697e-01,1.000000000000001332e+00
1.000000000000001332e+00,5.722997408161596411e-01,5.722997408161596411e-01,1.000000000000001332e+00
1.000000000000001110e+00,-5.486464229933063486e-01,-5.486464229933063486e-01,1.000000000000001110e+00
1.000000000000001110e+00,-9.565734218704335934e-01,-9.565734218704335934e-01,1.000000000000001110e+00
1.000000000000001332e+00,-3.309282363725197795e-01,-3.309282363725197795e-01,1.000000000000001332e+00
1.000000000000001332e+00,4.740001391378851903e-01,4.740001391378851903e-01,1.000000000000001332e+00
1.000000000000001332e+00,9.673873222691614648e-01,9.673873222691614648e-01,1.000000000000001332e+00
1.000000000000001110e+00,7.035016671551086453e-01,7.035016671551086453e-01,1.000000000000001110e+00
1.000000000000000888e+00,-3.824103902294300750e-01,-3.824103902294300750e-01,1.000000000000000888e+00
1.000000000000001110e+00,-9.771768301246674948e-01,-9.771768301246674948e-01,1.000000000000001110e+00
1.000000000000001332e+00,-4.576083316011351210e-01,-4.576083316011351210e-01,1.000000000000001332e+00
1.000000000000001110e+00,3.594387197521114463e-01,3.594387197521114463e-01,1.000000000000001110e+00
1.000000000000000666e+00,9.248694004518231981e-01,9.248694004518231981e-01,1.000000000000000666e+00
1.000000000000001110e+00,8.113702079706797132e-01,8.113702079706797132e-01,1.000000000000001110e+00
1.000000000000001110e+00,-2.056142394908406779e-01,-2.056142394908406779e-01,1.000000000000001110e+00
1.000000000000001332e+00,-9.645678653698261940e-01,-9.645678653698261940e-01,1.000000000000001332e+00
1.000000000000001110e+00,-5.793873599099188532e-01,-5.793873599099188532e-01,1.000000000000001110e+00
1.000000000000001332e+00,2.402291470236704585e-01,2.402291470236704585e-01,1.000000000000001332e+00
1.000000000000001332e+00,8.657426264334692201e-01,8.657426264334692201e-01,1.000000000000001332e+00
1.000000000000001110e+00,8.925306359792535282e-01,8.925306359792535282e-01,1.000000000000001110e+00
1.000000000000000888e+00,-2.078199054594820350e-02,-2.078199054594820350e-02,1.000000000000000888e+00
1.000000000000000444e+00,-9.227480490563855220e-01,-9.227480490563855220e-01,1.000000000000000444e+00
1.000000000000000222e+00,-6.889939522870464073e-01,-6.889939522870464073e-01,1.000000000000000222e+00
1.000000000000000000e+00,1.154851932211752030e-01,1.154851932211752030e-01,1.000000000000000000e+00
1.000000000000000222e+00,7.932163445721347461e-01,7.932163445721347461e-01,1.000000000000000222e+00
1.000000000000000444e+00,9.478136425868034509e-01,9.478136425868034509e-01,1.000000000000000444e+00
1.000000000000000666e+00,1.608372172939513678e-01,1.608372172939513678e-01,1.000000000000000666e+00
1.000000000000000444e+00,-8.469462203451609827e-01,-8.469462203451609827e-01,1.000000000000000444e+00
1.000000000000000444e+00,-7.861926005494808134e-01,-7.861926005494808134e-01,1.000000000000000444e+00
1.000000000000000444e+00,-1.126308453381325014e-02,-1.126308453381325014e-02,1.000000000000000444e+00
1.000000000000000444e+00,7.083402239379492649e-01,7.083402239379492649e-01,1.000000000000000444e+00
1.000000000000000000e+00,9.774114745044069075e-01,9.774114745044069075e-01,1.000000000000000000e+00
1.000000000000000000e+00,3.351760804452227349e-01,3.351760804452227349e-01,1.000000000000000000e+00
9.999999999999997780e-01,-7.428186163991481461e-01,-7.428186163991481461e-01,9.999999999999997780e-01
9.999999999999997780e-01,-8.639238841571827976e-01,-8.639238841571827976e-01,9.999999999999997780e-01
9.999999999999997780e-01,-1.402746140398200558e-01,-1.402746140398200558e-01,9.999999999999997780e-01
1.000000000000000444e+00,6.140226713861748342e-01,6.140226713861748342e-01,1.000000000000000444e+00
1.000000000000000222e+00,9.829341213800901755e-01,9.829341213800901755e-01,1.000000000000000222e+00
1.000000000000000222e+00,4.943710676553282335e-01,4.943710676553282335e-01,1.000000000000000222e+00
1.000000000000000444e+00,-6.109559274315705668e-01,-6.109559274315705668e-01,1.000000000000000444e+00
1.000000000000000444e+00,-9.205457118784223791e-01,-9.205457118784223791e-01,1.000000000000000444e+00
1.000000000000000888e+00,-2.681993369950679829e-01,-2.681993369950679829e-01,1.000000000000000888e+00
1.000000000000000888e+00,5.110256726534796456e-01,5.110256726534796456e-01,1.000000000000000888e+00
1.000000000000001554e+00,9.667574053956621283e-01,9.667574053956621283e-01,1.000000000000001554e+00
1.000000000000001110e+00,6.341741477944335958e-01,6.341741477944335958e-01,1.000000000000001110e+00
1.000000000000000666e+00,-4.575010089767560517e-01,-4.575010089767560517e-01,1.000000000000000666e+00
1.000000000000000888e+00,-9.513846841946453914e-01,-9.513846841946453914e-01,1.000000000000000888e+00
1.000000000000000888e+00,-3.935040747944023032e-01,-3.935040747944023032e-01,1.000000000000000888e+00
1.000000000000000888e+00,4.013390235934428119e-01,4.013390235934428119e-01,1.000000000000000888e+00
1.000000000000001110e+00,9.309117437485208146e-01,9.309117437485208146e-01,1.000000000000001110e+00
1.000000000000001332e+00,7.511604674939930115e-01,7.511604674939930115e-01,1.000000000000001332e+00
1.000000000000001776e+00,-2.886136310854971465e-01,-2.886136310854971465e-01,1.000000000000001776e+00
1.000000000000002220e+00,-9.533995730767361731e-01,-9.533995730767361731e-01,1.000000000000002220e+00
1.000000000000002220e+00,-5.135656918639610602e-01,-5.135656918639610602e-01,1.000000000000002220e+00
1.000000000000001776e+00,2.861913488802336203e-01,2.861913488802336203e-01,1.000000000000001776e+00
1.000000000000001998e+00,8.782312803424687786e-01,8.782312803424687786e-01,1.000000000000001998e+00
1.000000000000001998e+00,8.423563214238000141e-01,8.423563214238000141e-01,1.000000000000001998e+00
1.000000000000002220e+00,-1.097058146846018878e-01,-1.097058146846018878e-01,1.000000000000002220e+00
