1.000000000000000000e+00,1.000000000000000000e+00,1.000000000000000000e+00,1.000000000000000000e+00
1.000000000000000000e+00,3.681658861167208530e-01,3.681658861167208530e-01,1.000000000000000000e+00
1.000000000000000000e+00,-7.263971433906435404e-01,-7.263971433906435404e-01,1.000000000000000000e+00
1.000000000000000000e+00,-9.532865882475147767e-01,-9.532865882475147767e-01,1.000000000000000000e+00
1.000000000000000000e+00,-4.155441055225360114e-01,-4.155441055225360114e-01,1.000000000000000000e+00
1.000000000000000222e+00,3.930950407753438514e-01,3.930950407753438514e-01,1.000000000000000222e+00
1.000000000000000222e+00,9.850164315354350553e-01,9.850164315354350553e-01,1.000000000000000222e+00
9.999999999999995559e-01,5.377316469830408785e-01,5.377316469830408785e-01,9.999999999999995559e-01
9.999999999999993339e-01,-5.944903227501053822e-01,-5.944903227501053822e-01,9.999999999999993339e-01
1.000000000000000000e+00,-9.824460363457836465e-01,-9.824460363457836465e-01,1.000000000000000000e+00
1.000000000000000000e+00,-5.273404565277266531e-01,-5.273404565277266531e-01,1.000000000000000000e+00
9.999999999999996669e-01,2.626302902641534098e-01,2.626302902641534098e-01,9.999999999999996669e-01
9.999999999999997780e-01,9.417930189524891249e-01,9.417930189524891249e-01,9.999999999999997780e-01
1.000000000000000222e+00,6.867481315373055173e-01,6.867481315373055173e-01,1.000000000000000222e+00
1.000000000000000000e+00,-4.399926979269425664e-01,-4.399926979269425664e-01,1.000000000000000000e+00
1.000000000000000444e+00,-9.900796053491485171e-01,-9.900796053491485171e-01,1.000000000000000444e+00
1.000000000000000666e+00,-6.309046572530023766e-01,-6.309046572530023766e-01,1.000000000000000666e+00
1.000000000000000000e+00,1.305082790929403269e-01,1.305082790929403269e-01,1.000000000000000000e+00
9.999999999999998890e-01,8.739118015386900806e-01,8.739118015386900806e-01,9.999999999999998890e-01
1.000000000000000222e+00,8.099289769970277053e-01,8.099289769970277053e-01,1.000000000000000222e+00
1.000000000000000222e+00,-2.675869595749788554e-01,-2.675869595749788554e-01,1.000000000000000222e+00
1.000000000000000444e+00,-9.742280873861973722e-01,-9.742280873861973722e-01,1.000000000000000444e+00
1.000000000000000000e+00,-7.242943344731453958e-01,-7.242943344731453958e-01,1.000000000000000000e+00
1.000000000000000222e+00,-1.353582098441191706e-03,-1.353582098441191706e-03,1.000000000000000222e+00
1.000000000000000000e+00,7.855542351258937295e-01,7.855542351258937295e-01,1.000000000000000000e+00
1.000000000000000000e+00,9.037277415069527864e-01,9.037277415069527864e-01,1.000000000000000000e+00
1.000000000000000222e+00,-8.488282717126910404e-02,-8.488282717126910404e-02,1.000000000000000222e+00
1.000000000000000222e+00,-9.311196428017223248e-01,-9.311196428017223248e-01,1.000000000000000222e+00
1.000000000000000444e+00,-8.073036755977958112e-01,-8.073036755977958112e-01,1.000000000000000444e+00
1.000000000000000666e+00,-1.298491493247411199e-01,-1.298491493247411199e-01,1.000000000000000666e+00
1.000000000000000666e+00,6.802586972609405702e-01,6.802586972609405702e-01,1.000000000000000666e+00
1.000000000000000444e+00,9.647632899895982606e-01,9.647632899895982606e-01,1.000000000000000444e+00
1.000000000000000444e+00,1.042834734491206450e-01,1.042834734491206450e-01,1.000000000000000444e+00
1.000000000000000888e+00,-8.633579748456792213e-01,-8.633579748456792213e-01,1.000000000000000888e+00
1.000000000000000666e+00,-8.750206655390064814e-01,-8.750206655390064814e-01,1.000000000000000666e+00
1.000000000000001110e+00,-2.555911893027038584e-01,-2.555911893027038584e-01,1.000000000000001110e+00
1.000000000000001332e+00,5.634734112595306543e-01,5.634734112595306543e-01,1.000000000000001332e+00
1.000000000000000888e+00,9.933230404650813528e-01,9.933230404650813528e-01,1.000000000000000888e+00
1.000000000000001110e+00,2.883355520069127431e-01,2.883355520069127431e-01,1.000000000000001110e+00
1.000000000000001110e+00,-7.658247116005199029e-01,-7.658247116005199029e-01,1.000000000000001110e+00
1.000000000000001332e+00,-9.292989600665388927e-01,-9.292989600665388927e-01,1.000000000000001332e+00
1.000000000000000666e+00,-3.740982122214224215e-01,-3.740982122214224215e-01,1.000000000000000666e+00
1.000000000000000444e+00,4.370061893925014651e-01,4.370061893925014651e-01,1.000000000000000444e+00
1.000000000000000444e+00,9.896594176537284460e-01,9.896594176537284460e-01,1.000000000000000444e+00
1.000000000000000222e+00,4.643022237780650707e-01,4.643022237780650707e-01,1.000000000000000222e+00
1.000000000000000222e+00,-6.459428932748394470e-01,-6.459428932748394470e-01,1.000000000000000222e+00
1.000000000000000222e+00,-9.626465145912970200e-01,-9.626465145912970200e-01,1.000000000000000222e+00
1.000000000000000666e+00,-4.878939940255762608e-01,-4.878939940255762608e-01,1.000000000000000666e+00
1.000000000000000666e+00,3.070083474721660988e-01,3.070083474721660988e-01,1.000000000000000666e+00
1.000000000000000666e+00,9.560776009722904423e-01,9.560776009722904423e-01,1.000000000000000666e+00
1.000000000000000888e+00,6.205400421312270431e-01,6.205400421312270431e-01,1.000000000000000888e+00
1.000000000000000666e+00,-4.994157691536119659e-01,-4.994157691536119659e-01,1.000000000000000666e+00
1.000000000000000444e+00,-9.785793464585487156e-01,-9.785793464585487156e-01,1.000000000000000444e+00
1.000000000000000444e+00,-5.912372058900678962e-01,-5.912372058900678962e-01,1.000000000000000444e+00
1.000000000000000888e+00,1.732027435045632446e-01,1.732027435045632446e-01,1.000000000000000888e+00
1.000000000000000888e+00,8.965129370611301107e-01,8.965129370611301107e-01,1.000000000000000888e+00
1.000000000000000888e+00,7.549560610954482165e-01,7.549560610954482165e-01,1.000000000000000888e+00
1.000000000000000888e+00,-3.372629421681570538e-01,-3.372629421681570538e-01,1.000000000000000888e+00
1.000000000000000888e+00,-9.685607809348635300e-01,-9.685607809348635300e-01,1.000000000000000888e+00
1.000000000000000888e+00,-6.874141402997129280e-01,-6.874141402997129280e-01,1.000000000000000888e+00
1.000000000000001110e+00,4.166574992172020209e-02,4.166574992172020209e-02,1.000000000000001110e+00
1.000000000000000444e+00,8.136223204113663954e-01,8.136223204113663954e-01,1.000000000000000444e+00
1.000000000000000888e+00,8.595787253004197881e-01,8.595787253004197881e-01,1.000000000000000888e+00
1.000000000000000666e+00,-1.582508755039295778e-01,-1.582508755039295778e-01,1.000000000000000666e+00
1.000000000000000666e+00,-9.370230905448877490e-01,-9.370230905448877490e-01,1.000000000000000666e+00
1.000000000000001332e+00,-7.700891586698954683e-01,-7.700891586698954683e-01,1.000000000000001332e+00
1.000000000000001554e+00,-8.918022993057833636e-02,-8.918022993057833636e-02,1.000000000000001554e+00
1.000000000000001776e+00,7.135494076516187834e-01,7.135494076516187834e-01,1.000000000000001776e+00
1.000000000000001554e+00,9.333893609867922603e-01,9.333893609867922603e-01,1.000000000000001554e+00
1.000000000000001998e+00,2.550893107177495955e-02,2.550893107177495955e-02,1.000000000000001998e+00
1.000000000000001998e+00,-8.769134118702149872e-01,-8.769134118702149872e-01,1.000000000000001998e+00
1.000000000000001776e+00,-8.419026862040406289e-01,-8.419026862040406289e-01,1.000000000000001776e+00
1.000000000000001776e+00,-2.141696437093695282e-01,-2.141696437093695282e-01,1.000000000000001776e+00
1.000000000000001554e+00,5.985454296124083085e-01,5.985454296124083085e-01,1.000000000000001554e+00
1.000000000000001332e+00,9.738854247511213869e-01,9.738854247511213869e-01,1.000000000000001332e+00
1.000000000000001110e+00,2.111346382020806156e-01,2.111346382020806156e-01,1.000000000000001110e+00
1.000000000000001110e+00,-7.926980720706964245e-01,-7.926980720706964245e-01,1.000000000000001110e+00
1.000000000000001332e+00,-8.970836911287110027e-01,-8.970836911287110027e-01,1.000000000000001332e+00
1.000000000000001998e+00,-3.348025061372382760e-01,-3.348025061372382760e-01,1.000000000000001998e+00
1.000000000000002220e+00,4.748138389966163886e-01,4.748138389966163886e-01,1.000000000000002220e+00
1.000000000000002220e+00,9.815056531079129343e-01,9.815056531079129343e-01,1.000000000000002220e+00
1.000000000000002220e+00,3.883192235564555395e-01,3.883192235564555395e-01,1.000000000000002220e+00
1.000000000000001776e+00,-6.816024654230576907e-01,-6.816024654230576907e-01,1.000000000000001776e+00
1.000000000000001776e+00,-9.363050160731466454e-01,-9.363050160731466454e-01,1.000000000000001776e+00
1.000000000000001554e+00,-4.475453053944267179e-01,-4.475453053944267179e-01,1.000000000000001554e+00
1.000000000000001554e+00,3.443923763375822400e-01,3.443923763375822400e-01,1.000000000000001554e+00
1.000000000000001998e+00,9.584543147581439104e-01,9.584543147581439104e-01,1.000000000000001998e+00
1.000000000000002220e+00,5.510189895404074001e-01,5.510189895404074001e-01,1.000000000000002220e+00
1.000000000000001998e+00,-5.474481844575209699e-01,-5.474481844575209699e-01,1.000000000000001998e+00
1.000000000000002220e+00,-9.558317979078061466e-01,-9.558317979078061466e-01,1.000000000000002220e+00
1.000000000000002220e+00,-5.524065540965439336e-01,-5.524065540965439336e-01,1.000000000000002220e+00
1.000000000000002220e+00,2.116830744027639044e-01,2.116830744027639044e-01,1.000000000000002220e+00
1.000000000000001998e+00,9.070084457939772138e-01,9.070084457939772138e-01,1.000000000000001998e+00
1.000000000000001998e+00,6.928170003608931093e-01,6.928170003608931093e-01,1.000000000000001998e+00
1.000000000000001998e+00,-3.935801955226292947e-01,-3.935801955226292947e-01,1.000000000000001998e+00
1.000000000000001554e+00,-9.535907224065915955e-01,-9.535907224065915955e-01,1.000000000000001554e+00
1.000000000000001110e+00,-6.479546433922314108e-01,-6.479546433922314108e-01,1.000000000000001110e+00
1.000000000000001110e+00,7.918534621473552471e-02,7.918534621473552471e-02,1.000000000000001110e+00
1.000000000000000888e+00,8.315728571800753421e-01,8.315728571800753421e-01,1.000000000000000888e+00
1.000000000000000666e+00,8.071710993450056382e-01,8.071710993450056382e-01,1.000000000000000666e+00
1.000000000000000444e+00,-2.229747179702112336e-01,-2.229747179702112336e-01,1.000000000000000444e+00
