1.000000000000000000e+00,1.000000000000000000e+00,1.000000000000000000e+00,1.000000000000000000e+00
1.000000000000000000e+00,6.523409018665367043e-01,6.523409018665367043e-01,1.000000000000000000e+00
1.000000000000000000e+00,1.243203263508153855e-01,1.243203263508153855e-01,1.000000000000000000e+00
1.000000000000000222e+00,5.655337627390458199e-02,5.655337627390458199e-02,1.000000000000000222e+00
1.000000000000000222e+00,6.350790217954006556e-01,6.350790217954006556e-01,1.000000000000000222e+00
1.000000000000000444e+00,9.818036881686627027e-01,9.818036881686627027e-01,1.000000000000000444e+00
1.000000000000000222e+00,3.006707850440667462e-01,3.006707850440667462e-01,1.000000000000000222e+00
1.000000000000000444e+00,7.620974929542387311e-02,7.620974929542387311e-02,1.000000000000000444e+00
1.000000000000000666e+00,7.745034420512981743e-01,7.745034420512981743e-01,1.000000000000000666e+00
1.000000000000000666e+00,9.601938280297581674e-01,9.601938280297581674e-01,1.000000000000000666e+00
1.000000000000000888e+00,4.760500187167143737e-01,4.760500187167143737e-01,1.000000000000000888e+00
1.000000000000000888e+00,3.315712349485067101e-02,3.315712349485067101e-02,1.000000000000000888e+00
1.000000000000000888e+00,1.792205057919738220e-01,1.792205057919738220e-01,1.000000000000000888e+00
1.000000000000000888e+00,8.334638065492759873e-01,8.334638065492759873e-01,1.000000000000000888e+00
1.000000000000000444e+00,8.550129799128565189e-01,8.550129799128565189e-01,1.000000000000000444e+00
1.000000000000000666e+00,9.638808841064708255e-02,9.638808841064708255e-02,1.000000000000000666e+00
1.000000000000000888e+00,2.567597773208436518e-01,2.567597773208436518e-01,1.000000000000000888e+00
1.000000000000000888e+00,9.278106018215770412e-01,9.278106018215770412e-01,1.000000000000000888e+00
1.000000000000000888e+00,8.531114723857755600e-01,8.531114723857755600e-01,1.000000000000000888e+00
1.000000000000001110e+00,3.054630879550005451e-01,3.054630879550005451e-01,1.000000000000001110e+00
1.000000000000001332e+00,3.410360320366123688e-06,3.410360320366123688e-06,1.000000000000001332e+00
1.000000000000001110e+00,3.596397263521985410e-01,3.596397263521985410e-01,1.000000000000001110e+00
1.000000000000001332e+00,9.669960523978490263e-01,9.669960523978490263e-01,1.000000000000001332e+00
1.000000000000001332e+00,6.326789313828107275e-01,6.326789313828107275e-01,1.000000000000001332e+00
1.000000000000001332e+00,2.771734384020035913e-03,2.771734384020035913e-03,1.000000000000001332e+00
1.000000000000001332e+00,4.899723068831957073e-01,4.899723068831957073e-01,1.000000000000001332e+00
1.000000000000001110e+00,9.965145665135797248e-01,9.965145665135797248e-01,1.000000000000001110e+00
1.000000000000001332e+00,7.008565132481606730e-01,7.008565132481606730e-01,1.000000000000001332e+00
1.000000000000001776e+00,1.592673602769472951e-01,1.592673602769472951e-01,1.000000000000001776e+00
1.000000000000001110e+00,3.395235915463964971e-02,3.395235915463964971e-02,1.000000000000001110e+00
1.000000000000001110e+00,5.730956982278306855e-01,5.730956982278306855e-01,1.000000000000001110e+00
1.000000000000001110e+00,9.959668806850998646e-01,9.959668806850998646e-01,1.000000000000001110e+00
1.000000000000000666e+00,3.720454665326832222e-01,3.720454665326832222e-01,1.000000000000000666e+00
1.000000000000000666e+00,4.207255912911800344e-02,4.207255912911800344e-02,1.000000000000000666e+00
1.000000000000000666e+00,7.176045936679246173e-01,7.176045936679246173e-01,1.000000000000000666e+00
1.000000000000000666e+00,9.792991667529323818e-01,9.792991667529323818e-01,1.000000000000000666e+00
1.000000000000000666e+00,5.267159462724527730e-01,5.267159462724527730e-01,1.000000000000000666e+00
1.000000000000000888e+00,5.379709724009934524e-02,5.379709724009934524e-02,1.000000000000000888e+00
1.000000000000001110e+00,1.375589707753954727e-01,1.375589707753954727e-01,1.000000000000001110e+00
1.000000000000000888e+00,7.813586720306262556e-01,7.813586720306262556e-01,1.000000000000000888e+00
1.000000000000001110e+00,9.027879794986615192e-01,9.027879794986615192e-01,1.000000000000001110e+00
1.000000000000000888e+00,1.454089087721344431e-01,1.454089087721344431e-01,1.000000000000000888e+00
1.000000000000000666e+00,1.972371231080379261e-01,1.972371231080379261e-01,1.000000000000000666e+00
1.000000000000000444e+00,8.921155376125775582e-01,8.921155376125775582e-01,1.000000000000000444e+00
1.000000000000000666e+00,8.893377865942080351e-01,8.893377865942080351e-01,1.000000000000000666e+00
1.000000000000000666e+00,3.524848823459796332e-01,3.524848823459796332e-01,1.000000000000000666e+00
1.000000000000000888e+00,2.930692890204728007e-03,2.930692890204728007e-03,1.000000000000000888e+00
1.000000000000000888e+00,3.033675067521537372e-01,3.033675067521537372e-01,1.000000000000000888e+00
1.000000000000000444e+00,9.380651559926493910e-01,9.380651559926493910e-01,1.000000000000000444e+00
1.000000000000000666e+00,7.030821197181544857e-01,7.030821197181544857e-01,1.000000000000000666e+00
1.000000000000000666e+00,1.617396138988533294e-02,1.617396138988533294e-02,1.000000000000000666e+00
1.000000000000000444e+00,4.214426800981560528e-01,4.214426800981560528e-01,1.000000000000000444e+00
1.000000000000000222e+00,9.859240434950671261e-01,9.859240434950671261e-01,1.000000000000000222e+00
1.000000000000000444e+00,7.475963522172155429e-01,7.475963522172155429e-01,1.000000000000000444e+00
1.000000000000000222e+00,1.975535000896677940e-01,1.975535000896677940e-01,1.000000000000000222e+00
1.000000000000000444e+00,1.710035260573128379e-02,1.710035260573128379e-02,1.000000000000000444e+00
1.000000000000000444e+00,5.107444474855742378e-01,5.107444474855742378e-01,1.000000000000000444e+00
1.000000000000000444e+00,9.999420956919777836e-01,9.999420956919777836e-01,1.000000000000000444e+00
1.000000000000000222e+00,4.462532728868181531e-01,4.462532728868181531e-01,1.000000000000000222e+00
1.000000000000000000e+00,1.758699567323174229e-02,1.758699567323174229e-02,1.000000000000000000e+00
1.000000000000000000e+00,6.562374247369194835e-01,6.562374247369194835e-01,1.000000000000000000e+00
1.000000000000000222e+00,9.924186067106689491e-01,9.924186067106689491e-01,1.000000000000000222e+00
1.000000000000000000e+00,5.773902647364690388e-01,5.773902647364690388e-01,1.000000000000000000e+00
1.000000000000000000e+00,7.891497765030736078e-02,7.891497765030736078e-02,1.000000000000000000e+00
9.999999999999998890e-01,1.010593084124162960e-01,1.010593084124162960e-01,9.999999999999998890e-01
1.000000000000000000e+00,7.250289709022541551e-01,7.250289709022541551e-01,1.000000000000000000e+00
9.999999999999997780e-01,9.416438967301987706e-01,9.416438967301987706e-01,9.999999999999997780e-01
9.999999999999997780e-01,2.025799570490900425e-01,2.025799570490900425e-01,9.999999999999997780e-01
9.999999999999997780e-01,1.434227930868678946e-01,1.434227930868678946e-01,9.999999999999997780e-01
1.000000000000000000e+00,8.496967994237634159e-01,8.496967994237634159e-01,1.000000000000000000e+00
1.000000000000000222e+00,9.213243860081010705e-01,9.213243860081010705e-01,1.000000000000000222e+00
1.000000000000000444e+00,4.010971386574744280e-01,4.010971386574744280e-01,1.000000000000000444e+00
1.000000000000000222e+00,1.120154589660604660e-02,1.120154589660604660e-02,1.000000000000000222e+00
1.000000000000000222e+00,2.505801285986475335e-01,2.505801285986475335e-01,1.000000000000000222e+00
1.000000000000000222e+00,9.012797529704118515e-01,9.012797529704118515e-01,1.000000000000000222e+00
1.000000000000000222e+00,7.686829407412928417e-01,7.686829407412928417e-01,1.000000000000000222e+00
1.000000000000000222e+00,4.050129099164903601e-02,4.050129099164903601e-02,1.000000000000000222e+00
1.000000000000000000e+00,3.537307492588417923e-01,3.537307492588417923e-01,1.000000000000000000e+00
1.000000000000000000e+00,9.681022532726571983e-01,9.681022532726571983e-01,1.000000000000000000e+00
1.000000000000000000e+00,7.920200618988243457e-01,7.920200618988243457e-01,1.000000000000000000e+00
1.000000000000000000e+00,2.388164500217784258e-01,2.388164500217784258e-01,1.000000000000000000e+00
1.000000000000000000e+00,6.001311216368238055e-03,6.001311216368238055e-03,1.000000000000000000e+00
9.999999999999998890e-01,4.490264590866316352e-01,4.490264590866316352e-01,9.999999999999998890e-01
9.999999999999998890e-01,9.939067962779148946e-01,9.939067962779148946e-01,9.999999999999998890e-01
9.999999999999998890e-01,5.215460164607080840e-01,5.215460164607080840e-01,9.999999999999998890e-01
1.000000000000000222e+00,3.478468203683138249e-03,3.478468203683138249e-03,1.000000000000000222e+00
1.000000000000000222e+00,5.913747414091751198e-01,5.913747414091751198e-01,1.000000000000000222e+00
1.000000000000000000e+00,9.991447655353344892e-01,9.991447655353344892e-01,1.000000000000000000e+00
1.000000000000000222e+00,6.275828891765015127e-01,6.275828891765015127e-01,1.000000000000000222e+00
1.000000000000000222e+00,1.082080014194268802e-01,1.082080014194268802e-01,1.000000000000000222e+00
1.000000000000000000e+00,6.999044517054928138e-02,6.999044517054928138e-02,1.000000000000000000e+00
1.000000000000000222e+00,6.656027764545511261e-01,6.656027764545511261e-01,1.000000000000000222e+00
1.000000000000000444e+00,9.709094160694364817e-01,9.709094160694364817e-01,1.000000000000000444e+00
1.000000000000000888e+00,2.665765348441825888e-01,2.665765348441825888e-01,1.000000000000000888e+00
1.000000000000000666e+00,9.661333971988605995e-02,9.661333971988605995e-02,1.000000000000000666e+00
1.000000000000000666e+00,8.010118727047939036e-01,8.010118727047939036e-01,1.000000000000000666e+00
1.000000000000000888e+00,9.485378638371968485e-01,9.485378638371968485e-01,1.000000000000000888e+00
1.000000000000000888e+00,4.508687178164024756e-01,4.508687178164024756e-01,1.000000000000000888e+00
1.000000000000001332e+00,2.460514285253845301e-02,2.460514285253845301e-02,1.000000000000001332e+00
1.000000000000001332e+00,2.018784332243278024e-01,2.018784332243278024e-01,1.000000000000001332e+00
1.000000000000001554e+00,8.575833231175979954e-01,8.575833231175979954e-01,1.000000000000001554e+00
