1.000000000000000000e+00,1.000000000000000000e+00,1.000000000000000000e+00,1.000000000000000000e+00
1.000000000000000000e+00,6.336687102340756717e-01,6.336687102340756717e-01,1.000000000000000000e+00
9.999999999999997780e-01,1.128661084048719482e-01,1.128661084048719482e-01,9.999999999999997780e-01
1.000000000000000222e+00,8.827378171706626309e-02,8.827378171706626309e-02,1.000000000000000222e+00
1.000000000000000444e+00,7.836502782691493474e-01,7.836502782691493474e-01,1.000000000000000444e+00
1.000000000000000666e+00,8.606369698046563155e-01,8.606369698046563155e-01,1.000000000000000666e+00
1.000000000000000888e+00,1.364616539717124488e-01,1.364616539717124488e-01,1.000000000000000888e+00
1.000000000000000888e+00,8.258134592404484109e-02,8.258134592404484109e-02,1.000000000000000888e+00
1.000000000000000888e+00,5.859264880008208110e-01,5.859264880008208110e-01,1.000000000000000888e+00
1.000000000000000666e+00,9.947888635277183367e-01,9.947888635277183367e-01,1.000000000000000666e+00
1.000000000000000888e+00,5.922053744441416745e-01,5.922053744441416745e-01,1.000000000000000888e+00
1.000000000000000888e+00,2.434176824796241423e-04,2.434176824796241423e-04,1.000000000000000888e+00
1.000000000000000666e+00,5.252698608922367063e-01,5.252698608922367063e-01,1.000000000000000666e+00
1.000000000000000888e+00,9.952073384464062977e-01,9.952073384464062977e-01,1.000000000000000888e+00
1.000000000000001110e+00,7.561639821641421566e-01,7.561639821641421566e-01,1.000000000000001110e+00
1.000000000000001110e+00,1.836148022119065137e-01,1.836148022119065137e-01,1.000000000000001110e+00
1.000000000000000888e+00,8.770948677849554898e-02,8.770948677849554898e-02,1.000000000000000888e+00
1.000000000000000444e+00,8.376906901391740767e-01,8.376906901391740767e-01,1.000000000000000444e+00
9.999999999999998890e-01,8.294906716281502668e-01,8.294906716281502668e-01,9.999999999999998890e-01
1.000000000000000222e+00,1.757428080326366437e-01,1.757428080326366437e-01,1.000000000000000222e+00
1.000000000000000444e+00,2.594239494248753997e-02,2.594239494248753997e-02,1.000000000000000444e+00
1.000000000000000000e+00,4.751714533935262330e-01,4.751714533935262330e-01,1.000000000000000000e+00
1.000000000000000000e+00,9.921657725155647034e-01,9.921657725155647034e-01,1.000000000000000000e+00
9.999999999999997780e-01,5.286634728642997105e-01,5.286634728642997105e-01,9.999999999999997780e-01
1.000000000000000000e+00,1.411063788427591170e-03,1.411063788427591170e-03,1.000000000000000000e+00
1.000000000000000222e+00,4.866691610601799889e-01,4.866691610601799889e-01,1.000000000000000222e+00
1.000000000000000444e+00,9.632855748786361971e-01,9.632855748786361971e-01,1.000000000000000444e+00
1.000000000000000444e+00,8.511267424489208366e-01,8.511267424489208366e-01,1.000000000000000444e+00
1.000000000000000222e+00,2.091083036173033705e-01,2.091083036173033705e-01,1.000000000000000222e+00
9.999999999999998890e-01,1.224211993328823411e-01,1.224211993328823411e-01,9.999999999999998890e-01
1.000000000000000222e+00,8.802574593071417208e-01,8.802574593071417208e-01,1.000000000000000222e+00
1.000000000000000222e+00,8.463264454313067509e-01,8.463264454313067509e-01,1.000000000000000222e+00
1.000000000000000222e+00,2.712309393854079875e-01,2.712309393854079875e-01,1.000000000000000222e+00
1.000000000000000222e+00,1.179528662112599990e-03,1.179528662112599990e-03,1.000000000000000222e+00
1.000000000000000222e+00,4.276024678282748237e-01,4.276024678282748237e-01,1.000000000000000222e+00
1.000000000000000222e+00,9.983075186431402681e-01,9.983075186431402681e-01,1.000000000000000222e+00
1.000000000000000222e+00,4.614074950313933332e-01,4.614074950313933332e-01,1.000000000000000222e+00
1.000000000000000222e+00,9.172895575170203486e-04,9.172895575170203486e-04,1.000000000000000222e+00
1.000000000000000444e+00,3.828114904649151384e-01,3.828114904649151384e-01,1.000000000000000444e+00
1.000000000000000444e+00,8.979836564582055480e-01,8.979836564582055480e-01,1.000000000000000444e+00
1.000000000000000000e+00,8.931668977894826611e-01,8.931668977894826611e-01,1.000000000000000000e+00
1.000000000000000222e+00,1.803386157997508288e-01,1.803386157997508288e-01,1.000000000000000222e+00
1.000000000000000000e+00,1.726326393195560249e-01,1.726326393195560249e-01,1.000000000000000000e+00
1.000000000000000000e+00,8.852303219855512939e-01,8.852303219855512939e-01,1.000000000000000000e+00
9.999999999999998890e-01,9.070529394930006983e-01,9.070529394930006983e-01,9.999999999999998890e-01
9.999999999999998890e-01,3.979510751690485959e-01,3.979510751690485959e-01,9.999999999999998890e-01
1.000000000000000444e+00,1.882138662490290271e-03,1.882138662490290271e-03,1.000000000000000444e+00
1.000000000000000444e+00,4.510844808761719782e-01,4.510844808761719782e-01,1.000000000000000444e+00
1.000000000000000666e+00,9.990244561795645906e-01,9.990244561795645906e-01,1.000000000000000666e+00
1.000000000000000888e+00,4.396798795486125955e-01,4.396798795486125955e-01,1.000000000000000888e+00
1.000000000000000888e+00,2.434312241107100538e-03,2.434312241107100538e-03,1.000000000000000888e+00
1.000000000000001110e+00,2.574031813631368903e-01,2.574031813631368903e-01,1.000000000000001110e+00
1.000000000000001110e+00,8.364203539723368275e-01,8.364203539723368275e-01,1.000000000000001110e+00
1.000000000000000888e+00,8.871011298043787185e-01,8.871011298043787185e-01,1.000000000000000888e+00
1.000000000000000888e+00,1.289067061528582081e-01,1.289067061528582081e-01,1.000000000000000888e+00
1.000000000000000888e+00,1.996407482931580879e-01,1.996407482931580879e-01,1.000000000000000888e+00
1.000000000000000666e+00,8.405318997566604278e-01,8.405318997566604278e-01,1.000000000000000666e+00
1.000000000000000888e+00,9.689872854614857145e-01,9.689872854614857145e-01,1.000000000000000888e+00
1.000000000000000888e+00,5.006619753227319336e-01,5.006619753227319336e-01,1.000000000000000888e+00
1.000000000000001110e+00,2.360693178697137462e-03,2.360693178697137462e-03,1.000000000000001110e+00
1.000000000000001110e+00,5.189512483179401503e-01,5.189512483179401503e-01,1.000000000000001110e+00
1.000000000000001110e+00,9.940351769871151877e-01,9.940351769871151877e-01,1.000000000000001110e+00
1.000000000000001110e+00,4.894535819364927431e-01,4.894535819364927431e-01,1.000000000000001110e+00
1.000000000000001332e+00,3.120156076706023796e-02,3.120156076706023796e-02,1.000000000000001332e+00
1.000000000000001332e+00,1.649167388906353504e-01,1.649167388906353504e-01,1.000000000000001332e+00
1.000000000000001332e+00,8.208065445453769371e-01,8.208065445453769371e-01,1.000000000000001332e+00
1.000000000000001332e+00,8.448041480036753148e-01,8.448041480036753148e-01,1.000000000000001332e+00
1.000000000000001110e+00,9.399055439476453055e-02,9.399055439476453055e-02,1.000000000000001110e+00
1.000000000000000888e+00,1.729932063180859292e-01,1.729932063180859292e-01,1.000000000000000888e+00
1.000000000000001110e+00,7.425084042020554387e-01,7.425084042020554387e-01,1.000000000000001110e+00
1.000000000000001110e+00,9.970310874402688039e-01,9.970310874402688039e-01,1.000000000000001110e+00
1.000000000000001332e+00,5.371081569890803209e-01,5.371081569890803209e-01,1.000000000000001332e+00
1.000000000000001332e+00,3.352132895365067533e-05,3.352132895365067533e-05,1.000000000000001332e+00
1.000000000000001110e+00,5.817844735270851775e-01,5.817844735270851775e-01,1.000000000000001110e+00
1.000000000000000888e+00,9.965446454732052040e-01,9.965446454732052040e-01,1.000000000000000888e+00
1.000000000000001110e+00,6.012908557999806503e-01,6.012908557999806503e-01,1.000000000000001110e+00
1.000000000000000888e+00,9.107839922455712722e-02,9.107839922455712722e-02,1.000000000000000888e+00
1.000000000000001110e+00,1.281198546053024245e-01,1.281198546053024245e-01,1.000000000000001110e+00
1.000000000000001110e+00,8.536669444531883588e-01,8.536669444531883588e-01,1.000000000000001110e+00
1.000000000000000666e+00,7.920604246900448953e-01,7.920604246900448953e-01,1.000000000000000666e+00
1.000000000000001110e+00,9.577522427411594430e-02,9.577522427411594430e-02,1.000000000000001110e+00
1.000000000000001110e+00,1.032679226460834626e-01,1.032679226460834626e-01,1.000000000000001110e+00
1.000000000000001110e+00,6.188062920054571148e-01,6.188062920054571148e-01,1.000000000000001110e+00
1.000000000000001110e+00,9.998368696127173383e-01,9.998368696127173383e-01,1.000000000000001110e+00
1.000000000000000666e+00,5.041703453476236163e-01,5.041703453476236163e-01,1.000000000000000666e+00
1.000000000000000888e+00,5.984592328780791171e-03,5.984592328780791171e-03,1.000000000000000888e+00
1.000000000000000888e+00,5.933514169438280916e-01,5.933514169438280916e-01,1.000000000000000888e+00
1.000000000000000444e+00,9.990627930697093539e-01,9.990627930697093539e-01,1.000000000000000444e+00
1.000000000000000444e+00,7.283341964516225620e-01,7.283341964516225620e-01,1.000000000000000444e+00
1.000000000000000444e+00,1.432771946785182382e-01,1.432771946785182382e-01,1.000000000000000444e+00
1.000000000000000666e+00,1.417122067823424758e-01,1.417122067823424758e-01,1.000000000000000666e+00
1.000000000000000666e+00,9.009310375113745994e-01,9.009310375113745994e-01,1.000000000000000666e+00
1.000000000000000666e+00,7.709524978392239269e-01,7.709524978392239269e-01,1.000000000000000666e+00
1.000000000000000888e+00,1.448051052540276218e-01,1.448051052540276218e-01,1.000000000000000888e+00
1.000000000000000888e+00,3.661370045128264916e-02,3.661370045128264916e-02,1.000000000000000888e+00
1.000000000000001110e+00,5.251386647412391584e-01,5.251386647412391584e-01,1.000000000000001110e+00
1.000000000000000888e+00,9.999491643185191014e-01,9.999491643185191014e-01,1.000000000000000888e+00
1.000000000000001110e+00,4.337208859243505410e-01,4.337208859243505410e-01,1.000000000000001110e+00
1.000000000000001110e+00,1.327403045853475794e-02,1.327403045853475794e-02,1.000000000000001110e+00
1.000000000000001110e+00,5.328743082327443981e-01,5.328743082327443981e-01,1.000000000000001110e+00
1.000000000000001554e+00,9.738701869846970727e-01,9.738701869846970727e-01,1.000000000000001554e+00
