1.000000000000000000e+00,1.000000000000000000e+00,1.000000000000000000e+00,1.000000000000000000e+00
1.000000000000000000e+00,5.417848208179664171e-01,5.417848208179664171e-01,1.000000000000000000e+00
1.000000000000000000e+00,7.986515213044553807e-04,7.986515213044553807e-04,1.000000000000000000e+00
1.000000000000000222e+00,5.827707127118212371e-01,5.827707127118212371e-01,1.000000000000000222e+00
1.000000000000000222e+00,9.998951359275569661e-01,9.998951359275569661e-01,1.000000000000000222e+00
1.000000000000000444e+00,6.769162374204320543e-01,6.769162374204320543e-01,1.000000000000000444e+00
1.000000000000000444e+00,1.290245437186786914e-01,1.290245437186786914e-01,1.000000000000000444e+00
1.000000000000000666e+00,1.203382616211682715e-01,1.203382616211682715e-01,1.000000000000000666e+00
1.000000000000000444e+00,8.684541087821536776e-01,8.684541087821536776e-01,1.000000000000000444e+00
1.000000000000000666e+00,7.863775484994330878e-01,7.863775484994330878e-01,1.000000000000000666e+00
1.000000000000000444e+00,1.214056826244760690e-01,1.214056826244760690e-01,1.000000000000000444e+00
1.000000000000000666e+00,6.120506731532912581e-02,6.120506731532912581e-02,1.000000000000000666e+00
1.000000000000000888e+00,5.534372876065444258e-01,5.534372876065444258e-01,1.000000000000000888e+00
1.000000000000001110e+00,9.989726207656757229e-01,9.989726207656757229e-01,1.000000000000001110e+00
1.000000000000001332e+00,4.850288592919901887e-01,4.850288592919901887e-01,1.000000000000001332e+00
1.000000000000001776e+00,7.998866791544295696e-03,7.998866791544295696e-03,1.000000000000001776e+00
1.000000000000001554e+00,5.601145489070493699e-01,5.601145489070493699e-01,1.000000000000001554e+00
1.000000000000001998e+00,9.890176980058023037e-01,9.890176980058023037e-01,1.000000000000001998e+00
1.000000000000001776e+00,7.890799005120978649e-01,7.890799005120978649e-01,1.000000000000001776e+00
1.000000000000001554e+00,1.626952008479657930e-01,1.626952008479657930e-01,1.000000000000001554e+00
1.000000000000001554e+00,1.529161201985309582e-01,1.529161201985309582e-01,1.000000000000001554e+00
1.000000000000001332e+00,9.104764080137943694e-01,9.104764080137943694e-01,1.000000000000001332e+00
1.000000000000001332e+00,7.923512072155567409e-01,7.923512072155567409e-01,1.000000000000001332e+00
1.000000000000000888e+00,1.977961443416314247e-01,1.977961443416314247e-01,1.000000000000000888e+00
1.000000000000001110e+00,1.379156157773936409e-02,1.379156157773936409e-02,1.000000000000001110e+00
1.000000000000001110e+00,4.904356936769131980e-01,4.904356936769131980e-01,1.000000000000001110e+00
1.000000000000001110e+00,9.999812990436718341e-01,9.999812990436718341e-01,1.000000000000001110e+00
1.000000000000001110e+00,4.144257984737482747e-01,4.144257984737482747e-01,1.000000000000001110e+00
1.000000000000000888e+00,9.426504759723591809e-03,9.426504759723591809e-03,1.000000000000000888e+00
1.000000000000000888e+00,4.672341702458844281e-01,4.672341702458844281e-01,1.000000000000000888e+00
1.000000000000000888e+00,9.435774996938582904e-01,9.435774996938582904e-01,1.000000000000000888e+00
1.000000000000001110e+00,8.487446519064143491e-01,8.487446519064143491e-01,1.000000000000001110e+00
1.000000000000000888e+00,1.455879636602043226e-01,1.455879636602043226e-01,1.000000000000000888e+00
1.000000000000000888e+00,2.084726144892244393e-01,2.084726144892244393e-01,1.000000000000000888e+00
1.000000000000000888e+00,9.225290247140067734e-01,9.225290247140067734e-01,1.000000000000000888e+00
1.000000000000001110e+00,8.530208187409267229e-01,8.530208187409267229e-01,1.000000000000001110e+00
1.000000000000001110e+00,3.149998121810877461e-01,3.149998121810877461e-01,1.000000000000001110e+00
1.000000000000001110e+00,7.002218342169741483e-04,7.002218342169741483e-04,1.000000000000001110e+00
1.000000000000000888e+00,5.001754335158675735e-01,5.001754335158675735e-01,1.000000000000000888e+00
1.000000000000001110e+00,9.942825973586447708e-01,9.942825973586447708e-01,1.000000000000001110e+00
1.000000000000000888e+00,3.804891991903866511e-01,3.804891991903866511e-01,1.000000000000000888e+00
1.000000000000000888e+00,1.025348268045317424e-03,1.025348268045317424e-03,1.000000000000000888e+00
1.000000000000000888e+00,3.374338823901008588e-01,3.374338823901008588e-01,1.000000000000000888e+00
1.000000000000001110e+00,8.867489415725937629e-01,8.867489415725937629e-01,1.000000000000001110e+00
1.000000000000000666e+00,8.524275502758967837e-01,8.524275502758967837e-01,1.000000000000000666e+00
1.000000000000000666e+00,1.010645654945233063e-01,1.010645654945233063e-01,1.000000000000000666e+00
1.000000000000000888e+00,2.470597648178396166e-01,2.470597648178396166e-01,1.000000000000000888e+00
1.000000000000001110e+00,8.937509517289214944e-01,8.937509517289214944e-01,1.000000000000001110e+00
1.000000000000001110e+00,9.312907875868198238e-01,9.312907875868198238e-01,1.000000000000001110e+00
1.000000000000001110e+00,4.246801579210679467e-01,4.246801579210679467e-01,1.000000000000001110e+00
1.000000000000001110e+00,3.350157890538718597e-05,3.350157890538718597e-05,1.000000000000001110e+00
1.000000000000001110e+00,5.622853798919165147e-01,5.622853798919165147e-01,1.000000000000001110e+00
1.000000000000000666e+00,9.828593374787513159e-01,9.828593374787513159e-01,1.000000000000000666e+00
1.000000000000000888e+00,4.140341980010517897e-01,4.140341980010517897e-01,1.000000000000000888e+00
1.000000000000000888e+00,7.973195909519920077e-03,7.973195909519920077e-03,1.000000000000000888e+00
1.000000000000001332e+00,2.276069445043210626e-01,2.276069445043210626e-01,1.000000000000001332e+00
1.000000000000001332e+00,8.626501438320347548e-01,8.626501438320347548e-01,1.000000000000001332e+00
1.000000000000001776e+00,8.118145646976099306e-01,8.118145646976099306e-01,1.000000000000001776e+00
1.000000000000001332e+00,6.626008195835889070e-02,6.626008195835889070e-02,1.000000000000001332e+00
1.000000000000001554e+00,2.312466946447411242e-01,2.312466946447411242e-01,1.000000000000001554e+00
1.000000000000001554e+00,8.150186552941590667e-01,8.150186552941590667e-01,1.000000000000001554e+00
1.000000000000001554e+00,9.815537925220352289e-01,9.815537925220352289e-01,1.000000000000001554e+00
1.000000000000001554e+00,4.764797097496515921e-01,4.764797097496515921e-01,1.000000000000001554e+00
1.000000000000001554e+00,2.535855310556250908e-03,2.535855310556250908e-03,1.000000000000001554e+00
1.000000000000001332e+00,6.295173384185938081e-01,6.295173384185938081e-01,1.000000000000001332e+00
1.000000000000001554e+00,9.836517652054757033e-01,9.836517652054757033e-01,1.000000000000001554e+00
1.000000000000001110e+00,5.154363958127787804e-01,5.154363958127787804e-01,1.000000000000001110e+00
1.000000000000001110e+00,4.875522553573918838e-02,4.875522553573918838e-02,1.000000000000001110e+00
1.000000000000001332e+00,1.738463518702165478e-01,1.738463518702165478e-01,1.000000000000001332e+00
1.000000000000001332e+00,8.845668758052888103e-01,8.845668758052888103e-01,1.000000000000001332e+00
1.000000000000000888e+00,7.528063392659799513e-01,7.528063392659799513e-01,1.000000000000000888e+00
1.000000000000001110e+00,6.055508348012755837e-02,6.055508348012755837e-02,1.000000000000001110e+00
1.000000000000000888e+00,1.604920291110992214e-01,1.604920291110992214e-01,1.000000000000000888e+00
1.000000000000000888e+00,6.999245155788668127e-01,6.999245155788668127e-01,1.000000000000000888e+00
1.000000000000001110e+00,9.970160994293386647e-01,9.970160994293386647e-01,1.000000000000001110e+00
1.000000000000000888e+00,4.565878373415609981e-01,4.565878373415609981e-01,1.000000000000000888e+00
1.000000000000000888e+00,1.498544447429758786e-02,1.498544447429758786e-02,1.000000000000000888e+00
1.000000000000001110e+00,6.539771425038219954e-01,6.539771425038219954e-01,1.000000000000001110e+00
1.000000000000001110e+00,9.972525571340217221e-01,9.972525571340217221e-01,1.000000000000001110e+00
1.000000000000001332e+00,6.478245700241298533e-01,6.478245700241298533e-01,1.000000000000001332e+00
1.000000000000001110e+00,9.741049511380957260e-02,9.741049511380957260e-02,1.000000000000001110e+00
1.000000000000001110e+00,1.781759126424734552e-01,1.781759126424734552e-01,1.000000000000001110e+00
1.000000000000000444e+00,9.257374031094771638e-01,9.257374031094771638e-01,1.000000000000000444e+00
1.000000000000000666e+00,7.193245174708601253e-01,7.193245174708601253e-01,1.000000000000000666e+00
1.000000000000000444e+00,9.287524877836569881e-02,9.287524877836569881e-02,1.000000000000000444e+00
1.000000000000000666e+00,7.660369107396733379e-02,7.660369107396733379e-02,1.000000000000000666e+00
1.000000000000000888e+00,5.985356661610898854e-01,5.985356661610898854e-01,1.000000000000000888e+00
1.000000000000000666e+00,9.979558465131546097e-01,9.979558465131546097e-01,1.000000000000000666e+00
1.000000000000000444e+00,3.908115868478589938e-01,3.908115868478589938e-01,1.000000000000000444e+00
1.000000000000000444e+00,2.916185224713460644e-02,2.916185224713460644e-02,1.000000000000000444e+00
1.000000000000000444e+00,6.099741877998819950e-01,6.099741877998819950e-01,1.000000000000000444e+00
1.000000000000000666e+00,9.945159452256173704e-01,9.945159452256173704e-01,1.000000000000000666e+00
1.000000000000000666e+00,7.541024573879772097e-01,7.541024573879772097e-01,1.000000000000000666e+00
1.000000000000000888e+00,1.127590261742326544e-01,1.127590261742326544e-01,1.000000000000000888e+00
1.000000000000000444e+00,2.265531403531763077e-01,2.265531403531763077e-01,1.000000000000000444e+00
1.000000000000000666e+00,9.531903996969914861e-01,9.531903996969914861e-01,1.000000000000000666e+00
1.000000000000000444e+00,7.457908207169509085e-01,7.457908207169509085e-01,1.000000000000000444e+00
1.000000000000000444e+00,1.729170908931897122e-01,1.729170908931897122e-01,1.000000000000000444e+00
1.000000000000000888e+00,2.411582704129366928e-02,2.411582704129366928e-02,1.000000000000000888e+00
1.000000000000001110e+00,5.582483503591679774e-01,5.582483503591679774e-01,1.000000000000001110e+00
1.000000000000000888e+00,9.905992113804926724e-01,9.905992113804926724e-01,1.000000000000000888e+00
