1.000000000000000000e+00,1.000000000000000000e+00,1.000000000000000000e+00,1.000000000000000000e+00
1.000000000000000000e+00,5.712123816664016474e-01,5.712123816664016474e-01,1.000000000000000000e+00
1.000000000000000000e+00,2.055916986872602381e-03,2.055916986872602381e-03,1.000000000000000000e+00
9.999999999999998890e-01,5.338219551805556407e-01,5.338219551805556407e-01,9.999999999999998890e-01
9.999999999999997780e-01,9.909691889259332198e-01,9.909691889259332198e-01,9.999999999999997780e-01
1.000000000000000000e+00,4.237290596602410475e-01,4.237290596602410475e-01,1.000000000000000000e+00
1.000000000000000000e+00,1.940829798826010366e-03,1.940829798826010366e-03,1.000000000000000000e+00
9.999999999999997780e-01,2.710177716350300470e-01,2.710177716350300470e-01,9.999999999999997780e-01
9.999999999999998890e-01,8.190897974900228640e-01,8.190897974900228640e-01,9.999999999999998890e-01
1.000000000000000000e+00,9.580882571653308588e-01,9.580882571653308588e-01,1.000000000000000000e+00
1.000000000000000000e+00,3.366527454102504757e-01,3.366527454102504757e-01,1.000000000000000000e+00
1.000000000000000222e+00,4.560335168810453199e-02,4.560335168810453199e-02,1.000000000000000222e+00
1.000000000000000000e+00,7.796760285559037884e-01,7.796760285559037884e-01,1.000000000000000000e+00
1.000000000000000000e+00,8.894104679509999833e-01,8.894104679509999833e-01,1.000000000000000000e+00
9.999999999999997780e-01,2.265530523889142667e-01,2.265530523889142667e-01,9.999999999999997780e-01
9.999999999999996669e-01,1.980122743852819056e-02,1.980122743852819056e-02,9.999999999999996669e-01
9.999999999999995559e-01,4.373876712854394277e-01,4.373876712854394277e-01,9.999999999999995559e-01
9.999999999999997780e-01,9.378149926833725392e-01,9.378149926833725392e-01,9.999999999999997780e-01
9.999999999999997780e-01,8.322317634494680316e-01,8.322317634494680316e-01,9.999999999999997780e-01
1.000000000000000000e+00,1.325247985332809186e-01,1.325247985332809186e-01,1.000000000000000000e+00
1.000000000000000000e+00,2.123653394431175012e-01,2.123653394431175012e-01,1.000000000000000000e+00
9.999999999999998890e-01,9.482753021794867454e-01,9.482753021794867454e-01,9.999999999999998890e-01
1.000000000000000000e+00,7.051718473559946965e-01,7.051718473559946965e-01,1.000000000000000000e+00
1.000000000000000222e+00,8.331377050875996004e-02,8.331377050875996004e-02,1.000000000000000222e+00
1.000000000000000222e+00,9.958601621355193945e-02,9.958601621355193945e-02,1.000000000000000222e+00
1.000000000000000444e+00,6.127377467457183480e-01,6.127377467457183480e-01,1.000000000000000444e+00
1.000000000000000222e+00,9.967296409204740026e-01,9.967296409204740026e-01,1.000000000000000222e+00
1.000000000000000222e+00,6.359799030943714682e-01,6.359799030943714682e-01,1.000000000000000222e+00
1.000000000000000222e+00,1.408129614880268554e-02,1.408129614880268554e-02,1.000000000000000222e+00
1.000000000000000222e+00,4.583562230425076711e-01,4.583562230425076711e-01,1.000000000000000222e+00
1.000000000000000222e+00,9.994225370335326764e-01,9.994225370335326764e-01,1.000000000000000222e+00
1.000000000000000444e+00,4.860219836596146314e-01,4.860219836596146314e-01,1.000000000000000444e+00
1.000000000000000222e+00,9.617866816184622580e-03,9.617866816184622580e-03,1.000000000000000222e+00
1.000000000000000222e+00,2.277342243850488668e-01,2.277342243850488668e-01,1.000000000000000222e+00
1.000000000000000000e+00,7.771137532028018491e-01,7.771137532028018491e-01,1.000000000000000000e+00
1.000000000000000222e+00,9.787461888431503443e-01,9.787461888431503443e-01,1.000000000000000222e+00
1.000000000000000444e+00,4.030915488140370817e-01,4.030915488140370817e-01,1.000000000000000444e+00
1.000000000000000444e+00,1.956855319697056728e-02,1.956855319697056728e-02,1.000000000000000444e+00
1.000000000000000444e+00,7.147518061762312414e-01,7.147518061762312414e-01,1.000000000000000444e+00
1.000000000000000666e+00,9.287510832397012361e-01,9.287510832397012361e-01,1.000000000000000666e+00
1.000000000000000666e+00,2.784473528681317145e-01,2.784473528681317145e-01,1.000000000000000666e+00
1.000000000000000666e+00,7.879428872134802697e-03,7.879428872134802697e-03,1.000000000000000666e+00
1.000000000000000666e+00,3.881064943113916588e-01,3.881064943113916588e-01,1.000000000000000666e+00
1.000000000000000666e+00,9.091079787771134679e-01,9.091079787771134679e-01,1.000000000000000666e+00
1.000000000000000666e+00,8.763376984564270611e-01,8.763376984564270611e-01,1.000000000000000666e+00
1.000000000000000444e+00,1.843653730277916014e-01,1.843653730277916014e-01,1.000000000000000444e+00
1.000000000000000888e+00,1.540794666688376779e-01,1.540794666688376779e-01,1.000000000000000888e+00
1.000000000000000888e+00,9.109770231596425738e-01,9.109770231596425738e-01,1.000000000000000888e+00
1.000000000000000666e+00,7.635542744496282008e-01,7.635542744496282008e-01,1.000000000000000666e+00
1.000000000000000888e+00,1.175490191242729715e-01,1.175490191242729715e-01,1.000000000000000888e+00
1.000000000000000888e+00,7.120104586290293414e-02,7.120104586290293414e-02,1.000000000000000888e+00
1.000000000000000888e+00,5.628533914882398737e-01,5.628533914882398737e-01,1.000000000000000888e+00
1.000000000000000666e+00,9.871228740884780972e-01,9.871228740884780972e-01,1.000000000000000666e+00
1.000000000000000444e+00,6.976431811626162549e-01,6.976431811626162549e-01,1.000000000000000444e+00
1.000000000000000888e+00,3.643954991442274749e-02,3.643954991442274749e-02,1.000000000000000888e+00
1.000000000000000444e+00,3.837506680911637047e-01,3.837506680911637047e-01,1.000000000000000444e+00
1.000000000000000000e+00,9.977257645417529908e-01,9.977257645417529908e-01,1.000000000000000000e+00
1.000000000000000222e+00,5.493364658851331850e-01,5.493364658851331850e-01,1.000000000000000222e+00
1.000000000000000000e+00,2.322688677020021131e-02,2.322688677020021131e-02,1.000000000000000000e+00
1.000000000000000000e+00,1.870912225789035932e-01,1.870912225789035932e-01,1.000000000000000000e+00
1.000000000000000222e+00,7.324969998928442250e-01,7.324969998928442250e-01,1.000000000000000222e+00
1.000000000000000444e+00,9.924129658430098644e-01,9.924129658430098644e-01,1.000000000000000444e+00
1.000000000000000222e+00,4.706442132593368077e-01,4.706442132593368077e-01,1.000000000000000222e+00
1.000000000000000000e+00,4.322809132813382194e-03,4.322809132813382194e-03,1.000000000000000000e+00
9.999999999999997780e-01,6.447740766384428834e-01,6.447740766384428834e-01,9.999999999999997780e-01
1.000000000000000222e+00,9.602600697253061979e-01,9.602600697253061979e-01,1.000000000000000222e+00
1.000000000000000222e+00,3.342510938038786850e-01,3.342510938038786850e-01,1.000000000000000222e+00
1.000000000000000000e+00,1.302534527321208557e-03,1.302534527321208557e-03,1.000000000000000000e+00
1.000000000000000000e+00,3.400088875304093650e-01,3.400088875304093650e-01,1.000000000000000000e+00
9.999999999999996669e-01,8.759784059509594378e-01,8.759784059509594378e-01,9.999999999999996669e-01
9.999999999999997780e-01,9.140878344857592541e-01,9.140878344857592541e-01,9.999999999999997780e-01
1.000000000000000000e+00,2.420577281540424175e-01,2.420577281540424175e-01,1.000000000000000000e+00
1.000000000000000000e+00,1.037596742778608555e-01,1.037596742778608555e-01,1.000000000000000000e+00
1.000000000000000222e+00,8.645136791473703175e-01,8.645136791473703175e-01,1.000000000000000222e+00
1.000000000000000222e+00,8.179220222862644274e-01,8.179220222862644274e-01,1.000000000000000222e+00
1.000000000000000000e+00,1.573089826893874776e-01,1.573089826893874776e-01,1.000000000000000000e+00
1.000000000000000222e+00,4.712527060351021091e-02,4.712527060351021091e-02,1.000000000000000222e+00
1.000000000000000000e+00,5.125629989179167900e-01,5.125629989179167900e-01,1.000000000000000000e+00
1.000000000000000444e+00,9.715314235708554236e-01,9.715314235708554236e-01,1.000000000000000444e+00
1.000000000000000444e+00,7.552394204701387004e-01,7.552394204701387004e-01,1.000000000000000444e+00
1.000000000000000444e+00,6.844139998611656339e-02,6.844139998611656339e-02,1.000000000000000444e+00
1.000000000000000444e+00,3.117623069331713070e-01,3.117623069331713070e-01,1.000000000000000444e+00
1.000000000000000444e+00,9.856665908209869542e-01,9.856665908209869542e-01,1.000000000000000444e+00
1.000000000000000666e+00,6.126427654735028261e-01,6.126427654735028261e-01,1.000000000000000666e+00
1.000000000000000444e+00,4.281147031068316400e-02,4.281147031068316400e-02,1.000000000000000444e+00
1.000000000000000444e+00,1.494816073065828865e-01,1.494816073065828865e-01,1.000000000000000444e+00
1.000000000000000444e+00,6.857503364879230512e-01,6.857503364879230512e-01,1.000000000000000444e+00
1.000000000000000444e+00,9.991659478889404200e-01,9.991659478889404200e-01,1.000000000000000444e+00
1.000000000000000444e+00,5.379992727022044896e-01,5.379992727022044896e-01,1.000000000000000444e+00
1.000000000000000444e+00,7.062923671732890263e-05,7.062923671732890263e-05,1.000000000000000444e+00
1.000000000000000444e+00,5.713237814473228759e-01,5.713237814473228759e-01,1.000000000000000444e+00
1.000000000000000222e+00,9.830635823226272496e-01,9.830635823226272496e-01,1.000000000000000222e+00
1.000000000000000000e+00,3.932651678606006174e-01,3.932651678606006174e-01,1.000000000000000000e+00
1.000000000000000444e+00,2.960925076411213830e-04,2.960925076411213830e-04,1.000000000000000444e+00
1.000000000000000444e+00,2.935240913447624278e-01,2.935240913447624278e-01,1.000000000000000444e+00
9.999999999999998890e-01,8.389269541837579558e-01,8.389269541837579558e-01,9.999999999999998890e-01
1.000000000000000222e+00,9.451421540913031993e-01,9.451421540913031993e-01,1.000000000000000222e+00
1.000000000000000000e+00,3.042743373178188326e-01,3.042743373178188326e-01,1.000000000000000000e+00
1.000000000000000222e+00,6.252711639855013104e-02,6.252711639855013104e-02,1.000000000000000222e+00
1.000000000000000444e+00,8.097897662016759757e-01,8.097897662016759757e-01,1.000000000000000444e+00
1.000000000000000222e+00,8.671109527738506406e-01,8.671109527738506406e-01,1.000000000000000222e+00
