1.000000000000000000e+00,1.000000000000000000e+00,1.000000000000000000e+00,1.000000000000000000e+00
1.000000000000000000e+00,4.492404058685787183e-01,4.492404058685787183e-01,1.000000000000000000e+00
1.000000000000000000e+00,-6.684533990378995760e-01,-6.684533990378995760e-01,1.000000000000000000e+00
1.000000000000000000e+00,-9.162598669980868138e-01,-9.162598669980868138e-01,1.000000000000000000e+00
9.999999999999995559e-01,-5.417357139849132697e-02,-5.417357139849132697e-02,9.999999999999995559e-01
1.000000000000000222e+00,7.985759490547835737e-01,7.985759490547835737e-01,1.000000000000000222e+00
1.000000000000000222e+00,9.774588452906596281e-01,9.774588452906596281e-01,1.000000000000000222e+00
1.000000000000000444e+00,5.158459627053644247e-01,5.158459627053644247e-01,1.000000000000000444e+00
1.000000000000000888e+00,-3.258028836399718409e-01,-3.258028836399718409e-01,1.000000000000000888e+00
1.000000000000001110e+00,-9.664390568505083490e-01,-9.664390568505083490e-01,1.000000000000001110e+00
1.000000000000001332e+00,-5.984208965296866634e-01,-5.984208965296866634e-01,1.000000000000001332e+00
1.000000000000001110e+00,5.411536128164646797e-01,5.411536128164646797e-01,1.000000000000001110e+00
1.000000000000001110e+00,9.812575443523801066e-01,9.812575443523801066e-01,1.000000000000001110e+00
1.000000000000001332e+00,2.915302711355534093e-01,2.915302711355534093e-01,1.000000000000001332e+00
1.000000000000001332e+00,-5.983369612097829693e-01,-5.983369612097829693e-01,1.000000000000001332e+00
1.000000000000001776e+00,-9.913898043319898656e-01,-9.913898043319898656e-01,1.000000000000001776e+00
1.000000000000000888e+00,-7.362596066951383467e-01,-7.362596066951383467e-01,1.000000000000000888e+00
1.000000000000000444e+00,8.099678383926983694e-02,8.099678383926983694e-02,1.000000000000000444e+00
1.000000000000000888e+00,9.050041865762556981e-01,9.050041865762556981e-01,1.000000000000000888e+00
1.000000000000000888e+00,7.413009122514641058e-01,7.413009122514641058e-01,1.000000000000000888e+00
1.000000000000000666e+00,-3.736241869666881987e-01,-3.736241869666881987e-01,1.000000000000000666e+00
1.000000000000001110e+00,-9.917576001047763157e-01,-9.917576001047763157e-01,1.000000000000001110e+00
1.000000000000000666e+00,-5.104542139660526168e-01,-5.104542139660526168e-01,1.000000000000000666e+00
1.000000000000001110e+00,3.528040297868274555e-01,3.528040297868274555e-01,1.000000000000001110e+00
1.000000000000001332e+00,9.251416937905760918e-01,9.251416937905760918e-01,1.000000000000001332e+00
1.000000000000001332e+00,8.998044985665106799e-01,8.998044985665106799e-01,1.000000000000001332e+00
1.000000000000001332e+00,1.686372163611361830e-01,1.686372163611361830e-01,1.000000000000001332e+00
1.000000000000001110e+00,-7.920437818695420518e-01,-7.920437818695420518e-01,1.000000000000001110e+00
1.000000000000001110e+00,-8.376374277054874362e-01,-8.376374277054874362e-01,1.000000000000001110e+00
1.000000000000000888e+00,2.106132254851037777e-01,2.106132254851037777e-01,1.000000000000000888e+00
1.000000000000001110e+00,9.741569000820357038e-01,9.741569000820357038e-01,1.000000000000001110e+00
1.000000000000000888e+00,7.205799089518077905e-01,7.205799089518077905e-01,1.000000000000000888e+00
1.000000000000000888e+00,-6.110939722581110178e-02,-6.110939722581110178e-02,1.000000000000000888e+00
1.000000000000000444e+00,-7.675903956731348066e-01,-7.675903956731348066e-01,1.000000000000000444e+00
1.000000000000000888e+00,-9.778286096597514909e-01,-9.778286096597514909e-01,1.000000000000000888e+00
1.000000000000001332e+00,-3.821110397142368220e-01,-3.821110397142368220e-01,1.000000000000001332e+00
1.000000000000000888e+00,6.746302804267636510e-01,6.746302804267636510e-01,1.000000000000000888e+00
1.000000000000000888e+00,9.272091229075818397e-01,9.272091229075818397e-01,1.000000000000000888e+00
1.000000000000001110e+00,-1.222568226959996895e-02,-1.222568226959996895e-02,1.000000000000001110e+00
1.000000000000001110e+00,-8.890917589721698544e-01,-8.890917589721698544e-01,1.000000000000001110e+00
1.000000000000001776e+00,-8.765259103247472483e-01,-8.765259103247472483e-01,1.000000000000001776e+00
1.000000000000001776e+00,-2.305389219212394258e-01,-2.305389219212394258e-01,1.000000000000001776e+00
1.000000000000001554e+00,5.537476744046975208e-01,5.537476744046975208e-01,1.000000000000001554e+00
1.000000000000001776e+00,9.965197358042696685e-01,9.965197358042696685e-01,1.000000000000001776e+00
1.000000000000001776e+00,5.788302176225377238e-01,5.788302176225377238e-01,1.000000000000001776e+00
1.000000000000001776e+00,-5.194038885673680772e-01,-5.194038885673680772e-01,1.000000000000001776e+00
1.000000000000001776e+00,-9.671518706420993983e-01,-9.671518706420993983e-01,1.000000000000001776e+00
1.000000000000001776e+00,-1.794258753020752661e-01,-1.794258753020752661e-01,1.000000000000001776e+00
1.000000000000001776e+00,7.636075610833829019e-01,7.636075610833829019e-01,1.000000000000001776e+00
1.000000000000001998e+00,9.785495773679568909e-01,9.785495773679568909e-01,1.000000000000001998e+00
1.000000000000001332e+00,5.131646140234473741e-01,5.131646140234473741e-01,1.000000000000001332e+00
1.000000000000001332e+00,-2.901862081194451215e-01,-2.901862081194451215e-01,1.000000000000001332e+00
1.000000000000001110e+00,-9.390845246699945914e-01,-9.390845246699945914e-01,1.000000000000001110e+00
1.000000000000000888e+00,-7.220266919689000140e-01,-7.220266919689000140e-01,1.000000000000000888e+00
1.000000000000000888e+00,3.707333888372189024e-01,3.707333888372189024e-01,1.000000000000000888e+00
1.000000000000001110e+00,9.995774094316903780e-01,9.995774094316903780e-01,1.000000000000001110e+00
1.000000000000000444e+00,3.910646917583405213e-01,3.910646917583405213e-01,1.000000000000000444e+00
1.000000000000000888e+00,-5.678661619473128752e-01,-5.678661619473128752e-01,1.000000000000000888e+00
1.000000000000000666e+00,-9.911243460219132384e-01,-9.911243460219132384e-01,1.000000000000000666e+00
1.000000000000001110e+00,-7.401474057314059163e-01,-7.401474057314059163e-01,1.000000000000001110e+00
1.000000000000000888e+00,2.419976294988052112e-02,2.419976294988052112e-02,1.000000000000000888e+00
1.000000000000001110e+00,8.439217823809593844e-01,8.439217823809593844e-01,1.000000000000001110e+00
1.000000000000001332e+00,8.491435205614975557e-01,8.491435205614975557e-01,1.000000000000001332e+00
1.000000000000000888e+00,-1.928691400066918082e-01,-1.928691400066918082e-01,1.000000000000000888e+00
1.000000000000001110e+00,-9.778858369993216337e-01,-9.778858369993216337e-01,1.000000000000001110e+00
1.000000000000000888e+00,-5.792967641844365412e-01,-5.792967641844365412e-01,1.000000000000000888e+00
1.000000000000000888e+00,3.333397557255248778e-01,3.333397557255248778e-01,1.000000000000000888e+00
1.000000000000000888e+00,9.273408976627357525e-01,9.273408976627357525e-01,1.000000000000000888e+00
1.000000000000001776e+00,9.069974303550427663e-01,9.069974303550427663e-01,1.000000000000001776e+00
1.000000000000001554e+00,2.442317248898205062e-01,2.442317248898205062e-01,1.000000000000001554e+00
1.000000000000001332e+00,-6.976990077235494248e-01,-6.976990077235494248e-01,1.000000000000001332e+00
1.000000000000001332e+00,-9.219306612719095906e-01,-9.219306612719095906e-01,1.000000000000001332e+00
1.000000000000001776e+00,3.026850623126625672e-02,3.026850623126625672e-02,1.000000000000001776e+00
1.000000000000001776e+00,9.359432641582415835e-01,9.359432641582415835e-01,1.000000000000001776e+00
1.000000000000001998e+00,7.626703334522729749e-01,7.626703334522729749e-01,1.000000000000001998e+00
1.000000000000001998e+00,-5.326404059207090480e-02,-5.326404059207090480e-02,1.000000000000001998e+00
1.000000000000001554e+00,-7.700009892022059432e-01,-7.700009892022059432e-01,1.000000000000001554e+00
1.000000000000001332e+00,-9.841466731962115189e-01,-9.841466731962115189e-01,1.000000000000001332e+00
1.000000000000001332e+00,-4.718140880148535832e-01,-4.718140880148535832e-01,1.000000000000001332e+00
1.000000000000001332e+00,5.455628512785554163e-01,5.455628512785554163e-01,1.000000000000001332e+00
1.000000000000001110e+00,9.814649842658746959e-01,9.814649842658746959e-01,1.000000000000001110e+00
1.000000000000001332e+00,1.586779699878899941e-01,1.586779699878899941e-01,1.000000000000001332e+00
1.000000000000001332e+00,-8.339883309359683583e-01,-8.339883309359683583e-01,1.000000000000001332e+00
1.000000000000001332e+00,-8.945524389591024139e-01,-8.945524389591024139e-01,1.000000000000001332e+00
1.000000000000001110e+00,-2.298320365169315149e-01,-2.298320365169315149e-01,1.000000000000001110e+00
1.000000000000001332e+00,5.520557120131023288e-01,5.520557120131023288e-01,1.000000000000001332e+00
1.000000000000001110e+00,9.909111050353766048e-01,9.909111050353766048e-01,1.000000000000001110e+00
1.000000000000000888e+00,6.722093544798686260e-01,6.722093544798686260e-01,1.000000000000000888e+00
1.000000000000000888e+00,-3.620038010850832877e-01,-3.620038010850832877e-01,1.000000000000000888e+00
1.000000000000000888e+00,-9.893243973595887697e-01,-9.893243973595887697e-01,1.000000000000000888e+00
1.000000000000000666e+00,-3.280860027542722990e-01,-3.280860027542722990e-01,1.000000000000000666e+00
1.000000000000000888e+00,7.023628288282650622e-01,7.023628288282650622e-01,1.000000000000000888e+00
1.000000000000000444e+00,9.833855858231432823e-01,9.833855858231432823e-01,1.000000000000000444e+00
1.000000000000000666e+00,5.088942018425895997e-01,5.088942018425895997e-01,1.000000000000000666e+00
1.000000000000000444e+00,-2.786601367891764491e-01,-2.786601367891764491e-01,1.000000000000000444e+00
1.000000000000000000e+00,-9.133095890165503494e-01,-9.133095890165503494e-01,1.000000000000000000e+00
1.000000000000000666e+00,-8.123668279711065976e-01,-8.123668279711065976e-01,1.000000000000000666e+00
1.000000000000000666e+00,1.934763683638384968e-01,1.934763683638384968e-01,1.000000000000000666e+00
1.000000000000000888e+00,9.873773754020324089e-01,9.873773754020324089e-01,1.000000000000000888e+00
1.000000000000000888e+00,5.134065665691521785e-01,5.134065665691521785e-01,1.000000000000000888e+00
1.000000000000001110e+00,-5.089206322624534318e-01,-5.089206322624534318e-01,1.000000000000001110e+00
