1.000000000000000000e+00,1.000000000000000000e+00,1.000000000000000000e+00,1.000000000000000000e+00
9.999999999999998890e-01,3.436400570966336998e-01,3.436400570966336998e-01,9.999999999999998890e-01
1.000000000000000000e+00,-7.046969317721245574e-01,-7.046969317721245574e-01,1.000000000000000000e+00
1.000000000000000222e+00,-9.812017301818929393e-01,-9.812017301818929393e-01,1.000000000000000222e+00
1.000000000000000000e+00,-5.510479279342918035e-01,-5.510479279342918035e-01,1.000000000000000000e+00
1.000000000000000222e+00,2.989293751274259003e-01,2.989293751274259003e-01,1.000000000000000222e+00
1.000000000000000222e+00,9.830998666937335040e-01,9.830998666937335040e-01,1.000000000000000222e+00
1.000000000000000222e+00,5.138306405646565489e-01,5.138306405646565489e-01,1.000000000000000222e+00
1.000000000000001110e+00,-5.789651605466392681e-01,-5.789651605466392681e-01,1.000000000000001110e+00
1.000000000000001110e+00,-9.930648610152685851e-01,-9.930648610152685851e-01,1.000000000000001110e+00
1.000000000000001554e+00,-6.529847874989345158e-01,-6.529847874989345158e-01,1.000000000000001554e+00
1.000000000000001554e+00,1.519429943612626843e-01,1.519429943612626843e-01,1.000000000000001554e+00
1.000000000000001776e+00,9.339918086576272094e-01,9.339918086576272094e-01,1.000000000000001776e+00
1.000000000000002442e+00,6.667040707350838646e-01,6.667040707350838646e-01,1.000000000000002442e+00
1.000000000000002442e+00,-4.332947861015639113e-01,-4.332947861015639113e-01,1.000000000000002442e+00
1.000000000000002665e+00,-9.856639034809822064e-01,-9.856639034809822064e-01,1.000000000000002665e+00
1.000000000000002442e+00,-7.434577790042440348e-01,-7.434577790042440348e-01,1.000000000000002442e+00
1.000000000000002665e+00,6.301046402930665646e-03,6.301046402930665646e-03,1.000000000000002665e+00
1.000000000000002442e+00,8.560356137486980765e-01,8.560356137486980765e-01,1.000000000000002442e+00
1.000000000000002220e+00,7.954501879827015065e-01,7.954501879827015065e-01,1.000000000000002220e+00
1.000000000000002220e+00,-2.698567544065109125e-01,-2.698567544065109125e-01,1.000000000000002220e+00
1.000000000000002442e+00,-9.588216554257560365e-01,-9.588216554257560365e-01,1.000000000000002442e+00
1.000000000000001998e+00,-8.204296146456062644e-01,-8.204296146456062644e-01,1.000000000000001998e+00
1.000000000000001998e+00,-1.360379507961846368e-01,-1.360379507961846368e-01,1.000000000000001998e+00
1.000000000000001776e+00,7.542559840152583961e-01,7.542559840152583961e-01,1.000000000000001776e+00
1.000000000000001776e+00,8.958440124750686184e-01,8.958440124750686184e-01,1.000000000000001776e+00
1.000000000000001554e+00,-9.586078611157428098e-02,-9.586078611157428098e-02,1.000000000000001554e+00
1.000000000000001554e+00,-9.084699085769100124e-01,-9.084699085769100124e-01,1.000000000000001554e+00
1.000000000000001776e+00,-8.854312525166353476e-01,-8.854312525166353476e-01,1.000000000000001776e+00
1.000000000000002442e+00,-2.704160685824927302e-01,-2.704160685824927302e-01,1.000000000000002442e+00
1.000000000000002665e+00,6.324256275797410787e-01,6.324256275797410787e-01,1.000000000000002665e+00
1.000000000000003109e+00,9.626677232595910461e-01,9.626677232595910461e-01,1.000000000000003109e+00
1.000000000000002887e+00,8.696692459658025842e-02,8.696692459658025842e-02,1.000000000000002887e+00
1.000000000000002665e+00,-8.380187851216116535e-01,-8.380187851216116535e-01,1.000000000000002665e+00
1.000000000000002887e+00,-9.338096170826108988e-01,-9.338096170826108988e-01,1.000000000000002887e+00
1.000000000000002665e+00,-3.981707069415990619e-01,-3.981707069415990619e-01,1.000000000000002665e+00
1.000000000000002665e+00,4.978735380954409373e-01,4.978735380954409373e-01,1.000000000000002665e+00
1.000000000000001998e+00,9.950722750529702454e-01,9.950722750529702454e-01,1.000000000000001998e+00
1.000000000000002220e+00,2.672959561292060360e-01,2.672959561292060360e-01,1.000000000000002220e+00
1.000000000000002442e+00,-7.417551052034121462e-01,-7.417551052034121462e-01,1.000000000000002442e+00
1.000000000000001776e+00,-9.690565445746834872e-01,-9.690565445746834872e-01,1.000000000000001776e+00
1.000000000000001776e+00,-5.137424187646688623e-01,-5.137424187646688623e-01,1.000000000000001776e+00
1.000000000000001332e+00,3.527302272242095471e-01,3.527302272242095471e-01,1.000000000000001332e+00
1.000000000000001110e+00,9.920610249221367694e-01,9.920610249221367694e-01,1.000000000000001110e+00
1.000000000000001332e+00,4.431255874129683137e-01,4.431255874129683137e-01,1.000000000000001332e+00
1.000000000000001110e+00,-6.265794353808837869e-01,-6.265794353808837869e-01,1.000000000000001110e+00
1.000000000000001110e+00,-9.844653530056421964e-01,-9.844653530056421964e-01,1.000000000000001110e+00
1.000000000000001110e+00,-6.207494552186698655e-01,-6.207494552186698655e-01,1.000000000000001110e+00
1.000000000000000888e+00,2.053750841042566722e-01,2.053750841042566722e-01,1.000000000000000888e+00
1.000000000000001110e+00,9.550845988333639403e-01,9.550845988333639403e-01,1.000000000000001110e+00
1.000000000000000888e+00,6.023211380202040388e-01,6.023211380202040388e-01,1.000000000000000888e+00
1.000000000000000888e+00,-4.873183024933154250e-01,-4.873183024933154250e-01,1.000000000000000888e+00
1.000000000000000888e+00,-9.845630329010052195e-01,-9.845630329010052195e-01,1.000000000000000888e+00
1.000000000000001332e+00,-7.131917982283972890e-01,-7.131917982283972890e-01,1.000000000000001332e+00
1.000000000000001110e+00,5.574401099255488212e-02,5.574401099255488212e-02,1.000000000000001110e+00
1.000000000000000666e+00,8.879699214785048422e-01,8.879699214785048422e-01,1.000000000000000666e+00
1.000000000000000666e+00,7.423879711352665556e-01,7.423879711352665556e-01,1.000000000000000666e+00
1.000000000000000888e+00,-3.333969114283698021e-01,-3.333969114283698021e-01,1.000000000000000888e+00
1.000000000000000666e+00,-9.619893560862700088e-01,-9.619893560862700088e-01,1.000000000000000666e+00
1.000000000000000888e+00,-7.953872842649003516e-01,-7.953872842649003516e-01,1.000000000000000888e+00
1.000000000000001110e+00,-8.830400201436511276e-02,-8.830400201436511276e-02,1.000000000000001110e+00
1.000000000000000888e+00,7.932972272592041518e-01,7.932972272592041518e-01,1.000000000000000888e+00
1.000000000000000888e+00,8.540667291773527126e-01,8.540667291773527126e-01,1.000000000000000888e+00
1.000000000000000888e+00,-1.626382172230111944e-01,-1.626382172230111944e-01,1.000000000000000888e+00
1.000000000000000888e+00,-9.212278221082352836e-01,-9.212278221082352836e-01,1.000000000000000888e+00
1.000000000000001110e+00,-8.616994886734282710e-01,-8.616994886734282710e-01,1.000000000000001110e+00
1.000000000000001110e+00,-2.282023605175581005e-01,-2.282023605175581005e-01,1.000000000000001110e+00
1.000000000000001776e+00,6.781026614071031799e-01,6.781026614071031799e-01,1.000000000000001776e+00
1.000000000000001332e+00,9.350288467424389127e-01,9.350288467424389127e-01,1.000000000000001332e+00
1.000000000000001332e+00,1.470332887150810341e-02,1.470332887150810341e-02,1.000000000000001332e+00
1.000000000000000888e+00,-8.563286870190099931e-01,-8.563286870190099931e-01,1.000000000000000888e+00
1.000000000000001776e+00,-9.154842826273414946e-01,-9.154842826273414946e-01,1.000000000000001776e+00
1.000000000000001554e+00,-3.580021889840699356e-01,-3.580021889840699356e-01,1.000000000000001554e+00
1.000000000000001332e+00,5.454488923867306660e-01,5.454488923867306660e-01,1.000000000000001332e+00
1.000000000000001332e+00,9.811971360476388071e-01,9.811971360476388071e-01,1.000000000000001332e+00
1.000000000000002220e+00,1.962888540144999416e-01,1.962888540144999416e-01,1.000000000000002220e+00
1.000000000000002220e+00,-7.707971034279446076e-01,-7.707971034279446076e-01,1.000000000000002220e+00
1.000000000000002220e+00,-9.524485156474991054e-01,-9.524485156474991054e-01,1.000000000000002220e+00
1.000000000000002665e+00,-4.790103173956718474e-01,-4.790103173956718474e-01,1.000000000000002665e+00
1.000000000000002442e+00,4.027479270719609983e-01,4.027479270719609983e-01,1.000000000000002442e+00
1.000000000000001776e+00,9.917392164799481158e-01,9.917392164799481158e-01,1.000000000000001776e+00
1.000000000000001776e+00,3.729759686978257882e-01,3.729759686978257882e-01,1.000000000000001776e+00
1.000000000000001332e+00,-6.623394252900702828e-01,-6.623394252900702828e-01,1.000000000000001332e+00
1.000000000000001332e+00,-9.736421742717853434e-01,-9.736421742717853434e-01,1.000000000000001332e+00
1.000000000000001554e+00,-5.880470182522179456e-01,-5.880470182522179456e-01,1.000000000000001554e+00
1.000000000000001332e+00,2.535395877739795578e-01,2.535395877739795578e-01,1.000000000000001332e+00
1.000000000000001332e+00,9.676578823312592670e-01,9.676578823312592670e-01,1.000000000000001332e+00
1.000000000000001554e+00,5.383933602645474270e-01,5.383933602645474270e-01,1.000000000000001554e+00
1.000000000000001554e+00,-5.330566251504137432e-01,-5.330566251504137432e-01,1.000000000000001554e+00
1.000000000000001776e+00,-9.770808750681304611e-01,-9.770808750681304611e-01,1.000000000000001776e+00
1.000000000000001998e+00,-6.848822692493919950e-01,-6.848822692493919950e-01,1.000000000000001998e+00
1.000000000000001998e+00,1.030003101565666879e-01,1.030003101565666879e-01,1.000000000000001998e+00
1.000000000000001776e+00,9.109075380574718217e-01,9.109075380574718217e-01,1.000000000000001776e+00
1.000000000000001776e+00,6.860396835032016583e-01,6.860396835032016583e-01,1.000000000000001776e+00
1.000000000000001998e+00,-3.859228538625670279e-01,-3.859228538625670279e-01,1.000000000000001998e+00
1.000000000000001776e+00,-9.608306411780631606e-01,-9.608306411780631606e-01,1.000000000000001776e+00
1.000000000000001110e+00,-7.693133447598790031e-01,-7.693133447598790031e-01,1.000000000000001110e+00
1.000000000000001110e+00,-4.455155470277466501e-02,-4.455155470277466501e-02,1.000000000000001110e+00
1.000000000000000888e+00,8.253920967382865070e-01,8.253920967382865070e-01,1.000000000000000888e+00
1.000000000000000888e+00,8.081183666672284716e-01,8.081183666672284716e-01,1.000000000000000888e+00
1.000000000000001110e+00,-2.219620985328880081e-01,-2.219620985328880081e-01,1.000000000000001110e+00
