1.000000000000000000e+00,1.000000000000000000e+00,1.000000000000000000e+00,1.000000000000000000e+00
1.000000000000000000e+00,5.282047154507134579e-01,5.282047154507134579e-01,1.000000000000000000e+00
1.000000000000000222e+00,-5.142121371328356449e-01,-5.142121371328356449e-01,1.000000000000000222e+00
1.000000000000000666e+00,-9.914136530929997804e-01,-9.914136530929997804e-01,1.000000000000000666e+00
1.000000000000001110e+00,-4.648842564954938639e-01,-4.648842564954938639e-01,1.000000000000001110e+00
1.000000000000001554e+00,4.541390692188485012e-01,4.541390692188485012e-01,1.000000000000001554e+00
1.000000000000001554e+00,9.920485441180756370e-01,9.920485441180756370e-01,1.000000000000001554e+00
1.000000000000001554e+00,5.784929904897800901e-01,5.784929904897800901e-01,1.000000000000001554e+00
1.000000000000001554e+00,-4.246908415217682808e-01,-4.246908415217682808e-01,1.000000000000001554e+00
1.000000000000001332e+00,-9.751632823036813225e-01,-9.751632823036813225e-01,1.000000000000001332e+00
1.000000000000001554e+00,-7.052196935612333739e-01,-7.052196935612333739e-01,1.000000000000001554e+00
1.000000000000000888e+00,1.604669606096780776e-01,1.604669606096780776e-01,1.000000000000000888e+00
1.000000000000000666e+00,9.428956878368609518e-01,9.428956878368609518e-01,1.000000000000000666e+00
1.000000000000001332e+00,7.788668537827212468e-01,7.788668537827212468e-01,1.000000000000001332e+00
1.000000000000000666e+00,-2.194771796031190214e-01,-2.194771796031190214e-01,1.000000000000000666e+00
1.000000000000001110e+00,-9.408399888298719649e-01,-9.408399888298719649e-01,1.000000000000001110e+00
1.000000000000000444e+00,-7.302628249223501733e-01,-7.302628249223501733e-01,1.000000000000000444e+00
1.000000000000000222e+00,1.894726118580290497e-01,1.894726118580290497e-01,1.000000000000000222e+00
1.000000000000000222e+00,9.135570843301002997e-01,9.135570843301002997e-01,1.000000000000000222e+00
1.000000000000000222e+00,8.177254917047184213e-01,8.177254917047184213e-01,1.000000000000000222e+00
1.000000000000000444e+00,2.232583472858568063e-02,2.232583472858568063e-02,1.000000000000000444e+00
1.000000000000000222e+00,-8.175785668573627429e-01,-8.175785668573627429e-01,1.000000000000000222e+00
1.000000000000000444e+00,-9.365249574493681450e-01,-9.365249574493681450e-01,1.000000000000000444e+00
1.000000000000000444e+00,-1.217081774365408320e-01,-1.217081774365408320e-01,1.000000000000000444e+00
1.000000000000000000e+00,8.211011906421074036e-01,8.211011906421074036e-01,1.000000000000000000e+00
1.000000000000000444e+00,9.060067803796525432e-01,9.060067803796525432e-01,1.000000000000000444e+00
1.000000000000000444e+00,2.626866766829125122e-02,2.626866766829125122e-02,1.000000000000000444e+00
1.000000000000000444e+00,-8.445071983873839727e-01,-8.445071983873839727e-01,1.000000000000000444e+00
1.000000000000000222e+00,-8.791435853155489255e-01,-8.791435853155489255e-01,1.000000000000000222e+00
1.000000000000000444e+00,-7.990745571461427277e-02,-7.990745571461427277e-02,1.000000000000000444e+00
1.000000000000000444e+00,7.673146758943877321e-01,7.673146758943877321e-01,1.000000000000000444e+00
1.000000000000000222e+00,9.244002119012181273e-01,9.244002119012181273e-01,1.000000000000000222e+00
1.000000000000000444e+00,1.350429946098864187e-01,1.350429946098864187e-01,1.000000000000000444e+00
1.000000000000000000e+00,-7.468317847237857521e-01,-7.468317847237857521e-01,1.000000000000000000e+00
1.000000000000000444e+00,-9.641924494690142788e-01,-9.641924494690142788e-01,1.000000000000000444e+00
1.000000000000000666e+00,-3.386946100320460395e-01,-3.386946100320460395e-01,1.000000000000000666e+00
1.000000000000000444e+00,6.326163106184677920e-01,6.326163106184677920e-01,1.000000000000000444e+00
1.000000000000000666e+00,9.900423892714017571e-01,9.900423892714017571e-01,1.000000000000000666e+00
1.000000000000000888e+00,4.459341998649857253e-01,4.459341998649857253e-01,1.000000000000000888e+00
1.000000000000000888e+00,-5.607879500831982611e-01,-5.607879500831982611e-01,1.000000000000000888e+00
1.000000000000000888e+00,-9.907310233317874193e-01,-9.907310233317874193e-01,1.000000000000000888e+00
1.000000000000000444e+00,-5.187688611632557123e-01,-5.187688611632557123e-01,1.000000000000000444e+00
1.000000000000000888e+00,4.278751272977678322e-01,4.278751272977678322e-01,1.000000000000000888e+00
1.000000000000000666e+00,9.912405826192945968e-01,9.912405826192945968e-01,1.000000000000000666e+00
1.000000000000000666e+00,6.666666260045019943e-01,6.666666260045019943e-01,1.000000000000000666e+00
1.000000000000000666e+00,-2.981546238777094127e-01,-2.981546238777094127e-01,1.000000000000000666e+00
1.000000000000000444e+00,-9.673553584283495210e-01,-9.673553584283495210e-01,1.000000000000000444e+00
1.000000000000000666e+00,-7.029510706926969110e-01,-7.029510706926969110e-01,1.000000000000000666e+00
1.000000000000000444e+00,2.043611116662550908e-01,2.043611116662550908e-01,1.000000000000000444e+00
1.000000000000000888e+00,9.293989606691486216e-01,9.293989606691486216e-01,1.000000000000000888e+00
1.000000000000001332e+00,7.638624555993439591e-01,7.638624555993439591e-01,1.000000000000001332e+00
1.000000000000001332e+00,-1.817235403543666084e-01,-1.817235403543666084e-01,1.000000000000001332e+00
1.000000000000001110e+00,-9.085798721867535122e-01,-9.085798721867535122e-01,1.000000000000001110e+00
1.000000000000001332e+00,-8.224108221432702148e-01,-8.224108221432702148e-01,1.000000000000001332e+00
1.000000000000000666e+00,9.388654517984054704e-02,9.388654517984054704e-02,1.000000000000000666e+00
1.000000000000000888e+00,8.639285686275476328e-01,8.639285686275476328e-01,1.000000000000000888e+00
1.000000000000001110e+00,8.895773501234210956e-01,8.895773501234210956e-01,1.000000000000001110e+00
1.000000000000000888e+00,4.245882908864387351e-02,4.245882908864387351e-02,1.000000000000000888e+00
1.000000000000000666e+00,-8.603982666746143870e-01,-8.603982666746143870e-01,1.000000000000000666e+00
1.000000000000000444e+00,-9.067493033302774785e-01,-9.067493033302774785e-01,1.000000000000000444e+00
1.000000000000000666e+00,-6.811247679505261221e-02,-6.811247679505261221e-02,1.000000000000000666e+00
1.000000000000000222e+00,7.751496227500801472e-01,7.751496227500801472e-01,1.000000000000000222e+00
1.000000000000000222e+00,9.522978640196438915e-01,9.522978640196438915e-01,1.000000000000000222e+00
1.000000000000000000e+00,1.511498359752643794e-01,1.511498359752643794e-01,1.000000000000000000e+00
1.000000000000000000e+00,-7.908283686889869823e-01,-7.908283686889869823e-01,1.000000000000000000e+00
1.000000000000000000e+00,-8.877319603117628244e-01,-8.877319603117628244e-01,1.000000000000000000e+00
1.000000000000000222e+00,-1.931064200386350960e-02,-1.931064200386350960e-02,1.000000000000000222e+00
1.000000000000000222e+00,8.874833064926817006e-01,8.874833064926817006e-01,1.000000000000000222e+00
1.000000000000000666e+00,8.572254690830669599e-01,8.572254690830669599e-01,1.000000000000000666e+00
1.000000000000000888e+00,8.283598644214781870e-02,8.283598644214781870e-02,1.000000000000000888e+00
1.000000000000000888e+00,-7.560832120678933066e-01,-7.560832120678933066e-01,1.000000000000000888e+00
1.000000000000000666e+00,-9.241558295532197320e-01,-9.241558295532197320e-01,1.000000000000000666e+00
1.000000000000000222e+00,-1.932570374751746978e-01,-1.932570374751746978e-01,1.000000000000000222e+00
1.000000000000000000e+00,7.086730797301835638e-01,7.086730797301835638e-01,1.000000000000000000e+00
9.999999999999997780e-01,9.832047311034820547e-01,9.832047311034820547e-01,9.999999999999997780e-01
1.000000000000000000e+00,4.419422458281841992e-01,4.419422458281841992e-01,1.000000000000000000e+00
1.000000000000000000e+00,-5.845668213804198210e-01,-5.845668213804198210e-01,1.000000000000000000e+00
9.999999999999997780e-01,-9.879122744643646925e-01,-9.879122744643646925e-01,9.999999999999997780e-01
9.999999999999998890e-01,-3.965943585446917163e-01,-3.965943585446917163e-01,9.999999999999998890e-01
1.000000000000000222e+00,4.886200508484430660e-01,4.886200508484430660e-01,1.000000000000000222e+00
1.000000000000000444e+00,9.958894360270083013e-01,9.958894360270083013e-01,1.000000000000000444e+00
1.000000000000000444e+00,6.761442051859726243e-01,6.761442051859726243e-01,1.000000000000000444e+00
1.000000000000000444e+00,-3.376779259254525378e-01,-3.376779259254525378e-01,1.000000000000000444e+00
1.000000000000000444e+00,-9.568579759379802763e-01,-9.568579759379802763e-01,1.000000000000000444e+00
1.000000000000000666e+00,-6.700047581987622625e-01,-6.700047581987622625e-01,1.000000000000000666e+00
1.000000000000000222e+00,3.561258679040589792e-01,3.561258679040589792e-01,1.000000000000000222e+00
1.000000000000000222e+00,9.921327076039896387e-01,9.921327076039896387e-01,1.000000000000000222e+00
1.000000000000000444e+00,6.369759965144230485e-01,6.369759965144230485e-01,1.000000000000000444e+00
1.000000000000000666e+00,-3.649835277460452554e-01,-3.649835277460452554e-01,1.000000000000000666e+00
1.000000000000000666e+00,-9.849382835092336252e-01,-9.849382835092336252e-01,1.000000000000000666e+00
1.000000000000000888e+00,-5.664003005258898549e-01,-5.664003005258898549e-01,1.000000000000000888e+00
1.000000000000001554e+00,3.385783238426653963e-01,3.385783238426653963e-01,1.000000000000001554e+00
1.000000000000001554e+00,9.589659864851688420e-01,9.589659864851688420e-01,1.000000000000001554e+00
1.000000000000001110e+00,6.990145396782166953e-01,6.990145396782166953e-01,1.000000000000001110e+00
1.000000000000001554e+00,-3.287039321480015874e-01,-3.287039321480015874e-01,1.000000000000001554e+00
1.000000000000001554e+00,-9.647812667974502432e-01,-9.647812667974502432e-01,1.000000000000001554e+00
1.000000000000001332e+00,-7.664604380717059406e-01,-7.664604380717059406e-01,1.000000000000001332e+00
1.000000000000001332e+00,1.171294018526756742e-01,1.171294018526756742e-01,1.000000000000001332e+00
1.000000000000001332e+00,8.761217363693122318e-01,8.761217363693122318e-01,1.000000000000001332e+00
1.000000000000001554e+00,8.974482247474285801e-01,8.974482247474285801e-01,1.000000000000001554e+00
1.000000000000001332e+00,1.259103270067437885e-01,1.259103270067437885e-01,1.000000000000001332e+00
