1.000000000000000000e+00,1.000000000000000000e+00,1.000000000000000000e+00,1.000000000000000000e+00
1.000000000000000000e+00,4.677324532114927047e-01,4.677324532114927047e-01,1.000000000000000000e+00
1.000000000000000444e+00,-6.613502186131100524e-01,-6.613502186131100524e-01,1.000000000000000444e+00
1.000000000000000000e+00,-9.391721897087317306e-01,-9.391721897087317306e-01,1.000000000000000000e+00
1.000000000000000222e+00,-2.670184370218947056e-01,-2.670184370218947056e-01,1.000000000000000222e+00
1.000000000000000222e+00,5.250854224458189057e-01,5.250854224458189057e-01,1.000000000000000222e+00
1.000000000000000222e+00,9.886039788581770793e-01,9.886039788581770793e-01,1.000000000000000222e+00
1.000000000000000000e+00,6.189408139871104275e-01,6.189408139871104275e-01,1.000000000000000000e+00
1.000000000000000000e+00,-5.098297453082731856e-01,-5.098297453082731856e-01,1.000000000000000000e+00
1.000000000000000444e+00,-9.776456365903485324e-01,-9.776456365903485324e-01,1.000000000000000444e+00
1.000000000000000222e+00,-3.966743458455547766e-01,-3.966743458455547766e-01,1.000000000000000222e+00
9.999999999999997780e-01,4.129269543496957295e-01,4.129269543496957295e-01,9.999999999999997780e-01
9.999999999999998890e-01,9.559034333688271046e-01,9.559034333688271046e-01,9.999999999999998890e-01
1.000000000000000000e+00,7.469912350296998849e-01,7.469912350296998849e-01,1.000000000000000000e+00
9.999999999999998890e-01,-3.388225498292928295e-01,-3.388225498292928295e-01,9.999999999999998890e-01
9.999999999999997780e-01,-9.881202401810588176e-01,-9.881202401810588176e-01,9.999999999999997780e-01
9.999999999999998890e-01,-5.213225151568587901e-01,-5.213225151568587901e-01,9.999999999999998890e-01
9.999999999999996669e-01,2.944678065360154529e-01,2.944678065360154529e-01,9.999999999999996669e-01
9.999999999999997780e-01,9.045605966361122130e-01,9.045605966361122130e-01,9.999999999999997780e-01
1.000000000000000000e+00,8.493428318835182234e-01,8.493428318835182234e-01,1.000000000000000000e+00
1.000000000000000222e+00,-1.556427911096216476e-01,-1.556427911096216476e-01,1.000000000000000222e+00
1.000000000000000222e+00,-9.680815674116580727e-01,-9.680815674116580727e-01,1.000000000000000222e+00
1.000000000000000444e+00,-6.377675677089945649e-01,-6.377675677089945649e-01,1.000000000000000444e+00
1.000000000000000444e+00,1.709655992472280950e-01,1.709655992472280950e-01,1.000000000000000444e+00
1.000000000000000444e+00,8.372029999598922245e-01,8.372029999598922245e-01,1.000000000000000444e+00
1.000000000000000888e+00,9.247224332542133274e-01,9.247224332542133274e-01,1.000000000000000888e+00
1.000000000000000666e+00,3.138402526613351395e-02,3.138402526613351395e-02,1.000000000000000666e+00
1.000000000000000888e+00,-9.149278539903342722e-01,-9.149278539903342722e-01,1.000000000000000888e+00
1.000000000000000444e+00,-7.436959502405637856e-01,-7.436959502405637856e-01,1.000000000000000444e+00
1.000000000000000888e+00,4.451816281669729314e-02,4.451816281669729314e-02,1.000000000000000888e+00
1.000000000000001110e+00,7.559800484424405997e-01,7.559800484424405997e-01,1.000000000000001110e+00
1.000000000000001332e+00,9.724314731624845720e-01,9.724314731624845720e-01,1.000000000000001332e+00
1.000000000000001110e+00,2.167477910877703418e-01,2.167477910877703418e-01,1.000000000000001110e+00
1.000000000000001110e+00,-8.318456130891016542e-01,-8.318456130891016542e-01,1.000000000000001110e+00
1.000000000000001554e+00,-8.329554571400750174e-01,-8.329554571400750174e-01,1.000000000000001554e+00
1.000000000000001332e+00,-8.484941607505680494e-02,-8.484941607505680494e-02,1.000000000000001332e+00
1.000000000000001332e+00,6.638396412520886081e-01,6.638396412520886081e-01,1.000000000000001332e+00
1.000000000000001332e+00,9.939618142419766045e-01,9.939618142419766045e-01,1.000000000000001332e+00
1.000000000000001110e+00,3.906248953304214400e-01,3.906248953304214400e-01,1.000000000000001110e+00
1.000000000000000666e+00,-7.165789618537505845e-01,-7.165789618537505845e-01,1.000000000000000666e+00
1.000000000000000444e+00,-9.051355053906162684e-01,-9.051355053906162684e-01,1.000000000000000444e+00
1.000000000000000444e+00,-2.132710761332097804e-01,-2.132710761332097804e-01,1.000000000000000444e+00
1.000000000000000222e+00,5.616374750980471786e-01,5.616374750980471786e-01,1.000000000000000222e+00
1.000000000000000888e+00,9.906924625203740176e-01,9.906924625203740176e-01,1.000000000000000888e+00
1.000000000000000666e+00,5.499127823712534058e-01,5.499127823712534058e-01,1.000000000000000666e+00
1.000000000000000666e+00,-5.778200216076812001e-01,-5.778200216076812001e-01,1.000000000000000666e+00
1.000000000000001110e+00,-9.518909616771360493e-01,-9.518909616771360493e-01,1.000000000000001110e+00
1.000000000000001554e+00,-3.416331468687616724e-01,-3.416331468687616724e-01,1.000000000000001554e+00
1.000000000000001554e+00,4.527129124067293953e-01,4.527129124067293953e-01,1.000000000000001554e+00
1.000000000000001110e+00,9.650046262593584556e-01,9.650046262593584556e-01,1.000000000000001110e+00
1.000000000000000888e+00,6.865869139335907256e-01,6.865869139335907256e-01,1.000000000000000888e+00
1.000000000000000444e+00,-4.150097630890065004e-01,-4.150097630890065004e-01,1.000000000000000444e+00
1.000000000000000666e+00,-9.750999701012372789e-01,-9.750999701012372789e-01,1.000000000000000666e+00
1.000000000000000888e+00,-4.641436375843023265e-01,-4.641436375843023265e-01,1.000000000000000888e+00
1.000000000000000666e+00,3.366323230281806911e-01,3.366323230281806911e-01,1.000000000000000666e+00
1.000000000000000666e+00,9.198937159442478473e-01,9.198937159442478473e-01,1.000000000000000666e+00
1.000000000000000444e+00,7.997456966020788371e-01,7.997456966020788371e-01,1.000000000000000444e+00
1.000000000000000444e+00,-2.401117895749021458e-01,-2.401117895749021458e-01,1.000000000000000444e+00
1.000000000000000444e+00,-9.663294379745472895e-01,-9.663294379745472895e-01,1.000000000000000444e+00
1.000000000000000444e+00,-5.819022610347222013e-01,-5.819022610347222013e-01,1.000000000000000444e+00
1.000000000000000444e+00,2.170675930846708013e-01,2.170675930846708013e-01,1.000000000000000444e+00
1.000000000000000444e+00,8.573475190145257718e-01,8.573475190145257718e-01,1.000000000000000444e+00
1.000000000000000444e+00,8.852323247244601179e-01,8.852323247244601179e-01,1.000000000000000444e+00
1.000000000000000888e+00,-5.501527952854334824e-02,-5.501527952854334824e-02,1.000000000000000888e+00
1.000000000000000666e+00,-9.296133988779973212e-01,-9.296133988779973212e-01,1.000000000000000666e+00
1.000000000000000666e+00,-6.877866517000909008e-01,-6.877866517000909008e-01,1.000000000000000666e+00
1.000000000000000444e+00,9.296079116867650427e-02,9.296079116867650427e-02,1.000000000000000444e+00
1.000000000000000666e+00,7.810766885350164390e-01,7.810766885350164390e-01,1.000000000000000666e+00
1.000000000000001110e+00,9.436935260504312195e-01,9.436935260504312195e-01,1.000000000000001110e+00
1.000000000000000444e+00,1.284582793980214022e-01,1.284582793980214022e-01,1.000000000000000444e+00
1.000000000000000000e+00,-8.593344425508755435e-01,-8.593344425508755435e-01,1.000000000000000000e+00
1.000000000000000222e+00,-7.821809537696873260e-01,-7.821809537696873260e-01,1.000000000000000222e+00
1.000000000000000222e+00,-3.194007660337944143e-02,-3.194007660337944143e-02,1.000000000000000222e+00
1.000000000000000666e+00,6.923184315008399370e-01,6.923184315008399370e-01,1.000000000000000666e+00
1.000000000000000666e+00,9.749959501652517568e-01,9.749959501652517568e-01,1.000000000000000666e+00
1.000000000000000888e+00,3.063491563129601136e-01,3.063491563129601136e-01,1.000000000000000888e+00
1.000000000000000888e+00,-7.609872090162708158e-01,-7.609872090162708158e-01,1.000000000000000888e+00
1.000000000000001332e+00,-8.580873453172089826e-01,-8.580873453172089826e-01,1.000000000000001332e+00
1.000000000000001554e+00,-1.582244044604343425e-01,-1.582244044604343425e-01,1.000000000000001554e+00
1.000000000000001554e+00,5.945113478580699162e-01,5.945113478580699162e-01,1.000000000000001554e+00
1.000000000000001332e+00,9.807085736157050704e-01,9.807085736157050704e-01,1.000000000000001332e+00
1.000000000000001332e+00,4.700256814851773157e-01,4.700256814851773157e-01,1.000000000000001332e+00
1.000000000000001332e+00,-6.342293507930663043e-01,-6.342293507930663043e-01,1.000000000000001332e+00
1.000000000000001332e+00,-9.143608734125467929e-01,-9.143608734125467929e-01,1.000000000000001332e+00
1.000000000000001110e+00,-2.825117612107757026e-01,-2.825117612107757026e-01,1.000000000000001110e+00
1.000000000000001554e+00,4.885404417768349772e-01,4.885404417768349772e-01,1.000000000000001554e+00
1.000000000000001554e+00,9.633415361150724499e-01,9.633415361150724499e-01,1.000000000000001554e+00
1.000000000000000888e+00,6.148573495435442071e-01,6.148573495435442071e-01,1.000000000000000888e+00
1.000000000000000444e+00,-4.849479717362844555e-01,-4.849479717362844555e-01,1.000000000000000444e+00
1.000000000000000000e+00,-9.462081981731487179e-01,-9.462081981731487179e-01,1.000000000000000000e+00
9.999999999999995559e-01,-4.037059745590731996e-01,-4.037059745590731996e-01,9.999999999999995559e-01
9.999999999999998890e-01,3.767925287570900172e-01,3.767925287570900172e-01,9.999999999999998890e-01
1.000000000000000000e+00,9.250514931445336098e-01,9.250514931445336098e-01,1.000000000000000000e+00
9.999999999999998890e-01,7.367835220207628044e-01,7.367835220207628044e-01,9.999999999999998890e-01
9.999999999999995559e-01,-3.187313690142443701e-01,-3.187313690142443701e-01,9.999999999999995559e-01
1.000000000000000000e+00,-9.507418344596674231e-01,-9.507418344596674231e-01,1.000000000000000000e+00
1.000000000000000222e+00,-5.193486757034446732e-01,-5.193486757034446732e-01,1.000000000000000222e+00
1.000000000000000000e+00,2.605673145165461890e-01,2.605673145165461890e-01,1.000000000000000000e+00
9.999999999999998890e-01,8.690590091380124838e-01,8.690590091380124838e-01,9.999999999999998890e-01
1.000000000000000222e+00,8.322427001743403219e-01,8.322427001743403219e-01,1.000000000000000222e+00
1.000000000000000000e+00,-1.407816066324195092e-01,-1.407816066324195092e-01,1.000000000000000000e+00
