1.000000000000000000e+00,1.000000000000000000e+00,1.000000000000000000e+00,1.000000000000000000e+00
1.000000000000000000e+00,5.322332090903065804e-01,5.322332090903065804e-01,1.000000000000000000e+00
1.000000000000000444e+00,1.149318767972695721e-03,1.149318767972695721e-03,1.000000000000000444e+00
1.000000000000000444e+00,3.434515539519161775e-01,3.434515539519161775e-01,1.000000000000000444e+00
1.000000000000000222e+00,9.704980232077098368e-01,9.704980232077098368e-01,1.000000000000000222e+00
1.000000000000000444e+00,7.417608170085638886e-01,7.417608170085638886e-01,1.000000000000000444e+00
1.000000000000000444e+00,6.305648261790075537e-02,6.305648261790075537e-02,1.000000000000000444e+00
1.000000000000000666e+00,2.070173234790155803e-01,2.070173234790155803e-01,1.000000000000000666e+00
1.000000000000000888e+00,8.689032070595992252e-01,8.689032070595992252e-01,1.000000000000000888e+00
1.000000000000000666e+00,8.440153037861441998e-01,8.440153037861441998e-01,1.000000000000000666e+00
1.000000000000000888e+00,2.015434722747576624e-01,2.015434722747576624e-01,1.000000000000000888e+00
1.000000000000000888e+00,8.985735246911288887e-02,8.985735246911288887e-02,1.000000000000000888e+00
1.000000000000000666e+00,7.596089115486427401e-01,7.596089115486427401e-01,1.000000000000000666e+00
1.000000000000000444e+00,9.609537136287351622e-01,9.609537136287351622e-01,1.000000000000000444e+00
1.000000000000000444e+00,3.640693873942256187e-01,3.640693873942256187e-01,1.000000000000000444e+00
1.000000000000000444e+00,9.675087623095546263e-05,9.675087623095546263e-05,1.000000000000000444e+00
1.000000000000000666e+00,4.006605836242658203e-01,4.006605836242658203e-01,1.000000000000000666e+00
1.000000000000000222e+00,9.889487334855304734e-01,9.889487334855304734e-01,1.000000000000000222e+00
1.000000000000000222e+00,6.984672656400741086e-01,6.984672656400741086e-01,1.000000000000000222e+00
1.000000000000000222e+00,5.013628098416333945e-02,5.013628098416333945e-02,1.000000000000000222e+00
1.000000000000000444e+00,1.956221375285260300e-01,1.956221375285260300e-01,1.000000000000000444e+00
1.000000000000000444e+00,8.488921147304404613e-01,8.488921147304404613e-01,1.000000000000000444e+00
1.000000000000000444e+00,9.045031509897523136e-01,9.045031509897523136e-01,1.000000000000000444e+00
1.000000000000000444e+00,2.523822298847834267e-01,2.523822298847834267e-01,1.000000000000000444e+00
1.000000000000000666e+00,4.727562160911341627e-02,4.727562160911341627e-02,1.000000000000000666e+00
1.000000000000000888e+00,6.988437871069801410e-01,6.988437871069801410e-01,1.000000000000000888e+00
1.000000000000001110e+00,9.682572992659992384e-01,9.682572992659992384e-01,1.000000000000001110e+00
1.000000000000001110e+00,4.262281990458575143e-01,4.262281990458575143e-01,1.000000000000001110e+00
1.000000000000000888e+00,2.110188631562176509e-03,2.110188631562176509e-03,1.000000000000000888e+00
1.000000000000000666e+00,4.837431732707250243e-01,4.837431732707250243e-01,1.000000000000000666e+00
1.000000000000000666e+00,9.921162350010470643e-01,9.921162350010470643e-01,1.000000000000000666e+00
1.000000000000000888e+00,5.981733132572015776e-01,5.981733132572015776e-01,1.000000000000000888e+00
1.000000000000000888e+00,5.034117382929464979e-02,5.034117382929464979e-02,1.000000000000000888e+00
1.000000000000000888e+00,2.347867847029032062e-01,2.347867847029032062e-01,1.000000000000000888e+00
1.000000000000000888e+00,8.699159352092078468e-01,8.699159352092078468e-01,1.000000000000000888e+00
1.000000000000000666e+00,8.609602826370508222e-01,8.609602826370508222e-01,1.000000000000000666e+00
1.000000000000000222e+00,2.171981071514951234e-01,2.171981071514951234e-01,1.000000000000000222e+00
1.000000000000000444e+00,8.899304379995574832e-02,8.899304379995574832e-02,1.000000000000000444e+00
1.000000000000000444e+00,7.607070689762706062e-01,7.607070689762706062e-01,1.000000000000000444e+00
1.000000000000000666e+00,9.461900115894181784e-01,9.461900115894181784e-01,1.000000000000000666e+00
1.000000000000000888e+00,2.940949477701188530e-01,2.940949477701188530e-01,1.000000000000000888e+00
1.000000000000000666e+00,2.353109057283675476e-02,2.353109057283675476e-02,1.000000000000000666e+00
1.000000000000000666e+00,6.100012568058218454e-01,6.100012568058218454e-01,1.000000000000000666e+00
1.000000000000000666e+00,9.986742401296162530e-01,9.986742401296162530e-01,1.000000000000000666e+00
1.000000000000000888e+00,5.915442909373139768e-01,5.915442909373139768e-01,1.000000000000000888e+00
1.000000000000000666e+00,1.500027067953560445e-02,1.500027067953560445e-02,1.000000000000000666e+00
1.000000000000000666e+00,3.778849738401187097e-01,3.778849738401187097e-01,1.000000000000000666e+00
1.000000000000000888e+00,9.376738273804288148e-01,9.376738273804288148e-01,1.000000000000000888e+00
1.000000000000000888e+00,8.473990119291350265e-01,8.473990119291350265e-01,1.000000000000000888e+00
1.000000000000000888e+00,2.302667760173639777e-01,2.302667760173639777e-01,1.000000000000000888e+00
1.000000000000000888e+00,2.235605037801954853e-02,2.235605037801954853e-02,1.000000000000000888e+00
1.000000000000000888e+00,6.357446835765671045e-01,6.357446835765671045e-01,1.000000000000000888e+00
1.000000000000000888e+00,9.953736698660149429e-01,9.953736698660149429e-01,1.000000000000000888e+00
1.000000000000000888e+00,5.425527949116526472e-01,5.425527949116526472e-01,1.000000000000000888e+00
1.000000000000000888e+00,1.345767405102640812e-02,1.345767405102640812e-02,1.000000000000000888e+00
1.000000000000001110e+00,2.914498681491409782e-01,2.914498681491409782e-01,1.000000000000001110e+00
1.000000000000001110e+00,8.964334003791980532e-01,8.964334003791980532e-01,1.000000000000001110e+00
1.000000000000001110e+00,8.514006415575654518e-01,8.514006415575654518e-01,1.000000000000001110e+00
1.000000000000000888e+00,1.407485754375988329e-01,1.407485754375988329e-01,1.000000000000000888e+00
1.000000000000000666e+00,1.225735634347412673e-01,1.225735634347412673e-01,1.000000000000000666e+00
1.000000000000000888e+00,7.985411158425171907e-01,7.985411158425171907e-01,1.000000000000000888e+00
1.000000000000000666e+00,9.160296218428366499e-01,9.160296218428366499e-01,1.000000000000000666e+00
1.000000000000000666e+00,2.811379201650753834e-01,2.811379201650753834e-01,1.000000000000000666e+00
1.000000000000000888e+00,3.796306259189871635e-02,3.796306259189871635e-02,1.000000000000000888e+00
1.000000000000001332e+00,5.750792259331518608e-01,5.750792259331518608e-01,1.000000000000001332e+00
1.000000000000001110e+00,9.999183973490952670e-01,9.999183973490952670e-01,1.000000000000001110e+00
1.000000000000000888e+00,5.253963007901627513e-01,5.253963007901627513e-01,1.000000000000000888e+00
1.000000000000001110e+00,2.009032505314226058e-02,2.009032505314226058e-02,1.000000000000001110e+00
1.000000000000001332e+00,2.522748864243755662e-01,2.522748864243755662e-01,1.000000000000001332e+00
1.000000000000001554e+00,8.870523582276418351e-01,8.870523582276418351e-01,1.000000000000001554e+00
1.000000000000001776e+00,8.789048387033435716e-01,8.789048387033435716e-01,1.000000000000001776e+00
1.000000000000001776e+00,2.195720435957680405e-01,2.195720435957680405e-01,1.000000000000001776e+00
1.000000000000001776e+00,3.020056935743961612e-02,3.020056935743961612e-02,1.000000000000001776e+00
1.000000000000001776e+00,5.601823326472348263e-01,5.601823326472348263e-01,1.000000000000001776e+00
1.000000000000001776e+00,9.975299883695498693e-01,9.975299883695498693e-01,1.000000000000001776e+00
1.000000000000001998e+00,5.083012275685553361e-01,5.083012275685553361e-01,1.000000000000001998e+00
1.000000000000001776e+00,9.952071285695973657e-04,9.952071285695973657e-04,1.000000000000001776e+00
1.000000000000001776e+00,4.589666158664654216e-01,4.589666158664654216e-01,1.000000000000001776e+00
1.000000000000001776e+00,9.980817876997787330e-01,9.980817876997787330e-01,1.000000000000001776e+00
1.000000000000001554e+00,6.593485262965772531e-01,6.593485262965772531e-01,1.000000000000001554e+00
1.000000000000001332e+00,4.226995808446720737e-02,4.226995808446720737e-02,1.000000000000001332e+00
1.000000000000001332e+00,2.507113241923976110e-01,2.507113241923976110e-01,1.000000000000001332e+00
1.000000000000001332e+00,9.080014303274098753e-01,9.080014303274098753e-01,1.000000000000001332e+00
1.000000000000001332e+00,8.572547772605679794e-01,8.572547772605679794e-01,1.000000000000001332e+00
1.000000000000001332e+00,1.678958596247870916e-01,1.678958596247870916e-01,1.000000000000001332e+00
1.000000000000001776e+00,8.360004480477289945e-02,8.360004480477289945e-02,1.000000000000001776e+00
1.000000000000001998e+00,7.115669436629327160e-01,7.115669436629327160e-01,1.000000000000001998e+00
1.000000000000001998e+00,9.683617957406143173e-01,9.683617957406143173e-01,1.000000000000001998e+00
1.000000000000002442e+00,3.677805375966903823e-01,3.677805375966903823e-01,1.000000000000002442e+00
1.000000000000002220e+00,5.424718447028797907e-03,5.424718447028797907e-03,1.000000000000002220e+00
1.000000000000002442e+00,4.984431416020880246e-01,4.984431416020880246e-01,1.000000000000002442e+00
1.000000000000002665e+00,9.943353890001045414e-01,9.943353890001045414e-01,1.000000000000002665e+00
1.000000000000002442e+00,6.278976937112215051e-01,6.278976937112215051e-01,1.000000000000002442e+00
1.000000000000002665e+00,6.524322661258971645e-02,6.524322661258971645e-02,1.000000000000002665e+00
1.000000000000002220e+00,2.011477755520556521e-01,2.011477755520556521e-01,1.000000000000002220e+00
1.000000000000002220e+00,9.036883776497179888e-01,9.036883776497179888e-01,1.000000000000002220e+00
1.000000000000002442e+00,8.476971948073585006e-01,8.476971948073585006e-01,1.000000000000002442e+00
1.000000000000002442e+00,2.164640692993914928e-01,2.164640692993914928e-01,1.000000000000002442e+00
1.000000000000002442e+00,5.602468153684356245e-02,5.602468153684356245e-02,1.000000000000002442e+00
1.000000000000002442e+00,6.384538417901322038e-01,6.384538417901322038e-01,1.000000000000002442e+00
1.000000000000002665e+00,9.985158987442237510e-01,9.985158987442237510e-01,1.000000000000002665e+00
