1.000000000000000000e+00,1.000000000000000000e+00,1.000000000000000000e+00,1.000000000000000000e+00
1.000000000000000000e+00,4.447790297480050947e-01,4.447790297480050947e-01,1.000000000000000000e+00
9.999999999999995559e-01,-6.070761803965605274e-01,-6.070761803965605274e-01,9.999999999999995559e-01
9.999999999999996669e-01,-9.731262306966184106e-01,-9.731262306966184106e-01,9.999999999999996669e-01
9.999999999999995559e-01,-3.828365080979986290e-01,-3.828365080979986290e-01,9.999999999999995559e-01
9.999999999999996669e-01,6.307765047621438637e-01,6.307765047621438637e-01,9.999999999999996669e-01
9.999999999999995559e-01,9.912680020573310102e-01,9.912680020573310102e-01,9.999999999999995559e-01
9.999999999999997780e-01,3.487752695746070275e-01,3.487752695746070275e-01,9.999999999999997780e-01
1.000000000000000222e+00,-6.228712823302325896e-01,-6.228712823302325896e-01,1.000000000000000222e+00
1.000000000000000000e+00,-9.839690989064531212e-01,-9.839690989064531212e-01,1.000000000000000000e+00
1.000000000000000000e+00,-4.528669788182935196e-01,-4.528669788182935196e-01,1.000000000000000000e+00
1.000000000000000000e+00,4.311316573002850205e-01,4.311316573002850205e-01,1.000000000000000000e+00
1.000000000000000222e+00,9.936131678152072544e-01,9.936131678152072544e-01,1.000000000000000222e+00
1.000000000000000666e+00,6.123983066089404570e-01,6.123983066089404570e-01,1.000000000000000666e+00
1.000000000000000888e+00,-4.076159877706556633e-01,-4.076159877706556633e-01,1.000000000000000888e+00
1.000000000000001110e+00,-9.864539718024302184e-01,-9.864539718024302184e-01,1.000000000000001110e+00
1.000000000000000888e+00,-5.412755256250174618e-01,-5.412755256250174618e-01,1.000000000000000888e+00
1.000000000000000888e+00,5.029267644942491122e-01,5.029267644942491122e-01,1.000000000000000888e+00
1.000000000000000888e+00,9.970019842304439495e-01,9.970019842304439495e-01,1.000000000000000888e+00
1.000000000000001110e+00,5.203372675394055680e-01,5.203372675394055680e-01,1.000000000000001110e+00
1.000000000000001554e+00,-4.006416015524626451e-01,-4.006416015524626451e-01,1.000000000000001554e+00
1.000000000000001776e+00,-9.781283019146109758e-01,-9.781283019146109758e-01,1.000000000000001776e+00
1.000000000000001332e+00,-7.260121285156022619e-01,-7.260121285156022619e-01,1.000000000000001332e+00
1.000000000000001332e+00,2.482837169660280785e-01,2.482837169660280785e-01,1.000000000000001332e+00
1.000000000000000888e+00,9.713736993531103536e-01,9.713736993531103536e-01,1.000000000000000888e+00
1.000000000000001332e+00,7.461317799724193067e-01,7.461317799724193067e-01,1.000000000000001332e+00
1.000000000000001332e+00,-2.080923683921044320e-01,-2.080923683921044320e-01,1.000000000000001332e+00
1.000000000000001554e+00,-9.112398919916980811e-01,-9.112398919916980811e-01,1.000000000000001554e+00
1.000000000000001332e+00,-8.204648224941266665e-01,-8.204648224941266665e-01,1.000000000000001332e+00
1.000000000000000888e+00,9.882503554271557245e-02,9.882503554271557245e-02,1.000000000000000888e+00
1.000000000000000444e+00,9.336798491376766540e-01,9.336798491376766540e-01,1.000000000000000444e+00
1.000000000000000444e+00,8.051491370406372861e-01,8.051491370406372861e-01,1.000000000000000444e+00
1.000000000000000666e+00,-6.341159567131104957e-02,-6.341159567131104957e-02,1.000000000000000666e+00
1.000000000000000888e+00,-9.118703209243703700e-01,-9.118703209243703700e-01,1.000000000000000888e+00
1.000000000000001110e+00,-7.460693380978093980e-01,-7.460693380978093980e-01,1.000000000000001110e+00
1.000000000000001110e+00,2.675505187174185284e-01,2.675505187174185284e-01,1.000000000000001110e+00
1.000000000000000888e+00,9.588546220977837153e-01,9.588546220977837153e-01,1.000000000000000888e+00
1.000000000000001110e+00,7.802636126839939124e-01,7.802636126839939124e-01,1.000000000000001110e+00
1.000000000000000888e+00,-1.877225042321506443e-01,-1.877225042321506443e-01,1.000000000000000888e+00
1.000000000000000888e+00,-9.518696765333223286e-01,-9.518696765333223286e-01,1.000000000000000888e+00
1.000000000000001110e+00,-7.196327244522175981e-01,-7.196327244522175981e-01,1.000000000000001110e+00
1.000000000000000888e+00,1.663547792890254784e-01,1.663547792890254784e-01,1.000000000000000888e+00
1.000000000000001110e+00,9.012532495886421691e-01,9.012532495886421691e-01,1.000000000000001110e+00
1.000000000000000888e+00,8.586241144792309266e-01,8.586241144792309266e-01,1.000000000000000888e+00
1.000000000000000888e+00,3.099881922747452223e-02,3.099881922747452223e-02,1.000000000000000888e+00
1.000000000000000888e+00,-7.792905741843472178e-01,-7.792905741843472178e-01,1.000000000000000888e+00
1.000000000000001110e+00,-9.539868453803059811e-01,-9.539868453803059811e-01,1.000000000000001110e+00
1.000000000000001110e+00,-2.209981107529861433e-01,-2.209981107529861433e-01,1.000000000000001110e+00
1.000000000000000888e+00,6.492834774037423706e-01,6.492834774037423706e-01,1.000000000000000888e+00
1.000000000000000666e+00,9.978437687676674495e-01,9.978437687676674495e-01,1.000000000000000666e+00
1.000000000000000666e+00,4.304969733576686775e-01,4.304969733576686775e-01,1.000000000000000666e+00
1.000000000000000444e+00,-6.230453147412792214e-01,-6.230453147412792214e-01,1.000000000000000444e+00
1.000000000000000666e+00,-9.630480309715812037e-01,-9.630480309715812037e-01,1.000000000000000666e+00
1.000000000000000666e+00,-3.836322427112922040e-01,-3.836322427112922040e-01,1.000000000000000666e+00
1.000000000000000444e+00,6.652061400717848016e-01,6.652061400717848016e-01,1.000000000000000444e+00
1.000000000000000222e+00,9.884559991560105674e-01,9.884559991560105674e-01,1.000000000000000222e+00
1.000000000000000000e+00,3.430378325640637271e-01,3.430378325640637271e-01,1.000000000000000000e+00
1.000000000000000222e+00,-5.255426746743516730e-01,-5.255426746743516730e-01,1.000000000000000222e+00
1.000000000000000222e+00,-9.932032523732483575e-01,-9.932032523732483575e-01,1.000000000000000222e+00
1.000000000000000000e+00,-4.606477679082429111e-01,-4.606477679082429111e-01,1.000000000000000000e+00
9.999999999999997780e-01,5.573411201412387106e-01,5.573411201412387106e-01,9.999999999999997780e-01
1.000000000000000000e+00,9.997637248497898144e-01,9.997637248497898144e-01,1.000000000000000000e+00
1.000000000000000222e+00,4.699040974602298748e-01,4.699040974602298748e-01,1.000000000000000222e+00
9.999999999999997780e-01,-5.173654934305720321e-01,-5.173654934305720321e-01,9.999999999999997780e-01
9.999999999999991118e-01,-9.884068523703772868e-01,-9.884068523703772868e-01,9.999999999999991118e-01
9.999999999999994449e-01,-5.455248394230748366e-01,-5.455248394230748366e-01,9.999999999999994449e-01
9.999999999999995559e-01,4.785219371380189379e-01,4.785219371380189379e-01,9.999999999999995559e-01
9.999999999999992228e-01,9.923237300240939085e-01,9.923237300240939085e-01,9.999999999999992228e-01
9.999999999999990008e-01,5.936796902705337997e-01,5.936796902705337997e-01,9.999999999999990008e-01
9.999999999999993339e-01,-4.205088768925018261e-01,-4.205088768925018261e-01,9.999999999999993339e-01
9.999999999999997780e-01,-9.888535822427394484e-01,-9.888535822427394484e-01,9.999999999999997780e-01
9.999999999999997780e-01,-5.603584050827765672e-01,-5.603584050827765672e-01,9.999999999999997780e-01
9.999999999999997780e-01,4.160593293514194269e-01,4.160593293514194269e-01,9.999999999999997780e-01
9.999999999999996669e-01,9.948292296667410328e-01,9.948292296667410328e-01,9.999999999999996669e-01
1.000000000000000222e+00,5.432422572222950219e-01,5.432422572222950219e-01,1.000000000000000222e+00
1.000000000000000000e+00,-4.150274146422547883e-01,-4.150274146422547883e-01,1.000000000000000000e+00
1.000000000000000000e+00,-9.717748442187588154e-01,-9.717748442187588154e-01,1.000000000000000000e+00
1.000000000000000222e+00,-6.198474116721828242e-01,-6.198474116721828242e-01,1.000000000000000222e+00
1.000000000000000444e+00,2.838938782827380436e-01,2.838938782827380436e-01,1.000000000000000444e+00
1.000000000000000666e+00,9.713265944786895201e-01,9.713265944786895201e-01,1.000000000000000666e+00
1.000000000000000666e+00,7.094204619027882908e-01,7.094204619027882908e-01,1.000000000000000666e+00
1.000000000000000444e+00,-2.585410044242607563e-01,-2.585410044242607563e-01,1.000000000000000444e+00
1.000000000000000666e+00,-9.348742786432187035e-01,-9.348742786432187035e-01,1.000000000000000666e+00
1.000000000000001110e+00,-8.104215887541419416e-01,-8.104215887541419416e-01,1.000000000000001110e+00
1.000000000000000888e+00,1.004029064021866591e-01,1.004029064021866591e-01,1.000000000000000888e+00
1.000000000000000666e+00,8.934215697316816307e-01,8.934215697316816307e-01,1.000000000000000666e+00
1.000000000000000444e+00,8.350747362420297693e-01,8.350747362420297693e-01,1.000000000000000444e+00
1.000000000000000222e+00,-7.394195623182170385e-02,-7.394195623182170385e-02,1.000000000000000222e+00
1.000000000000000444e+00,-9.258551591756376542e-01,-9.258551591756376542e-01,1.000000000000000444e+00
1.000000000000000000e+00,-7.732454638949841641e-01,-7.732454638949841641e-01,1.000000000000000000e+00
1.000000000000000000e+00,1.900373135448345518e-01,1.900373135448345518e-01,1.000000000000000000e+00
1.000000000000000000e+00,8.983461298812308593e-01,8.983461298812308593e-01,1.000000000000000000e+00
1.000000000000000222e+00,8.936796910358590917e-01,8.936796910358590917e-01,1.000000000000000222e+00
1.000000000000000444e+00,1.337123342964746664e-02,1.337123342964746664e-02,1.000000000000000444e+00
1.000000000000000666e+00,-8.363860495769319670e-01,-8.363860495769319670e-01,1.000000000000000666e+00
1.000000000000001332e+00,-8.792943758566444945e-01,-8.792943758566444945e-01,1.000000000000001332e+00
1.000000000000000666e+00,-5.059448223390483612e-02,-5.059448223390483612e-02,1.000000000000000666e+00
1.000000000000000222e+00,7.998131792088497560e-01,7.998131792088497560e-01,1.000000000000000222e+00
1.000000000000000444e+00,9.098869957208354231e-01,9.098869957208354231e-01,1.000000000000000444e+00
1.000000000000000000e+00,1.899362019903111376e-01,1.899362019903111376e-01,1.000000000000000000e+00
9.999999999999998890e-01,-7.883195246706850012e-01,-7.883195246706850012e-01,9.999999999999998890e-01
