1.000000000000000000e+00,1.000000000000000000e+00,1.000000000000000000e+00,1.000000000000000000e+00
9.999999999999996669e-01,5.261282519615186892e-01,5.261282519615186892e-01,9.999999999999996669e-01
1.000000000000000000e+00,-3.941318530994613600e-01,-3.941318530994613600e-01,1.000000000000000000e+00
1.000000000000000000e+00,-9.661353709429841841e-01,-9.661353709429841841e-01,1.000000000000000000e+00
9.999999999999998890e-01,-6.281544406402056469e-01,-6.281544406402056469e-01,9.999999999999998890e-01
1.000000000000000666e+00,2.471731830911654271e-01,2.471731830911654271e-01,1.000000000000000666e+00
1.000000000000000666e+00,9.574569110557330509e-01,9.574569110557330509e-01,1.000000000000000666e+00
1.000000000000000888e+00,7.805932692870982681e-01,7.805932692870982681e-01,1.000000000000000888e+00
1.000000000000000444e+00,-2.056969295819194299e-01,-2.056969295819194299e-01,1.000000000000000444e+00
1.000000000000001110e+00,-9.108009925333058199e-01,-9.108009925333058199e-01,1.000000000000001110e+00
1.000000000000000888e+00,-8.124864827648623500e-01,-8.124864827648623500e-01,1.000000000000000888e+00
1.000000000000000888e+00,-7.951846619091318402e-03,-7.951846619091318402e-03,1.000000000000000888e+00
1.000000000000000222e+00,8.800599605575543105e-01,8.800599605575543105e-01,1.000000000000000222e+00
1.000000000000000000e+00,8.357121689483216764e-01,8.357121689483216764e-01,1.000000000000000000e+00
9.999999999999995559e-01,-5.465915727443032557e-02,-5.465915727443032557e-02,9.999999999999995559e-01
1.000000000000000000e+00,-8.577468259078551149e-01,-8.577468259078551149e-01,1.000000000000000000e+00
9.999999999999998890e-01,-8.882742990234853142e-01,-8.882742990234853142e-01,9.999999999999998890e-01
1.000000000000000222e+00,2.906819985225378433e-03,2.906819985225378433e-03,1.000000000000000222e+00
1.000000000000000000e+00,8.917911472840073239e-01,8.917911472840073239e-01,1.000000000000000000e+00
1.000000000000000222e+00,8.137952495210434289e-01,8.137952495210434289e-01,1.000000000000000222e+00
1.000000000000000444e+00,-1.473955522440798527e-01,-1.473955522440798527e-01,1.000000000000000444e+00
1.000000000000000444e+00,-9.262040645163238661e-01,-9.262040645163238661e-01,1.000000000000000444e+00
1.000000000000001332e+00,-7.994000548628640290e-01,-7.994000548628640290e-01,1.000000000000001332e+00
1.000000000000001110e+00,6.511316449226636771e-02,6.511316449226636771e-02,1.000000000000001110e+00
1.000000000000001332e+00,9.225955158156752267e-01,9.225955158156752267e-01,1.000000000000001332e+00
1.000000000000000888e+00,8.556729433391532247e-01,8.556729433391532247e-01,1.000000000000000888e+00
1.000000000000000444e+00,1.177800279437443698e-02,1.177800279437443698e-02,1.000000000000000444e+00
1.000000000000000888e+00,-8.518837907672511811e-01,-8.518837907672511811e-01,1.000000000000000888e+00
1.000000000000001332e+00,-8.757810427632923833e-01,-8.757810427632923833e-01,1.000000000000001332e+00
1.000000000000001110e+00,-3.628832260906655893e-03,-3.628832260906655893e-03,1.000000000000001110e+00
1.000000000000001110e+00,8.794350476391584737e-01,8.794350476391584737e-01,1.000000000000001110e+00
1.000000000000000888e+00,8.206910612484702439e-01,8.206910612484702439e-01,1.000000000000000888e+00
1.000000000000001110e+00,-3.607905641195685575e-02,-3.607905641195685575e-02,1.000000000000001110e+00
1.000000000000000888e+00,-8.937723817322670294e-01,-8.937723817322670294e-01,1.000000000000000888e+00
1.000000000000000666e+00,-8.292446910067563515e-01,-8.292446910067563515e-01,1.000000000000000666e+00
1.000000000000001110e+00,-7.349100292700622150e-02,-7.349100292700622150e-02,1.000000000000001110e+00
1.000000000000001332e+00,8.022225958299156190e-01,8.022225958299156190e-01,1.000000000000001332e+00
1.000000000000001332e+00,9.309708578374117360e-01,9.309708578374117360e-01,1.000000000000001332e+00
1.000000000000001110e+00,1.511009771031165128e-01,1.511009771031165128e-01,1.000000000000001110e+00
1.000000000000000888e+00,-7.742330394619513223e-01,-7.742330394619513223e-01,1.000000000000000888e+00
1.000000000000001332e+00,-9.477334577474288979e-01,-9.477334577474288979e-01,1.000000000000001332e+00
1.000000000000000888e+00,-2.251880557628067603e-01,-2.251880557628067603e-01,1.000000000000000888e+00
1.000000000000000888e+00,6.907604444054947779e-01,6.907604444054947779e-01,1.000000000000000888e+00
1.000000000000001110e+00,9.802975125757382724e-01,9.802975125757382724e-01,1.000000000000001110e+00
1.000000000000001332e+00,4.385385331989000157e-01,4.385385331989000157e-01,1.000000000000001332e+00
1.000000000000001332e+00,-5.519211475402178158e-01,-5.519211475402178158e-01,1.000000000000001332e+00
1.000000000000001110e+00,-9.890735667938883591e-01,-9.890735667938883591e-01,1.000000000000001110e+00
1.000000000000001554e+00,-5.779727425333407442e-01,-5.779727425333407442e-01,1.000000000000001554e+00
1.000000000000001332e+00,4.531817004039453423e-01,4.531817004039453423e-01,1.000000000000001332e+00
1.000000000000001776e+00,9.914183318599417705e-01,9.914183318599417705e-01,1.000000000000001776e+00
1.000000000000001776e+00,7.001727274730236150e-01,7.001727274730236150e-01,1.000000000000001776e+00
1.000000000000001776e+00,-2.269763893722692716e-01,-2.269763893722692716e-01,1.000000000000001776e+00
1.000000000000001776e+00,-9.383316998945646636e-01,-9.383316998945646636e-01,1.000000000000001776e+00
1.000000000000002220e+00,-7.163395096054629985e-01,-7.163395096054629985e-01,1.000000000000002220e+00
1.000000000000002220e+00,1.588983120938724514e-01,1.588983120938724514e-01,1.000000000000002220e+00
1.000000000000002665e+00,9.272345612755645838e-01,9.272345612755645838e-01,1.000000000000002665e+00
1.000000000000003331e+00,8.364535874902386814e-01,8.364535874902386814e-01,1.000000000000003331e+00
1.000000000000003553e+00,4.786883988127349498e-02,4.786883988127349498e-02,1.000000000000003553e+00
1.000000000000003553e+00,-7.664252698227784766e-01,-7.664252698227784766e-01,1.000000000000003553e+00
1.000000000000003553e+00,-9.308233984478698764e-01,-9.308233984478698764e-01,1.000000000000003553e+00
1.000000000000003331e+00,-1.051775276497840528e-01,-1.051775276497840528e-01,1.000000000000003331e+00
1.000000000000003109e+00,7.286568907571805420e-01,7.286568907571805420e-01,1.000000000000003109e+00
1.000000000000003331e+00,9.724900880756206512e-01,9.724900880756206512e-01,1.000000000000003331e+00
1.000000000000003331e+00,3.873114686211108770e-01,3.873114686211108770e-01,1.000000000000003331e+00
1.000000000000002887e+00,-6.266539289633135112e-01,-6.266539289633135112e-01,1.000000000000002887e+00
1.000000000000002887e+00,-9.818650416620843258e-01,-9.818650416620843258e-01,1.000000000000002887e+00
1.000000000000003109e+00,-4.531366829607975655e-01,-4.531366829607975655e-01,1.000000000000003109e+00
1.000000000000003109e+00,5.930487114712619245e-01,5.930487114712619245e-01,1.000000000000003109e+00
1.000000000000002887e+00,9.985703603517436244e-01,9.985703603517436244e-01,1.000000000000002887e+00
1.000000000000003553e+00,4.916033041106919743e-01,4.916033041106919743e-01,1.000000000000003553e+00
1.000000000000003553e+00,-5.477144622196804535e-01,-5.477144622196804535e-01,1.000000000000003553e+00
1.000000000000003553e+00,-9.936826376642522440e-01,-9.936826376642522440e-01,1.000000000000003553e+00
1.000000000000003553e+00,-5.203349477139531665e-01,-5.203349477139531665e-01,1.000000000000003553e+00
1.000000000000003997e+00,5.133293203198547872e-01,5.133293203198547872e-01,1.000000000000003997e+00
1.000000000000003553e+00,9.987303710455162076e-01,9.987303710455162076e-01,1.000000000000003553e+00
1.000000000000003775e+00,5.615131685203506029e-01,5.615131685203506029e-01,1.000000000000003775e+00
1.000000000000003997e+00,-3.692950308658194403e-01,-3.692950308658194403e-01,1.000000000000003997e+00
1.000000000000004441e+00,-9.584898379440048855e-01,-9.584898379440048855e-01,1.000000000000004441e+00
1.000000000000004885e+00,-7.274284726864659323e-01,-7.274284726864659323e-01,1.000000000000004885e+00
1.000000000000004663e+00,2.622640960166776614e-01,2.622640960166776614e-01,1.000000000000004663e+00
1.000000000000004885e+00,9.701501902006883782e-01,9.701501902006883782e-01,1.000000000000004885e+00
1.000000000000004441e+00,6.913762578125979275e-01,6.913762578125979275e-01,1.000000000000004441e+00
1.000000000000004441e+00,-3.082226257900900213e-01,-3.082226257900900213e-01,1.000000000000004441e+00
1.000000000000004441e+00,-9.559399467829020614e-01,-9.559399467829020614e-01,1.000000000000004441e+00
1.000000000000004441e+00,-6.659091078777092942e-01,-6.659091078777092942e-01,1.000000000000004441e+00
1.000000000000004441e+00,1.810287272489604915e-01,1.810287272489604915e-01,1.000000000000004441e+00
1.000000000000003775e+00,9.458968168832939671e-01,9.458968168832939671e-01,1.000000000000003775e+00
1.000000000000003331e+00,7.349299615725944923e-01,7.349299615725944923e-01,1.000000000000003331e+00
1.000000000000003553e+00,-2.332580222004478343e-01,-2.332580222004478343e-01,1.000000000000003553e+00
1.000000000000003109e+00,-9.204345179633668383e-01,-9.204345179633668383e-01,1.000000000000003109e+00
1.000000000000002887e+00,-7.178547552337888327e-01,-7.178547552337888327e-01,1.000000000000002887e+00
1.000000000000002442e+00,2.823682743332168732e-01,2.823682743332168732e-01,1.000000000000002442e+00
1.000000000000001998e+00,9.437314343083389456e-01,9.437314343083389456e-01,1.000000000000001998e+00
1.000000000000001776e+00,7.299738905948016665e-01,7.299738905948016665e-01,1.000000000000001776e+00
1.000000000000001998e+00,-2.748439624617151633e-01,-2.748439624617151633e-01,1.000000000000001998e+00
1.000000000000002220e+00,-9.412479715462903629e-01,-9.412479715462903629e-01,1.000000000000002220e+00
1.000000000000002665e+00,-7.757862659810844663e-01,-7.757862659810844663e-01,1.000000000000002665e+00
1.000000000000002220e+00,2.548342947567586170e-02,2.548342947567586170e-02,1.000000000000002220e+00
1.000000000000002442e+00,8.916889219036981951e-01,8.916889219036981951e-01,1.000000000000002442e+00
1.000000000000002665e+00,8.616086142614145515e-01,8.616086142614145515e-01,1.000000000000002665e+00
1.000000000000002887e+00,9.750767566710219492e-02,9.750767566710219492e-02,1.000000000000002887e+00
