1.000000000000000000e+00,1.000000000000000000e+00,1.000000000000000000e+00,1.000000000000000000e+00
9.999999999999998890e-01,6.844839584478958905e-01,6.844839584478958905e-01,9.999999999999998890e-01
9.999999999999997780e-01,-1.745199550443352621e-01,-1.745199550443352621e-01,9.999999999999997780e-01
9.999999999999997780e-01,-9.564057724672918592e-01,-9.564057724672918592e-01,9.999999999999997780e-01
9.999999999999993339e-01,-5.627394963218090851e-01,-5.627394963218090851e-01,9.999999999999993339e-01
9.999999999999993339e-01,4.952326397268106417e-01,4.952326397268106417e-01,9.999999999999993339e-01
9.999999999999992228e-01,9.914313326019620343e-01,9.914313326019620343e-01,9.999999999999992228e-01
9.999999999999996669e-01,7.740201699556161774e-01,7.740201699556161774e-01,9.999999999999996669e-01
9.999999999999993339e-01,-1.771001164252455906e-02,-1.771001164252455906e-02,9.999999999999993339e-01
9.999999999999993339e-01,-8.936103575863645343e-01,-8.936103575863645343e-01,9.999999999999993339e-01
9.999999999999991118e-01,-7.045328470858298608e-01,-7.045328470858298608e-01,9.999999999999991118e-01
9.999999999999995559e-01,3.489590964826715380e-01,3.489590964826715380e-01,9.999999999999995559e-01
9.999999999999993339e-01,9.652710848216116135e-01,9.652710848216116135e-01,9.999999999999993339e-01
9.999999999999995559e-01,8.493210604602037250e-01,8.493210604602037250e-01,9.999999999999995559e-01
9.999999999999991118e-01,1.345389398558505534e-01,1.345389398558505534e-01,9.999999999999991118e-01
9.999999999999992228e-01,-8.005637341905216253e-01,-8.005637341905216253e-01,9.999999999999992228e-01
1.000000000000000000e+00,-8.236865743451716737e-01,-8.236865743451716737e-01,1.000000000000000000e+00
9.999999999999996669e-01,1.896335741981227951e-01,1.896335741981227951e-01,9.999999999999996669e-01
1.000000000000000000e+00,9.205499274408178723e-01,9.205499274408178723e-01,1.000000000000000000e+00
1.000000000000000444e+00,9.096104721554354455e-01,9.096104721554354455e-01,1.000000000000000444e+00
1.000000000000000222e+00,2.800770622447746883e-01,2.800770622447746883e-01,1.000000000000000222e+00
1.000000000000000444e+00,-6.843534948282481434e-01,-6.843534948282481434e-01,1.000000000000000444e+00
1.000000000000000666e+00,-9.123273761542887161e-01,-9.123273761542887161e-01,1.000000000000000666e+00
1.000000000000000888e+00,1.969643717456542875e-02,1.969643717456542875e-02,1.000000000000000888e+00
1.000000000000000666e+00,8.569836996727425715e-01,8.569836996727425715e-01,1.000000000000000666e+00
1.000000000000000444e+00,9.550017290493624245e-01,9.550017290493624245e-01,1.000000000000000444e+00
1.000000000000000222e+00,4.148210689922725569e-01,4.148210689922725569e-01,1.000000000000000222e+00
9.999999999999998890e-01,-5.476533963198900734e-01,-5.476533963198900734e-01,9.999999999999998890e-01
1.000000000000000000e+00,-9.697864698816025530e-01,-9.697864698816025530e-01,1.000000000000000000e+00
1.000000000000000222e+00,-1.537524870733029680e-01,-1.537524870733029680e-01,1.000000000000000222e+00
1.000000000000000000e+00,7.735760563466739237e-01,7.735760563466739237e-01,1.000000000000000000e+00
1.000000000000000000e+00,9.847246087855867636e-01,9.847246087855867636e-01,1.000000000000000000e+00
1.000000000000000000e+00,5.383195520636825382e-01,5.383195520636825382e-01,1.000000000000000000e+00
1.000000000000000222e+00,-3.992322300703377014e-01,-3.992322300703377014e-01,1.000000000000000222e+00
1.000000000000000222e+00,-9.900557696012254327e-01,-9.900557696012254327e-01,1.000000000000000222e+00
1.000000000000000000e+00,-3.273850937729495536e-01,-3.273850937729495536e-01,1.000000000000000000e+00
1.000000000000000000e+00,6.712366373317603108e-01,6.712366373317603108e-01,1.000000000000000000e+00
1.000000000000000000e+00,9.985807018890553444e-01,9.985807018890553444e-01,1.000000000000000000e+00
9.999999999999997780e-01,6.478497543177813567e-01,6.478497543177813567e-01,9.999999999999997780e-01
1.000000000000000000e+00,-2.418233044256400399e-01,-2.418233044256400399e-01,1.000000000000000000e+00
1.000000000000000222e+00,-9.765320121609186721e-01,-9.765320121609186721e-01,1.000000000000000222e+00
1.000000000000000222e+00,-4.918646160927324651e-01,-4.918646160927324651e-01,1.000000000000000222e+00
1.000000000000000444e+00,5.495635450771603203e-01,5.495635450771603203e-01,1.000000000000000444e+00
1.000000000000000000e+00,9.958429180040311302e-01,9.958429180040311302e-01,1.000000000000000000e+00
1.000000000000000000e+00,7.437349760802668408e-01,7.437349760802668408e-01,1.000000000000000000e+00
1.000000000000000444e+00,-8.338660628572147626e-02,-8.338660628572147626e-02,1.000000000000000444e+00
1.000000000000000000e+00,-9.267851047337498649e-01,-9.267851047337498649e-01,1.000000000000000000e+00
1.000000000000000000e+00,-6.434354650912255114e-01,-6.434354650912255114e-01,1.000000000000000000e+00
1.000000000000000222e+00,4.112459251205774491e-01,4.112459251205774491e-01,1.000000000000000222e+00
1.000000000000000222e+00,9.758403946711420307e-01,9.758403946711420307e-01,1.000000000000000222e+00
9.999999999999998890e-01,8.244810528383255122e-01,8.244810528383255122e-01,9.999999999999998890e-01
1.000000000000000222e+00,7.368072758694652058e-02,7.368072758694652058e-02,1.000000000000000222e+00
1.000000000000000444e+00,-8.470953271004315610e-01,-8.470953271004315610e-01,1.000000000000000444e+00
1.000000000000000444e+00,-7.728153401567938729e-01,-7.728153401567938729e-01,1.000000000000000444e+00
1.000000000000000444e+00,2.574481855212193970e-01,2.574481855212193970e-01,1.000000000000000444e+00
1.000000000000000444e+00,9.379736496142062618e-01,9.379736496142062618e-01,1.000000000000000444e+00
1.000000000000000222e+00,8.904368866637809576e-01,8.904368866637809576e-01,1.000000000000000222e+00
1.000000000000000000e+00,2.237604592397000047e-01,2.237604592397000047e-01,1.000000000000000000e+00
1.000000000000000000e+00,-7.390838511591280025e-01,-7.390838511591280025e-01,1.000000000000000000e+00
1.000000000000000444e+00,-8.765545956587728060e-01,-8.765545956587728060e-01,1.000000000000000444e+00
1.000000000000000666e+00,9.271917498163231852e-02,9.271917498163231852e-02,1.000000000000000666e+00
1.000000000000000666e+00,8.814441056980457656e-01,8.814441056980457656e-01,1.000000000000000666e+00
1.000000000000001110e+00,9.408913096474369464e-01,9.408913096474369464e-01,1.000000000000001110e+00
1.000000000000000888e+00,3.649440077937055049e-01,3.649440077937055049e-01,1.000000000000000888e+00
1.000000000000000666e+00,-6.098746684750072644e-01,-6.098746684750072644e-01,1.000000000000000666e+00
1.000000000000000888e+00,-9.483008209468832828e-01,-9.483008209468832828e-01,1.000000000000000888e+00
1.000000000000000888e+00,-7.925566518685644990e-02,-7.925566518685644990e-02,1.000000000000000888e+00
1.000000000000001110e+00,8.059194020543040127e-01,8.059194020543040127e-01,1.000000000000001110e+00
1.000000000000001110e+00,9.758345519757490871e-01,9.758345519757490871e-01,1.000000000000001110e+00
1.000000000000001110e+00,4.942614966224344042e-01,4.942614966224344042e-01,1.000000000000001110e+00
1.000000000000001554e+00,-4.642437848667190781e-01,-4.642437848667190781e-01,1.000000000000001554e+00
1.000000000000001554e+00,-9.857070026593295342e-01,-9.857070026593295342e-01,1.000000000000001554e+00
1.000000000000001776e+00,-2.527580063651090891e-01,-2.527580063651090891e-01,1.000000000000001776e+00
1.000000000000001776e+00,7.112948022194983677e-01,7.112948022194983677e-01,1.000000000000001776e+00
1.000000000000001554e+00,9.948106130036931116e-01,9.948106130036931116e-01,1.000000000000001554e+00
1.000000000000001776e+00,6.102823898416963599e-01,6.102823898416963599e-01,1.000000000000001776e+00
1.000000000000001776e+00,-3.082513620140503452e-01,-3.082513620140503452e-01,1.000000000000001776e+00
1.000000000000001554e+00,-9.875062609334339658e-01,-9.875062609334339658e-01,1.000000000000001554e+00
1.000000000000001554e+00,-4.212475485599197489e-01,-4.212475485599197489e-01,1.000000000000001554e+00
1.000000000000000666e+00,5.977206518629145648e-01,5.977206518629145648e-01,1.000000000000000666e+00
1.000000000000000888e+00,9.974473963444449032e-01,9.974473963444449032e-01,1.000000000000000888e+00
1.000000000000000888e+00,7.120798959178871179e-01,7.120798959178871179e-01,1.000000000000000888e+00
1.000000000000000888e+00,-1.481046091866831671e-01,-1.481046091866831671e-01,1.000000000000000888e+00
1.000000000000000444e+00,-9.530035538957521979e-01,-9.530035538957521979e-01,1.000000000000000444e+00
1.000000000000000444e+00,-5.792665338272147135e-01,-5.792665338272147135e-01,1.000000000000000444e+00
1.000000000000000444e+00,4.668799532180616385e-01,4.668799532180616385e-01,1.000000000000000444e+00
1.000000000000000888e+00,9.831307794396342281e-01,9.831307794396342281e-01,1.000000000000000888e+00
1.000000000000000666e+00,7.986154829974060343e-01,7.986154829974060343e-01,1.000000000000000666e+00
1.000000000000000666e+00,1.223312111566857152e-02,1.223312111566857152e-02,1.000000000000000666e+00
1.000000000000000444e+00,-8.863744220360758597e-01,-8.863744220360758597e-01,1.000000000000000444e+00
1.000000000000000888e+00,-7.182410783414924227e-01,-7.182410783414924227e-01,1.000000000000000888e+00
1.000000000000000444e+00,3.196991145209117646e-01,3.196991145209117646e-01,1.000000000000000444e+00
1.000000000000000444e+00,9.514341819935975275e-01,9.514341819935975275e-01,1.000000000000000444e+00
1.000000000000000444e+00,8.700286764923399474e-01,8.700286764923399474e-01,1.000000000000000444e+00
1.000000000000000444e+00,1.668606720046601766e-01,1.668606720046601766e-01,1.000000000000000444e+00
1.000000000000000000e+00,-7.886509635213965197e-01,-7.886509635213965197e-01,1.000000000000000000e+00
1.000000000000000000e+00,-8.346927617067527727e-01,-8.346927617067527727e-01,1.000000000000000000e+00
1.000000000000000000e+00,1.605695091392652651e-01,1.605695091392652651e-01,1.000000000000000000e+00
1.000000000000000222e+00,9.014521606619656513e-01,9.014521606619656513e-01,1.000000000000000222e+00
1.000000000000000888e+00,9.255632058920761907e-01,9.255632058920761907e-01,1.000000000000000888e+00
1.000000000000000444e+00,3.139274627440145071e-01,3.139274627440145071e-01,1.000000000000000444e+00
