1.000000000000000000e+00,1.000000000000000000e+00,1.000000000000000000e+00,1.000000000000000000e+00
1.000000000000000000e+00,5.708415547748302288e-01,5.708415547748302288e-01,1.000000000000000000e+00
1.000000000000000000e+00,1.794314320314963074e-02,1.794314320314963074e-02,1.000000000000000000e+00
1.000000000000000000e+00,2.651937541841146717e-01,2.651937541841146717e-01,1.000000000000000000e+00
1.000000000000000444e+00,9.419275817014637342e-01,9.419275817014637342e-01,1.000000000000000444e+00
1.000000000000000444e+00,7.659831994926111776e-01,7.659831994926111776e-01,1.000000000000000444e+00
1.000000000000000444e+00,1.069721448381109052e-01,1.069721448381109052e-01,1.000000000000000444e+00
1.000000000000000666e+00,1.306555748664815220e-01,1.306555748664815220e-01,1.000000000000000666e+00
1.000000000000000666e+00,7.499549343429479098e-01,7.499549343429479098e-01,1.000000000000000666e+00
1.000000000000000222e+00,9.536232507451571916e-01,9.536232507451571916e-01,1.000000000000000222e+00
1.000000000000000222e+00,3.184955132819377033e-01,3.184955132819377033e-01,1.000000000000000222e+00
1.000000000000000000e+00,3.637050644381939479e-03,3.637050644381939479e-03,1.000000000000000000e+00
1.000000000000000222e+00,5.390527052669116248e-01,5.390527052669116248e-01,1.000000000000000222e+00
1.000000000000000444e+00,9.999789337186945071e-01,9.999789337186945071e-01,1.000000000000000444e+00
1.000000000000000222e+00,5.449675621897627220e-01,5.449675621897627220e-01,1.000000000000000222e+00
1.000000000000000222e+00,1.606363215387354715e-02,1.606363215387354715e-02,1.000000000000000222e+00
1.000000000000000000e+00,3.191541868634140133e-01,3.191541868634140133e-01,1.000000000000000000e+00
9.999999999999997780e-01,9.290800205299871717e-01,9.290800205299871717e-01,9.999999999999997780e-01
1.000000000000000000e+00,8.395964356885259328e-01,8.395964356885259328e-01,1.000000000000000000e+00
9.999999999999997780e-01,1.560955519530953794e-01,1.560955519530953794e-01,9.999999999999997780e-01
1.000000000000000000e+00,5.850913709927710316e-02,5.850913709927710316e-02,1.000000000000000000e+00
1.000000000000000000e+00,6.792728103273883988e-01,6.792728103273883988e-01,1.000000000000000000e+00
1.000000000000000222e+00,9.826946771765791011e-01,9.826946771765791011e-01,1.000000000000000222e+00
1.000000000000000222e+00,4.604340502449023598e-01,4.604340502449023598e-01,1.000000000000000222e+00
1.000000000000000444e+00,8.107090415946094364e-04,8.107090415946094364e-04,1.000000000000000444e+00
1.000000000000000666e+00,4.263942012555201888e-01,4.263942012555201888e-01,1.000000000000000666e+00
1.000000000000000444e+00,9.709679560687702882e-01,9.709679560687702882e-01,1.000000000000000444e+00
1.000000000000000666e+00,7.719398040938789674e-01,7.719398040938789674e-01,1.000000000000000666e+00
1.000000000000000444e+00,1.177892312673455982e-01,1.177892312673455982e-01,1.000000000000000444e+00
1.000000000000000444e+00,1.273087894626617478e-01,1.273087894626617478e-01,1.000000000000000444e+00
1.000000000000000444e+00,7.625207944077819766e-01,7.625207944077819766e-01,1.000000000000000444e+00
1.000000000000000444e+00,9.625562328634744702e-01,9.625562328634744702e-01,1.000000000000000444e+00
1.000000000000000444e+00,3.848847621960134191e-01,3.848847621960134191e-01,1.000000000000000444e+00
1.000000000000000222e+00,2.934286252961049168e-03,2.934286252961049168e-03,1.000000000000000222e+00
1.000000000000000000e+00,4.526343834604830696e-01,4.526343834604830696e-01,1.000000000000000000e+00
1.000000000000000444e+00,9.889914092620109010e-01,9.889914092620109010e-01,1.000000000000000444e+00
1.000000000000000444e+00,7.169281146453134745e-01,7.169281146453134745e-01,1.000000000000000444e+00
1.000000000000000000e+00,7.724947299615445018e-02,7.724947299615445018e-02,1.000000000000000000e+00
1.000000000000000000e+00,2.245723217231778146e-01,2.245723217231778146e-01,1.000000000000000000e+00
1.000000000000000222e+00,8.895975513820533198e-01,8.895975513820533198e-01,1.000000000000000222e+00
1.000000000000000000e+00,8.976729056679225716e-01,8.976729056679225716e-01,1.000000000000000000e+00
1.000000000000000000e+00,2.183410373534553361e-01,2.183410373534553361e-01,1.000000000000000000e+00
1.000000000000000000e+00,6.078367995135056101e-02,6.078367995135056101e-02,1.000000000000000000e+00
1.000000000000000222e+00,6.362454658448105649e-01,6.362454658448105649e-01,1.000000000000000222e+00
1.000000000000000000e+00,9.804990776326238944e-01,9.804990776326238944e-01,1.000000000000000000e+00
1.000000000000000000e+00,4.048813219981322042e-01,4.048813219981322042e-01,1.000000000000000000e+00
1.000000000000000000e+00,1.274438120871246305e-05,1.274438120871246305e-05,1.000000000000000000e+00
1.000000000000000222e+00,4.210124173055078689e-01,4.210124173055078689e-01,1.000000000000000222e+00
1.000000000000000222e+00,9.727295374244835369e-01,9.727295374244835369e-01,1.000000000000000222e+00
1.000000000000000222e+00,6.985400964995636119e-01,6.985400964995636119e-01,1.000000000000000222e+00
1.000000000000000444e+00,7.451101222159442483e-02,7.451101222159442483e-02,1.000000000000000444e+00
1.000000000000000222e+00,2.160595908991498892e-01,2.160595908991498892e-01,1.000000000000000222e+00
1.000000000000000222e+00,9.143824326150389314e-01,9.143824326150389314e-01,1.000000000000000222e+00
1.000000000000000444e+00,8.329579828691007215e-01,8.329579828691007215e-01,1.000000000000000444e+00
1.000000000000000444e+00,2.227434634434365124e-01,2.227434634434365124e-01,1.000000000000000444e+00
1.000000000000000888e+00,5.985354610895110561e-02,5.985354610895110561e-02,1.000000000000000888e+00
1.000000000000000888e+00,6.765875689662820269e-01,6.765875689662820269e-01,1.000000000000000888e+00
1.000000000000000666e+00,9.807028039747993642e-01,9.807028039747993642e-01,1.000000000000000666e+00
1.000000000000000666e+00,4.333023761312441158e-01,4.333023761312441158e-01,1.000000000000000666e+00
1.000000000000000666e+00,1.118754360640406009e-03,1.118754360640406009e-03,1.000000000000000666e+00
1.000000000000000888e+00,5.198434561490301586e-01,5.198434561490301586e-01,1.000000000000000888e+00
1.000000000000001332e+00,9.939451697202938973e-01,9.939451697202938973e-01,1.000000000000001332e+00
1.000000000000001332e+00,6.740743867916273446e-01,6.740743867916273446e-01,1.000000000000001332e+00
1.000000000000001332e+00,3.895909002794398224e-02,3.895909002794398224e-02,1.000000000000001332e+00
1.000000000000001332e+00,2.515963372887455862e-01,2.515963372887455862e-01,1.000000000000001332e+00
1.000000000000001554e+00,8.981152535020532346e-01,8.981152535020532346e-01,1.000000000000001554e+00
1.000000000000001554e+00,8.757253126404969112e-01,8.757253126404969112e-01,1.000000000000001554e+00
1.000000000000001776e+00,1.804939281472076884e-01,1.804939281472076884e-01,1.000000000000001776e+00
1.000000000000001776e+00,7.100619252185272345e-02,7.100619252185272345e-02,1.000000000000001776e+00
1.000000000000001776e+00,7.488911074528139533e-01,7.488911074528139533e-01,1.000000000000001776e+00
1.000000000000001998e+00,9.371946721678171555e-01,9.371946721678171555e-01,1.000000000000001998e+00
1.000000000000001776e+00,3.813335009074601545e-01,3.813335009074601545e-01,1.000000000000001776e+00
1.000000000000002220e+00,8.683203409639211889e-03,8.683203409639211889e-03,1.000000000000002220e+00
1.000000000000002220e+00,5.497651951541692172e-01,5.497651951541692172e-01,1.000000000000002220e+00
1.000000000000002220e+00,9.997660819327117698e-01,9.997660819327117698e-01,1.000000000000002220e+00
1.000000000000002442e+00,6.333706475998636121e-01,6.333706475998636121e-01,1.000000000000002442e+00
1.000000000000002220e+00,2.941598244169035814e-02,2.941598244169035814e-02,1.000000000000002220e+00
1.000000000000002442e+00,3.204134686544970467e-01,3.204134686544970467e-01,1.000000000000002442e+00
1.000000000000002442e+00,9.362300596495257698e-01,9.362300596495257698e-01,1.000000000000002442e+00
1.000000000000002442e+00,8.105402226242511832e-01,8.105402226242511832e-01,1.000000000000002442e+00
1.000000000000002220e+00,1.024327443822064532e-01,1.024327443822064532e-01,1.000000000000002220e+00
1.000000000000002220e+00,1.430754940908483541e-01,1.430754940908483541e-01,1.000000000000002220e+00
1.000000000000002220e+00,8.084798067381944175e-01,8.084798067381944175e-01,1.000000000000002220e+00
1.000000000000002442e+00,9.348117830269510042e-01,9.348117830269510042e-01,1.000000000000002442e+00
1.000000000000002442e+00,3.604667015457667101e-01,3.604667015457667101e-01,1.000000000000002442e+00
1.000000000000002442e+00,1.458569087468875036e-02,1.458569087468875036e-02,1.000000000000002442e+00
1.000000000000002220e+00,6.062389074758706142e-01,6.062389074758706142e-01,1.000000000000002220e+00
1.000000000000002442e+00,9.999772206838744015e-01,9.999772206838744015e-01,1.000000000000002442e+00
1.000000000000002220e+00,6.226077983230818846e-01,6.226077983230818846e-01,1.000000000000002220e+00
1.000000000000002220e+00,4.914488145490727988e-02,4.914488145490727988e-02,1.000000000000002220e+00
1.000000000000001998e+00,1.890429412450204683e-01,1.890429412450204683e-01,1.000000000000001998e+00
1.000000000000002220e+00,8.032188352041779167e-01,8.032188352041779167e-01,1.000000000000002220e+00
1.000000000000002442e+00,9.439523468030761588e-01,9.439523468030761588e-01,1.000000000000002442e+00
1.000000000000002442e+00,3.260943758415228988e-01,3.260943758415228988e-01,1.000000000000002442e+00
1.000000000000002442e+00,1.635450940142865739e-02,1.635450940142865739e-02,1.000000000000002442e+00
1.000000000000002665e+00,5.889122427779853730e-01,5.889122427779853730e-01,1.000000000000002665e+00
1.000000000000002442e+00,9.971144093011992116e-01,9.971144093011992116e-01,1.000000000000002442e+00
1.000000000000002442e+00,4.863886128811062970e-01,4.863886128811062970e-01,1.000000000000002442e+00
1.000000000000002665e+00,2.213719014436121846e-03,2.213719014436121846e-03,1.000000000000002665e+00
1.000000000000003109e+00,3.284108366085328745e-01,3.284108366085328745e-01,1.000000000000003109e+00
1.000000000000003331e+00,9.567470503385082647e-01,9.567470503385082647e-01,1.000000000000003331e+00
