1.000000000000000000e+00,1.000000000000000000e+00,1.000000000000000000e+00,1.000000000000000000e+00
1.000000000000000000e+00,3.668917898428624702e-01,3.668917898428624702e-01,1.000000000000000000e+00
1.000000000000000444e+00,-7.264450546961166433e-01,-7.264450546961166433e-01,1.000000000000000444e+00
9.999999999999998890e-01,-9.540946314857066124e-01,-9.540946314857066124e-01,9.999999999999998890e-01
9.999999999999997780e-01,-4.194944644141665457e-01,-4.194944644141665457e-01,9.999999999999997780e-01
1.000000000000000000e+00,3.901779218388057302e-01,3.901779218388057302e-01,1.000000000000000000e+00
1.000000000000000222e+00,9.849496449767908279e-01,9.849496449767908279e-01,1.000000000000000222e+00
1.000000000000000222e+00,5.366102279744376924e-01,5.366102279744376924e-01,1.000000000000000222e+00
1.000000000000000666e+00,-5.948058572108789743e-01,-5.948058572108789743e-01,1.000000000000000666e+00
1.000000000000001332e+00,-9.828167145466949473e-01,-9.828167145466949473e-01,1.000000000000001332e+00
1.000000000000001332e+00,-5.309772236143732727e-01,-5.309772236143732727e-01,1.000000000000001332e+00
1.000000000000001554e+00,2.592382029659551224e-01,2.592382029659551224e-01,1.000000000000001554e+00
1.000000000000001554e+00,9.415248134717162376e-01,9.415248134717162376e-01,1.000000000000001554e+00
1.000000000000001554e+00,6.858685364771883730e-01,6.858685364771883730e-01,1.000000000000001554e+00
1.000000000000001332e+00,-4.406129996540882332e-01,-4.406129996540882332e-01,1.000000000000001332e+00
1.000000000000001554e+00,-9.901017333681356725e-01,-9.901017333681356725e-01,1.000000000000001554e+00
1.000000000000001554e+00,-6.341365841861623664e-01,-6.341365841861623664e-01,1.000000000000001554e+00
1.000000000000001332e+00,1.267329958788189492e-01,1.267329958788189492e-01,1.000000000000001332e+00
1.000000000000001776e+00,8.733113607988332028e-01,8.733113607988332028e-01,1.000000000000001776e+00
1.000000000000001998e+00,8.093273149993986948e-01,8.093273149993986948e-01,1.000000000000001998e+00
1.000000000000002220e+00,-2.684745490305683324e-01,-2.684745490305683324e-01,1.000000000000002220e+00
1.000000000000002220e+00,-9.740342081667281438e-01,-9.740342081667281438e-01,1.000000000000002220e+00
1.000000000000002442e+00,-7.270365163761314253e-01,-7.270365163761314253e-01,1.000000000000002442e+00
1.000000000000002665e+00,-5.413118224931789957e-03,-5.413118224931789957e-03,1.000000000000002665e+00
1.000000000000002442e+00,7.845193665351156698e-01,7.845193665351156698e-01,1.000000000000002442e+00
1.000000000000002665e+00,9.034068563275799990e-01,9.034068563275799990e-01,1.000000000000002665e+00
1.000000000000002887e+00,-8.598532061363278745e-02,-8.598532061363278745e-02,1.000000000000002887e+00
1.000000000000002887e+00,-9.308291067455582990e-01,-9.308291067455582990e-01,1.000000000000002887e+00
1.000000000000003109e+00,-8.095195417862163234e-01,-8.095195417862163234e-01,1.000000000000003109e+00
1.000000000000002887e+00,-1.340574199119757837e-01,-1.340574199119757837e-01,1.000000000000002887e+00
1.000000000000002887e+00,6.787038413988815133e-01,6.787038413988815133e-01,1.000000000000002887e+00
1.000000000000003109e+00,9.646664170607422983e-01,9.646664170607422983e-01,1.000000000000003109e+00
1.000000000000002887e+00,1.030779119169108193e-01,1.030779119169108193e-01,1.000000000000002887e+00
1.000000000000002665e+00,-8.631054359036591794e-01,-8.631054359036591794e-01,1.000000000000002665e+00
1.000000000000003109e+00,-8.766872002594621183e-01,-8.766872002594621183e-01,1.000000000000003109e+00
1.000000000000002887e+00,-2.598303782404176587e-01,-2.598303782404176587e-01,1.000000000000002887e+00
1.000000000000002887e+00,5.613691045639949140e-01,5.613691045639949140e-01,1.000000000000002887e+00
1.000000000000002665e+00,9.933599859559331113e-01,9.933599859559331113e-01,1.000000000000002665e+00
1.000000000000002220e+00,2.871311822062201369e-01,2.871311822062201369e-01,1.000000000000002220e+00
1.000000000000002442e+00,-7.657125590191256048e-01,-7.657125590191256048e-01,1.000000000000002442e+00
1.000000000000001998e+00,-9.304419003840893598e-01,-9.304419003840893598e-01,1.000000000000001998e+00
1.000000000000001776e+00,-3.782245668341935319e-01,-3.782245668341935319e-01,1.000000000000001776e+00
1.000000000000001998e+00,4.343367486913922715e-01,4.343367486913922715e-01,1.000000000000001998e+00
1.000000000000001776e+00,9.897055992745764641e-01,9.897055992745764641e-01,1.000000000000001776e+00
1.000000000000001332e+00,4.632257996879581841e-01,4.632257996879581841e-01,1.000000000000001332e+00
1.000000000000001332e+00,-6.460544896189386321e-01,-6.460544896189386321e-01,1.000000000000001332e+00
1.000000000000000888e+00,-9.633143869014321181e-01,-9.633143869014321181e-01,1.000000000000000888e+00
1.000000000000001332e+00,-4.917961221689393647e-01,-4.917961221689393647e-01,1.000000000000001332e+00
1.000000000000000888e+00,3.038234410812176711e-01,3.038234410812176711e-01,1.000000000000000888e+00
1.000000000000000666e+00,9.559906277492287163e-01,9.559906277492287163e-01,1.000000000000000666e+00
1.000000000000000444e+00,6.196791494935358635e-01,6.196791494935358635e-01,1.000000000000000444e+00
1.000000000000000444e+00,-4.997881785469583948e-01,-4.997881785469583948e-01,1.000000000000000444e+00
1.000000000000000444e+00,-9.788534163614166506e-01,-9.788534163614166506e-01,1.000000000000000444e+00
1.000000000000000444e+00,-5.947975803259282213e-01,-5.947975803259282213e-01,1.000000000000000444e+00
1.000000000000000444e+00,1.695561448482634792e-01,1.695561448482634792e-01,1.000000000000000444e+00
1.000000000000000666e+00,8.961569346897056976e-01,8.961569346897056976e-01,1.000000000000000666e+00
1.000000000000001332e+00,7.543802773195880107e-01,7.543802773195880107e-01,1.000000000000001332e+00
1.000000000000001110e+00,-3.378923240935970407e-01,-3.378923240935970407e-01,1.000000000000001110e+00
1.000000000000001332e+00,-9.685479202573997748e-01,-9.685479202573997748e-01,1.000000000000001332e+00
1.000000000000001332e+00,-6.905502974262857085e-01,-6.905502974262857085e-01,1.000000000000001332e+00
1.000000000000001554e+00,3.766534061440152126e-02,3.766534061440152126e-02,1.000000000000001554e+00
1.000000000000001776e+00,8.128648576646547719e-01,8.128648576646547719e-01,1.000000000000001776e+00
1.000000000000001554e+00,8.592993855357659028e-01,8.592993855357659028e-01,1.000000000000001554e+00
1.000000000000001776e+00,-1.590887012588597660e-01,-1.590887012588597660e-01,1.000000000000001776e+00
1.000000000000001554e+00,-9.368349687655026514e-01,-9.368349687655026514e-01,1.000000000000001554e+00
1.000000000000001776e+00,-7.727366946942442194e-01,-7.727366946942442194e-01,1.000000000000001776e+00
1.000000000000001776e+00,-9.342955482942649770e-02,-9.342955482942649770e-02,1.000000000000001776e+00
1.000000000000001554e+00,7.122973806724497425e-01,7.122973806724497425e-01,1.000000000000001554e+00
1.000000000000001332e+00,9.333767060094765311e-01,9.333767060094765311e-01,1.000000000000001332e+00
1.000000000000001110e+00,2.454869459926473096e-02,2.454869459926473096e-02,1.000000000000001110e+00
1.000000000000001110e+00,-8.766768745370647764e-01,-8.766768745370647764e-01,1.000000000000001110e+00
1.000000000000001554e+00,-8.440266008727621561e-01,-8.440266008727621561e-01,1.000000000000001554e+00
1.000000000000001998e+00,-2.185350594678181491e-01,-2.185350594678181491e-01,1.000000000000001998e+00
1.000000000000002220e+00,5.967280518228821329e-01,5.967280518228821329e-01,1.000000000000002220e+00
1.000000000000002220e+00,9.740580180959282908e-01,9.740580180959282908e-01,1.000000000000002220e+00
1.000000000000002887e+00,2.101589407883574789e-01,2.101589407883574789e-01,1.000000000000002887e+00
1.000000000000002665e+00,-7.925132906201868277e-01,-7.925132906201868277e-01,1.000000000000002665e+00
1.000000000000002442e+00,-8.986867852822122416e-01,-8.986867852822122416e-01,1.000000000000002442e+00
1.000000000000002442e+00,-3.391556531264652286e-01,-3.391556531264652286e-01,1.000000000000002442e+00
1.000000000000002665e+00,4.724085878682201534e-01,4.724085878682201534e-01,1.000000000000002665e+00
1.000000000000002887e+00,9.817465045514019994e-01,9.817465045514019994e-01,1.000000000000002887e+00
1.000000000000003109e+00,3.874460014635108807e-01,3.874460014635108807e-01,1.000000000000003109e+00
1.000000000000002665e+00,-6.815635863326436894e-01,-6.815635863326436894e-01,1.000000000000002665e+00
1.000000000000003109e+00,-9.374101959868983425e-01,-9.374101959868983425e-01,1.000000000000003109e+00
1.000000000000002442e+00,-4.517610411539943471e-01,-4.517610411539943471e-01,1.000000000000002442e+00
1.000000000000002220e+00,3.414122450798028896e-01,3.414122450798028896e-01,1.000000000000002220e+00
1.000000000000001998e+00,9.586210357850621921e-01,9.586210357850621921e-01,1.000000000000001998e+00
1.000000000000002220e+00,5.503484820551922674e-01,5.503484820551922674e-01,1.000000000000002220e+00
1.000000000000002665e+00,-5.475984667634330449e-01,-5.475984667634330449e-01,1.000000000000002665e+00
1.000000000000002442e+00,-9.565055158700761506e-01,-9.565055158700761506e-01,1.000000000000002442e+00
1.000000000000002442e+00,-5.563635778206266203e-01,-5.563635778206266203e-01,1.000000000000002442e+00
1.000000000000002887e+00,2.081742934567964720e-01,2.081742934567964720e-01,1.000000000000002887e+00
1.000000000000002442e+00,9.069528569943530183e-01,9.069528569943530183e-01,1.000000000000002442e+00
1.000000000000002220e+00,6.924274035495977531e-01,6.924274035495977531e-01,1.000000000000002220e+00
1.000000000000002220e+00,-3.939385448263220679e-01,-3.939385448263220679e-01,1.000000000000002220e+00
1.000000000000002220e+00,-9.539086937066771910e-01,-9.539086937066771910e-01,1.000000000000002220e+00
1.000000000000001776e+00,-6.515607628924242611e-01,-6.515607628924242611e-01,1.000000000000001776e+00
1.000000000000001776e+00,7.523590429332802088e-02,7.523590429332802088e-02,1.000000000000001776e+00
1.000000000000001776e+00,8.311488699377294065e-01,8.311488699377294065e-01,1.000000000000001776e+00
1.000000000000002220e+00,8.070903733248262490e-01,8.070903733248262490e-01,1.000000000000002220e+00
1.000000000000002220e+00,-2.235025850965733918e-01,-2.235025850965733918e-01,1.000000000000002220e+00
