1.000000000000000000e+00,1.000000000000000000e+00,1.000000000000000000e+00,1.000000000000000000e+00
1.000000000000000000e+00,5.945666232103024029e-01,5.945666232103024029e-01,1.000000000000000000e+00
9.999999999999995559e-01,7.421242062833982578e-03,7.421242062833982578e-03,9.999999999999995559e-01
9.999999999999996669e-01,3.436333472801741951e-01,3.436333472801741951e-01,9.999999999999996669e-01
9.999999999999996669e-01,9.526345577349992766e-01,9.526345577349992766e-01,9.999999999999996669e-01
9.999999999999995559e-01,7.533359544394716556e-01,7.533359544394716556e-01,9.999999999999995559e-01
9.999999999999995559e-01,9.934131343335671216e-02,9.934131343335671216e-02,9.999999999999995559e-01
9.999999999999997780e-01,1.944823209655839880e-01,1.944823209655839880e-01,9.999999999999997780e-01
1.000000000000000000e+00,8.255357427288745331e-01,8.255357427288745331e-01,1.000000000000000000e+00
9.999999999999997780e-01,9.429425876138528562e-01,9.429425876138528562e-01,9.999999999999997780e-01
9.999999999999994449e-01,3.919546266396738421e-01,3.919546266396738421e-01,9.999999999999994449e-01
9.999999999999996669e-01,8.874958797658316634e-05,8.874958797658316634e-05,9.999999999999996669e-01
9.999999999999996669e-01,4.442849947177901493e-01,4.442849947177901493e-01,9.999999999999996669e-01
9.999999999999997780e-01,9.858630208818615070e-01,9.858630208818615070e-01,9.999999999999997780e-01
9.999999999999997780e-01,6.676510480351588450e-01,6.676510480351588450e-01,9.999999999999997780e-01
9.999999999999998890e-01,8.926961059322005565e-02,8.926961059322005565e-02,9.999999999999998890e-01
1.000000000000000000e+00,2.095274977161919738e-01,2.095274977161919738e-01,1.000000000000000000e+00
1.000000000000000000e+00,9.033197638170755717e-01,9.033197638170755717e-01,1.000000000000000000e+00
1.000000000000000000e+00,7.958632328856988236e-01,7.958632328856988236e-01,1.000000000000000000e+00
1.000000000000000222e+00,1.707693395673771097e-01,1.707693395673771097e-01,1.000000000000000222e+00
1.000000000000000000e+00,6.241734708842255896e-02,6.241734708842255896e-02,1.000000000000000000e+00
1.000000000000000222e+00,7.092207328985142833e-01,7.092207328985142833e-01,1.000000000000000222e+00
1.000000000000000444e+00,9.609560191086140568e-01,9.609560191086140568e-01,1.000000000000000444e+00
1.000000000000000444e+00,3.977345680788921811e-01,3.977345680788921811e-01,1.000000000000000444e+00
1.000000000000000444e+00,9.527481439703111565e-04,9.527481439703111565e-04,1.000000000000000444e+00
1.000000000000000222e+00,3.831692277952686854e-01,3.831692277952686854e-01,1.000000000000000222e+00
1.000000000000000222e+00,9.880999949578768149e-01,9.880999949578768149e-01,1.000000000000000222e+00
1.000000000000000444e+00,6.786387355690837175e-01,6.786387355690837175e-01,1.000000000000000444e+00
1.000000000000000222e+00,7.310739320877279734e-02,7.310739320877279734e-02,1.000000000000000222e+00
1.000000000000000444e+00,1.665633463469598230e-01,1.665633463469598230e-01,1.000000000000000444e+00
1.000000000000000666e+00,8.718935781245453764e-01,8.718935781245453764e-01,1.000000000000000666e+00
1.000000000000000888e+00,8.667909396298492108e-01,8.667909396298492108e-01,1.000000000000000888e+00
1.000000000000000666e+00,2.165112629588599180e-01,2.165112629588599180e-01,1.000000000000000666e+00
1.000000000000000888e+00,6.640911417717493270e-02,6.640911417717493270e-02,1.000000000000000888e+00
1.000000000000000444e+00,7.229719946044870227e-01,7.229719946044870227e-01,1.000000000000000444e+00
1.000000000000000666e+00,9.472660455309582783e-01,9.472660455309582783e-01,1.000000000000000666e+00
1.000000000000000888e+00,3.777794246844276005e-01,3.777794246844276005e-01,1.000000000000000888e+00
1.000000000000000444e+00,6.352611946603220483e-03,6.352611946603220483e-03,1.000000000000000444e+00
1.000000000000000444e+00,5.010458628682057380e-01,5.010458628682057380e-01,1.000000000000000444e+00
1.000000000000000888e+00,9.957562137931992297e-01,9.957562137931992297e-01,1.000000000000000888e+00
1.000000000000000888e+00,6.477748312577835677e-01,6.477748312577835677e-01,1.000000000000000888e+00
1.000000000000001110e+00,7.122112625032181454e-02,7.122112625032181454e-02,1.000000000000001110e+00
1.000000000000000888e+00,1.710274281309270561e-01,1.710274281309270561e-01,1.000000000000000888e+00
1.000000000000001110e+00,7.752027986176732721e-01,7.752027986176732721e-01,1.000000000000001110e+00
1.000000000000001110e+00,9.544237474965895363e-01,9.544237474965895363e-01,1.000000000000001110e+00
1.000000000000001110e+00,3.861489012451037039e-01,3.861489012451037039e-01,1.000000000000001110e+00
1.000000000000001332e+00,1.515001897448575718e-04,1.515001897448575718e-04,1.000000000000001332e+00
1.000000000000001110e+00,4.940568625985122808e-01,4.940568625985122808e-01,1.000000000000001110e+00
1.000000000000001332e+00,9.823038727772818168e-01,9.823038727772818168e-01,1.000000000000001332e+00
1.000000000000001332e+00,7.485272407543472895e-01,7.485272407543472895e-01,1.000000000000001332e+00
1.000000000000001110e+00,1.120107540367444587e-01,1.120107540367444587e-01,1.000000000000001110e+00
1.000000000000000888e+00,1.535244821612243848e-01,1.535244821612243848e-01,1.000000000000000888e+00
1.000000000000000666e+00,8.509564235544904154e-01,8.509564235544904154e-01,1.000000000000000666e+00
1.000000000000000888e+00,9.156115767984140952e-01,9.156115767984140952e-01,1.000000000000000888e+00
1.000000000000000888e+00,3.363263860771094071e-01,3.363263860771094071e-01,1.000000000000000888e+00
1.000000000000001110e+00,5.039487141101611778e-03,5.039487141101611778e-03,1.000000000000001110e+00
1.000000000000001332e+00,5.534631485751261293e-01,5.534631485751261293e-01,1.000000000000001332e+00
1.000000000000001332e+00,9.988756516955198395e-01,9.988756516955198395e-01,1.000000000000001332e+00
1.000000000000001332e+00,5.658344504775899564e-01,5.658344504775899564e-01,1.000000000000001332e+00
1.000000000000001332e+00,3.152365286540359524e-02,3.152365286540359524e-02,1.000000000000001332e+00
1.000000000000001332e+00,2.596083235158708757e-01,2.596083235158708757e-01,1.000000000000001332e+00
1.000000000000001110e+00,8.947529703793135614e-01,8.947529703793135614e-01,1.000000000000001110e+00
1.000000000000000666e+00,8.310874552557063755e-01,8.310874552557063755e-01,1.000000000000000666e+00
1.000000000000000888e+00,2.189171341061926235e-01,2.189171341061926235e-01,1.000000000000000888e+00
1.000000000000000666e+00,5.222478104758185302e-02,5.222478104758185302e-02,1.000000000000000666e+00
1.000000000000000666e+00,7.181448801414378469e-01,7.181448801414378469e-01,1.000000000000000666e+00
1.000000000000000666e+00,9.792045634690935696e-01,9.792045634690935696e-01,1.000000000000000666e+00
1.000000000000000666e+00,4.358074239441627751e-01,4.358074239441627751e-01,1.000000000000000666e+00
1.000000000000000888e+00,7.709021248652470071e-04,7.709021248652470071e-04,1.000000000000000888e+00
1.000000000000000888e+00,4.626167230080536208e-01,4.626167230080536208e-01,1.000000000000000888e+00
1.000000000000001110e+00,9.871590954048896638e-01,9.871590954048896638e-01,1.000000000000001110e+00
1.000000000000001332e+00,6.141639392534413711e-01,6.141639392534413711e-01,1.000000000000001332e+00
1.000000000000001332e+00,4.526505625557336598e-02,4.526505625557336598e-02,1.000000000000001332e+00
1.000000000000001332e+00,2.276147455041922507e-01,2.276147455041922507e-01,1.000000000000001332e+00
1.000000000000001332e+00,9.040145025716029847e-01,9.040145025716029847e-01,1.000000000000001332e+00
1.000000000000001332e+00,8.274859150156732568e-01,8.274859150156732568e-01,1.000000000000001332e+00
1.000000000000001332e+00,1.914109307228904489e-01,1.914109307228904489e-01,1.000000000000001332e+00
1.000000000000001332e+00,6.298215393127790107e-02,6.298215393127790107e-02,1.000000000000001332e+00
1.000000000000001332e+00,6.652610843924031681e-01,6.652610843924031681e-01,1.000000000000001332e+00
1.000000000000001332e+00,9.932331105501650548e-01,9.932331105501650548e-01,1.000000000000001332e+00
1.000000000000001110e+00,4.486641096789553140e-01,4.486641096789553140e-01,1.000000000000001110e+00
1.000000000000001332e+00,4.394896280235371933e-08,4.394896280235371933e-08,1.000000000000001332e+00
1.000000000000000888e+00,3.676359906560221491e-01,3.676359906560221491e-01,1.000000000000000888e+00
1.000000000000001332e+00,9.568720129634136207e-01,9.568720129634136207e-01,1.000000000000001332e+00
1.000000000000001332e+00,7.017373761681842126e-01,7.017373761681842126e-01,1.000000000000001332e+00
1.000000000000001110e+00,6.952133624024781078e-02,6.952133624024781078e-02,1.000000000000001110e+00
1.000000000000001110e+00,1.787221004670613844e-01,1.787221004670613844e-01,1.000000000000001110e+00
1.000000000000000666e+00,8.869289921213263650e-01,8.869289921213263650e-01,1.000000000000000666e+00
1.000000000000000666e+00,8.777997729773316937e-01,8.777997729773316937e-01,1.000000000000000666e+00
1.000000000000000888e+00,2.051336836724189649e-01,2.051336836724189649e-01,1.000000000000000888e+00
1.000000000000000666e+00,4.818583152502214917e-02,4.818583152502214917e-02,1.000000000000000666e+00
1.000000000000001110e+00,6.190241496299110358e-01,6.190241496299110358e-01,1.000000000000001110e+00
1.000000000000001332e+00,9.999774218615131716e-01,9.999774218615131716e-01,1.000000000000001332e+00
1.000000000000001110e+00,5.522106283206670296e-01,5.522106283206670296e-01,1.000000000000001110e+00
1.000000000000001332e+00,3.244817809318123469e-03,3.244817809318123469e-03,1.000000000000001332e+00
1.000000000000001554e+00,4.043429564581743074e-01,4.043429564581743074e-01,1.000000000000001554e+00
1.000000000000001554e+00,9.679654187361379503e-01,9.679654187361379503e-01,1.000000000000001554e+00
1.000000000000001332e+00,7.680189846048217639e-01,7.680189846048217639e-01,1.000000000000001332e+00
1.000000000000001110e+00,7.360859244266346191e-02,7.360859244266346191e-02,1.000000000000001110e+00
1.000000000000001110e+00,1.481586708703795940e-01,1.481586708703795940e-01,1.000000000000001110e+00
1.000000000000001110e+00,7.565078466393820866e-01,7.565078466393820866e-01,1.000000000000001110e+00
