1.000000000000000000e+00,1.000000000000000000e+00,1.000000000000000000e+00,1.000000000000000000e+00
9.999999999999998890e-01,3.579325557003010250e-01,3.579325557003010250e-01,9.999999999999998890e-01
9.999999999999995559e-01,-7.252323249397973903e-01,-7.252323249397973903e-01,9.999999999999995559e-01
9.999999999999991118e-01,-9.608084479030594149e-01,-9.608084479030594149e-01,9.999999999999991118e-01
9.999999999999997780e-01,-4.514640380403996400e-01,-4.514640380403996400e-01,9.999999999999997780e-01
9.999999999999995559e-01,3.670247982086274341e-01,3.670247982086274341e-01,9.999999999999995559e-01
9.999999999999995559e-01,9.844358560240125122e-01,9.844358560240125122e-01,9.999999999999995559e-01
1.000000000000000000e+00,5.285598768147727888e-01,5.285598768147727888e-01,1.000000000000000000e+00
9.999999999999997780e-01,-5.955258709010745610e-01,-5.955258709010745610e-01,9.999999999999997780e-01
9.999999999999997780e-01,-9.858312516173997064e-01,-9.858312516173997064e-01,9.999999999999997780e-01
9.999999999999996669e-01,-5.605010345978113095e-01,-5.605010345978113095e-01,9.999999999999996669e-01
9.999999999999995559e-01,2.322339879979092303e-01,2.322339879979092303e-01,9.999999999999995559e-01
9.999999999999995559e-01,9.394540994284317215e-01,9.394540994284317215e-01,9.999999999999995559e-01
9.999999999999998890e-01,6.794632530001164517e-01,6.794632530001164517e-01,9.999999999999998890e-01
9.999999999999997780e-01,-4.436700649456257195e-01,-4.436700649456257195e-01,9.999999999999997780e-01
9.999999999999996669e-01,-9.900710640898372494e-01,-9.900710640898372494e-01,9.999999999999996669e-01
9.999999999999994449e-01,-6.604714420714176137e-01,-6.604714420714176137e-01,9.999999999999994449e-01
9.999999999999998890e-01,9.660499433719219042e-02,9.660499433719219042e-02,9.999999999999998890e-01
9.999999999999996669e-01,8.686475760002976276e-01,8.686475760002976276e-01,9.999999999999996669e-01
9.999999999999996669e-01,8.048942205855419418e-01,8.048942205855419418e-01,9.999999999999996669e-01
9.999999999999997780e-01,-2.736700559917512598e-01,-2.736700559917512598e-01,9.999999999999997780e-01
9.999999999999998890e-01,-9.719880156590262610e-01,-9.719880156590262610e-01,9.999999999999998890e-01
1.000000000000000444e+00,-7.494674628692681306e-01,-7.494674628692681306e-01,1.000000000000000444e+00
1.000000000000000222e+00,-3.789328119763696323e-02,-3.789328119763696323e-02,1.000000000000000222e+00
1.000000000000000666e+00,7.764480383793906926e-01,7.764480383793906926e-01,1.000000000000000666e+00
1.000000000000000222e+00,9.010359205920679404e-01,9.010359205920679404e-01,1.000000000000000222e+00
1.000000000000000444e+00,-9.300859049767146169e-02,-9.300859049767146169e-02,1.000000000000000444e+00
1.000000000000000888e+00,-9.277024035377989808e-01,-9.277024035377989808e-01,1.000000000000000888e+00
1.000000000000001332e+00,-8.277244994577076520e-01,-8.277244994577076520e-01,1.000000000000001332e+00
1.000000000000001332e+00,-1.678046957542985163e-01,-1.678046957542985163e-01,1.000000000000001332e+00
1.000000000000001332e+00,6.665221814825331714e-01,6.665221814825331714e-01,1.000000000000001332e+00
1.000000000000001554e+00,9.639785587680880230e-01,9.639785587680880230e-01,1.000000000000001554e+00
1.000000000000001776e+00,9.502702796360587567e-02,9.502702796360587567e-02,1.000000000000001776e+00
1.000000000000001554e+00,-8.599799355841386550e-01,-8.599799355841386550e-01,1.000000000000001554e+00
1.000000000000001332e+00,-8.904375853014080411e-01,-8.904375853014080411e-01,1.000000000000001332e+00
1.000000000000001776e+00,-2.939098449599313878e-01,-2.939098449599313878e-01,1.000000000000001776e+00
1.000000000000001776e+00,5.448241820493232579e-01,5.448241820493232579e-01,1.000000000000001776e+00
1.000000000000001998e+00,9.937052316621405312e-01,9.937052316621405312e-01,1.000000000000001998e+00
1.000000000000002220e+00,2.788281953247834788e-01,2.788281953247834788e-01,1.000000000000002220e+00
1.000000000000001998e+00,-7.634473331906310722e-01,-7.634473331906310722e-01,1.000000000000001998e+00
1.000000000000001776e+00,-9.398982757259667364e-01,-9.398982757259667364e-01,1.000000000000001776e+00
1.000000000000001776e+00,-4.114794892740454291e-01,-4.114794892740454291e-01,1.000000000000001776e+00
1.000000000000001554e+00,4.132758955593835992e-01,4.132758955593835992e-01,1.000000000000001554e+00
1.000000000000001554e+00,9.901505902767524514e-01,9.901505902767524514e-01,1.000000000000001554e+00
1.000000000000000888e+00,4.556443624922918434e-01,4.556443624922918434e-01,1.000000000000000888e+00
1.000000000000001110e+00,-6.453657384071835867e-01,-6.453657384071835867e-01,1.000000000000001110e+00
1.000000000000001110e+00,-9.688211084776139348e-01,-9.688211084776139348e-01,1.000000000000001110e+00
1.000000000000001554e+00,-5.233285207154939611e-01,-5.233285207154939611e-01,1.000000000000001554e+00
1.000000000000001554e+00,2.786204661972291330e-01,2.786204661972291330e-01,1.000000000000001554e+00
1.000000000000001110e+00,9.554401712915755462e-01,9.554401712915755462e-01,1.000000000000001110e+00
1.000000000000000888e+00,6.135363448478400317e-01,6.135363448478400317e-01,1.000000000000000888e+00
1.000000000000000666e+00,-5.010697507713002263e-01,-5.010697507713002263e-01,1.000000000000000666e+00
1.000000000000000888e+00,-9.810102527326944877e-01,-9.810102527326944877e-01,1.000000000000000888e+00
1.000000000000000888e+00,-6.236553876681569797e-01,-6.236553876681569797e-01,1.000000000000000888e+00
1.000000000000001332e+00,1.406209116439962326e-01,1.406209116439962326e-01,1.000000000000001332e+00
1.000000000000001110e+00,8.935468368183543397e-01,8.935468368183543397e-01,1.000000000000001110e+00
1.000000000000000444e+00,7.502622283987760987e-01,7.502622283987760987e-01,1.000000000000000444e+00
1.000000000000000888e+00,-3.411928416956106491e-01,-3.411928416956106491e-01,1.000000000000000888e+00
1.000000000000001110e+00,-9.681840727391105572e-01,-9.681840727391105572e-01,1.000000000000001110e+00
1.000000000000001110e+00,-7.160507203006036825e-01,-7.160507203006036825e-01,1.000000000000001110e+00
1.000000000000001554e+00,5.839721491157440214e-03,5.839721491157440214e-03,1.000000000000001554e+00
1.000000000000001554e+00,8.071444048076112932e-01,8.071444048076112932e-01,1.000000000000001554e+00
1.000000000000001776e+00,8.573697287067568729e-01,8.573697287067568729e-01,1.000000000000001776e+00
1.000000000000001110e+00,-1.641374698739609395e-01,-1.641374698739609395e-01,1.000000000000001110e+00
1.000000000000001332e+00,-9.348100468578688371e-01,-9.348100468578688371e-01,1.000000000000001332e+00
1.000000000000000888e+00,-7.943461401049286552e-01,-7.943461401049286552e-01,1.000000000000000888e+00
1.000000000000000666e+00,-1.273134111305690985e-01,-1.273134111305690985e-01,1.000000000000000666e+00
1.000000000000000666e+00,7.027046922952930874e-01,7.027046922952930874e-01,1.000000000000000666e+00
1.000000000000000666e+00,9.334715226819002565e-01,9.334715226819002565e-01,1.000000000000000666e+00
1.000000000000001110e+00,1.836868690772450186e-02,1.836868690772450186e-02,1.000000000000001110e+00
1.000000000000001332e+00,-8.740176876556082775e-01,-8.740176876556082775e-01,1.000000000000001332e+00
1.000000000000001554e+00,-8.614262532613303769e-01,-8.614262532613303769e-01,1.000000000000001554e+00
1.000000000000001998e+00,-2.534303420516145211e-01,-2.534303420516145211e-01,1.000000000000001998e+00
1.000000000000002220e+00,5.826829299585718491e-01,5.826829299585718491e-01,1.000000000000002220e+00
1.000000000000002220e+00,9.756079247055806647e-01,9.756079247055806647e-01,1.000000000000002220e+00
1.000000000000002442e+00,2.036219038389693037e-01,2.036219038389693037e-01,1.000000000000002442e+00
1.000000000000002442e+00,-7.900276295804105064e-01,-7.900276295804105064e-01,1.000000000000002442e+00
1.000000000000002665e+00,-9.118739098405181931e-01,-9.118739098405181931e-01,1.000000000000002665e+00
1.000000000000002220e+00,-3.740296988747690565e-01,-3.740296988747690565e-01,1.000000000000002220e+00
1.000000000000002442e+00,4.536925380576885547e-01,4.536925380576885547e-01,1.000000000000002442e+00
1.000000000000002220e+00,9.838892187247031407e-01,9.838892187247031407e-01,1.000000000000002220e+00
1.000000000000001998e+00,3.814723320779507265e-01,3.814723320779507265e-01,1.000000000000001998e+00
1.000000000000001776e+00,-6.800627137756127816e-01,-6.800627137756127816e-01,1.000000000000001776e+00
1.000000000000001332e+00,-9.465205971892387549e-01,-9.465205971892387549e-01,1.000000000000001332e+00
1.000000000000001110e+00,-4.856216763770556666e-01,-4.856216763770556666e-01,1.000000000000001110e+00
1.000000000000001776e+00,3.181101528992308913e-01,3.181101528992308913e-01,1.000000000000001776e+00
1.000000000000001554e+00,9.602660180319994021e-01,9.602660180319994021e-01,1.000000000000001554e+00
1.000000000000001776e+00,5.457347956145656154e-01,5.457347956145656154e-01,1.000000000000001776e+00
1.000000000000002220e+00,-5.474834315102009574e-01,-5.474834315102009574e-01,1.000000000000002220e+00
1.000000000000001998e+00,-9.620441532395662687e-01,-9.620441532395662687e-01,1.000000000000001998e+00
1.000000000000001776e+00,-5.882246456738203788e-01,-5.882246456738203788e-01,1.000000000000001776e+00
1.000000000000001110e+00,1.806161402670733718e-01,1.806161402670733718e-01,1.000000000000001110e+00
1.000000000000001110e+00,9.069539102701967836e-01,9.069539102701967836e-01,1.000000000000001110e+00
1.000000000000001332e+00,6.898381074786676947e-01,6.898381074786676947e-01,1.000000000000001332e+00
1.000000000000000666e+00,-3.954480065576931880e-01,-3.954480065576931880e-01,1.000000000000000666e+00
1.000000000000000666e+00,-9.564418838403865308e-01,-9.564418838403865308e-01,1.000000000000000666e+00
1.000000000000000666e+00,-6.806841310896418751e-01,-6.806841310896418751e-01,1.000000000000000666e+00
1.000000000000000666e+00,4.411206552036886497e-02,4.411206552036886497e-02,1.000000000000000666e+00
1.000000000000000888e+00,8.283385187784665371e-01,8.283385187784665371e-01,1.000000000000000888e+00
1.000000000000000888e+00,8.068150357559521479e-01,8.068150357559521479e-01,1.000000000000000888e+00
1.000000000000000666e+00,-2.264110213916807890e-01,-2.264110213916807890e-01,1.000000000000000666e+00
