1.000000000000000000e+00,1.000000000000000000e+00,1.000000000000000000e+00,1.000000000000000000e+00
1.000000000000000000e+00,5.521557471351304924e-01,5.521557471351304924e-01,1.000000000000000000e+00
9.999999999999998890e-01,-3.342197905835542771e-01,-3.342197905835542771e-01,9.999999999999998890e-01
1.000000000000000000e+00,-9.556392431660316600e-01,-9.556392431660316600e-01,1.000000000000000000e+00
1.000000000000000444e+00,-6.981659353657704292e-01,-6.981659353657704292e-01,1.000000000000000444e+00
1.000000000000000444e+00,2.705874855448479610e-01,2.705874855448479610e-01,1.000000000000000444e+00
1.000000000000000666e+00,9.632914740187714653e-01,9.632914740187714653e-01,1.000000000000000666e+00
1.000000000000000444e+00,7.899024142880377575e-01,7.899024142880377575e-01,1.000000000000000444e+00
1.000000000000001110e+00,-1.166016188351393090e-01,-1.166016188351393090e-01,1.000000000000001110e+00
1.000000000000001110e+00,-9.218877471245092714e-01,-9.218877471245092714e-01,1.000000000000001110e+00
1.000000000000000888e+00,-8.201909333689536563e-01,-8.201909333689536563e-01,1.000000000000000888e+00
1.000000000000000222e+00,1.229241853647198846e-01,1.229241853647198846e-01,1.000000000000000222e+00
1.000000000000000222e+00,8.634052781499619300e-01,8.634052781499619300e-01,1.000000000000000222e+00
1.000000000000000222e+00,8.653645949711872287e-01,8.653645949711872287e-01,1.000000000000000222e+00
1.000000000000000000e+00,7.068516875591907000e-02,7.068516875591907000e-02,1.000000000000000000e+00
1.000000000000000000e+00,-8.224977023460351422e-01,-8.224977023460351422e-01,1.000000000000000000e+00
9.999999999999997780e-01,-9.279977544205300077e-01,-9.279977544205300077e-01,9.999999999999997780e-01
9.999999999999993339e-01,-2.234896755231088328e-01,-2.234896755231088328e-01,9.999999999999993339e-01
9.999999999999996669e-01,7.156842788499981900e-01,7.156842788499981900e-01,9.999999999999996669e-01
9.999999999999998890e-01,9.684834469397922696e-01,9.684834469397922696e-01,9.999999999999998890e-01
1.000000000000000222e+00,3.606099685457947457e-01,3.606099685457947457e-01,1.000000000000000222e+00
1.000000000000000444e+00,-6.647071258981666064e-01,-6.647071258981666064e-01,1.000000000000000444e+00
1.000000000000000444e+00,-9.870846455452499946e-01,-9.870846455452499946e-01,1.000000000000000444e+00
1.000000000000000222e+00,-3.657482339169730312e-01,-3.657482339169730312e-01,1.000000000000000222e+00
1.000000000000000222e+00,5.499332765124915756e-01,5.499332765124915756e-01,1.000000000000000222e+00
1.000000000000000444e+00,9.998977688094635718e-01,9.998977688094635718e-01,1.000000000000000444e+00
1.000000000000000888e+00,5.523964820647272456e-01,5.523964820647272456e-01,1.000000000000000888e+00
1.000000000000001332e+00,-3.670639092696565409e-01,-3.670639092696565409e-01,1.000000000000001332e+00
1.000000000000001332e+00,-9.601356759727832646e-01,-9.601356759727832646e-01,1.000000000000001332e+00
1.000000000000001332e+00,-6.223188970658471986e-01,-6.223188970658471986e-01,1.000000000000001332e+00
1.000000000000001554e+00,3.326474143730305810e-01,3.326474143730305810e-01,1.000000000000001554e+00
1.000000000000001332e+00,9.738951186219589884e-01,9.738951186219589884e-01,1.000000000000001332e+00
1.000000000000001332e+00,7.446339208289353140e-01,7.446339208289353140e-01,1.000000000000001332e+00
1.000000000000001332e+00,-2.411838173983391065e-01,-2.411838173983391065e-01,1.000000000000001332e+00
1.000000000000001110e+00,-9.632032058550596965e-01,-9.632032058550596965e-01,1.000000000000001110e+00
1.000000000000001110e+00,-7.377312023643416428e-01,-7.377312023643416428e-01,1.000000000000001110e+00
1.000000000000001332e+00,2.207682581559046731e-01,2.207682581559046731e-01,1.000000000000001332e+00
1.000000000000000888e+00,9.711460215321130462e-01,9.711460215321130462e-01,1.000000000000000888e+00
1.000000000000001332e+00,6.765709019214729558e-01,6.765709019214729558e-01,1.000000000000001332e+00
1.000000000000001776e+00,-3.018175677644583943e-01,-3.018175677644583943e-01,1.000000000000001776e+00
1.000000000000001776e+00,-9.807113393733923878e-01,-9.807113393733923878e-01,1.000000000000001776e+00
1.000000000000001554e+00,-6.717680963650177750e-01,-6.717680963650177750e-01,1.000000000000001554e+00
1.000000000000001110e+00,2.581794828229424521e-01,2.581794828229424521e-01,1.000000000000001110e+00
1.000000000000001110e+00,9.444018554394820741e-01,9.444018554394820741e-01,1.000000000000001110e+00
1.000000000000000666e+00,7.627252660474096446e-01,7.627252660474096446e-01,1.000000000000000666e+00
1.000000000000000666e+00,-1.500174663155655064e-01,-1.500174663155655064e-01,1.000000000000000666e+00
1.000000000000000666e+00,-9.089889143634873880e-01,-9.089889143634873880e-01,1.000000000000000666e+00
1.000000000000001110e+00,-7.619115406097873855e-01,-7.619115406097873855e-01,1.000000000000001110e+00
1.000000000000000666e+00,1.488598871819225566e-01,1.488598871819225566e-01,1.000000000000000666e+00
1.000000000000000666e+00,9.184877278954602930e-01,9.184877278954602930e-01,1.000000000000000666e+00
1.000000000000000666e+00,8.526118307305529109e-01,8.526118307305529109e-01,1.000000000000000666e+00
1.000000000000000666e+00,-4.023362719070777693e-03,-4.023362719070777693e-03,1.000000000000000666e+00
1.000000000000001332e+00,-8.182312799109324741e-01,-8.182312799109324741e-01,1.000000000000001332e+00
1.000000000000001332e+00,-9.029474349799468946e-01,-9.029474349799468946e-01,1.000000000000001332e+00
1.000000000000001110e+00,-6.356140812484012415e-02,-6.356140812484012415e-02,1.000000000000001110e+00
1.000000000000001110e+00,7.542701724372238292e-01,7.542701724372238292e-01,1.000000000000001110e+00
1.000000000000000666e+00,9.776165865031372082e-01,9.776165865031372082e-01,1.000000000000000666e+00
1.000000000000001110e+00,3.175000730024850615e-01,3.175000730024850615e-01,1.000000000000001110e+00
1.000000000000000888e+00,-6.919127375743205910e-01,-6.919127375743205910e-01,1.000000000000000888e+00
1.000000000000001332e+00,-9.810087317064315471e-01,-9.810087317064315471e-01,1.000000000000001332e+00
1.000000000000001110e+00,-3.551089932235787505e-01,-3.551089932235787505e-01,1.000000000000001110e+00
1.000000000000001554e+00,5.792177085623860799e-01,5.792177085623860799e-01,1.000000000000001554e+00
1.000000000000001332e+00,9.893574161286219359e-01,9.893574161286219359e-01,1.000000000000001332e+00
1.000000000000001110e+00,3.574224733420349187e-01,3.574224733420349187e-01,1.000000000000001110e+00
1.000000000000001332e+00,-6.370899662564829535e-01,-6.370899662564829535e-01,1.000000000000001332e+00
1.000000000000001332e+00,-9.835993334550987566e-01,-9.835993334550987566e-01,1.000000000000001332e+00
1.000000000000001554e+00,-4.772944814361193000e-01,-4.772944814361193000e-01,1.000000000000001554e+00
1.000000000000001776e+00,4.827523702929124028e-01,4.827523702929124028e-01,1.000000000000001776e+00
1.000000000000001554e+00,9.946188127805586365e-01,9.946188127805586365e-01,1.000000000000001554e+00
1.000000000000001110e+00,5.369866432960798130e-01,5.369866432960798130e-01,1.000000000000001110e+00
1.000000000000001554e+00,-3.648423566576760035e-01,-3.648423566576760035e-01,1.000000000000001554e+00
1.000000000000001554e+00,-9.698293221531852915e-01,-9.698293221531852915e-01,1.000000000000001554e+00
1.000000000000001776e+00,-6.800259054826015559e-01,-6.800259054826015559e-01,1.000000000000001776e+00
1.000000000000001998e+00,1.595730402614031762e-01,1.595730402614031762e-01,1.000000000000001998e+00
1.000000000000002220e+00,9.041109398532748420e-01,9.041109398532748420e-01,1.000000000000002220e+00
1.000000000000002442e+00,8.356547648436120079e-01,8.356547648436120079e-01,1.000000000000002442e+00
1.000000000000002665e+00,-8.342024527614799734e-02,-8.342024527614799734e-02,1.000000000000002665e+00
1.000000000000002887e+00,-9.038443703935863383e-01,-9.038443703935863383e-01,1.000000000000002887e+00
1.000000000000002665e+00,-8.242803797761572016e-01,-8.242803797761572016e-01,1.000000000000002665e+00
1.000000000000003109e+00,2.399745101143940795e-02,2.399745101143940795e-02,1.000000000000003109e+00
1.000000000000003109e+00,8.397563955666829116e-01,8.397563955666829116e-01,1.000000000000003109e+00
1.000000000000003109e+00,8.660480770662278838e-01,8.660480770662278838e-01,1.000000000000003109e+00
1.000000000000003331e+00,-4.989358800478332912e-02,-4.989358800478332912e-02,1.000000000000003331e+00
1.000000000000003109e+00,-8.674888280005372820e-01,-8.674888280005372820e-01,1.000000000000003109e+00
1.000000000000003109e+00,-8.099500991168830932e-01,-8.099500991168830932e-01,1.000000000000003109e+00
1.000000000000003331e+00,-6.702730899534919962e-02,-6.702730899534919962e-02,1.000000000000003331e+00
1.000000000000002887e+00,8.721159329336571897e-01,8.721159329336571897e-01,1.000000000000002887e+00
1.000000000000003331e+00,8.457678157112094031e-01,8.457678157112094031e-01,1.000000000000003331e+00
1.000000000000003331e+00,4.294197790581619212e-02,4.294197790581619212e-02,1.000000000000003331e+00
1.000000000000003331e+00,-7.769143121876982416e-01,-7.769143121876982416e-01,1.000000000000003331e+00
1.000000000000002887e+00,-8.810833441218561823e-01,-8.810833441218561823e-01,1.000000000000002887e+00
1.000000000000002665e+00,-1.408292135500367470e-01,-1.408292135500367470e-01,1.000000000000002665e+00
1.000000000000002887e+00,7.578909393519409621e-01,7.578909393519409621e-01,1.000000000000002887e+00
1.000000000000002665e+00,9.135389410499902274e-01,9.135389410499902274e-01,1.000000000000002665e+00
1.000000000000003109e+00,1.293912953954785006e-01,1.293912953954785006e-01,1.000000000000003109e+00
1.000000000000003109e+00,-8.095260056620371403e-01,-8.095260056620371403e-01,1.000000000000003109e+00
1.000000000000003109e+00,-8.940340434674896031e-01,-8.940340434674896031e-01,1.000000000000003109e+00
1.000000000000002665e+00,-9.092808121725048931e-02,-9.092808121725048931e-02,1.000000000000002665e+00
1.000000000000002220e+00,8.164363334779833892e-01,8.164363334779833892e-01,1.000000000000002220e+00
1.000000000000002220e+00,9.544979500365878833e-01,9.544979500365878833e-01,1.000000000000002220e+00
1.000000000000001998e+00,1.425699759922699761e-01,1.425699759922699761e-01,1.000000000000001998e+00
