1.000000000000000000e+00,1.000000000000000000e+00,1.000000000000000000e+00,1.000000000000000000e+00
1.000000000000000000e+00,3.904854502994732357e-01,3.904854502994732357e-01,1.000000000000000000e+00
1.000000000000000222e+00,-7.261289693748310681e-01,-7.261289693748310681e-01,1.000000000000000222e+00
9.999999999999998890e-01,-9.005524721278683753e-01,-9.005524721278683753e-01,9.999999999999998890e-01
1.000000000000000000e+00,-8.993273346628399834e-02,-8.993273346628399834e-02,1.000000000000000000e+00
1.000000000000000000e+00,7.270502711296344955e-01,7.270502711296344955e-01,1.000000000000000000e+00
1.000000000000000000e+00,9.977673429588544973e-01,9.977673429588544973e-01,1.000000000000000000e+00
9.999999999999996669e-01,6.190466857828222924e-01,6.190466857828222924e-01,9.999999999999996669e-01
9.999999999999995559e-01,-2.703809747946864239e-01,-2.703809747946864239e-01,9.999999999999995559e-01
9.999999999999996669e-01,-9.699600077353650596e-01,-9.699600077353650596e-01,9.999999999999996669e-01
9.999999999999993339e-01,-5.354149014117430827e-01,-5.354149014117430827e-01,9.999999999999993339e-01
1.000000000000000000e+00,6.027346368050117142e-01,6.027346368050117142e-01,1.000000000000000000e+00
1.000000000000000000e+00,9.770983246511408815e-01,9.770983246511408815e-01,1.000000000000000000e+00
9.999999999999997780e-01,3.484364838217216542e-01,3.484364838217216542e-01,9.999999999999997780e-01
1.000000000000000000e+00,-4.925649195759845278e-01,-4.925649195759845278e-01,1.000000000000000000e+00
9.999999999999994449e-01,-9.675378903453568658e-01,-9.675378903453568658e-01,9.999999999999994449e-01
9.999999999999993339e-01,-8.037462372732874227e-01,-8.037462372732874227e-01,9.999999999999993339e-01
9.999999999999994449e-01,4.972142206516289020e-02,4.972142206516289020e-02,9.999999999999994449e-01
9.999999999999995559e-01,9.229066765911727588e-01,9.229066765911727588e-01,9.999999999999995559e-01
9.999999999999995559e-01,6.837075747019172312e-01,6.837075747019172312e-01,9.999999999999995559e-01
9.999999999999994449e-01,-4.316537666304457455e-01,-4.316537666304457455e-01,9.999999999999994449e-01
9.999999999999996669e-01,-9.928077677731834694e-01,-9.928077677731834694e-01,9.999999999999996669e-01
9.999999999999997780e-01,-5.810438742710951621e-01,-5.810438742710951621e-01,9.999999999999997780e-01
9.999999999999998890e-01,2.195541564419987990e-01,2.195541564419987990e-01,9.999999999999998890e-01
9.999999999999995559e-01,8.628467319624433252e-01,8.628467319624433252e-01,9.999999999999995559e-01
9.999999999999996669e-01,9.346065112188300938e-01,9.346065112188300938e-01,9.999999999999996669e-01
9.999999999999995559e-01,1.760722253806598081e-01,1.760722253806598081e-01,9.999999999999995559e-01
9.999999999999995559e-01,-8.257472153688596439e-01,-8.257472153688596439e-01,9.999999999999995559e-01
9.999999999999995559e-01,-7.908882816094016110e-01,-7.908882816094016110e-01,9.999999999999995559e-01
9.999999999999994449e-01,2.560491667340347166e-01,2.560491667340347166e-01,9.999999999999994449e-01
9.999999999999995559e-01,9.673786726001520897e-01,9.673786726001520897e-01,9.999999999999995559e-01
1.000000000000000000e+00,7.893525509582987043e-01,7.893525509582987043e-01,1.000000000000000000e+00
9.999999999999997780e-01,8.452881915266105550e-02,8.452881915266105550e-02,9.999999999999997780e-01
9.999999999999997780e-01,-6.785376603191695111e-01,-6.785376603191695111e-01,9.999999999999997780e-01
9.999999999999997780e-01,-9.857056149536143064e-01,-9.857056149536143064e-01,9.999999999999997780e-01
9.999999999999995559e-01,-3.655589380083581474e-01,-3.655589380083581474e-01,9.999999999999995559e-01
9.999999999999994449e-01,7.273246727234843334e-01,7.273246727234843334e-01,9.999999999999994449e-01
9.999999999999994449e-01,8.954545898088275280e-01,8.954545898088275280e-01,9.999999999999994449e-01
9.999999999999995559e-01,-3.956933820172042759e-02,-3.956933820172042759e-02,9.999999999999995559e-01
9.999999999999995559e-01,-8.650411461057512241e-01,-8.650411461057512241e-01,9.999999999999995559e-01
9.999999999999996669e-01,-9.282444029155511034e-01,-9.282444029155511034e-01,9.999999999999996669e-01
1.000000000000000000e+00,-3.701428958627833166e-01,-3.701428958627833166e-01,1.000000000000000000e+00
1.000000000000000000e+00,4.559028209211387628e-01,4.559028209211387628e-01,1.000000000000000000e+00
9.999999999999998890e-01,9.924788880975949912e-01,9.924788880975949912e-01,9.999999999999998890e-01
1.000000000000000222e+00,5.474404075611257747e-01,5.474404075611257747e-01,1.000000000000000222e+00
9.999999999999997780e-01,-5.860453092466739733e-01,-5.860453092466739733e-01,9.999999999999997780e-01
9.999999999999997780e-01,-9.515251415462726570e-01,-9.515251415462726570e-01,9.999999999999997780e-01
1.000000000000000000e+00,-1.762852726882438992e-01,-1.762852726882438992e-01,1.000000000000000000e+00
1.000000000000000000e+00,7.111583566970119952e-01,7.111583566970119952e-01,1.000000000000000000e+00
9.999999999999998890e-01,9.973996006583178975e-01,9.973996006583178975e-01,9.999999999999998890e-01
1.000000000000000000e+00,6.301098232518528297e-01,6.301098232518528297e-01,1.000000000000000000e+00
9.999999999999997780e-01,-1.986139520208463072e-01,-1.986139520208463072e-01,9.999999999999997780e-01
9.999999999999996669e-01,-9.330611184880677200e-01,-9.330611184880677200e-01,9.999999999999996669e-01
1.000000000000000000e+00,-6.810461126178228852e-01,-6.810461126178228852e-01,1.000000000000000000e+00
1.000000000000000444e+00,4.466076072736071545e-01,4.466076072736071545e-01,1.000000000000000444e+00
1.000000000000000888e+00,9.968648651199351063e-01,9.968648651199351063e-01,1.000000000000000888e+00
1.000000000000000444e+00,4.098980620365849648e-01,4.098980620365849648e-01,1.000000000000000444e+00
1.000000000000000444e+00,-4.840631597857618651e-01,-4.840631597857618651e-01,1.000000000000000444e+00
1.000000000000000444e+00,-9.684348242319749112e-01,-9.684348242319749112e-01,1.000000000000000444e+00
1.000000000000000444e+00,-8.217011449288895708e-01,-8.217011449288895708e-01,1.000000000000000444e+00
1.000000000000000888e+00,-4.614738667358203594e-02,-4.614738667358203594e-02,1.000000000000000888e+00
1.000000000000001110e+00,8.494818463033164679e-01,8.494818463033164679e-01,1.000000000000001110e+00
1.000000000000001332e+00,8.098663707805133782e-01,8.098663707805133782e-01,1.000000000000001332e+00
1.000000000000001332e+00,-2.700152183856960320e-01,-2.700152183856960320e-01,1.000000000000001332e+00
1.000000000000001332e+00,-9.836041181526788968e-01,-9.836041181526788968e-01,1.000000000000001332e+00
1.000000000000001332e+00,-6.167962029307889615e-01,-6.167962029307889615e-01,1.000000000000001332e+00
1.000000000000001332e+00,2.195544462849366718e-01,2.195544462849366718e-01,1.000000000000001332e+00
1.000000000000001332e+00,8.623369661295505750e-01,8.623369661295505750e-01,1.000000000000001332e+00
1.000000000000000888e+00,9.504648653658778201e-01,9.504648653658778201e-01,1.000000000000000888e+00
1.000000000000001332e+00,2.895782579430624670e-01,2.895782579430624670e-01,1.000000000000001332e+00
1.000000000000001110e+00,-7.190884762601783553e-01,-7.190884762601783553e-01,1.000000000000001110e+00
1.000000000000000888e+00,-8.894675941711204237e-01,-8.894675941711204237e-01,1.000000000000000888e+00
1.000000000000000888e+00,1.005256025694083732e-01,1.005256025694083732e-01,1.000000000000000888e+00
1.000000000000001554e+00,9.396236951622384259e-01,9.396236951622384259e-01,1.000000000000001554e+00
1.000000000000001776e+00,8.064139356199251374e-01,8.064139356199251374e-01,1.000000000000001776e+00
1.000000000000001332e+00,7.928375857427802376e-02,7.928375857427802376e-02,1.000000000000001332e+00
1.000000000000001332e+00,-6.704110386935063781e-01,-6.704110386935063781e-01,1.000000000000001332e+00
1.000000000000000888e+00,-9.926172198380809331e-01,-9.926172198380809331e-01,1.000000000000000888e+00
1.000000000000000888e+00,-4.892724789468390068e-01,-4.892724789468390068e-01,1.000000000000000888e+00
1.000000000000000666e+00,5.885455819916389775e-01,5.885455819916389775e-01,1.000000000000000666e+00
1.000000000000000666e+00,9.622253090821344390e-01,9.622253090821344390e-01,1.000000000000000666e+00
1.000000000000000666e+00,1.020926391217404361e-01,1.020926391217404361e-01,1.000000000000000666e+00
1.000000000000000444e+00,-8.274887678388611612e-01,-8.274887678388611612e-01,1.000000000000000444e+00
1.000000000000001110e+00,-9.317934827977778500e-01,-9.317934827977778500e-01,1.000000000000001110e+00
1.000000000000000888e+00,-3.656994685980530790e-01,-3.656994685980530790e-01,1.000000000000000888e+00
1.000000000000001332e+00,4.337094767275774254e-01,4.337094767275774254e-01,1.000000000000001332e+00
1.000000000000001332e+00,9.774324272651417900e-01,9.774324272651417900e-01,1.000000000000001332e+00
1.000000000000001332e+00,6.698618739603310335e-01,6.698618739603310335e-01,1.000000000000001332e+00
1.000000000000001110e+00,-4.224660938125675003e-01,-4.224660938125675003e-01,1.000000000000001110e+00
1.000000000000001110e+00,-9.847477443731821323e-01,-9.847477443731821323e-01,1.000000000000001110e+00
1.000000000000000444e+00,-2.918832546511744841e-01,-2.918832546511744841e-01,1.000000000000000444e+00
1.000000000000000666e+00,6.738967443358914178e-01,6.738967443358914178e-01,1.000000000000000666e+00
1.000000000000000444e+00,9.975447787952660406e-01,9.975447787952660406e-01,1.000000000000000444e+00
1.000000000000000666e+00,6.295666695936270596e-01,6.295666695936270596e-01,1.000000000000000666e+00
1.000000000000000888e+00,-1.582941652991220471e-01,-1.582941652991220471e-01,1.000000000000000888e+00
1.000000000000000444e+00,-8.894796686694175225e-01,-8.894796686694175225e-01,1.000000000000000444e+00
1.000000000000000888e+00,-7.956589934216282689e-01,-7.956589934216282689e-01,1.000000000000000888e+00
1.000000000000000888e+00,2.691683510544926605e-01,2.691683510544926605e-01,1.000000000000000888e+00
1.000000000000001332e+00,9.963951287467074369e-01,9.963951287467074369e-01,1.000000000000001332e+00
1.000000000000000888e+00,4.982293405546912579e-01,4.982293405546912579e-01,1.000000000000000888e+00
1.000000000000001110e+00,-4.537754243740287907e-01,-4.537754243740287907e-01,1.000000000000001110e+00
