1.000000000000000000e+00,1.000000000000000000e+00,1.000000000000000000e+00,1.000000000000000000e+00
9.999999999999997780e-01,5.931800610982135291e-01,5.931800610982135291e-01,9.999999999999997780e-01
9.999999999999996669e-01,-3.319771793731419729e-01,-3.319771793731419729e-01,9.999999999999996669e-01
9.999999999999994449e-01,-9.776260432362336994e-01,-9.776260432362336994e-01,9.999999999999994449e-01
9.999999999999997780e-01,-6.363201976630394885e-01,-6.363201976630394885e-01,9.999999999999997780e-01
9.999999999999997780e-01,2.660673663016768220e-01,2.660673663016768220e-01,9.999999999999997780e-01
1.000000000000000444e+00,9.357420760257216807e-01,9.357420760257216807e-01,1.000000000000000444e+00
1.000000000000000444e+00,7.770749870653723690e-01,7.770749870653723690e-01,1.000000000000000444e+00
1.000000000000001110e+00,-1.257873315229791067e-01,-1.257873315229791067e-01,1.000000000000001110e+00
1.000000000000001332e+00,-8.890723159026168165e-01,-8.890723159026168165e-01,1.000000000000001332e+00
1.000000000000001332e+00,-8.263577051570049070e-01,-8.263577051570049070e-01,1.000000000000001332e+00
1.000000000000001110e+00,4.700208262881921950e-02,4.700208262881921950e-02,1.000000000000001110e+00
1.000000000000000888e+00,9.123001870659356305e-01,9.123001870659356305e-01,1.000000000000000888e+00
1.000000000000001110e+00,8.476893845146925566e-01,8.476893845146925566e-01,1.000000000000001110e+00
1.000000000000001332e+00,-5.922256914514795190e-02,-5.922256914514795190e-02,1.000000000000001332e+00
1.000000000000001332e+00,-8.500062526390875783e-01,-8.500062526390875783e-01,1.000000000000001332e+00
1.000000000000001110e+00,-9.127548922196759840e-01,-9.127548922196759840e-01,1.000000000000001110e+00
1.000000000000001110e+00,-5.810832362154266795e-02,-5.810832362154266795e-02,1.000000000000001110e+00
1.000000000000000666e+00,8.350119175290242612e-01,8.350119175290242612e-01,1.000000000000000666e+00
1.000000000000000444e+00,8.825567351132368454e-01,8.825567351132368454e-01,1.000000000000000444e+00
1.000000000000000666e+00,1.437448870179850180e-01,1.437448870179850180e-01,1.000000000000000666e+00
1.000000000000001110e+00,-7.733869500009534770e-01,-7.733869500009534770e-01,1.000000000000001110e+00
1.000000000000000444e+00,-9.040975422950443541e-01,-9.040975422950443541e-01,1.000000000000000444e+00
1.000000000000000222e+00,-1.272535344013628333e-01,-1.272535344013628333e-01,1.000000000000000222e+00
1.000000000000000444e+00,7.927723259975425485e-01,7.927723259975425485e-01,1.000000000000000444e+00
1.000000000000000888e+00,9.233417624396130785e-01,9.233417624396130785e-01,1.000000000000000888e+00
1.000000000000000888e+00,2.120350156426355215e-01,2.120350156426355215e-01,1.000000000000000888e+00
1.000000000000001110e+00,-7.030793777989738924e-01,-7.030793777989738924e-01,1.000000000000001110e+00
1.000000000000000888e+00,-9.719788969290681369e-01,-9.719788969290681369e-01,1.000000000000000888e+00
1.000000000000000888e+00,-2.979457277614990796e-01,-2.979457277614990796e-01,1.000000000000000888e+00
1.000000000000000666e+00,6.579641517702287112e-01,6.579641517702287112e-01,1.000000000000000666e+00
1.000000000000000222e+00,9.700523176997953856e-01,9.700523176997953856e-01,1.000000000000000222e+00
1.000000000000000666e+00,3.930026209632705436e-01,3.930026209632705436e-01,1.000000000000000666e+00
1.000000000000000444e+00,-5.999062650789502849e-01,-5.999062650789502849e-01,1.000000000000000444e+00
1.000000000000000222e+00,-9.826037864809242794e-01,-9.826037864809242794e-01,1.000000000000000222e+00
1.000000000000000222e+00,-4.232315033628109013e-01,-4.232315033628109013e-01,1.000000000000000222e+00
1.000000000000000222e+00,5.006571357916936860e-01,5.006571357916936860e-01,1.000000000000000222e+00
1.000000000000000222e+00,9.975801152071718247e-01,9.975801152071718247e-01,1.000000000000000222e+00
1.000000000000000222e+00,5.395702135476836414e-01,5.395702135476836414e-01,1.000000000000000222e+00
1.000000000000000444e+00,-3.824822220010979934e-01,-3.824822220010979934e-01,1.000000000000000444e+00
1.000000000000000000e+00,-9.757754389018762353e-01,-9.757754389018762353e-01,1.000000000000000000e+00
1.000000000000000222e+00,-6.990080956016528901e-01,-6.990080956016528901e-01,1.000000000000000222e+00
1.000000000000000000e+00,2.022583843139165727e-01,2.022583843139165727e-01,1.000000000000000000e+00
1.000000000000000000e+00,9.393794356181456306e-01,9.393794356181456306e-01,1.000000000000000000e+00
1.000000000000000000e+00,7.366149936215671268e-01,7.366149936215671268e-01,1.000000000000000000e+00
1.000000000000000000e+00,-9.551391905726075437e-02,-9.551391905726075437e-02,1.000000000000000000e+00
9.999999999999998890e-01,-8.771139698784431449e-01,-8.771139698784431449e-01,9.999999999999998890e-01
9.999999999999998890e-01,-8.181723368767545024e-01,-8.181723368767545024e-01,9.999999999999998890e-01
9.999999999999998890e-01,8.985235166377661398e-02,8.985235166377661398e-02,9.999999999999998890e-01
9.999999999999993339e-01,9.153355822524547047e-01,9.153355822524547047e-01,9.999999999999993339e-01
9.999999999999997780e-01,8.051196009168749557e-01,8.051196009168749557e-01,9.999999999999997780e-01
9.999999999999996669e-01,-1.539970815423301054e-01,-1.539970815423301054e-01,9.999999999999996669e-01
9.999999999999995559e-01,-9.285830108814552286e-01,-9.285830108814552286e-01,9.999999999999995559e-01
9.999999999999991118e-01,-7.548049619695931245e-01,-7.548049619695931245e-01,9.999999999999991118e-01
9.999999999999995559e-01,1.706388439525559075e-01,1.706388439525559075e-01,9.999999999999995559e-01
9.999999999999994449e-01,9.509062143734422490e-01,9.509062143734422490e-01,9.999999999999994449e-01
9.999999999999994449e-01,7.205750514264510631e-01,7.205750514264510631e-01,9.999999999999994449e-01
9.999999999999997780e-01,-2.362357825399252209e-01,-2.362357825399252209e-01,9.999999999999997780e-01
9.999999999999998890e-01,-9.157609421944826744e-01,-9.157609421944826744e-01,9.999999999999998890e-01
1.000000000000000000e+00,-7.779631902076880046e-01,-7.779631902076880046e-01,1.000000000000000000e+00
1.000000000000000000e+00,5.209741324018929420e-02,5.209741324018929420e-02,1.000000000000000000e+00
9.999999999999996669e-01,8.993049427903857529e-01,8.993049427903857529e-01,9.999999999999996669e-01
9.999999999999993339e-01,8.075536678218385722e-01,8.075536678218385722e-01,9.999999999999993339e-01
9.999999999999990008e-01,-7.550580466123990586e-02,-7.550580466123990586e-02,9.999999999999990008e-01
9.999999999999993339e-01,-8.430268213989872139e-01,-8.430268213989872139e-01,9.999999999999993339e-01
9.999999999999993339e-01,-8.524331466296601878e-01,-8.524331466296601878e-01,9.999999999999993339e-01
9.999999999999995559e-01,-8.032773413571847598e-02,-8.032773413571847598e-02,9.999999999999995559e-01
9.999999999999993339e-01,8.202509378365155923e-01,8.202509378365155923e-01,9.999999999999993339e-01
9.999999999999993339e-01,8.912459291647134574e-01,8.912459291647134574e-01,9.999999999999993339e-01
9.999999999999995559e-01,1.072561648278831381e-01,1.072561648278831381e-01,9.999999999999995559e-01
9.999999999999997780e-01,-7.388236653603095228e-01,-7.388236653603095228e-01,9.999999999999997780e-01
9.999999999999995559e-01,-9.321914126209589480e-01,-9.321914126209589480e-01,9.999999999999995559e-01
1.000000000000000000e+00,-1.776059165892459601e-01,-1.776059165892459601e-01,1.000000000000000000e+00
9.999999999999995559e-01,6.936807504026645255e-01,6.936807504026645255e-01,9.999999999999995559e-01
9.999999999999996669e-01,9.798372479889638775e-01,9.798372479889638775e-01,9.999999999999996669e-01
1.000000000000000000e+00,3.905509875250290364e-01,3.905509875250290364e-01,1.000000000000000000e+00
9.999999999999997780e-01,-6.403288111302801733e-01,-6.403288111302801733e-01,9.999999999999997780e-01
9.999999999999997780e-01,-9.821680093570832604e-01,-9.821680093570832604e-01,9.999999999999997780e-01
9.999999999999997780e-01,-3.854521577238622654e-01,-3.854521577238622654e-01,9.999999999999997780e-01
9.999999999999997780e-01,5.318020712403976891e-01,5.318020712403976891e-01,9.999999999999997780e-01
1.000000000000000000e+00,9.998049438556106949e-01,9.998049438556106949e-01,1.000000000000000000e+00
9.999999999999995559e-01,4.911190839805069097e-01,4.911190839805069097e-01,9.999999999999995559e-01
9.999999999999997780e-01,-4.517525558785797646e-01,-4.517525558785797646e-01,9.999999999999997780e-01
1.000000000000000444e+00,-9.746164187013564018e-01,-9.746164187013564018e-01,1.000000000000000444e+00
1.000000000000000888e+00,-5.977169792795976599e-01,-5.977169792795976599e-01,1.000000000000000888e+00
1.000000000000001332e+00,3.154799019163778695e-01,3.154799019163778695e-01,1.000000000000001332e+00
1.000000000000000888e+00,9.659879427961356457e-01,9.659879427961356457e-01,1.000000000000000888e+00
1.000000000000000666e+00,6.521010366261059676e-01,6.521010366261059676e-01,1.000000000000000666e+00
1.000000000000000888e+00,-2.949052160937543632e-01,-2.949052160937543632e-01,1.000000000000000888e+00
1.000000000000001110e+00,-9.511824473323422513e-01,-9.511824473323422513e-01,1.000000000000001110e+00
1.000000000000000888e+00,-7.583576836839105439e-01,-7.583576836839105439e-01,1.000000000000000888e+00
1.000000000000000444e+00,7.458425706009394474e-02,7.458425706009394474e-02,1.000000000000000444e+00
1.000000000000000666e+00,9.068084767312398764e-01,9.068084767312398764e-01,1.000000000000000666e+00
1.000000000000001332e+00,8.763166871418466286e-01,8.763166871418466286e-01,1.000000000000001332e+00
1.000000000000000888e+00,1.368051887057686322e-01,1.368051887057686322e-01,1.000000000000000888e+00
1.000000000000000888e+00,-7.744815005454405155e-01,-7.744815005454405155e-01,1.000000000000000888e+00
1.000000000000001332e+00,-9.491322818788220372e-01,-9.491322818788220372e-01,1.000000000000001332e+00
1.000000000000001332e+00,-2.546355795862439986e-01,-2.546355795862439986e-01,1.000000000000001332e+00
1.000000000000001332e+00,7.130105202602980974e-01,7.130105202602980974e-01,1.000000000000001332e+00
1.000000000000001110e+00,9.617833982486222455e-01,9.617833982486222455e-01,1.000000000000001110e+00
1.000000000000000666e+00,2.077790953303736698e-01,2.077790953303736698e-01,1.000000000000000666e+00
