1.000000000000000000e+00,1.000000000000000000e+00,1.000000000000000000e+00,1.000000000000000000e+00
1.000000000000000444e+00,5.771395883891803358e-01,5.771395883891803358e-01,1.000000000000000444e+00
1.000000000000000222e+00,-2.266353493450221634e-01,-2.266353493450221634e-01,1.000000000000000222e+00
1.000000000000000444e+00,-8.635743619658935444e-01,-8.635743619658935444e-01,1.000000000000000444e+00
1.000000000000001110e+00,-9.238383666874707689e-01,-9.238383666874707689e-01,1.000000000000001110e+00
1.000000000000000888e+00,-1.534784658984925665e-01,-1.534784658984925665e-01,1.000000000000000888e+00
1.000000000000000666e+00,8.451752552469272706e-01,8.451752552469272706e-01,1.000000000000000666e+00
1.000000000000000444e+00,7.914786206861914586e-01,7.914786206861914586e-01,1.000000000000000444e+00
1.000000000000000444e+00,-2.602705016059702059e-01,-2.602705016059702059e-01,1.000000000000000444e+00
1.000000000000000444e+00,-9.645407982245384204e-01,-9.645407982245384204e-01,1.000000000000000444e+00
1.000000000000000444e+00,-7.767156557021533958e-01,-7.767156557021533958e-01,1.000000000000000444e+00
1.000000000000000000e+00,-6.830528574400990260e-02,-6.830528574400990260e-02,1.000000000000000000e+00
9.999999999999997780e-01,6.923286229628023980e-01,6.923286229628023980e-01,9.999999999999997780e-01
1.000000000000000222e+00,9.920023394420136587e-01,9.920023394420136587e-01,1.000000000000000222e+00
1.000000000000000000e+00,3.601905696629042475e-01,3.601905696629042475e-01,1.000000000000000000e+00
1.000000000000000444e+00,-7.261977101182328642e-01,-7.261977101182328642e-01,1.000000000000000444e+00
1.000000000000000666e+00,-8.788477281698476862e-01,-8.788477281698476862e-01,1.000000000000000666e+00
1.000000000000000888e+00,6.185947731254159976e-02,6.185947731254159976e-02,1.000000000000000888e+00
1.000000000000000666e+00,8.780735892799710340e-01,8.780735892799710340e-01,1.000000000000000666e+00
1.000000000000000888e+00,9.282043179586070281e-01,9.282043179586070281e-01,1.000000000000000888e+00
1.000000000000000888e+00,3.649081837026834085e-01,3.649081837026834085e-01,1.000000000000000888e+00
1.000000000000001110e+00,-4.621338672896014299e-01,-4.621338672896014299e-01,1.000000000000001110e+00
1.000000000000000888e+00,-9.857715021105151187e-01,-9.857715021105151187e-01,1.000000000000000888e+00
1.000000000000000888e+00,-5.252250607372220825e-01,-5.252250607372220825e-01,1.000000000000000888e+00
1.000000000000000666e+00,6.088288594056722181e-01,6.088288594056722181e-01,1.000000000000000666e+00
1.000000000000000666e+00,9.583313450897693597e-01,9.583313450897693597e-01,1.000000000000000666e+00
1.000000000000000888e+00,1.693412640933092128e-01,1.693412640933092128e-01,1.000000000000000888e+00
1.000000000000000222e+00,-7.134504779635151284e-01,-7.134504779635151284e-01,1.000000000000000222e+00
1.000000000000000666e+00,-9.924750077797592773e-01,-9.924750077797592773e-01,1.000000000000000666e+00
1.000000000000000888e+00,-6.158748599658723233e-01,-6.158748599658723233e-01,1.000000000000000888e+00
1.000000000000001776e+00,2.175628021472833240e-01,2.175628021472833240e-01,1.000000000000001776e+00
1.000000000000001554e+00,9.456386467006170360e-01,9.456386467006170360e-01,1.000000000000001554e+00
1.000000000000001110e+00,6.815609317313053861e-01,6.815609317313053861e-01,1.000000000000001110e+00
1.000000000000000888e+00,-4.508382508528187005e-01,-4.508382508528187005e-01,1.000000000000000888e+00
1.000000000000001332e+00,-9.858324208435244040e-01,-9.858324208435244040e-01,1.000000000000001332e+00
1.000000000000001332e+00,-3.910132585126274707e-01,-3.910132585126274707e-01,1.000000000000001332e+00
1.000000000000001110e+00,4.996553528399577671e-01,4.996553528399577671e-01,1.000000000000001110e+00
1.000000000000001776e+00,9.762224383760692570e-01,9.762224383760692570e-01,1.000000000000001776e+00
1.000000000000001554e+00,8.194860688947456229e-01,8.194860688947456229e-01,1.000000000000001554e+00
1.000000000000001554e+00,4.065108310366419286e-02,4.065108310366419286e-02,1.000000000000001554e+00
1.000000000000001332e+00,-8.489526455134728256e-01,-8.489526455134728256e-01,1.000000000000001332e+00
1.000000000000001332e+00,-7.896663392700159489e-01,-7.896663392700159489e-01,1.000000000000001332e+00
1.000000000000001998e+00,2.952232583287701662e-01,2.952232583287701662e-01,1.000000000000001998e+00
1.000000000000001554e+00,9.934799238179635728e-01,9.934799238179635728e-01,1.000000000000001554e+00
1.000000000000001332e+00,6.137190725945353975e-01,6.137190725945353975e-01,1.000000000000001332e+00
1.000000000000001110e+00,-2.267405515626767509e-01,-2.267405515626767509e-01,1.000000000000001110e+00
1.000000000000001110e+00,-8.631055230855484428e-01,-8.631055230855484428e-01,1.000000000000001110e+00
1.000000000000001332e+00,-9.414700313477155635e-01,-9.414700313477155635e-01,1.000000000000001332e+00
1.000000000000001110e+00,-2.688411265290537866e-01,-2.688411265290537866e-01,1.000000000000001110e+00
1.000000000000000666e+00,7.392495985434768269e-01,7.392495985434768269e-01,1.000000000000000666e+00
1.000000000000000666e+00,8.930651654693256836e-01,8.930651654693256836e-01,1.000000000000000666e+00
1.000000000000000444e+00,-1.049377270342430890e-01,-1.049377270342430890e-01,1.000000000000000444e+00
1.000000000000000222e+00,-9.370296265207755937e-01,-9.370296265207755937e-01,1.000000000000000222e+00
1.000000000000000000e+00,-7.930471600393754761e-01,-7.930471600393754761e-01,1.000000000000000000e+00
1.000000000000000222e+00,-6.305188270068451395e-02,-6.305188270068451395e-02,1.000000000000000222e+00
1.000000000000000444e+00,6.839146100105323312e-01,6.839146100105323312e-01,1.000000000000000444e+00
1.000000000000000444e+00,9.983129706730103914e-01,9.983129706730103914e-01,1.000000000000000444e+00
1.000000000000000666e+00,4.850160213591123703e-01,4.850160213591123703e-01,1.000000000000000666e+00
1.000000000000000888e+00,-5.902965427070135940e-01,-5.902965427070135940e-01,1.000000000000000888e+00
1.000000000000000444e+00,-9.474785512842023305e-01,-9.474785512842023305e-01,1.000000000000000444e+00
1.000000000000000444e+00,-7.791436363404807830e-02,-7.791436363404807830e-02,1.000000000000000444e+00
1.000000000000000444e+00,8.419807686191466134e-01,8.419807686191466134e-01,1.000000000000000444e+00
1.000000000000000444e+00,9.330222029098238501e-01,9.330222029098238501e-01,1.000000000000000444e+00
1.000000000000000888e+00,3.595922675119954115e-01,3.595922675119954115e-01,1.000000000000000888e+00
1.000000000000000666e+00,-4.394047214035144422e-01,-4.394047214035144422e-01,1.000000000000000666e+00
1.000000000000000666e+00,-9.735504602240767635e-01,-9.735504602240767635e-01,1.000000000000000666e+00
1.000000000000000444e+00,-6.503025750486102208e-01,-6.503025750486102208e-01,1.000000000000000444e+00
1.000000000000000222e+00,4.471609283134527213e-01,4.471609283134527213e-01,1.000000000000000222e+00
1.000000000000000444e+00,9.934798960213035990e-01,9.934798960213035990e-01,1.000000000000000444e+00
1.000000000000000666e+00,2.872396229230870235e-01,2.872396229230870235e-01,1.000000000000000666e+00
1.000000000000000444e+00,-6.772928994336242514e-01,-6.772928994336242514e-01,1.000000000000000444e+00
1.000000000000000444e+00,-9.916782951068809915e-01,-9.916782951068809915e-01,1.000000000000000444e+00
1.000000000000000000e+00,-6.159497417458635882e-01,-6.159497417458635882e-01,1.000000000000000000e+00
9.999999999999998890e-01,1.756733824516651110e-01,1.756733824516651110e-01,9.999999999999998890e-01
1.000000000000000444e+00,9.031889535300448024e-01,9.031889535300448024e-01,1.000000000000000444e+00
1.000000000000000888e+00,7.958256475750461467e-01,7.958256475750461467e-01,1.000000000000000888e+00
1.000000000000001332e+00,-2.725958326763956441e-01,-2.725958326763956441e-01,1.000000000000001332e+00
1.000000000000001332e+00,-9.879825435793374577e-01,-9.879825435793374577e-01,1.000000000000001332e+00
1.000000000000001332e+00,-4.781031684050925934e-01,-4.781031684050925934e-01,1.000000000000001332e+00
1.000000000000001554e+00,4.712129972340856621e-01,4.712129972340856621e-01,1.000000000000001554e+00
1.000000000000001332e+00,9.772085885956007800e-01,9.772085885956007800e-01,1.000000000000001332e+00
1.000000000000000888e+00,8.242875869332081384e-01,8.242875869332081384e-01,1.000000000000000888e+00
1.000000000000001110e+00,1.020697051690349078e-01,1.020697051690349078e-01,1.000000000000001110e+00
1.000000000000001110e+00,-7.732766195892435412e-01,-7.732766195892435412e-01,1.000000000000001110e+00
1.000000000000000888e+00,-8.868081509851867272e-01,-8.868081509851867272e-01,1.000000000000000888e+00
1.000000000000000666e+00,1.129592991071610153e-01,1.129592991071610153e-01,1.000000000000000666e+00
1.000000000000000888e+00,9.662264108577685029e-01,9.662264108577685029e-01,1.000000000000000888e+00
1.000000000000000666e+00,6.726155921614582756e-01,6.726155921614582756e-01,1.000000000000000666e+00
1.000000000000000888e+00,-2.094608188944107052e-01,-2.094608188944107052e-01,1.000000000000000888e+00
1.000000000000000888e+00,-8.668336595592610605e-01,-8.668336595592610605e-01,1.000000000000000888e+00
1.000000000000000444e+00,-9.477276842990833838e-01,-9.477276842990833838e-01,1.000000000000000444e+00
1.000000000000000666e+00,-3.499767105533944100e-01,-3.499767105533944100e-01,1.000000000000000666e+00
1.000000000000000222e+00,6.296855359362008020e-01,6.296855359362008020e-01,1.000000000000000222e+00
1.000000000000000000e+00,9.619719478186992134e-01,9.619719478186992134e-01,1.000000000000000000e+00
9.999999999999998890e-01,7.325077531736773340e-02,7.325077531736773340e-02,9.999999999999998890e-01
1.000000000000000222e+00,-8.859454949527796330e-01,-8.859454949527796330e-01,1.000000000000000222e+00
1.000000000000000666e+00,-8.258015866192713883e-01,-8.258015866192713883e-01,1.000000000000000666e+00
1.000000000000000888e+00,-6.704430840326014440e-02,-6.704430840326014440e-02,1.000000000000000888e+00
1.000000000000000444e+00,6.855359483589517078e-01,6.855359483589517078e-01,1.000000000000000444e+00
1.000000000000000444e+00,9.997693565126615223e-01,9.997693565126615223e-01,1.000000000000000444e+00
1.000000000000000666e+00,5.747467725498414115e-01,5.747467725498414115e-01,1.000000000000000666e+00
