1.000000000000000000e+00,1.000000000000000000e+00,1.000000000000000000e+00,1.000000000000000000e+00
1.000000000000000000e+00,5.153233095920116691e-01,5.153233095920116691e-01,1.000000000000000000e+00
1.000000000000000000e+00,3.971306340603025786e-03,3.971306340603025786e-03,1.000000000000000000e+00
1.000000000000000222e+00,5.994233353892626237e-01,5.994233353892626237e-01,1.000000000000000222e+00
1.000000000000000000e+00,9.999999361357256866e-01,9.999999361357256866e-01,1.000000000000000000e+00
1.000000000000000222e+00,6.956842117624539856e-01,6.956842117624539856e-01,1.000000000000000222e+00
1.000000000000000000e+00,1.317087768754420241e-01,1.317087768754420241e-01,1.000000000000000000e+00
1.000000000000000222e+00,1.358380915336937500e-01,1.358380915336937500e-01,1.000000000000000222e+00
1.000000000000000444e+00,8.913976929091053103e-01,8.913976929091053103e-01,1.000000000000000444e+00
1.000000000000000222e+00,7.690825039263404772e-01,7.690825039263404772e-01,1.000000000000000222e+00
9.999999999999997780e-01,1.256756165025631478e-01,1.256756165025631478e-01,9.999999999999997780e-01
1.000000000000000000e+00,5.177531819671085667e-02,5.177531819671085667e-02,1.000000000000000000e+00
1.000000000000000222e+00,5.457671887778350328e-01,5.457671887778350328e-01,1.000000000000000222e+00
1.000000000000000000e+00,9.998430330760812446e-01,9.998430330760812446e-01,1.000000000000000000e+00
9.999999999999998890e-01,4.498893683613118810e-01,4.498893683613118810e-01,9.999999999999998890e-01
1.000000000000000000e+00,1.292077712797615185e-02,1.292077712797615185e-02,1.000000000000000000e+00
1.000000000000000000e+00,5.574657362582707831e-01,5.574657362582707831e-01,1.000000000000000000e+00
1.000000000000000222e+00,9.844564425018493825e-01,9.844564425018493825e-01,1.000000000000000222e+00
1.000000000000000444e+00,7.980490794442203217e-01,7.980490794442203217e-01,1.000000000000000444e+00
1.000000000000000444e+00,1.513599883181198369e-01,1.513599883181198369e-01,1.000000000000000444e+00
1.000000000000000444e+00,1.785349589317501429e-01,1.785349589317501429e-01,1.000000000000000444e+00
1.000000000000000666e+00,9.255646405927018261e-01,9.255646405927018261e-01,1.000000000000000666e+00
1.000000000000000444e+00,7.912246856447997523e-01,7.912246856447997523e-01,1.000000000000000444e+00
1.000000000000000444e+00,2.131035994580645077e-01,2.131035994580645077e-01,1.000000000000000444e+00
1.000000000000000444e+00,1.071184125797650100e-02,1.071184125797650100e-02,1.000000000000000444e+00
1.000000000000000222e+00,5.018786700405465373e-01,5.018786700405465373e-01,1.000000000000000222e+00
1.000000000000000222e+00,9.985999991080711791e-01,9.985999991080711791e-01,1.000000000000000222e+00
1.000000000000000222e+00,3.848139599087374019e-01,3.848139599087374019e-01,1.000000000000000222e+00
1.000000000000000444e+00,1.053580895626402003e-02,1.053580895626402003e-02,1.000000000000000444e+00
1.000000000000000666e+00,4.500202183816506274e-01,4.500202183816506274e-01,1.000000000000000666e+00
1.000000000000000444e+00,9.357354544141829322e-01,9.357354544141829322e-01,1.000000000000000444e+00
1.000000000000000666e+00,8.435381795074772260e-01,8.435381795074772260e-01,1.000000000000000666e+00
1.000000000000000444e+00,1.243251347509193583e-01,1.243251347509193583e-01,1.000000000000000444e+00
1.000000000000000444e+00,2.353991847608138399e-01,2.353991847608138399e-01,1.000000000000000444e+00
1.000000000000000444e+00,9.276975249084924435e-01,9.276975249084924435e-01,1.000000000000000444e+00
1.000000000000000666e+00,8.635044613663269697e-01,8.635044613663269697e-01,1.000000000000000666e+00
1.000000000000000888e+00,3.321892504042916472e-01,3.321892504042916472e-01,1.000000000000000888e+00
1.000000000000000888e+00,8.674720660601376032e-04,8.674720660601376032e-04,1.000000000000000888e+00
1.000000000000000666e+00,5.287878802906627040e-01,5.287878802906627040e-01,1.000000000000000666e+00
1.000000000000000888e+00,9.880136412449265215e-01,9.880136412449265215e-01,1.000000000000000888e+00
1.000000000000000888e+00,3.669406877053430494e-01,3.669406877053430494e-01,1.000000000000000888e+00
1.000000000000000888e+00,3.902700871698527862e-04,3.902700871698527862e-04,1.000000000000000888e+00
1.000000000000000888e+00,3.189594218380789603e-01,3.189594218380789603e-01,1.000000000000000888e+00
1.000000000000000888e+00,8.860333698750419984e-01,8.860333698750419984e-01,1.000000000000000888e+00
1.000000000000000888e+00,8.337912654894648057e-01,8.337912654894648057e-01,1.000000000000000888e+00
1.000000000000000888e+00,8.095534440238363882e-02,8.095534440238363882e-02,1.000000000000000888e+00
1.000000000000001110e+00,2.627784108647580608e-01,2.627784108647580608e-01,1.000000000000001110e+00
1.000000000000001110e+00,8.881068204632998064e-01,8.881068204632998064e-01,1.000000000000001110e+00
1.000000000000001332e+00,9.412262364217234278e-01,9.412262364217234278e-01,1.000000000000001332e+00
1.000000000000001332e+00,4.296755771570407445e-01,4.296755771570407445e-01,1.000000000000001332e+00
1.000000000000001332e+00,7.839285407683638240e-04,7.839285407683638240e-04,1.000000000000001332e+00
1.000000000000001110e+00,5.971895064005936504e-01,5.971895064005936504e-01,1.000000000000001110e+00
1.000000000000000888e+00,9.767359305237892642e-01,9.767359305237892642e-01,1.000000000000000888e+00
1.000000000000000888e+00,4.194145083069567570e-01,4.194145083069567570e-01,1.000000000000000888e+00
1.000000000000000888e+00,1.200693419810386353e-02,1.200693419810386353e-02,1.000000000000000888e+00
1.000000000000000444e+00,2.203673266764542560e-01,2.203673266764542560e-01,1.000000000000000444e+00
1.000000000000000666e+00,8.751068800461043740e-01,8.751068800461043740e-01,1.000000000000000666e+00
1.000000000000000666e+00,7.836493009968601431e-01,7.836493009968601431e-01,1.000000000000000666e+00
1.000000000000000888e+00,5.424303974393121508e-02,5.424303974393121508e-02,1.000000000000000888e+00
1.000000000000000888e+00,2.299311758410228501e-01,2.299311758410228501e-01,1.000000000000000888e+00
1.000000000000000666e+00,7.994178060636454308e-01,7.994178060636454308e-01,1.000000000000000666e+00
1.000000000000000666e+00,9.846303727765797209e-01,9.846303727765797209e-01,1.000000000000000666e+00
1.000000000000000888e+00,4.620606530336691664e-01,4.620606530336691664e-01,1.000000000000000888e+00
1.000000000000000888e+00,7.128641739409885547e-03,7.128641739409885547e-03,1.000000000000000888e+00
1.000000000000000888e+00,6.566554840717460095e-01,6.566554840717460095e-01,1.000000000000000888e+00
1.000000000000000444e+00,9.830009741736311923e-01,9.830009741736311923e-01,1.000000000000000444e+00
1.000000000000000666e+00,5.339546467156852660e-01,5.339546467156852660e-01,1.000000000000000666e+00
1.000000000000000444e+00,5.530705032693408740e-02,5.530705032693408740e-02,1.000000000000000444e+00
1.000000000000000888e+00,1.817027816700562681e-01,1.817027816700562681e-01,1.000000000000000888e+00
1.000000000000000444e+00,9.045772683985253693e-01,9.045772683985253693e-01,1.000000000000000444e+00
1.000000000000000444e+00,7.256881891391069317e-01,7.256881891391069317e-01,1.000000000000000444e+00
1.000000000000000000e+00,5.737171164033300075e-02,5.737171164033300075e-02,1.000000000000000000e+00
1.000000000000000444e+00,1.484189122079131173e-01,1.484189122079131173e-01,1.000000000000000444e+00
1.000000000000000444e+00,6.841754079522761600e-01,6.841754079522761600e-01,1.000000000000000444e+00
1.000000000000000222e+00,9.963211480104596784e-01,9.963211480104596784e-01,1.000000000000000222e+00
1.000000000000000444e+00,4.263087551926663110e-01,4.263087551926663110e-01,1.000000000000000444e+00
1.000000000000000000e+00,2.402876713294155309e-02,2.402876713294155309e-02,1.000000000000000000e+00
1.000000000000000222e+00,6.643952404470427897e-01,6.643952404470427897e-01,1.000000000000000222e+00
1.000000000000000444e+00,9.985471442848310453e-01,9.985471442848310453e-01,1.000000000000000444e+00
1.000000000000000444e+00,6.656705037458241492e-01,6.656705037458241492e-01,1.000000000000000444e+00
1.000000000000000444e+00,9.632524817293845742e-02,9.632524817293845742e-02,1.000000000000000444e+00
1.000000000000000444e+00,1.999723563906110058e-01,1.999723563906110058e-01,1.000000000000000444e+00
1.000000000000000222e+00,9.427339255014020036e-01,9.427339255014020036e-01,1.000000000000000222e+00
1.000000000000000222e+00,7.056191721146143347e-01,7.056191721146143347e-01,1.000000000000000222e+00
1.000000000000000444e+00,9.961035631352861686e-02,9.961035631352861686e-02,1.000000000000000444e+00
1.000000000000000444e+00,6.634391985357798727e-02,6.634391985357798727e-02,1.000000000000000444e+00
1.000000000000000444e+00,5.963389439051431928e-01,5.963389439051431928e-01,1.000000000000000444e+00
1.000000000000000444e+00,9.951150762036010677e-01,9.951150762036010677e-01,1.000000000000000444e+00
1.000000000000000444e+00,3.567874084368683474e-01,3.567874084368683474e-01,1.000000000000000444e+00
1.000000000000000444e+00,3.593696924879036247e-02,3.593696924879036247e-02,1.000000000000000444e+00
1.000000000000000444e+00,6.020680744680064755e-01,6.020680744680064755e-01,1.000000000000000444e+00
1.000000000000000444e+00,9.910875536671467367e-01,9.910875536671467367e-01,1.000000000000000444e+00
1.000000000000000444e+00,7.593286186213550337e-01,7.593286186213550337e-01,1.000000000000000444e+00
1.000000000000000444e+00,9.969870216534650054e-02,9.969870216534650054e-02,1.000000000000000444e+00
1.000000000000000444e+00,2.568061760519485537e-01,2.568061760519485537e-01,1.000000000000000444e+00
1.000000000000000444e+00,9.623558040616626563e-01,9.623558040616626563e-01,1.000000000000000444e+00
1.000000000000000444e+00,7.496144368331041363e-01,7.496144368331041363e-01,1.000000000000000444e+00
1.000000000000000444e+00,1.885209114479668435e-01,1.885209114479668435e-01,1.000000000000000444e+00
1.000000000000000666e+00,2.125008554918025871e-02,2.125008554918025871e-02,1.000000000000000666e+00
1.000000000000000888e+00,5.754574918906856240e-01,5.754574918906856240e-01,1.000000000000000888e+00
1.000000000000000222e+00,9.826784232898735372e-01,9.826784232898735372e-01,1.000000000000000222e+00
