1.000000000000000000e+00,1.000000000000000000e+00,1.000000000000000000e+00,1.000000000000000000e+00
1.000000000000000000e+00,5.291495737193474547e-01,5.291495737193474547e-01,1.000000000000000000e+00
1.000000000000000222e+00,2.528292857050498665e-02,2.528292857050498665e-02,1.000000000000000222e+00
1.000000000000000222e+00,1.720212379389337021e-01,1.720212379389337021e-01,1.000000000000000222e+00
1.000000000000000222e+00,7.216895360256968539e-01,7.216895360256968539e-01,1.000000000000000222e+00
1.000000000000000000e+00,9.901733714479457049e-01,9.901733714479457049e-01,1.000000000000000000e+00
9.999999999999998890e-01,4.299643374981627075e-01,4.299643374981627075e-01,9.999999999999998890e-01
1.000000000000000222e+00,1.571989869226081415e-02,1.571989869226081415e-02,1.000000000000000222e+00
1.000000000000000000e+00,7.006891577584952735e-01,7.006891577584952735e-01,1.000000000000000000e+00
1.000000000000000222e+00,9.430882914427416441e-01,9.430882914427416441e-01,1.000000000000000222e+00
1.000000000000000222e+00,3.236285180006428508e-01,3.236285180006428508e-01,1.000000000000000222e+00
1.000000000000000000e+00,5.526108936589058107e-04,5.526108936589058107e-04,1.000000000000000000e+00
1.000000000000000222e+00,3.216152994888140659e-01,3.216152994888140659e-01,1.000000000000000222e+00
1.000000000000000000e+00,8.719321781177717945e-01,8.719321781177717945e-01,1.000000000000000000e+00
1.000000000000000222e+00,9.019289942812968031e-01,9.019289942812968031e-01,1.000000000000000222e+00
1.000000000000000000e+00,2.019386174790326061e-01,2.019386174790326061e-01,1.000000000000000000e+00
1.000000000000000000e+00,1.445715506438418341e-01,1.445715506438418341e-01,1.000000000000000000e+00
1.000000000000000222e+00,9.001555152975864171e-01,9.001555152975864171e-01,1.000000000000000222e+00
1.000000000000000444e+00,7.927801197928771026e-01,7.927801197928771026e-01,1.000000000000000444e+00
1.000000000000000888e+00,1.552460786245974389e-01,1.552460786245974389e-01,1.000000000000000888e+00
1.000000000000000666e+00,4.023804116633189487e-02,4.023804116633189487e-02,1.000000000000000666e+00
1.000000000000000666e+00,4.950705653926397720e-01,4.950705653926397720e-01,1.000000000000000666e+00
1.000000000000000888e+00,9.719487563883659753e-01,9.719487563883659753e-01,1.000000000000000888e+00
1.000000000000000888e+00,7.289763076227009364e-01,7.289763076227009364e-01,1.000000000000000888e+00
1.000000000000000666e+00,4.356366498816777177e-02,4.356366498816777177e-02,1.000000000000000666e+00
1.000000000000000888e+00,3.707610322753011611e-01,3.707610322753011611e-01,1.000000000000000888e+00
1.000000000000001110e+00,9.950555425152145528e-01,9.950555425152145528e-01,1.000000000000001110e+00
1.000000000000000666e+00,5.902850775133215988e-01,5.902850775133215988e-01,1.000000000000000666e+00
1.000000000000000666e+00,4.474901998003216752e-02,4.474901998003216752e-02,1.000000000000000666e+00
1.000000000000000666e+00,1.359853907161461262e-01,1.359853907161461262e-01,1.000000000000000666e+00
1.000000000000000666e+00,6.730836832854052432e-01,6.730836832854052432e-01,1.000000000000000666e+00
1.000000000000000444e+00,9.985213159754828816e-01,9.985213159754828816e-01,1.000000000000000444e+00
1.000000000000000444e+00,4.994515525130439060e-01,4.994515525130439060e-01,1.000000000000000444e+00
1.000000000000000888e+00,2.552548119116232472e-03,2.552548119116232472e-03,1.000000000000000888e+00
1.000000000000000444e+00,6.305317082859785982e-01,6.305317082859785982e-01,1.000000000000000444e+00
1.000000000000000444e+00,9.703824680262216340e-01,9.703824680262216340e-01,1.000000000000000444e+00
1.000000000000000444e+00,3.797960371119381562e-01,3.797960371119381562e-01,1.000000000000000444e+00
1.000000000000000444e+00,7.987101913481675641e-04,7.987101913481675641e-04,1.000000000000000444e+00
1.000000000000000888e+00,2.756792165412557671e-01,2.756792165412557671e-01,1.000000000000000888e+00
1.000000000000000888e+00,8.330254713684736023e-01,8.330254713684736023e-01,1.000000000000000888e+00
1.000000000000001110e+00,9.364322680408714294e-01,9.364322680408714294e-01,1.000000000000001110e+00
1.000000000000000666e+00,2.625592278484754072e-01,2.625592278484754072e-01,1.000000000000000666e+00
1.000000000000000666e+00,9.562805143938672703e-02,9.562805143938672703e-02,1.000000000000000666e+00
1.000000000000000444e+00,8.523016118806375774e-01,8.523016118806375774e-01,1.000000000000000444e+00
1.000000000000000444e+00,8.430209401306227868e-01,8.430209401306227868e-01,1.000000000000000444e+00
1.000000000000000666e+00,1.981115164629725367e-01,1.981115164629725367e-01,1.000000000000000666e+00
1.000000000000000888e+00,2.273181810830607330e-02,2.273181810830607330e-02,1.000000000000000888e+00
1.000000000000000888e+00,4.441386187459408497e-01,4.441386187459408497e-01,1.000000000000000888e+00
1.000000000000000888e+00,9.499413157006703079e-01,9.499413157006703079e-01,1.000000000000000888e+00
1.000000000000000888e+00,7.858319230475895312e-01,7.858319230475895312e-01,1.000000000000000888e+00
1.000000000000000666e+00,7.848009380732759444e-02,7.848009380732759444e-02,1.000000000000000666e+00
1.000000000000000888e+00,2.995608042881355293e-01,2.995608042881355293e-01,1.000000000000000888e+00
1.000000000000000888e+00,9.801424191498537830e-01,9.801424191498537830e-01,1.000000000000000888e+00
1.000000000000001110e+00,6.508190148694763533e-01,6.508190148694763533e-01,1.000000000000001110e+00
1.000000000000001332e+00,6.970583729015256136e-02,6.970583729015256136e-02,1.000000000000001332e+00
1.000000000000001332e+00,1.035554710323986494e-01,1.035554710323986494e-01,1.000000000000001332e+00
1.000000000000001554e+00,6.230188212356687627e-01,6.230188212356687627e-01,1.000000000000001554e+00
1.000000000000001554e+00,9.995346516413412541e-01,9.995346516413412541e-01,1.000000000000001554e+00
1.000000000000001554e+00,5.682617856525213895e-01,5.682617856525213895e-01,1.000000000000001554e+00
1.000000000000001554e+00,5.938966917312382687e-04,5.938966917312382687e-04,1.000000000000001554e+00
1.000000000000001332e+00,5.571669994353827260e-01,5.571669994353827260e-01,1.000000000000001332e+00
1.000000000000001332e+00,9.891604282689026029e-01,9.891604282689026029e-01,1.000000000000001332e+00
1.000000000000000888e+00,4.383958961437595114e-01,4.383958961437595114e-01,1.000000000000000888e+00
1.000000000000001110e+00,6.461812872062072666e-03,6.461812872062072666e-03,1.000000000000001110e+00
1.000000000000001110e+00,2.321109915071743190e-01,2.321109915071743190e-01,1.000000000000001110e+00
1.000000000000001332e+00,7.906044486826249162e-01,7.906044486826249162e-01,1.000000000000001332e+00
1.000000000000001110e+00,9.635722387755432106e-01,9.635722387755432106e-01,1.000000000000001110e+00
1.000000000000001110e+00,3.275317371304213854e-01,3.275317371304213854e-01,1.000000000000001110e+00
1.000000000000001110e+00,5.595807342491390668e-02,5.595807342491390668e-02,1.000000000000001110e+00
1.000000000000000666e+00,7.965746098778325734e-01,7.965746098778325734e-01,1.000000000000000666e+00
1.000000000000000666e+00,8.879288098950739450e-01,8.879288098950739450e-01,1.000000000000000666e+00
1.000000000000000444e+00,2.454070558426255100e-01,2.454070558426255100e-01,1.000000000000000444e+00
1.000000000000000444e+00,1.005799584542776959e-02,1.005799584542776959e-02,1.000000000000000444e+00
1.000000000000000444e+00,3.940790491488940228e-01,3.940790491488940228e-01,1.000000000000000444e+00
1.000000000000000666e+00,9.224019559589990980e-01,9.224019559589990980e-01,1.000000000000000666e+00
1.000000000000000888e+00,8.370742583665241598e-01,8.370742583665241598e-01,1.000000000000000888e+00
1.000000000000000888e+00,1.222357695031419667e-01,1.222357695031419667e-01,1.000000000000000888e+00
1.000000000000000888e+00,2.328380621764861713e-01,2.328380621764861713e-01,1.000000000000000888e+00
1.000000000000000666e+00,9.553106842916101460e-01,9.553106842916101460e-01,1.000000000000000666e+00
1.000000000000000666e+00,7.097379381036879042e-01,7.097379381036879042e-01,1.000000000000000666e+00
1.000000000000000666e+00,1.000461812979780568e-01,1.000461812979780568e-01,1.000000000000000666e+00
1.000000000000000666e+00,7.504096672066495888e-02,7.504096672066495888e-02,1.000000000000000666e+00
1.000000000000000888e+00,5.720507721693028902e-01,5.720507721693028902e-01,1.000000000000000888e+00
1.000000000000000666e+00,9.934809109625637458e-01,9.934809109625637458e-01,1.000000000000000666e+00
1.000000000000000444e+00,6.350814290744666302e-01,6.350814290744666302e-01,1.000000000000000444e+00
1.000000000000000444e+00,9.767542034389037342e-03,9.767542034389037342e-03,1.000000000000000444e+00
1.000000000000000222e+00,4.822528218204572559e-01,4.822528218204572559e-01,1.000000000000000222e+00
9.999999999999997780e-01,9.987797689263940848e-01,9.987797689263940848e-01,9.999999999999997780e-01
1.000000000000000000e+00,4.986581904692642953e-01,4.986581904692642953e-01,1.000000000000000000e+00
1.000000000000000000e+00,1.762521318020948691e-02,1.762521318020948691e-02,1.000000000000000000e+00
9.999999999999998890e-01,1.912893175486933550e-01,1.912893175486933550e-01,9.999999999999998890e-01
9.999999999999997780e-01,7.452667312546721323e-01,7.452667312546721323e-01,9.999999999999997780e-01
1.000000000000000000e+00,9.831932257560116462e-01,9.831932257560116462e-01,1.000000000000000000e+00
9.999999999999997780e-01,3.954005825838613486e-01,3.954005825838613486e-01,9.999999999999997780e-01
1.000000000000000222e+00,2.645341467706746608e-02,2.645341467706746608e-02,1.000000000000000222e+00
1.000000000000000000e+00,7.340770408761612131e-01,7.340770408761612131e-01,1.000000000000000000e+00
9.999999999999997780e-01,9.264882102430551658e-01,9.264882102430551658e-01,9.999999999999997780e-01
1.000000000000000222e+00,2.966737560747828573e-01,2.966737560747828573e-01,1.000000000000000222e+00
1.000000000000000000e+00,2.423501271658495826e-03,2.423501271658495826e-03,1.000000000000000000e+00
9.999999999999998890e-01,3.453472443867083852e-01,3.453472443867083852e-01,9.999999999999998890e-01
1.000000000000000222e+00,8.898811518814444543e-01,8.898811518814444543e-01,1.000000000000000222e+00
