1.000000000000000000e+00,1.000000000000000000e+00,1.000000000000000000e+00,1.000000000000000000e+00
9.999999999999997780e-01,4.668936883154104489e-01,4.668936883154104489e-01,9.999999999999997780e-01
1.000000000000000000e+00,8.509457094468542149e-04,8.509457094468542149e-04,1.000000000000000000e+00
1.000000000000000000e+00,3.171615675566954451e-01,3.171615675566954451e-01,1.000000000000000000e+00
1.000000000000000000e+00,8.531150178071587042e-01,8.531150178071587042e-01,1.000000000000000000e+00
1.000000000000000000e+00,9.567771756401399763e-01,9.567771756401399763e-01,1.000000000000000000e+00
9.999999999999998890e-01,3.907404521818257925e-01,3.907404521818257925e-01,9.999999999999998890e-01
1.000000000000000000e+00,1.259287220236335325e-02,1.259287220236335325e-02,1.000000000000000000e+00
1.000000000000000000e+00,6.796822649785627668e-01,6.796822649785627668e-01,1.000000000000000000e+00
1.000000000000000000e+00,9.353389776564435820e-01,9.353389776564435820e-01,1.000000000000000000e+00
1.000000000000000444e+00,2.477881139245923792e-01,2.477881139245923792e-01,1.000000000000000444e+00
1.000000000000000000e+00,2.879450431458360771e-02,2.879450431458360771e-02,1.000000000000000000e+00
1.000000000000000000e+00,4.910795227271928520e-01,4.910795227271928520e-01,1.000000000000000000e+00
1.000000000000000000e+00,9.542017938037989921e-01,9.542017938037989921e-01,1.000000000000000000e+00
1.000000000000000000e+00,8.428730787458116325e-01,8.428730787458116325e-01,1.000000000000000000e+00
1.000000000000000000e+00,1.858469664588943138e-01,1.858469664588943138e-01,1.000000000000000000e+00
9.999999999999998890e-01,1.297998225496083402e-01,1.297998225496083402e-01,9.999999999999998890e-01
1.000000000000000222e+00,8.906570282548582629e-01,8.906570282548582629e-01,1.000000000000000222e+00
1.000000000000000444e+00,7.635125058827028077e-01,7.635125058827028077e-01,1.000000000000000444e+00
1.000000000000000666e+00,8.708220695982520076e-02,8.708220695982520076e-02,1.000000000000000666e+00
1.000000000000000888e+00,1.253891654871087669e-01,1.253891654871087669e-01,1.000000000000000888e+00
1.000000000000000888e+00,6.636339321174080652e-01,6.636339321174080652e-01,1.000000000000000888e+00
1.000000000000000666e+00,9.988628235471990191e-01,9.988628235471990191e-01,1.000000000000000666e+00
1.000000000000000888e+00,6.672864214920681825e-01,6.672864214920681825e-01,1.000000000000000888e+00
1.000000000000000444e+00,4.217845459509414474e-02,4.217845459509414474e-02,1.000000000000000444e+00
1.000000000000000888e+00,3.466966244581026757e-01,3.466966244581026757e-01,1.000000000000000888e+00
1.000000000000001110e+00,9.944771162684479249e-01,9.944771162684479249e-01,1.000000000000001110e+00
1.000000000000000888e+00,5.346310848140616301e-01,5.346310848140616301e-01,1.000000000000000888e+00
1.000000000000000666e+00,7.705050355093362446e-03,7.705050355093362446e-03,1.000000000000000666e+00
1.000000000000000666e+00,2.701042268934215063e-01,2.701042268934215063e-01,1.000000000000000666e+00
1.000000000000000444e+00,8.158189827681781026e-01,8.158189827681781026e-01,1.000000000000000444e+00
1.000000000000000444e+00,9.763663196925197463e-01,9.763663196925197463e-01,1.000000000000000444e+00
1.000000000000000444e+00,4.537108542694955338e-01,4.537108542694955338e-01,1.000000000000000444e+00
1.000000000000000888e+00,1.633978297649274491e-03,1.633978297649274491e-03,1.000000000000000888e+00
1.000000000000000666e+00,6.072952403059536097e-01,6.072952403059536097e-01,1.000000000000000666e+00
1.000000000000000888e+00,9.664431974334544151e-01,9.664431974334544151e-01,1.000000000000000888e+00
1.000000000000000666e+00,3.059620710202055616e-01,3.059620710202055616e-01,1.000000000000000666e+00
1.000000000000000666e+00,1.301961978699484046e-02,1.301961978699484046e-02,1.000000000000000666e+00
1.000000000000000888e+00,4.406477948224866714e-01,4.406477948224866714e-01,1.000000000000000888e+00
1.000000000000001110e+00,9.305000082655333626e-01,9.305000082655333626e-01,1.000000000000001110e+00
1.000000000000001110e+00,8.823699944201182088e-01,8.823699944201182088e-01,1.000000000000001110e+00
1.000000000000001332e+00,2.402577328533905821e-01,2.402577328533905821e-01,1.000000000000001332e+00
1.000000000000001332e+00,8.442311740405972209e-02,8.442311740405972209e-02,1.000000000000001332e+00
1.000000000000001332e+00,8.392752682742097292e-01,8.392752682742097292e-01,1.000000000000001332e+00
1.000000000000001332e+00,8.209184470674318890e-01,8.209184470674318890e-01,1.000000000000001332e+00
1.000000000000001332e+00,1.253067286174978090e-01,1.253067286174978090e-01,1.000000000000001332e+00
1.000000000000001332e+00,9.191722091811786732e-02,9.191722091811786732e-02,1.000000000000001332e+00
1.000000000000001332e+00,6.156161296574336195e-01,6.156161296574336195e-01,1.000000000000001332e+00
1.000000000000001332e+00,9.925771588163727621e-01,9.925771588163727621e-01,1.000000000000001332e+00
1.000000000000001332e+00,7.226528947987506113e-01,7.226528947987506113e-01,1.000000000000001332e+00
1.000000000000001332e+00,7.426105612230760045e-02,7.426105612230760045e-02,1.000000000000001332e+00
1.000000000000001332e+00,2.773280781083724000e-01,2.773280781083724000e-01,1.000000000000001332e+00
1.000000000000001332e+00,9.779338279475613405e-01,9.779338279475613405e-01,1.000000000000001332e+00
1.000000000000001332e+00,6.024514721358694702e-01,6.024514721358694702e-01,1.000000000000001332e+00
1.000000000000001776e+00,2.156402199681650700e-02,2.156402199681650700e-02,1.000000000000001776e+00
1.000000000000001776e+00,2.251483539358308250e-01,2.251483539358308250e-01,1.000000000000001776e+00
1.000000000000001110e+00,7.754494597793424315e-01,7.754494597793424315e-01,1.000000000000001110e+00
1.000000000000001332e+00,9.900554612068761529e-01,9.900554612068761529e-01,1.000000000000001332e+00
1.000000000000001332e+00,5.166282190189110946e-01,5.166282190189110946e-01,1.000000000000001332e+00
1.000000000000001110e+00,9.610902825759048973e-04,9.610902825759048973e-04,1.000000000000001110e+00
1.000000000000000888e+00,5.325223494423837467e-01,5.325223494423837467e-01,1.000000000000000888e+00
1.000000000000001110e+00,9.877602732498654836e-01,9.877602732498654836e-01,1.000000000000001110e+00
1.000000000000001332e+00,3.681805808261348067e-01,3.681805808261348067e-01,1.000000000000001332e+00
1.000000000000001332e+00,3.301285656663127677e-03,3.301285656663127677e-03,1.000000000000001332e+00
1.000000000000001332e+00,3.905650097982039659e-01,3.905650097982039659e-01,1.000000000000001332e+00
1.000000000000001332e+00,9.024857596313339281e-01,9.024857596313339281e-01,1.000000000000001332e+00
1.000000000000001332e+00,9.164149522298177253e-01,9.164149522298177253e-01,1.000000000000001332e+00
1.000000000000001332e+00,2.985518686153412760e-01,2.985518686153412760e-01,1.000000000000001332e+00
1.000000000000001332e+00,4.826382283377123050e-02,4.826382283377123050e-02,1.000000000000001332e+00
1.000000000000001332e+00,7.800825862499910501e-01,7.800825862499910501e-01,1.000000000000001332e+00
1.000000000000001332e+00,8.722913517068260347e-01,8.722913517068260347e-01,1.000000000000001332e+00
1.000000000000001332e+00,1.699415129249835787e-01,1.699415129249835787e-01,1.000000000000001332e+00
1.000000000000001554e+00,6.289699029303916222e-02,6.289699029303916222e-02,1.000000000000001554e+00
1.000000000000001332e+00,5.663509522937887342e-01,5.663509522937887342e-01,1.000000000000001332e+00
1.000000000000001554e+00,9.809849688658122124e-01,9.809849688658122124e-01,1.000000000000001554e+00
1.000000000000001332e+00,7.741424695787219035e-01,7.741424695787219035e-01,1.000000000000001332e+00
1.000000000000001110e+00,1.140201597902220781e-01,1.140201597902220781e-01,1.000000000000001110e+00
1.000000000000001110e+00,2.131915399450298731e-01,2.131915399450298731e-01,1.000000000000001110e+00
1.000000000000000888e+00,9.506164221447279683e-01,9.506164221447279683e-01,1.000000000000000888e+00
1.000000000000000444e+00,6.690205156717237145e-01,6.690205156717237145e-01,1.000000000000000444e+00
1.000000000000000888e+00,4.250370407554654451e-02,4.250370407554654451e-02,1.000000000000000888e+00
1.000000000000001110e+00,1.828162103710810893e-01,1.828162103710810893e-01,1.000000000000001110e+00
1.000000000000001110e+00,7.323912484019706737e-01,7.323912484019706737e-01,1.000000000000001110e+00
1.000000000000000888e+00,9.978830283693094216e-01,9.978830283693094216e-01,1.000000000000000888e+00
1.000000000000001110e+00,5.784855615702483300e-01,5.784855615702483300e-01,1.000000000000001110e+00
1.000000000000000888e+00,1.033376055718088216e-02,1.033376055718088216e-02,1.000000000000000888e+00
1.000000000000000888e+00,4.571236919431713175e-01,4.571236919431713175e-01,1.000000000000000888e+00
1.000000000000001110e+00,9.986275887809890062e-01,9.986275887809890062e-01,1.000000000000001110e+00
1.000000000000001110e+00,4.334542990638150517e-01,4.334542990638150517e-01,1.000000000000001110e+00
1.000000000000001332e+00,1.028641199996016553e-08,1.028641199996016553e-08,1.000000000000001332e+00
1.000000000000001110e+00,3.413171150528725439e-01,3.413171150528725439e-01,1.000000000000001110e+00
1.000000000000001332e+00,8.704936428971401519e-01,8.704936428971401519e-01,1.000000000000001332e+00
1.000000000000001332e+00,9.447763341338637488e-01,9.447763341338637488e-01,1.000000000000001332e+00
1.000000000000001554e+00,3.595691708181662505e-01,3.595691708181662505e-01,1.000000000000001554e+00
1.000000000000001332e+00,2.194106890371549934e-02,2.194106890371549934e-02,1.000000000000001332e+00
1.000000000000001332e+00,7.144442682157005065e-01,7.144442682157005065e-01,1.000000000000001332e+00
1.000000000000001110e+00,9.163821867778343400e-01,9.163821867778343400e-01,1.000000000000001110e+00
1.000000000000000888e+00,2.204904016603857486e-01,2.204904016603857486e-01,1.000000000000000888e+00
1.000000000000001110e+00,3.882571365480430581e-02,3.882571365480430581e-02,1.000000000000001110e+00
1.000000000000001332e+00,5.162779876392060707e-01,5.162779876392060707e-01,1.000000000000001332e+00
1.000000000000001332e+00,9.643361310554219301e-01,9.643361310554219301e-01,1.000000000000001332e+00
