1.000000000000000000e+00,1.000000000000000000e+00,1.000000000000000000e+00,1.000000000000000000e+00
1.000000000000000000e+00,6.861866003279297743e-01,6.861866003279297743e-01,1.000000000000000000e+00
1.000000000000000000e+00,6.762328967859479456e-02,6.762328967859479456e-02,1.000000000000000000e+00
1.000000000000000000e+00,2.981159091552192386e-01,2.981159091552192386e-01,1.000000000000000000e+00
1.000000000000000222e+00,9.810858755005480436e-01,9.810858755005480436e-01,1.000000000000000222e+00
1.000000000000000222e+00,6.765313490551340125e-01,6.765313490551340125e-01,1.000000000000000222e+00
1.000000000000000222e+00,1.206047839759739476e-01,1.206047839759739476e-01,1.000000000000000222e+00
1.000000000000000444e+00,5.252915523155579636e-02,5.252915523155579636e-02,1.000000000000000444e+00
1.000000000000000444e+00,6.355185267375715874e-01,6.355185267375715874e-01,1.000000000000000444e+00
1.000000000000000222e+00,9.684706968465467414e-01,9.684706968465467414e-01,1.000000000000000222e+00
1.000000000000000222e+00,2.554722908156883410e-01,2.554722908156883410e-01,1.000000000000000222e+00
1.000000000000000000e+00,5.397914369062889461e-02,5.397914369062889461e-02,1.000000000000000000e+00
1.000000000000000222e+00,5.751615645605883120e-01,5.751615645605883120e-01,1.000000000000000222e+00
1.000000000000000000e+00,9.833035755032577541e-01,9.833035755032577541e-01,1.000000000000000000e+00
1.000000000000000222e+00,7.349575207912686370e-01,7.349575207912686370e-01,1.000000000000000222e+00
9.999999999999998890e-01,4.749562064180579135e-02,4.749562064180579135e-02,9.999999999999998890e-01
1.000000000000000222e+00,3.629862677607891275e-01,3.629862677607891275e-01,1.000000000000000222e+00
1.000000000000000000e+00,9.807067278456749193e-01,9.807067278456749193e-01,1.000000000000000000e+00
1.000000000000000000e+00,7.663898461373768178e-01,7.663898461373768178e-01,1.000000000000000000e+00
1.000000000000000000e+00,2.200218519138035234e-01,2.200218519138035234e-01,1.000000000000000000e+00
1.000000000000000000e+00,2.612428158543328438e-02,2.612428158543328438e-02,1.000000000000000000e+00
1.000000000000000000e+00,6.656505766188930417e-01,6.656505766188930417e-01,1.000000000000000000e+00
1.000000000000000000e+00,9.386223190353715218e-01,9.386223190353715218e-01,1.000000000000000000e+00
9.999999999999998890e-01,2.439453735996644224e-01,2.439453735996644224e-01,9.999999999999998890e-01
1.000000000000000222e+00,2.130468849643310514e-02,2.130468849643310514e-02,1.000000000000000222e+00
1.000000000000000000e+00,4.404011681529614863e-01,4.404011681529614863e-01,1.000000000000000000e+00
1.000000000000000222e+00,9.554331975141414635e-01,9.554331975141414635e-01,1.000000000000000222e+00
1.000000000000000444e+00,7.185709507719121314e-01,7.185709507719121314e-01,1.000000000000000444e+00
1.000000000000000444e+00,2.157704530861756509e-02,2.157704530861756509e-02,1.000000000000000444e+00
1.000000000000000444e+00,3.891257080187862094e-01,3.891257080187862094e-01,1.000000000000000444e+00
1.000000000000000222e+00,9.551016433137748951e-01,9.551016433137748951e-01,1.000000000000000222e+00
1.000000000000000222e+00,8.692113350852451736e-01,8.692113350852451736e-01,1.000000000000000222e+00
9.999999999999998890e-01,3.043692560120779267e-01,3.043692560120779267e-01,9.999999999999998890e-01
1.000000000000000444e+00,2.742251039111395783e-02,2.742251039111395783e-02,1.000000000000000444e+00
1.000000000000000666e+00,7.301404488896483524e-01,7.301404488896483524e-01,1.000000000000000666e+00
1.000000000000000666e+00,9.184174217239510218e-01,9.184174217239510218e-01,1.000000000000000666e+00
1.000000000000000666e+00,2.965972459910795056e-01,2.965972459910795056e-01,1.000000000000000666e+00
1.000000000000000444e+00,2.310865713954501910e-04,2.310865713954501910e-04,1.000000000000000444e+00
1.000000000000000444e+00,3.356656713254865809e-01,3.356656713254865809e-01,1.000000000000000444e+00
1.000000000000000444e+00,9.507134396006825527e-01,9.507134396006825527e-01,1.000000000000000444e+00
1.000000000000000444e+00,6.574724164859779840e-01,6.574724164859779840e-01,1.000000000000000444e+00
1.000000000000000666e+00,9.461660968935470262e-03,9.461660968935470262e-03,1.000000000000000666e+00
1.000000000000000666e+00,3.468195421734207029e-01,3.468195421734207029e-01,1.000000000000000666e+00
1.000000000000001110e+00,8.891950833278098321e-01,8.891950833278098321e-01,1.000000000000001110e+00
1.000000000000001110e+00,9.375644408192742585e-01,9.375644408192742585e-01,1.000000000000001110e+00
1.000000000000001110e+00,3.293141513426485201e-01,3.293141513426485201e-01,1.000000000000001110e+00
1.000000000000000888e+00,5.013468620766550754e-02,5.013468620766550754e-02,1.000000000000000888e+00
1.000000000000001110e+00,7.806429530101703929e-01,7.806429530101703929e-01,1.000000000000001110e+00
1.000000000000001110e+00,9.331476256718780338e-01,9.331476256718780338e-01,1.000000000000001110e+00
1.000000000000001110e+00,4.092458989484363263e-01,4.092458989484363263e-01,1.000000000000001110e+00
1.000000000000001332e+00,1.206892661586392301e-02,1.206892661586392301e-02,1.000000000000001332e+00
1.000000000000001110e+00,2.961044163455138767e-01,2.961044163455138767e-01,1.000000000000001110e+00
1.000000000000000888e+00,9.703480766404504188e-01,9.703480766404504188e-01,1.000000000000000888e+00
1.000000000000000666e+00,5.940882367879929404e-01,5.940882367879929404e-01,1.000000000000000666e+00
1.000000000000000888e+00,1.202560922007664401e-02,1.202560922007664401e-02,1.000000000000000888e+00
1.000000000000000888e+00,2.478565610100337824e-01,2.478565610100337824e-01,1.000000000000000888e+00
1.000000000000000888e+00,7.946809625944251110e-01,7.946809625944251110e-01,1.000000000000000888e+00
1.000000000000000666e+00,9.626529925498580331e-01,9.626529925498580331e-01,1.000000000000000666e+00
1.000000000000000666e+00,2.920595473915036377e-01,2.920595473915036377e-01,1.000000000000000666e+00
1.000000000000000888e+00,8.501204966670794505e-02,8.501204966670794505e-02,1.000000000000000888e+00
1.000000000000000888e+00,7.829387269029561836e-01,7.829387269029561836e-01,1.000000000000000888e+00
1.000000000000001110e+00,9.732351686312454841e-01,9.732351686312454841e-01,1.000000000000001110e+00
1.000000000000001110e+00,5.429381374057989929e-01,5.429381374057989929e-01,1.000000000000001110e+00
1.000000000000001332e+00,3.312961311163184486e-02,3.312961311163184486e-02,1.000000000000001332e+00
1.000000000000000888e+00,3.220431574029926636e-01,3.220431574029926636e-01,1.000000000000000888e+00
1.000000000000000888e+00,9.898619134810910936e-01,9.898619134810910936e-01,1.000000000000000888e+00
1.000000000000000444e+00,5.771165001010603035e-01,5.771165001010603035e-01,1.000000000000000444e+00
1.000000000000000444e+00,3.722431429777156575e-02,3.722431429777156575e-02,1.000000000000000444e+00
1.000000000000000666e+00,1.416745217859782524e-01,1.416745217859782524e-01,1.000000000000000666e+00
1.000000000000000666e+00,7.204067645625008565e-01,7.204067645625008565e-01,1.000000000000000666e+00
1.000000000000000666e+00,9.569595068167340290e-01,9.569595068167340290e-01,1.000000000000000666e+00
1.000000000000000666e+00,2.289860725371120620e-01,2.289860725371120620e-01,1.000000000000000666e+00
1.000000000000000888e+00,1.028184302743651857e-01,1.028184302743651857e-01,1.000000000000000888e+00
1.000000000000000444e+00,7.225260032517454301e-01,7.225260032517454301e-01,1.000000000000000444e+00
1.000000000000000444e+00,9.990669453892908614e-01,9.990669453892908614e-01,1.000000000000000444e+00
1.000000000000000888e+00,6.405989376563339111e-01,6.405989376563339111e-01,1.000000000000000888e+00
1.000000000000000888e+00,3.317436280620314482e-02,3.317436280620314482e-02,1.000000000000000888e+00
1.000000000000000888e+00,3.883553376721214923e-01,3.883553376721214923e-01,1.000000000000000888e+00
1.000000000000000666e+00,9.965922625401211210e-01,9.965922625401211210e-01,1.000000000000000666e+00
1.000000000000000888e+00,6.309799798452722097e-01,6.309799798452722097e-01,1.000000000000000888e+00
1.000000000000000888e+00,1.014452889303572303e-01,1.014452889303572303e-01,1.000000000000000888e+00
1.000000000000000888e+00,7.389295457962030689e-02,7.389295457962030689e-02,1.000000000000000888e+00
1.000000000000000888e+00,7.064139313704131951e-01,7.064139313704131951e-01,1.000000000000000888e+00
1.000000000000001110e+00,9.271008960212807626e-01,9.271008960212807626e-01,1.000000000000001110e+00
1.000000000000000888e+00,1.863290820926213343e-01,1.863290820926213343e-01,1.000000000000000888e+00
1.000000000000000444e+00,8.007575165769240111e-02,8.007575165769240111e-02,1.000000000000000444e+00
1.000000000000000888e+00,6.058733683459330832e-01,6.058733683459330832e-01,1.000000000000000888e+00
1.000000000000000888e+00,9.920453835951182908e-01,9.920453835951182908e-01,1.000000000000000888e+00
1.000000000000001110e+00,6.702383072099630246e-01,6.702383072099630246e-01,1.000000000000001110e+00
1.000000000000000888e+00,1.576714117171065799e-02,1.576714117171065799e-02,1.000000000000000888e+00
1.000000000000001110e+00,4.483965030295500864e-01,4.483965030295500864e-01,1.000000000000001110e+00
1.000000000000001332e+00,9.932637642441530801e-01,9.932637642441530801e-01,1.000000000000001332e+00
1.000000000000001332e+00,7.381886452241511742e-01,7.381886452241511742e-01,1.000000000000001332e+00
1.000000000000001332e+00,1.901523661052486047e-01,1.901523661052486047e-01,1.000000000000001332e+00
1.000000000000001554e+00,5.125870162552670362e-02,5.125870162552670362e-02,1.000000000000001554e+00
1.000000000000001554e+00,7.491721384567860964e-01,7.491721384567860964e-01,1.000000000000001554e+00
1.000000000000001332e+00,8.885249002509439942e-01,8.885249002509439942e-01,1.000000000000001332e+00
1.000000000000001332e+00,1.927327914795114172e-01,1.927327914795114172e-01,1.000000000000001332e+00
1.000000000000001554e+00,3.251065936568323100e-02,3.251065936568323100e-02,1.000000000000001554e+00
1.000000000000001776e+00,4.746172239334069953e-01,4.746172239334069953e-01,1.000000000000001776e+00
1.000000000000001554e+00,9.771975583099841156e-01,9.771975583099841156e-01,1.000000000000001554e+00
