1.000000000000000000e+00,1.000000000000000000e+00,1.000000000000000000e+00,1.000000000000000000e+00
1.000000000000000000e+00,5.782686577990876486e-01,5.782686577990876486e-01,1.000000000000000000e+00
1.000000000000000222e+00,1.262712415299047097e-02,1.262712415299047097e-02,1.000000000000000222e+00
1.000000000000000222e+00,3.583095263756825855e-01,3.583095263756825855e-01,1.000000000000000222e+00
1.000000000000000222e+00,9.735892931028690134e-01,9.735892931028690134e-01,1.000000000000000222e+00
1.000000000000000444e+00,7.553387850011272775e-01,7.553387850011272775e-01,1.000000000000000444e+00
1.000000000000000222e+00,1.003364850047381990e-01,1.003364850047381990e-01,1.000000000000000222e+00
1.000000000000000444e+00,1.083666652881315473e-01,1.083666652881315473e-01,1.000000000000000444e+00
1.000000000000000444e+00,8.031969016325145594e-01,8.031969016325145594e-01,1.000000000000000444e+00
1.000000000000000222e+00,8.956854169466239579e-01,8.956854169466239579e-01,1.000000000000000222e+00
1.000000000000000000e+00,3.086375445940930939e-01,3.086375445940930939e-01,1.000000000000000000e+00
1.000000000000000222e+00,1.553828364681875129e-02,1.553828364681875129e-02,1.000000000000000222e+00
1.000000000000000444e+00,6.092425490444582925e-01,6.092425490444582925e-01,1.000000000000000444e+00
1.000000000000000444e+00,9.958107717284528926e-01,9.958107717284528926e-01,1.000000000000000444e+00
1.000000000000000444e+00,5.613484924681227950e-01,5.613484924681227950e-01,1.000000000000000444e+00
1.000000000000000000e+00,3.491821925489307921e-02,3.491821925489307921e-02,1.000000000000000000e+00
1.000000000000000222e+00,2.275544859122843322e-01,2.275544859122843322e-01,1.000000000000000222e+00
1.000000000000000222e+00,8.520755319592832056e-01,8.520755319592832056e-01,1.000000000000000222e+00
1.000000000000000444e+00,9.056037657427897791e-01,9.056037657427897791e-01,1.000000000000000444e+00
1.000000000000000222e+00,3.161336951762486747e-01,3.161336951762486747e-01,1.000000000000000222e+00
1.000000000000000444e+00,2.317659559652737733e-02,2.317659559652737733e-02,1.000000000000000444e+00
1.000000000000000222e+00,6.136112782110176855e-01,6.136112782110176855e-01,1.000000000000000222e+00
1.000000000000000000e+00,9.983492727192122551e-01,9.983492727192122551e-01,1.000000000000000000e+00
1.000000000000000222e+00,5.659709856682196838e-01,5.659709856682196838e-01,1.000000000000000222e+00
1.000000000000000000e+00,1.625813478017856806e-02,1.625813478017856806e-02,1.000000000000000000e+00
9.999999999999997780e-01,2.894200919500607982e-01,2.894200919500607982e-01,9.999999999999997780e-01
1.000000000000000222e+00,9.328382235741534689e-01,9.328382235741534689e-01,1.000000000000000222e+00
1.000000000000000222e+00,8.376103467198492414e-01,8.376103467198492414e-01,1.000000000000000222e+00
1.000000000000000222e+00,1.889811767650136365e-01,1.889811767650136365e-01,1.000000000000000222e+00
1.000000000000000444e+00,6.231724614016009856e-02,6.231724614016009856e-02,1.000000000000000444e+00
1.000000000000000444e+00,7.192406025922268853e-01,7.192406025922268853e-01,1.000000000000000444e+00
1.000000000000000222e+00,9.745166364441557594e-01,9.745166364441557594e-01,1.000000000000000222e+00
1.000000000000000000e+00,3.735106071471983591e-01,3.735106071471983591e-01,1.000000000000000000e+00
1.000000000000000444e+00,1.807065864709744840e-03,1.807065864709744840e-03,1.000000000000000444e+00
1.000000000000000000e+00,4.246210534854762964e-01,4.246210534854762964e-01,1.000000000000000000e+00
1.000000000000000444e+00,9.696084156442550395e-01,9.696084156442550395e-01,1.000000000000000444e+00
1.000000000000000444e+00,6.708598332634909678e-01,6.708598332634909678e-01,1.000000000000000444e+00
1.000000000000000444e+00,7.679227109873393298e-02,7.679227109873393298e-02,1.000000000000000444e+00
1.000000000000000444e+00,1.938389184330176485e-01,1.938389184330176485e-01,1.000000000000000444e+00
1.000000000000000444e+00,8.086095321533739444e-01,8.086095321533739444e-01,1.000000000000000444e+00
1.000000000000000444e+00,9.366906158697000384e-01,9.366906158697000384e-01,1.000000000000000444e+00
1.000000000000000666e+00,2.967312457101238810e-01,2.967312457101238810e-01,1.000000000000000666e+00
1.000000000000000444e+00,1.362243863516529596e-02,1.362243863516529596e-02,1.000000000000000444e+00
1.000000000000000444e+00,5.898673506252315457e-01,5.898673506252315457e-01,1.000000000000000444e+00
1.000000000000000444e+00,9.997087371062262084e-01,9.997087371062262084e-01,1.000000000000000444e+00
1.000000000000000444e+00,5.256967293897722993e-01,5.256967293897722993e-01,1.000000000000000444e+00
1.000000000000000666e+00,2.179059383594927901e-02,2.179059383594927901e-02,1.000000000000000666e+00
1.000000000000000888e+00,3.538675900518447603e-01,3.538675900518447603e-01,1.000000000000000888e+00
1.000000000000000444e+00,9.544478964665574772e-01,9.544478964665574772e-01,1.000000000000000444e+00
1.000000000000000666e+00,7.553835545072705715e-01,7.553835545072705715e-01,1.000000000000000666e+00
1.000000000000000888e+00,1.406791604876634905e-01,1.406791604876634905e-01,1.000000000000000888e+00
1.000000000000000888e+00,7.311402757617757597e-02,7.311402757617757597e-02,1.000000000000000888e+00
1.000000000000000888e+00,7.273167566997806865e-01,7.273167566997806865e-01,1.000000000000000888e+00
1.000000000000000888e+00,9.554348125954073012e-01,9.554348125954073012e-01,1.000000000000000888e+00
1.000000000000001110e+00,4.041641126038724163e-01,4.041641126038724163e-01,1.000000000000001110e+00
1.000000000000000888e+00,7.588897633650809604e-03,7.588897633650809604e-03,1.000000000000000888e+00
1.000000000000001110e+00,4.699877877979325436e-01,4.699877877979325436e-01,1.000000000000001110e+00
1.000000000000001332e+00,9.872386460360393912e-01,9.872386460360393912e-01,1.000000000000001332e+00
1.000000000000001110e+00,6.620700271604749165e-01,6.620700271604749165e-01,1.000000000000001110e+00
1.000000000000000888e+00,7.866862446188466196e-02,7.866862446188466196e-02,1.000000000000000888e+00
1.000000000000000888e+00,2.227331624194527071e-01,2.227331624194527071e-01,1.000000000000000888e+00
1.000000000000000888e+00,9.112502384516382170e-01,9.112502384516382170e-01,1.000000000000000888e+00
1.000000000000000666e+00,8.174224848155222656e-01,8.174224848155222656e-01,1.000000000000000666e+00
1.000000000000000666e+00,1.430106635991286179e-01,1.430106635991286179e-01,1.000000000000000666e+00
1.000000000000000444e+00,1.176155703385578649e-01,1.176155703385578649e-01,1.000000000000000444e+00
1.000000000000000444e+00,8.105932792245371665e-01,8.105932792245371665e-01,1.000000000000000444e+00
1.000000000000000666e+00,9.222301907287643319e-01,9.222301907287643319e-01,1.000000000000000666e+00
1.000000000000000888e+00,3.140915044606603090e-01,3.140915044606603090e-01,1.000000000000000888e+00
1.000000000000000888e+00,3.188651233423056564e-02,3.188651233423056564e-02,1.000000000000000888e+00
1.000000000000000888e+00,6.474573026744349091e-01,6.474573026744349091e-01,1.000000000000000888e+00
1.000000000000000888e+00,9.994715317776385888e-01,9.994715317776385888e-01,1.000000000000000888e+00
1.000000000000000666e+00,5.331875004411138486e-01,5.331875004411138486e-01,1.000000000000000666e+00
1.000000000000000444e+00,1.339939742663581734e-02,1.339939742663581734e-02,1.000000000000000444e+00
1.000000000000000666e+00,3.389802200689250311e-01,3.389802200689250311e-01,1.000000000000000666e+00
1.000000000000000444e+00,9.612894628713477552e-01,9.612894628713477552e-01,1.000000000000000444e+00
1.000000000000000666e+00,7.479378861188850092e-01,7.479378861188850092e-01,1.000000000000000666e+00
1.000000000000000888e+00,7.853640616072157798e-02,7.853640616072157798e-02,1.000000000000000888e+00
1.000000000000000666e+00,2.063812316859783280e-01,2.063812316859783280e-01,1.000000000000000666e+00
1.000000000000000666e+00,8.513797483065462801e-01,8.513797483065462801e-01,1.000000000000000666e+00
1.000000000000000666e+00,9.057916499559246493e-01,9.057916499559246493e-01,1.000000000000000666e+00
1.000000000000000444e+00,3.231292884342198968e-01,3.231292884342198968e-01,1.000000000000000444e+00
1.000000000000000444e+00,1.378129935431210429e-02,1.378129935431210429e-02,1.000000000000000444e+00
1.000000000000000444e+00,5.480226636439637922e-01,5.480226636439637922e-01,1.000000000000000444e+00
1.000000000000000444e+00,9.992751427852198942e-01,9.992751427852198942e-01,1.000000000000000444e+00
1.000000000000000666e+00,5.759891076708379964e-01,5.759891076708379964e-01,1.000000000000000666e+00
1.000000000000000888e+00,1.518337391693649896e-02,1.518337391693649896e-02,1.000000000000000888e+00
1.000000000000001110e+00,2.577955492505507595e-01,2.577955492505507595e-01,1.000000000000001110e+00
1.000000000000001332e+00,8.885409174607099558e-01,8.885409174607099558e-01,1.000000000000001332e+00
1.000000000000001332e+00,8.990673056891806958e-01,8.990673056891806958e-01,1.000000000000001332e+00
1.000000000000001332e+00,2.984241975272342584e-01,2.984241975272342584e-01,1.000000000000001332e+00
1.000000000000001332e+00,2.237488656067920800e-02,2.237488656067920800e-02,1.000000000000001332e+00
1.000000000000001554e+00,6.126261412070289625e-01,6.126261412070289625e-01,1.000000000000001554e+00
1.000000000000001332e+00,9.973839402152293587e-01,9.973839402152293587e-01,1.000000000000001332e+00
1.000000000000001332e+00,4.406359241412984296e-01,4.406359241412984296e-01,1.000000000000001332e+00
1.000000000000001332e+00,7.720639599969603140e-04,7.720639599969603140e-04,1.000000000000001332e+00
1.000000000000001554e+00,3.985824579583787663e-01,3.985824579583787663e-01,1.000000000000001554e+00
1.000000000000001554e+00,9.568743968753914420e-01,9.568743968753914420e-01,1.000000000000001554e+00
1.000000000000001332e+00,7.663702584686576946e-01,7.663702584686576946e-01,1.000000000000001332e+00
1.000000000000001110e+00,1.375107178691270249e-01,1.375107178691270249e-01,1.000000000000001110e+00
1.000000000000001110e+00,1.096027545421012356e-01,1.096027545421012356e-01,1.000000000000001110e+00
1.000000000000001110e+00,7.733739306077783704e-01,7.733739306077783704e-01,1.000000000000001110e+00
