1.000000000000000000e+00,1.000000000000000000e+00,1.000000000000000000e+00,1.000000000000000000e+00
1.000000000000000000e+00,6.166169581712273029e-01,6.166169581712273029e-01,1.000000000000000000e+00
1.000000000000000444e+00,9.312044498889346378e-02,9.312044498889346378e-02,1.000000000000000444e+00
1.000000000000000222e+00,7.266941894754272435e-02,7.266941894754272435e-02,1.000000000000000222e+00
1.000000000000000222e+00,6.289119534064304684e-01,6.289119534064304684e-01,1.000000000000000222e+00
1.000000000000000000e+00,9.923719101080257232e-01,9.923719101080257232e-01,1.000000000000000000e+00
1.000000000000000222e+00,3.674035255477589024e-01,3.674035255477589024e-01,1.000000000000000222e+00
1.000000000000000000e+00,4.588141249547994516e-02,4.588141249547994516e-02,1.000000000000000000e+00
1.000000000000000444e+00,7.486500524958441538e-01,7.486500524958441538e-01,1.000000000000000444e+00
1.000000000000000888e+00,9.550090117395604317e-01,9.550090117395604317e-01,1.000000000000000888e+00
1.000000000000000888e+00,4.320203038279000762e-01,4.320203038279000762e-01,1.000000000000000888e+00
1.000000000000000888e+00,1.812817388654372475e-02,1.812817388654372475e-02,1.000000000000000888e+00
1.000000000000000888e+00,1.967563223521854587e-01,1.967563223521854587e-01,1.000000000000000888e+00
1.000000000000001110e+00,8.184446769319880799e-01,8.184446769319880799e-01,1.000000000000001110e+00
1.000000000000000888e+00,8.931254340313929951e-01,8.931254340313929951e-01,1.000000000000000888e+00
1.000000000000000888e+00,1.429260410356653632e-01,1.429260410356653632e-01,1.000000000000000888e+00
1.000000000000000888e+00,2.095655570416813385e-01,2.095655570416813385e-01,1.000000000000000888e+00
1.000000000000000888e+00,9.186416159753344468e-01,9.186416159753344468e-01,1.000000000000000888e+00
1.000000000000001332e+00,8.352743140544413025e-01,8.352743140544413025e-01,1.000000000000001332e+00
1.000000000000001110e+00,2.615852994003892706e-01,2.615852994003892706e-01,1.000000000000001110e+00
1.000000000000001110e+00,1.696717861002811079e-03,1.696717861002811079e-03,1.000000000000001110e+00
1.000000000000001110e+00,3.697000260226536161e-01,3.697000260226536161e-01,1.000000000000001110e+00
1.000000000000000888e+00,9.542825467396256478e-01,9.542825467396256478e-01,1.000000000000000888e+00
1.000000000000000888e+00,6.941225931966935603e-01,6.941225931966935603e-01,1.000000000000000888e+00
1.000000000000000666e+00,1.503541515977854792e-02,1.503541515977854792e-02,1.000000000000000666e+00
1.000000000000000444e+00,4.443379972349431606e-01,4.443379972349431606e-01,1.000000000000000444e+00
1.000000000000000222e+00,9.960521243321232010e-01,9.960521243321232010e-01,1.000000000000000222e+00
1.000000000000000444e+00,6.686952118791563704e-01,6.686952118791563704e-01,1.000000000000000444e+00
1.000000000000000222e+00,1.242285428171416017e-01,1.242285428171416017e-01,1.000000000000000222e+00
1.000000000000000000e+00,4.794926063961590934e-02,4.794926063961590934e-02,1.000000000000000000e+00
1.000000000000000222e+00,5.705505607012977265e-01,5.705505607012977265e-01,1.000000000000000222e+00
9.999999999999998890e-01,9.996456386689924756e-01,9.996456386689924756e-01,9.999999999999998890e-01
9.999999999999997780e-01,4.406944259069972558e-01,4.406944259069972558e-01,9.999999999999997780e-01
1.000000000000000000e+00,1.973391744384642155e-02,1.973391744384642155e-02,1.000000000000000000e+00
1.000000000000000222e+00,6.865620746779902417e-01,6.865620746779902417e-01,1.000000000000000222e+00
9.999999999999997780e-01,9.765728821805154114e-01,9.765728821805154114e-01,9.999999999999997780e-01
9.999999999999996669e-01,4.842788345868913602e-01,4.842788345868913602e-01,9.999999999999996669e-01
9.999999999999994449e-01,3.387039965633698024e-02,3.387039965633698024e-02,9.999999999999994449e-01
9.999999999999995559e-01,1.556637797759587438e-01,1.556637797759587438e-01,9.999999999999995559e-01
9.999999999999996669e-01,7.679963051984948219e-01,7.679963051984948219e-01,9.999999999999996669e-01
9.999999999999997780e-01,9.328854276270839296e-01,9.328854276270839296e-01,9.999999999999997780e-01
9.999999999999998890e-01,1.996453387383051170e-01,1.996453387383051170e-01,9.999999999999998890e-01
9.999999999999997780e-01,1.529426170578771227e-01,1.529426170578771227e-01,9.999999999999997780e-01
9.999999999999995559e-01,8.787209560022106736e-01,8.787209560022106736e-01,9.999999999999995559e-01
9.999999999999993339e-01,8.755582466570357436e-01,8.755582466570357436e-01,9.999999999999993339e-01
9.999999999999996669e-01,3.076335208200601801e-01,3.076335208200601801e-01,9.999999999999996669e-01
9.999999999999996669e-01,8.841036838358462546e-05,8.841036838358462546e-05,9.999999999999996669e-01
9.999999999999995559e-01,3.163234590857780804e-01,3.163234590857780804e-01,9.999999999999995559e-01
9.999999999999996669e-01,9.232674128574884787e-01,9.232674128574884787e-01,9.999999999999996669e-01
9.999999999999993339e-01,7.590522179886477483e-01,7.590522179886477483e-01,9.999999999999993339e-01
9.999999999999995559e-01,3.891810308219187386e-02,3.891810308219187386e-02,9.999999999999995559e-01
9.999999999999994449e-01,3.736649442194215354e-01,3.736649442194215354e-01,9.999999999999994449e-01
9.999999999999993339e-01,9.840695717823313426e-01,9.840695717823313426e-01,9.999999999999993339e-01
9.999999999999996669e-01,7.193409317885210985e-01,7.193409317885210985e-01,9.999999999999996669e-01
9.999999999999995559e-01,1.591999541957317410e-01,1.591999541957317410e-01,9.999999999999995559e-01
9.999999999999993339e-01,2.829172542871707940e-02,2.829172542871707940e-02,9.999999999999993339e-01
9.999999999999995559e-01,5.119617683430787158e-01,5.119617683430787158e-01,9.999999999999995559e-01
9.999999999999997780e-01,9.975942548639784579e-01,9.975942548639784579e-01,9.999999999999997780e-01
9.999999999999998890e-01,5.149859328426273919e-01,5.149859328426273919e-01,9.999999999999998890e-01
9.999999999999997780e-01,4.319233199832850367e-03,4.319233199832850367e-03,9.999999999999997780e-01
9.999999999999998890e-01,6.202485944805093965e-01,6.202485944805093965e-01,9.999999999999998890e-01
1.000000000000000222e+00,9.914130224348538523e-01,9.914130224348538523e-01,1.000000000000000222e+00
1.000000000000000222e+00,5.372054832517326739e-01,5.372054832517326739e-01,1.000000000000000222e+00
1.000000000000000444e+00,5.425630443470205733e-02,5.425630443470205733e-02,1.000000000000000444e+00
1.000000000000000444e+00,1.189531582981922520e-01,1.189531582981922520e-01,1.000000000000000444e+00
1.000000000000000666e+00,7.141087754775303775e-01,7.141087754775303775e-01,1.000000000000000666e+00
1.000000000000000444e+00,9.636962704583980077e-01,9.636962704583980077e-01,1.000000000000000444e+00
1.000000000000000444e+00,2.630662547458466616e-01,2.630662547458466616e-01,1.000000000000000444e+00
1.000000000000000444e+00,1.035967805711823647e-01,1.035967805711823647e-01,1.000000000000000444e+00
1.000000000000000666e+00,8.315467587217539869e-01,8.315467587217539869e-01,1.000000000000000666e+00
1.000000000000000444e+00,9.113198064165137779e-01,9.113198064165137779e-01,1.000000000000000444e+00
1.000000000000000666e+00,3.560174899954460237e-01,3.560174899954460237e-01,1.000000000000000666e+00
1.000000000000000666e+00,3.570105376715926315e-03,3.570105376715926315e-03,1.000000000000000666e+00
1.000000000000000444e+00,2.658702423470083454e-01,2.658702423470083454e-01,1.000000000000000444e+00
1.000000000000000666e+00,8.855738215439428185e-01,8.855738215439428185e-01,1.000000000000000666e+00
1.000000000000000666e+00,8.180785742594135490e-01,8.180785742594135490e-01,1.000000000000000666e+00
1.000000000000000888e+00,7.334771665960029829e-02,7.334771665960029829e-02,1.000000000000000888e+00
1.000000000000000666e+00,3.050959089412453862e-01,3.050959089412453862e-01,1.000000000000000666e+00
1.000000000000000666e+00,9.639470291706608851e-01,9.639470291706608851e-01,1.000000000000000666e+00
1.000000000000000888e+00,7.678884962081147236e-01,7.678884962081147236e-01,1.000000000000000888e+00
1.000000000000000666e+00,1.977494705800903474e-01,1.977494705800903474e-01,1.000000000000000666e+00
1.000000000000000888e+00,1.377405160170000475e-02,1.377405160170000475e-02,1.000000000000000888e+00
1.000000000000000888e+00,4.539624896496285422e-01,4.539624896496285422e-01,1.000000000000000888e+00
1.000000000000000888e+00,9.865557549010364191e-01,9.865557549010364191e-01,1.000000000000000888e+00
1.000000000000000666e+00,5.885832109202679963e-01,5.885832109202679963e-01,1.000000000000000666e+00
1.000000000000000888e+00,9.225668154866362158e-05,9.225668154866362158e-05,1.000000000000000888e+00
1.000000000000001110e+00,5.509367131272117080e-01,5.509367131272117080e-01,1.000000000000001110e+00
1.000000000000001110e+00,9.990309718885616030e-01,9.990309718885616030e-01,1.000000000000001110e+00
1.000000000000001110e+00,5.902417838244422565e-01,5.902417838244422565e-01,1.000000000000001110e+00
1.000000000000001110e+00,7.909647373387185265e-02,7.909647373387185265e-02,1.000000000000001110e+00
1.000000000000001332e+00,8.689076615482682620e-02,8.689076615482682620e-02,1.000000000000001332e+00
1.000000000000001110e+00,6.577368686263354025e-01,6.577368686263354025e-01,1.000000000000001110e+00
1.000000000000000888e+00,9.851824843244399998e-01,9.851824843244399998e-01,1.000000000000000888e+00
1.000000000000000888e+00,3.316673077367958689e-01,3.316673077367958689e-01,1.000000000000000888e+00
1.000000000000000888e+00,6.276590844273180481e-02,6.276590844273180481e-02,1.000000000000000888e+00
1.000000000000000888e+00,7.777663963516893153e-01,7.777663963516893153e-01,1.000000000000000888e+00
1.000000000000000888e+00,9.418816503371236770e-01,9.418816503371236770e-01,1.000000000000000888e+00
1.000000000000000666e+00,4.063062070487297728e-01,4.063062070487297728e-01,1.000000000000000666e+00
1.000000000000000888e+00,1.205033489247422929e-02,1.205033489247422929e-02,1.000000000000000888e+00
1.000000000000000888e+00,2.188451982239101312e-01,2.188451982239101312e-01,1.000000000000000888e+00
1.000000000000000888e+00,8.420790075138202546e-01,8.420790075138202546e-01,1.000000000000000888e+00
