1.000000000000000000e+00,1.000000000000000000e+00,1.000000000000000000e+00,1.000000000000000000e+00
1.000000000000000222e+00,3.590767867228513710e-01,3.590767867228513710e-01,1.000000000000000222e+00
1.000000000000000000e+00,-7.255749209654267506e-01,-7.255749209654267506e-01,1.000000000000000000e+00
9.999999999999993339e-01,-9.598318362581004237e-01,-9.598318362581004237e-01,9.999999999999993339e-01
9.999999999999996669e-01,-4.468758516054415764e-01,-4.468758516054415764e-01,9.999999999999996669e-01
9.999999999999995559e-01,3.703016068223065060e-01,3.703016068223065060e-01,9.999999999999995559e-01
9.999999999999998890e-01,9.845068110769793490e-01,9.845068110769793490e-01,9.999999999999998890e-01
9.999999999999995559e-01,5.296078255849447913e-01,5.296078255849447913e-01,9.999999999999995559e-01
9.999999999999996669e-01,-5.956148633675567572e-01,-5.956148633675567572e-01,9.999999999999996669e-01
9.999999999999995559e-01,-9.854022317706505607e-01,-9.854022317706505607e-01,9.999999999999995559e-01
1.000000000000000222e+00,-5.562552323886007510e-01,-5.562552323886007510e-01,1.000000000000000222e+00
1.000000000000000666e+00,2.360645606111206884e-01,2.360645606111206884e-01,1.000000000000000666e+00
1.000000000000000666e+00,9.397408808613734177e-01,9.397408808613734177e-01,1.000000000000000666e+00
1.000000000000000666e+00,6.803078073142867499e-01,6.803078073142867499e-01,1.000000000000000666e+00
1.000000000000001110e+00,-4.434368010215636313e-01,-4.434368010215636313e-01,1.000000000000001110e+00
1.000000000000001110e+00,-9.901022208985419404e-01,-9.901022208985419404e-01,1.000000000000001110e+00
1.000000000000000888e+00,-6.566752427555798688e-01,-6.566752427555798688e-01,1.000000000000000888e+00
1.000000000000000444e+00,1.008863637896133814e-01,1.008863637896133814e-01,1.000000000000000444e+00
1.000000000000000666e+00,8.692965962476827402e-01,8.692965962476827402e-01,1.000000000000000666e+00
1.000000000000000666e+00,8.054848435096014780e-01,8.054848435096014780e-01,1.000000000000000666e+00
1.000000000000000888e+00,-2.731322181953247941e-01,-2.731322181953247941e-01,1.000000000000000888e+00
1.000000000000000444e+00,-9.723358294462903784e-01,-9.723358294462903784e-01,1.000000000000000444e+00
1.000000000000000888e+00,-7.462264110937584238e-01,-7.462264110937584238e-01,1.000000000000000888e+00
1.000000000000000444e+00,-3.326897083897129015e-02,-3.326897083897129015e-02,1.000000000000000444e+00
1.000000000000000888e+00,7.775749227483563786e-01,7.775749227483563786e-01,1.000000000000000888e+00
1.000000000000000666e+00,9.013527137470975781e-01,9.013527137470975781e-01,1.000000000000000666e+00
1.000000000000000888e+00,-9.219905176857745577e-02,-9.219905176857745577e-02,1.000000000000000888e+00
1.000000000000000222e+00,-9.282357216854408843e-01,-9.282357216854408843e-01,1.000000000000000222e+00
1.000000000000000222e+00,-8.250874387289239831e-01,-8.250874387289239831e-01,1.000000000000000222e+00
1.000000000000000444e+00,-1.629922307647779789e-01,-1.629922307647779789e-01,1.000000000000000444e+00
1.000000000000000666e+00,6.682289625913523379e-01,6.682289625913523379e-01,1.000000000000000666e+00
1.000000000000000444e+00,9.640674989788166060e-01,9.640674989788166060e-01,1.000000000000000444e+00
1.000000000000000000e+00,9.600439149424799812e-02,9.600439149424799812e-02,1.000000000000000000e+00
1.000000000000000444e+00,-8.605442690735675138e-01,-8.605442690735675138e-01,1.000000000000000444e+00
1.000000000000000000e+00,-8.884415820577198364e-01,-8.884415820577198364e-01,1.000000000000000000e+00
1.000000000000000000e+00,-2.890416830961924366e-01,-2.890416830961924366e-01,1.000000000000000000e+00
1.000000000000000000e+00,5.471487057120731912e-01,5.471487057120731912e-01,1.000000000000000000e+00
1.000000000000000444e+00,9.936511776365390958e-01,9.936511776365390958e-01,1.000000000000000444e+00
1.000000000000000444e+00,2.798692359792065432e-01,2.798692359792065432e-01,1.000000000000000444e+00
1.000000000000000888e+00,-7.639161978304986889e-01,-7.639161978304986889e-01,1.000000000000000888e+00
1.000000000000001332e+00,-9.385250103634317220e-01,-9.385250103634317220e-01,1.000000000000001332e+00
1.000000000000001332e+00,-4.067212169258239696e-01,-4.067212169258239696e-01,1.000000000000001332e+00
1.000000000000001110e+00,4.162427824728300862e-01,4.162427824728300862e-01,1.000000000000001110e+00
1.000000000000000888e+00,9.900796020247413232e-01,9.900796020247413232e-01,1.000000000000000888e+00
1.000000000000001110e+00,4.566148743712095115e-01,4.566148743712095115e-01,1.000000000000001110e+00
1.000000000000001332e+00,-6.456320563032389437e-01,-6.456320563032389437e-01,1.000000000000001332e+00
1.000000000000001554e+00,-9.680259291654562670e-01,-9.680259291654562670e-01,1.000000000000001554e+00
1.000000000000001332e+00,-5.188088308093123935e-01,-5.188088308093123935e-01,1.000000000000001332e+00
1.000000000000000888e+00,2.821789616485956831e-01,2.821789616485956831e-01,1.000000000000000888e+00
1.000000000000001332e+00,9.555033870578109045e-01,9.555033870578109045e-01,1.000000000000001332e+00
1.000000000000001110e+00,6.143326062673366561e-01,6.143326062673366561e-01,1.000000000000001110e+00
1.000000000000000666e+00,-5.010672851539588191e-01,-5.010672851539588191e-01,1.000000000000000666e+00
1.000000000000000444e+00,-9.807127994370826718e-01,-9.807127994370826718e-01,1.000000000000000444e+00
1.000000000000000222e+00,-6.195111643659947376e-01,-6.195111643659947376e-01,1.000000000000000222e+00
1.000000000000000444e+00,1.447147229704736637e-01,1.447147229704736637e-01,1.000000000000000444e+00
1.000000000000000000e+00,8.938932821664864470e-01,8.938932821664864470e-01,1.000000000000000000e+00
9.999999999999998890e-01,7.507977439444187828e-01,7.507977439444187828e-01,9.999999999999998890e-01
9.999999999999997780e-01,-3.409063627708758260e-01,-3.409063627708758260e-01,9.999999999999997780e-01
1.000000000000000444e+00,-9.682687861826233533e-01,-9.682687861826233533e-01,1.000000000000000444e+00
1.000000000000000666e+00,-7.123816234179161100e-01,-7.123816234179161100e-01,1.000000000000000666e+00
1.000000000000000444e+00,1.035113518709401825e-02,1.035113518709401825e-02,1.000000000000000444e+00
1.000000000000000444e+00,8.079226633116469714e-01,8.079226633116469714e-01,1.000000000000000444e+00
1.000000000000000444e+00,8.576134602598856072e-01,8.576134602598856072e-01,1.000000000000000444e+00
1.000000000000000222e+00,-1.635931463861882151e-01,-1.635931463861882151e-01,1.000000000000000222e+00
1.000000000000000444e+00,-9.351578790548912279e-01,-9.351578790548912279e-01,1.000000000000000444e+00
1.000000000000000222e+00,-7.912300101993772206e-01,-7.912300101993772206e-01,1.000000000000000222e+00
1.000000000000000000e+00,-1.225023145396408331e-01,-1.225023145396408331e-01,1.000000000000000000e+00
1.000000000000000222e+00,7.040250694807457243e-01,7.040250694807457243e-01,1.000000000000000222e+00
1.000000000000000444e+00,9.334388534712312335e-01,9.334388534712312335e-01,1.000000000000000444e+00
1.000000000000000222e+00,1.909057703472361034e-02,1.909057703472361034e-02,1.000000000000000222e+00
1.000000000000000222e+00,-8.744810678953642835e-01,-8.744810678953642835e-01,1.000000000000000222e+00
1.000000000000000000e+00,-8.589124394211659075e-01,-8.589124394211659075e-01,1.000000000000000000e+00
1.000000000000000000e+00,-2.484670692885440069e-01,-2.484670692885440069e-01,1.000000000000000000e+00
9.999999999999998890e-01,5.846294646470270306e-01,5.846294646470270306e-01,9.999999999999998890e-01
9.999999999999996669e-01,9.753710572021471181e-01,9.753710572021471181e-01,9.999999999999996669e-01
1.000000000000000000e+00,2.044198068700904258e-01,2.044198068700904258e-01,1.000000000000000000e+00
9.999999999999998890e-01,-7.904907624903622088e-01,-7.904907624903622088e-01,9.999999999999998890e-01
9.999999999999997780e-01,-9.099652475087647296e-01,-9.099652475087647296e-01,9.999999999999997780e-01
9.999999999999994449e-01,-3.690621005974196733e-01,-3.690621005974196733e-01,9.999999999999994449e-01
9.999999999999993339e-01,4.563004705000379690e-01,4.563004705000379690e-01,9.999999999999993339e-01
9.999999999999995559e-01,9.835628919995413888e-01,9.835628919995413888e-01,9.999999999999995559e-01
9.999999999999998890e-01,3.822177482188718889e-01,3.822177482188718889e-01,9.999999999999998890e-01
9.999999999999995559e-01,-6.804039596508080212e-01,-6.804039596508080212e-01,9.999999999999995559e-01
9.999999999999994449e-01,-9.452024958637984531e-01,-9.452024958637984531e-01,9.999999999999994449e-01
9.999999999999995559e-01,-4.807901811655752589e-01,-4.807901811655752589e-01,9.999999999999995559e-01
9.999999999999993339e-01,3.213693582938219051e-01,3.213693582938219051e-01,9.999999999999993339e-01
9.999999999999991118e-01,9.600001543443679175e-01,9.600001543443679175e-01,9.999999999999991118e-01
9.999999999999996669e-01,5.463149425144966376e-01,5.463149425144966376e-01,9.999999999999996669e-01
9.999999999999997780e-01,-5.476398578079113566e-01,-5.476398578079113566e-01,9.999999999999997780e-01
1.000000000000000000e+00,-9.612472470982581507e-01,-9.612472470982581507e-01,1.000000000000000000e+00
1.000000000000000666e+00,-5.836714710766803815e-01,-5.836714710766803815e-01,1.000000000000000666e+00
1.000000000000000666e+00,1.844838874616763769e-01,1.844838874616763769e-01,1.000000000000000666e+00
1.000000000000001110e+00,9.069073399756637510e-01,9.069073399756637510e-01,1.000000000000001110e+00
1.000000000000000666e+00,6.901542788477971202e-01,6.901542788477971202e-01,1.000000000000000666e+00
1.000000000000000444e+00,-3.953764066245713527e-01,-3.953764066245713527e-01,1.000000000000000444e+00
9.999999999999997780e-01,-9.560893989312142516e-01,-9.560893989312142516e-01,9.999999999999997780e-01
1.000000000000000222e+00,-6.765144557496307609e-01,-6.765144557496307609e-01,1.000000000000000222e+00
9.999999999999997780e-01,4.849136916946272802e-02,4.849136916946272802e-02,9.999999999999997780e-01
1.000000000000000000e+00,8.286772309265015846e-01,8.286772309265015846e-01,1.000000000000000000e+00
9.999999999999998890e-01,8.068189482072909424e-01,8.068189482072909424e-01,9.999999999999998890e-01
9.999999999999997780e-01,-2.261347164798561127e-01,-2.261347164798561127e-01,9.999999999999997780e-01
