1.000000000000000000e+00,1.000000000000000000e+00,1.000000000000000000e+00,1.000000000000000000e+00
1.000000000000000000e+00,5.716527842298083639e-01,5.716527842298083639e-01,1.000000000000000000e+00
9.999999999999997780e-01,-4.514240099472605627e-01,-4.514240099472605627e-01,9.999999999999997780e-01
1.000000000000000444e+00,-9.816584469599647367e-01,-9.816584469599647367e-01,1.000000000000000444e+00
1.000000000000000888e+00,-6.667398310256618110e-01,-6.667398310256618110e-01,1.000000000000000888e+00
1.000000000000001110e+00,3.077175485878250738e-01,3.077175485878250738e-01,1.000000000000001110e+00
1.000000000000001110e+00,9.551409222753088901e-01,9.551409222753088901e-01,1.000000000000001110e+00
1.000000000000001332e+00,7.499391900777880871e-01,7.499391900777880871e-01,1.000000000000001332e+00
1.000000000000001332e+00,-9.907238301756032817e-02,-9.907238301756032817e-02,1.000000000000001332e+00
1.000000000000001332e+00,-8.880269971698687703e-01,-8.880269971698687703e-01,1.000000000000001332e+00
1.000000000000001554e+00,-8.521635388967050417e-01,-8.521635388967050417e-01,1.000000000000001554e+00
1.000000000000001332e+00,-2.539515402785058606e-02,-2.539515402785058606e-02,1.000000000000001332e+00
1.000000000000001110e+00,8.615707104638052893e-01,8.615707104638052893e-01,1.000000000000001110e+00
1.000000000000001332e+00,8.913182036012337051e-01,8.913182036012337051e-01,1.000000000000001332e+00
1.000000000000001554e+00,1.265671101239424223e-01,1.265671101239424223e-01,1.000000000000001554e+00
1.000000000000001332e+00,-8.108961034247770261e-01,-8.108961034247770261e-01,1.000000000000001332e+00
1.000000000000001110e+00,-9.207210297358690010e-01,-9.207210297358690010e-01,1.000000000000001110e+00
1.000000000000001110e+00,-1.509276304358786458e-01,-1.509276304358786458e-01,1.000000000000001110e+00
1.000000000000000444e+00,7.756818400849111450e-01,7.756818400849111450e-01,1.000000000000000444e+00
1.000000000000000444e+00,9.148368913562913152e-01,9.148368913562913152e-01,1.000000000000000444e+00
1.000000000000000666e+00,1.034307150083934035e-01,1.034307150083934035e-01,1.000000000000000666e+00
1.000000000000000666e+00,-7.958461501376790093e-01,-7.958461501376790093e-01,1.000000000000000666e+00
1.000000000000000888e+00,-9.096663346158992969e-01,-9.096663346158992969e-01,1.000000000000000888e+00
1.000000000000001110e+00,-4.078702433754854972e-02,-4.078702433754854972e-02,1.000000000000001110e+00
1.000000000000001110e+00,7.846936884760917774e-01,7.846936884760917774e-01,1.000000000000001110e+00
1.000000000000000666e+00,9.633631222122873705e-01,9.633631222122873705e-01,1.000000000000000666e+00
1.000000000000000888e+00,2.955124893591997148e-01,2.955124893591997148e-01,1.000000000000000888e+00
1.000000000000001332e+00,-6.362219915442763885e-01,-6.362219915442763885e-01,1.000000000000001332e+00
1.000000000000001332e+00,-9.756628076161777408e-01,-9.756628076161777408e-01,1.000000000000001332e+00
1.000000000000000888e+00,-3.426557112529771132e-01,-3.426557112529771132e-01,1.000000000000000888e+00
1.000000000000000444e+00,6.578205285391343082e-01,6.578205285391343082e-01,1.000000000000000444e+00
1.000000000000000444e+00,9.768633156739280343e-01,9.768633156739280343e-01,1.000000000000000444e+00
1.000000000000000222e+00,3.430457633343204638e-01,3.430457633343204638e-01,1.000000000000000222e+00
1.000000000000000444e+00,-5.513871344115313100e-01,-5.513871344115313100e-01,1.000000000000000444e+00
1.000000000000000888e+00,-9.907879508170562843e-01,-9.907879508170562843e-01,1.000000000000000888e+00
1.000000000000000888e+00,-5.166220386244174678e-01,-5.166220386244174678e-01,1.000000000000000888e+00
1.000000000000000888e+00,4.206811712697713368e-01,4.206811712697713368e-01,1.000000000000000888e+00
1.000000000000001110e+00,9.783735487650757623e-01,9.783735487650757623e-01,1.000000000000001110e+00
1.000000000000001554e+00,7.466992982484146335e-01,7.466992982484146335e-01,1.000000000000001554e+00
1.000000000000001332e+00,-8.308159187026936676e-02,-8.308159187026936676e-02,1.000000000000001332e+00
1.000000000000001332e+00,-9.099387328984190892e-01,-9.099387328984190892e-01,1.000000000000001332e+00
1.000000000000001110e+00,-7.985789659707274168e-01,-7.985789659707274168e-01,1.000000000000001110e+00
1.000000000000001332e+00,1.460536066816340017e-01,1.460536066816340017e-01,1.000000000000001332e+00
1.000000000000000888e+00,9.410476410852145479e-01,9.410476410852145479e-01,1.000000000000000888e+00
1.000000000000000666e+00,7.829965179983744417e-01,7.829965179983744417e-01,1.000000000000000666e+00
1.000000000000000444e+00,-2.098531807125959547e-01,-2.098531807125959547e-01,1.000000000000000444e+00
1.000000000000000888e+00,-9.572465234863947181e-01,-9.572465234863947181e-01,1.000000000000000888e+00
1.000000000000000444e+00,-7.848046698316122338e-01,-7.848046698316122338e-01,1.000000000000000444e+00
1.000000000000000222e+00,1.803913693829465592e-01,1.803913693829465592e-01,1.000000000000000222e+00
1.000000000000000222e+00,9.422964088551271100e-01,9.422964088551271100e-01,1.000000000000000222e+00
1.000000000000000222e+00,8.274670659997778177e-01,8.274670659997778177e-01,1.000000000000000222e+00
1.000000000000000222e+00,2.878076029279633130e-02,2.878076029279633130e-02,1.000000000000000222e+00
1.000000000000000222e+00,-8.120245222201625257e-01,-8.120245222201625257e-01,1.000000000000000222e+00
1.000000000000000000e+00,-9.188851664063883984e-01,-9.188851664063883984e-01,1.000000000000000000e+00
1.000000000000000444e+00,-1.701010771103508290e-01,-1.701010771103508290e-01,1.000000000000000444e+00
1.000000000000000666e+00,7.965321540518497390e-01,7.965321540518497390e-01,1.000000000000000666e+00
1.000000000000000666e+00,9.581837419833858505e-01,9.581837419833858505e-01,1.000000000000000666e+00
1.000000000000000666e+00,3.453240308473267683e-01,3.453240308473267683e-01,1.000000000000000666e+00
1.000000000000000888e+00,-6.505535480815314298e-01,-6.505535480815314298e-01,1.000000000000000888e+00
1.000000000000000888e+00,-9.919065636035380162e-01,-9.919065636035380162e-01,1.000000000000000888e+00
1.000000000000000666e+00,-4.329852005831314465e-01,-4.329852005831314465e-01,1.000000000000000666e+00
1.000000000000000666e+00,5.546039412964819393e-01,5.546039412964819393e-01,1.000000000000000666e+00
1.000000000000000444e+00,9.994956342986851539e-01,9.994956342986851539e-01,1.000000000000000444e+00
9.999999999999998890e-01,5.207527755490004573e-01,5.207527755490004573e-01,9.999999999999998890e-01
9.999999999999995559e-01,-4.941265926755682436e-01,-4.941265926755682436e-01,9.999999999999995559e-01
9.999999999999994449e-01,-9.855071544527084226e-01,-9.855071544527084226e-01,9.999999999999994449e-01
9.999999999999997780e-01,-5.304753160671447088e-01,-5.304753160671447088e-01,9.999999999999997780e-01
9.999999999999997780e-01,4.944755286055718679e-01,4.944755286055718679e-01,9.999999999999997780e-01
1.000000000000000000e+00,9.980632971466996128e-01,9.980632971466996128e-01,1.000000000000000000e+00
1.000000000000000444e+00,5.626168268621656310e-01,5.626168268621656310e-01,1.000000000000000444e+00
1.000000000000000222e+00,-4.321843105117405548e-01,-4.321843105117405548e-01,1.000000000000000222e+00
1.000000000000000444e+00,-9.814607505600899673e-01,-9.814607505600899673e-01,1.000000000000000444e+00
1.000000000000000444e+00,-6.668276874336668270e-01,-6.668276874336668270e-01,1.000000000000000444e+00
1.000000000000000666e+00,3.066769920971646468e-01,3.066769920971646468e-01,1.000000000000000666e+00
1.000000000000000888e+00,9.530522173343695114e-01,9.530522173343695114e-01,1.000000000000000888e+00
1.000000000000000888e+00,7.328423845335757525e-01,7.328423845335757525e-01,1.000000000000000888e+00
1.000000000000000444e+00,-2.459700582057551821e-01,-2.459700582057551821e-01,1.000000000000000444e+00
1.000000000000000888e+00,-9.292867153012094317e-01,-9.292867153012094317e-01,1.000000000000000888e+00
1.000000000000001110e+00,-7.811815876126873004e-01,-7.811815876126873004e-01,1.000000000000001110e+00
1.000000000000001332e+00,8.774043765294844976e-02,8.774043765294844976e-02,1.000000000000001332e+00
1.000000000000001554e+00,9.072280970762547359e-01,9.072280970762547359e-01,1.000000000000001554e+00
1.000000000000001332e+00,7.996085225907898497e-01,7.996085225907898497e-01,1.000000000000001332e+00
1.000000000000001110e+00,-3.926325380366751938e-02,-3.926325380366751938e-02,1.000000000000001110e+00
1.000000000000001110e+00,-8.839457400934832565e-01,-8.839457400934832565e-01,1.000000000000001110e+00
1.000000000000001332e+00,-8.060402966175085337e-01,-8.060402966175085337e-01,1.000000000000001332e+00
1.000000000000001110e+00,1.038550767692934251e-01,1.038550767692934251e-01,1.000000000000001110e+00
1.000000000000000666e+00,8.972821796460320742e-01,8.972821796460320742e-01,1.000000000000000666e+00
1.000000000000000888e+00,8.106057059292205436e-01,8.106057059292205436e-01,1.000000000000000888e+00
1.000000000000000888e+00,-1.689641304588467841e-01,-1.689641304588467841e-01,1.000000000000000888e+00
1.000000000000001332e+00,-8.963399982402738830e-01,-8.963399982402738830e-01,1.000000000000001332e+00
1.000000000000001554e+00,-8.591354238335853211e-01,-8.591354238335853211e-01,1.000000000000001554e+00
1.000000000000001554e+00,-4.581649314568980724e-02,-4.581649314568980724e-02,1.000000000000001554e+00
1.000000000000001554e+00,7.776607868813003588e-01,7.776607868813003588e-01,1.000000000000001554e+00
1.000000000000001554e+00,9.342515526341624854e-01,9.342515526341624854e-01,1.000000000000001554e+00
1.000000000000001554e+00,9.904754201671681080e-02,9.904754201671681080e-02,1.000000000000001554e+00
1.000000000000001332e+00,-7.303115718147747959e-01,-7.303115718147747959e-01,1.000000000000001332e+00
1.000000000000001110e+00,-9.365170631585235661e-01,-9.365170631585235661e-01,1.000000000000001110e+00
1.000000000000000666e+00,-1.800196349481009706e-01,-1.800196349481009706e-01,1.000000000000000666e+00
1.000000000000000888e+00,7.320957102089149515e-01,7.320957102089149515e-01,1.000000000000000888e+00
1.000000000000000666e+00,9.808989055144684555e-01,9.808989055144684555e-01,1.000000000000000666e+00
1.000000000000000666e+00,2.946889741353027059e-01,2.946889741353027059e-01,1.000000000000000666e+00
