1.000000000000000000e+00,1.000000000000000000e+00,1.000000000000000000e+00,1.000000000000000000e+00
9.999999999999997780e-01,5.631417543604414488e-01,5.631417543604414488e-01,9.999999999999997780e-01
1.000000000000000000e+00,-3.351912012683780917e-01,-3.351912012683780917e-01,1.000000000000000000e+00
1.000000000000000222e+00,-9.835726613867847856e-01,-9.835726613867847856e-01,1.000000000000000222e+00
1.000000000000000666e+00,-6.685431381824704644e-01,-6.685431381824704644e-01,1.000000000000000666e+00
1.000000000000000444e+00,2.889936510335491260e-01,2.889936510335491260e-01,1.000000000000000444e+00
1.000000000000000444e+00,9.658427727172852473e-01,9.658427727172852473e-01,1.000000000000000444e+00
1.000000000000000888e+00,7.397368805906125999e-01,7.397368805906125999e-01,1.000000000000000888e+00
1.000000000000000888e+00,-1.089444440730849006e-01,-1.089444440730849006e-01,1.000000000000000888e+00
1.000000000000001110e+00,-9.180128583075870541e-01,-9.180128583075870541e-01,1.000000000000001110e+00
1.000000000000001110e+00,-8.221361489662157851e-01,-8.221361489662157851e-01,1.000000000000001110e+00
1.000000000000000888e+00,1.387686340016687503e-01,1.387686340016687503e-01,1.000000000000000888e+00
1.000000000000000888e+00,9.010858362662937937e-01,9.010858362662937937e-01,1.000000000000000888e+00
1.000000000000000444e+00,8.039263773628502197e-01,8.039263773628502197e-01,1.000000000000000444e+00
1.000000000000000666e+00,-1.198204426834288405e-01,-1.198204426834288405e-01,1.000000000000000666e+00
1.000000000000001110e+00,-9.211675840229009982e-01,-9.211675840229009982e-01,1.000000000000001110e+00
1.000000000000000888e+00,-8.319059961264748670e-01,-8.319059961264748670e-01,1.000000000000000888e+00
1.000000000000001332e+00,-3.815322964460532429e-02,-3.815322964460532429e-02,1.000000000000001332e+00
1.000000000000001332e+00,7.856887151162013083e-01,7.856887151162013083e-01,1.000000000000001332e+00
1.000000000000001110e+00,9.426900399381133999e-01,9.426900399381133999e-01,1.000000000000001110e+00
1.000000000000000888e+00,1.176504525106452370e-01,1.176504525106452370e-01,1.000000000000000888e+00
1.000000000000001110e+00,-7.270027793406097505e-01,-7.270027793406097505e-01,1.000000000000001110e+00
1.000000000000000444e+00,-9.222688451982896662e-01,-9.222688451982896662e-01,1.000000000000000444e+00
1.000000000000000888e+00,-2.342389487819349081e-01,-2.342389487819349081e-01,1.000000000000000888e+00
1.000000000000001332e+00,6.437690721449884634e-01,6.437690721449884634e-01,1.000000000000001332e+00
1.000000000000001998e+00,9.966364253857441513e-01,9.966364253857441513e-01,1.000000000000001998e+00
1.000000000000001776e+00,4.306210034213550086e-01,4.306210034213550086e-01,1.000000000000001776e+00
1.000000000000001554e+00,-6.058842507816999401e-01,-6.058842507816999401e-01,1.000000000000001554e+00
1.000000000000001554e+00,-9.947007762853747881e-01,-9.947007762853747881e-01,1.000000000000001554e+00
1.000000000000001110e+00,-5.098400795327397983e-01,-5.098400795327397983e-01,1.000000000000001110e+00
1.000000000000001332e+00,4.996819698174056468e-01,4.996819698174056468e-01,1.000000000000001332e+00
1.000000000000001332e+00,9.974356292166223215e-01,9.974356292166223215e-01,1.000000000000001332e+00
1.000000000000001554e+00,5.214098143482528425e-01,5.214098143482528425e-01,1.000000000000001554e+00
1.000000000000001776e+00,-4.026603799329141475e-01,-4.026603799329141475e-01,1.000000000000001776e+00
1.000000000000001776e+00,-9.701623104183545454e-01,-9.701623104183545454e-01,1.000000000000001776e+00
1.000000000000001776e+00,-7.066361710075246272e-01,-7.066361710075246272e-01,1.000000000000001776e+00
1.000000000000001332e+00,2.109032924403911047e-01,2.109032924403911047e-01,1.000000000000001332e+00
1.000000000000001332e+00,9.566711429754581886e-01,9.566711429754581886e-01,1.000000000000001332e+00
1.000000000000001332e+00,8.028659282455166135e-01,8.028659282455166135e-01,1.000000000000001332e+00
1.000000000000000888e+00,-9.250068099040226199e-02,-9.250068099040226199e-02,1.000000000000000888e+00
1.000000000000001332e+00,-9.227622189754067783e-01,-9.227622189754067783e-01,1.000000000000001332e+00
1.000000000000000888e+00,-7.869149114347875340e-01,-7.869149114347875340e-01,1.000000000000000888e+00
1.000000000000001332e+00,1.757513999406787319e-01,1.757513999406787319e-01,1.000000000000001332e+00
1.000000000000001110e+00,9.585534967839700604e-01,9.585534967839700604e-01,1.000000000000001110e+00
1.000000000000000888e+00,7.941755612714050949e-01,7.941755612714050949e-01,1.000000000000000888e+00
1.000000000000000888e+00,-1.542154434723665979e-01,-1.542154434723665979e-01,1.000000000000000888e+00
1.000000000000001332e+00,-9.154423712957410197e-01,-9.154423712957410197e-01,1.000000000000001332e+00
1.000000000000001332e+00,-7.955140219504091004e-01,-7.955140219504091004e-01,1.000000000000001332e+00
1.000000000000001332e+00,1.129247404213965800e-01,1.129247404213965800e-01,1.000000000000001332e+00
1.000000000000000888e+00,9.301926963884136201e-01,9.301926963884136201e-01,1.000000000000000888e+00
1.000000000000001110e+00,7.396075190971471702e-01,7.396075190971471702e-01,1.000000000000001110e+00
1.000000000000001332e+00,-1.401691979418744349e-01,-1.401691979418744349e-01,1.000000000000001332e+00
1.000000000000001554e+00,-8.966394768899828005e-01,-8.966394768899828005e-01,1.000000000000001554e+00
1.000000000000001554e+00,-8.447948353455725368e-01,-8.447948353455725368e-01,1.000000000000001554e+00
1.000000000000001554e+00,4.250622185753072380e-02,4.250622185753072380e-02,1.000000000000001554e+00
1.000000000000001554e+00,9.137017379498989511e-01,9.137017379498989511e-01,1.000000000000001554e+00
1.000000000000001332e+00,8.425821058055831259e-01,8.425821058055831259e-01,1.000000000000001332e+00
1.000000000000001332e+00,-2.838304008107578325e-02,-2.838304008107578325e-02,1.000000000000001332e+00
1.000000000000000888e+00,-8.844139860257860253e-01,-8.844139860257860253e-01,1.000000000000000888e+00
1.000000000000000888e+00,-8.206153051977458368e-01,-8.206153051977458368e-01,1.000000000000000888e+00
1.000000000000001110e+00,-2.407049251381021548e-03,-2.407049251381021548e-03,1.000000000000001110e+00
1.000000000000000888e+00,8.464983267584690330e-01,8.464983267584690330e-01,1.000000000000000888e+00
1.000000000000000666e+00,8.578272033046305811e-01,8.578272033046305811e-01,1.000000000000000666e+00
1.000000000000000888e+00,-2.723712310194614794e-02,-2.723712310194614794e-02,1.000000000000000888e+00
1.000000000000001110e+00,-8.961132035884040725e-01,-8.961132035884040725e-01,1.000000000000001110e+00
1.000000000000000666e+00,-7.931675618291886831e-01,-7.931675618291886831e-01,1.000000000000000666e+00
1.000000000000000444e+00,1.815386057806201991e-01,1.815386057806201991e-01,1.000000000000000444e+00
1.000000000000000888e+00,9.278072036135563971e-01,9.278072036135563971e-01,1.000000000000000888e+00
1.000000000000000888e+00,8.210650839507612764e-01,8.210650839507612764e-01,1.000000000000000888e+00
1.000000000000000444e+00,-9.916170796668366538e-02,-9.916170796668366538e-02,1.000000000000000444e+00
1.000000000000000222e+00,-8.595078370091938647e-01,-8.595078370091938647e-01,1.000000000000000222e+00
1.000000000000000000e+00,-8.977284460118024612e-01,-8.977284460118024612e-01,1.000000000000000000e+00
1.000000000000000000e+00,-4.834829135176876846e-02,-4.834829135176876846e-02,1.000000000000000000e+00
9.999999999999998890e-01,8.251608729364900974e-01,8.251608729364900974e-01,9.999999999999998890e-01
1.000000000000000000e+00,9.469832810614335905e-01,9.469832810614335905e-01,1.000000000000000000e+00
9.999999999999997780e-01,2.653971581547215908e-01,2.653971581547215908e-01,9.999999999999997780e-01
1.000000000000000444e+00,-6.853658617597822023e-01,-6.853658617597822023e-01,1.000000000000000444e+00
1.000000000000000444e+00,-9.452697865558898904e-01,-9.452697865558898904e-01,1.000000000000000444e+00
1.000000000000000222e+00,-2.471345374124673810e-01,-2.471345374124673810e-01,1.000000000000000222e+00
1.000000000000000444e+00,6.575940982513871491e-01,6.575940982513871491e-01,1.000000000000000444e+00
1.000000000000000444e+00,9.920896004943040580e-01,9.920896004943040580e-01,1.000000000000000444e+00
1.000000000000000444e+00,3.393408893833694817e-01,3.393408893833694817e-01,1.000000000000000444e+00
1.000000000000000666e+00,-6.289099520176275604e-01,-6.289099520176275604e-01,1.000000000000000666e+00
1.000000000000000888e+00,-9.869762002239408361e-01,-9.869762002239408361e-01,1.000000000000000888e+00
1.000000000000000444e+00,-4.598538526134428039e-01,-4.598538526134428039e-01,1.000000000000000444e+00
1.000000000000001110e+00,5.392119385884154292e-01,5.392119385884154292e-01,1.000000000000001110e+00
1.000000000000001110e+00,9.998232225321708189e-01,9.998232225321708189e-01,1.000000000000001110e+00
1.000000000000000888e+00,5.970677100538318571e-01,5.970677100538318571e-01,1.000000000000000888e+00
1.000000000000000888e+00,-4.392120520034415443e-01,-4.392120520034415443e-01,1.000000000000000888e+00
1.000000000000001332e+00,-9.876823442438589229e-01,-9.876823442438589229e-01,1.000000000000001332e+00
1.000000000000001332e+00,-6.831312655150404423e-01,-6.831312655150404423e-01,1.000000000000001332e+00
1.000000000000001332e+00,3.188099179359864532e-01,3.188099179359864532e-01,1.000000000000001332e+00
1.000000000000000888e+00,9.789470856341191407e-01,9.789470856341191407e-01,1.000000000000000888e+00
1.000000000000000888e+00,7.490689616950314544e-01,7.490689616950314544e-01,1.000000000000000888e+00
1.000000000000000666e+00,-2.620161712120252506e-01,-2.620161712120252506e-01,1.000000000000000666e+00
1.000000000000000666e+00,-9.578670150756072310e-01,-9.578670150756072310e-01,1.000000000000000666e+00
1.000000000000000444e+00,-7.262506443438045967e-01,-7.262506443438045967e-01,1.000000000000000444e+00
1.000000000000000888e+00,1.518565861849411891e-01,1.518565861849411891e-01,1.000000000000000888e+00
1.000000000000000444e+00,8.994839102706486678e-01,8.994839102706486678e-01,1.000000000000000444e+00
1.000000000000000666e+00,8.806948914561645303e-01,8.806948914561645303e-01,1.000000000000000666e+00
1.000000000000001110e+00,1.030238863785836179e-01,1.030238863785836179e-01,1.000000000000001110e+00
