1.000000000000000000e+00,1.000000000000000000e+00,1.000000000000000000e+00,1.000000000000000000e+00
1.000000000000000000e+00,5.310989014215898862e-01,5.310989014215898862e-01,1.000000000000000000e+00
1.000000000000000000e+00,2.646326090548928311e-02,2.646326090548928311e-02,1.000000000000000000e+00
1.000000000000000222e+00,1.687036119386450816e-01,1.687036119386450816e-01,1.000000000000000222e+00
1.000000000000000222e+00,7.183762607750481255e-01,7.183762607750481255e-01,1.000000000000000222e+00
1.000000000000000222e+00,9.905468029882407155e-01,9.905468029882407155e-01,1.000000000000000222e+00
1.000000000000000222e+00,4.299297982983090183e-01,4.299297982983090183e-01,1.000000000000000222e+00
1.000000000000000222e+00,1.601366430493575410e-02,1.601366430493575410e-02,1.000000000000000222e+00
1.000000000000000222e+00,7.015503438367246547e-01,7.015503438367246547e-01,1.000000000000000222e+00
1.000000000000000000e+00,9.433438816722095055e-01,9.433438816722095055e-01,1.000000000000000000e+00
1.000000000000000444e+00,3.260234275152874006e-01,3.260234275152874006e-01,1.000000000000000444e+00
1.000000000000000222e+00,3.777920077780438923e-04,3.777920077780438923e-04,1.000000000000000222e+00
1.000000000000000222e+00,3.175681738305719537e-01,3.175681738305719537e-01,1.000000000000000222e+00
1.000000000000000222e+00,8.697681956363776390e-01,8.697681956363776390e-01,1.000000000000000222e+00
1.000000000000000222e+00,9.026941816038889232e-01,9.026941816038889232e-01,1.000000000000000222e+00
1.000000000000000222e+00,2.015331996685521543e-01,2.015331996685521543e-01,1.000000000000000222e+00
1.000000000000000444e+00,1.454578681887679914e-01,1.454578681887679914e-01,1.000000000000000444e+00
1.000000000000000666e+00,9.005120275378147854e-01,9.005120275378147854e-01,1.000000000000000666e+00
1.000000000000000666e+00,7.937145929207958250e-01,7.937145929207958250e-01,1.000000000000000666e+00
1.000000000000000888e+00,1.575080430382384267e-01,1.575080430382384267e-01,1.000000000000000888e+00
1.000000000000000888e+00,3.856284413914079501e-02,3.856284413914079501e-02,1.000000000000000888e+00
1.000000000000000888e+00,4.909374945842884808e-01,4.909374945842884808e-01,1.000000000000000888e+00
1.000000000000001110e+00,9.710557949428213487e-01,9.710557949428213487e-01,1.000000000000001110e+00
1.000000000000001110e+00,7.295807378194566484e-01,7.295807378194566484e-01,1.000000000000001110e+00
1.000000000000000888e+00,4.320710087931800558e-02,4.320710087931800558e-02,1.000000000000000888e+00
1.000000000000000888e+00,3.719255698655575260e-01,3.719255698655575260e-01,1.000000000000000888e+00
1.000000000000001110e+00,9.950758499403391522e-01,9.950758499403391522e-01,1.000000000000001110e+00
1.000000000000001110e+00,5.920309574660541641e-01,5.920309574660541641e-01,1.000000000000001110e+00
1.000000000000001110e+00,4.624802837481920004e-02,4.624802837481920004e-02,1.000000000000001110e+00
1.000000000000001332e+00,1.329776282919516994e-01,1.329776282919516994e-01,1.000000000000001332e+00
1.000000000000001332e+00,6.695095693991419683e-01,6.695095693991419683e-01,1.000000000000001332e+00
1.000000000000001332e+00,9.986773740684848910e-01,9.986773740684848910e-01,1.000000000000001332e+00
1.000000000000001332e+00,4.995663772854355145e-01,4.995663772854355145e-01,1.000000000000001332e+00
1.000000000000001332e+00,2.667546543763027467e-03,2.667546543763027467e-03,1.000000000000001332e+00
1.000000000000001554e+00,6.315138349322561018e-01,6.315138349322561018e-01,1.000000000000001554e+00
1.000000000000001776e+00,9.705139405638135708e-01,9.705139405638135708e-01,1.000000000000001776e+00
1.000000000000001554e+00,3.821153181679337596e-01,3.821153181679337596e-01,1.000000000000001554e+00
1.000000000000001332e+00,1.039536024421972016e-03,1.039536024421972016e-03,1.000000000000001332e+00
1.000000000000001776e+00,2.717786229651398267e-01,2.717786229651398267e-01,1.000000000000001776e+00
1.000000000000001554e+00,8.305057919171486835e-01,8.305057919171486835e-01,1.000000000000001554e+00
1.000000000000001332e+00,9.371459275621144558e-01,9.371459275621144558e-01,1.000000000000001332e+00
1.000000000000001332e+00,2.622247891399670516e-01,2.622247891399670516e-01,1.000000000000001332e+00
1.000000000000001332e+00,9.636374684506419930e-02,9.636374684506419930e-02,1.000000000000001332e+00
1.000000000000000666e+00,8.528017487677063135e-01,8.528017487677063135e-01,1.000000000000000666e+00
1.000000000000000666e+00,8.437321981070401433e-01,8.437321981070401433e-01,1.000000000000000666e+00
1.000000000000000666e+00,2.004773128499579005e-01,2.004773128499579005e-01,1.000000000000000666e+00
1.000000000000000888e+00,2.148163601942768008e-02,2.148163601942768008e-02,1.000000000000000888e+00
1.000000000000000666e+00,4.399615171413459036e-01,4.399615171413459036e-01,1.000000000000000666e+00
1.000000000000000444e+00,9.486931629840010816e-01,9.486931629840010816e-01,1.000000000000000444e+00
1.000000000000000444e+00,7.865296318159793465e-01,7.865296318159793465e-01,1.000000000000000444e+00
1.000000000000000666e+00,7.806066350840890067e-02,7.806066350840890067e-02,1.000000000000000666e+00
1.000000000000000666e+00,3.006921892690186393e-01,3.006921892690186393e-01,1.000000000000000666e+00
1.000000000000000000e+00,9.802213104099553043e-01,9.802213104099553043e-01,1.000000000000000000e+00
1.000000000000000222e+00,6.523414484492262577e-01,6.523414484492262577e-01,1.000000000000000222e+00
1.000000000000000222e+00,7.148228426687955328e-02,7.148228426687955328e-02,1.000000000000000222e+00
1.000000000000000000e+00,1.008940776019737612e-01,1.008940776019737612e-01,1.000000000000000000e+00
1.000000000000000000e+00,6.192251576533651658e-01,6.192251576533651658e-01,1.000000000000000000e+00
9.999999999999998890e-01,9.994320024776681688e-01,9.994320024776681688e-01,9.999999999999998890e-01
1.000000000000000000e+00,5.685295463950180705e-01,5.685295463950180705e-01,1.000000000000000000e+00
1.000000000000000222e+00,5.430008923901219475e-04,5.430008923901219475e-04,1.000000000000000222e+00
1.000000000000000222e+00,5.582442553984793276e-01,5.582442553984793276e-01,1.000000000000000222e+00
1.000000000000000000e+00,9.892077685156857036e-01,9.892077685156857036e-01,1.000000000000000000e+00
1.000000000000000222e+00,4.405953401450363183e-01,4.405953401450363183e-01,1.000000000000000222e+00
1.000000000000000000e+00,7.098969116070885654e-03,7.098969116070885654e-03,1.000000000000000000e+00
9.999999999999998890e-01,2.284080882809148005e-01,2.284080882809148005e-01,9.999999999999998890e-01
9.999999999999997780e-01,7.877472350201685236e-01,7.877472350201685236e-01,9.999999999999997780e-01
1.000000000000000222e+00,9.641859417829212742e-01,9.641859417829212742e-01,1.000000000000000222e+00
1.000000000000000222e+00,3.272995952070991699e-01,3.272995952070991699e-01,1.000000000000000222e+00
1.000000000000000000e+00,5.652375482255225791e-02,5.652375482255225791e-02,1.000000000000000000e+00
9.999999999999997780e-01,7.972235626148408416e-01,7.972235626148408416e-01,9.999999999999997780e-01
9.999999999999998890e-01,8.884365723536096215e-01,8.884365723536096215e-01,9.999999999999998890e-01
1.000000000000000000e+00,2.478235069364422838e-01,2.478235069364422838e-01,1.000000000000000000e+00
1.000000000000000000e+00,9.239497207147895352e-03,9.239497207147895352e-03,1.000000000000000000e+00
9.999999999999998890e-01,3.899127536476537093e-01,3.899127536476537093e-01,9.999999999999998890e-01
1.000000000000000444e+00,9.207880896385124414e-01,9.207880896385124414e-01,1.000000000000000444e+00
1.000000000000000666e+00,8.378301936265020178e-01,8.378301936265020178e-01,1.000000000000000666e+00
1.000000000000000444e+00,1.217925115925674873e-01,1.217925115925674873e-01,1.000000000000000444e+00
1.000000000000000444e+00,2.338975094028694912e-01,2.338975094028694912e-01,1.000000000000000444e+00
1.000000000000000666e+00,9.554815243339869202e-01,9.554815243339869202e-01,1.000000000000000666e+00
1.000000000000000444e+00,7.110256786507989091e-01,7.110256786507989091e-01,1.000000000000000444e+00
1.000000000000000444e+00,1.020542298994965430e-01,1.020542298994965430e-01,1.000000000000000444e+00
1.000000000000000444e+00,7.275664425290631621e-02,7.275664425290631621e-02,1.000000000000000444e+00
1.000000000000000444e+00,5.680836059335738764e-01,5.680836059335738764e-01,1.000000000000000444e+00
1.000000000000000666e+00,9.930835019117310036e-01,9.930835019117310036e-01,1.000000000000000666e+00
1.000000000000000666e+00,6.354962879227915584e-01,6.354962879227915584e-01,1.000000000000000666e+00
1.000000000000000888e+00,9.572143437860419768e-03,9.572143437860419768e-03,1.000000000000000888e+00
1.000000000000000888e+00,4.833929628991310290e-01,4.833929628991310290e-01,1.000000000000000888e+00
1.000000000000000666e+00,9.987849875497569752e-01,9.987849875497569752e-01,1.000000000000000666e+00
1.000000000000000888e+00,5.006991696040151707e-01,5.006991696040151707e-01,1.000000000000000888e+00
1.000000000000000888e+00,1.863242200946252369e-02,1.863242200946252369e-02,1.000000000000000888e+00
1.000000000000000888e+00,1.878320870128377118e-01,1.878320870128377118e-01,1.000000000000000888e+00
1.000000000000000666e+00,7.420976221276005536e-01,7.420976221276005536e-01,1.000000000000000666e+00
1.000000000000000444e+00,9.836585458812683314e-01,9.836585458812683314e-01,1.000000000000000444e+00
1.000000000000000444e+00,3.952955726949279880e-01,3.952955726949279880e-01,1.000000000000000444e+00
1.000000000000000444e+00,2.683850733225903729e-02,2.683850733225903729e-02,1.000000000000000444e+00
1.000000000000000444e+00,7.348705009138356559e-01,7.348705009138356559e-01,1.000000000000000444e+00
1.000000000000000444e+00,9.268197048980967301e-01,9.268197048980967301e-01,1.000000000000000444e+00
1.000000000000000666e+00,2.990885082125290251e-01,2.990885082125290251e-01,1.000000000000000666e+00
1.000000000000000444e+00,2.035886957626714677e-03,2.035886957626714677e-03,1.000000000000000444e+00
1.000000000000000444e+00,3.412467834267987055e-01,3.412467834267987055e-01,1.000000000000000444e+00
1.000000000000000444e+00,8.878993573954150342e-01,8.878993573954150342e-01,1.000000000000000444e+00
