1.000000000000000000e+00,1.000000000000000000e+00,1.000000000000000000e+00,1.000000000000000000e+00
9.999999999999997780e-01,5.873087690637313063e-01,5.873087690637313063e-01,9.999999999999997780e-01
1.000000000000000000e+00,9.271224557102886177e-03,9.271224557102886177e-03,1.000000000000000000e+00
1.000000000000000000e+00,3.049397053339086838e-01,3.049397053339086838e-01,1.000000000000000000e+00
1.000000000000000000e+00,9.097929863414142559e-01,9.097929863414142559e-01,1.000000000000000000e+00
9.999999999999997780e-01,8.105240857000899357e-01,8.105240857000899357e-01,9.999999999999997780e-01
1.000000000000000000e+00,1.256638538684809736e-01,1.256638538684809736e-01,1.000000000000000000e+00
1.000000000000000000e+00,1.134129149940465986e-01,1.134129149940465986e-01,1.000000000000000000e+00
1.000000000000000000e+00,7.819273156743618003e-01,7.819273156743618003e-01,1.000000000000000000e+00
1.000000000000000000e+00,9.130731671579336295e-01,9.130731671579336295e-01,1.000000000000000000e+00
1.000000000000000000e+00,3.244146463716888196e-01,3.244146463716888196e-01,1.000000000000000000e+00
9.999999999999997780e-01,2.535290844451904002e-02,2.535290844451904002e-02,9.999999999999997780e-01
9.999999999999997780e-01,5.376341555768113789e-01,5.376341555768113789e-01,9.999999999999997780e-01
1.000000000000000000e+00,9.999676737072902277e-01,9.999676737072902277e-01,1.000000000000000000e+00
1.000000000000000222e+00,6.222866665608960401e-01,6.222866665608960401e-01,1.000000000000000222e+00
1.000000000000000444e+00,3.517165024019427988e-02,3.517165024019427988e-02,1.000000000000000444e+00
1.000000000000000666e+00,2.084797441585685140e-01,2.084797441585685140e-01,1.000000000000000666e+00
1.000000000000000888e+00,8.522257414538807474e-01,8.522257414538807474e-01,1.000000000000000888e+00
1.000000000000000888e+00,8.522916710950307895e-01,8.522916710950307895e-01,1.000000000000000888e+00
1.000000000000000888e+00,1.882302531938029044e-01,1.882302531938029044e-01,1.000000000000000888e+00
1.000000000000000888e+00,7.474213572449242560e-02,7.474213572449242560e-02,1.000000000000000888e+00
1.000000000000000666e+00,6.421284613617345149e-01,6.421284613617345149e-01,1.000000000000000666e+00
1.000000000000000666e+00,9.900589238839712092e-01,9.900589238839712092e-01,1.000000000000000666e+00
1.000000000000000888e+00,4.680684722492146621e-01,4.680684722492146621e-01,1.000000000000000888e+00
1.000000000000000888e+00,6.259030481700345039e-04,6.259030481700345039e-04,1.000000000000000888e+00
1.000000000000000888e+00,4.279942740830784409e-01,4.279942740830784409e-01,1.000000000000000888e+00
1.000000000000000888e+00,9.855643145075521083e-01,9.855643145075521083e-01,1.000000000000000888e+00
1.000000000000000666e+00,6.330443836610916142e-01,6.330443836610916142e-01,1.000000000000000666e+00
1.000000000000000444e+00,1.601389093057498103e-02,1.601389093057498103e-02,1.000000000000000444e+00
1.000000000000000444e+00,3.135071911636158060e-01,3.135071911636158060e-01,1.000000000000000444e+00
1.000000000000000444e+00,9.490978902819992014e-01,9.490978902819992014e-01,1.000000000000000444e+00
1.000000000000000222e+00,8.195931046389887120e-01,8.195931046389887120e-01,1.000000000000000222e+00
1.000000000000000444e+00,1.183150099994807192e-01,1.183150099994807192e-01,1.000000000000000444e+00
1.000000000000000000e+00,1.527278356992879671e-01,1.527278356992879671e-01,1.000000000000000000e+00
1.000000000000000000e+00,7.830255036741339270e-01,7.830255036741339270e-01,1.000000000000000000e+00
1.000000000000000000e+00,9.609034958297946183e-01,9.609034958297946183e-01,1.000000000000000000e+00
1.000000000000000222e+00,4.098924435588833237e-01,4.098924435588833237e-01,1.000000000000000222e+00
1.000000000000000222e+00,5.521603887748138817e-05,5.521603887748138817e-05,1.000000000000000222e+00
1.000000000000000444e+00,4.554934471040675281e-01,4.554934471040675281e-01,1.000000000000000444e+00
1.000000000000000222e+00,9.849306579473126044e-01,9.849306579473126044e-01,1.000000000000000222e+00
1.000000000000000222e+00,7.205114524691815792e-01,7.205114524691815792e-01,1.000000000000000222e+00
1.000000000000000222e+00,1.034500542460939504e-01,1.034500542460939504e-01,1.000000000000000222e+00
1.000000000000000222e+00,1.356489402473609052e-01,1.356489402473609052e-01,1.000000000000000222e+00
1.000000000000000444e+00,7.862437771217998250e-01,7.862437771217998250e-01,1.000000000000000444e+00
1.000000000000000444e+00,9.691277867754868325e-01,9.691277867754868325e-01,1.000000000000000444e+00
1.000000000000000666e+00,3.767202585223944356e-01,3.767202585223944356e-01,1.000000000000000666e+00
1.000000000000000444e+00,4.782453380467788229e-03,4.782453380467788229e-03,1.000000000000000444e+00
1.000000000000000444e+00,5.120472396323406672e-01,5.120472396323406672e-01,1.000000000000000444e+00
1.000000000000000666e+00,9.999391560184888172e-01,9.999391560184888172e-01,1.000000000000000666e+00
1.000000000000000888e+00,4.936891012344276630e-01,4.936891012344276630e-01,1.000000000000000888e+00
1.000000000000000888e+00,8.198430491923286434e-03,8.198430491923286434e-03,1.000000000000000888e+00
1.000000000000000444e+00,3.574141620080331094e-01,3.574141620080331094e-01,1.000000000000000444e+00
1.000000000000000444e+00,9.625984822582097644e-01,9.625984822582097644e-01,1.000000000000000444e+00
1.000000000000000444e+00,6.947051467986614659e-01,6.947051467986614659e-01,1.000000000000000444e+00
1.000000000000000444e+00,5.468322600292424562e-02,5.468322600292424562e-02,1.000000000000000444e+00
1.000000000000000888e+00,2.491357554981706302e-01,2.491357554981706302e-01,1.000000000000000888e+00
1.000000000000001110e+00,8.947831461139047482e-01,8.947831461139047482e-01,1.000000000000001110e+00
1.000000000000000888e+00,8.302547567022037223e-01,8.302547567022037223e-01,1.000000000000000888e+00
1.000000000000001110e+00,1.264113146083795935e-01,1.264113146083795935e-01,1.000000000000001110e+00
1.000000000000001110e+00,1.722279068816076619e-01,1.722279068816076619e-01,1.000000000000001110e+00
1.000000000000000888e+00,8.347694499905293775e-01,8.347694499905293775e-01,1.000000000000000888e+00
1.000000000000001110e+00,9.009318339279975829e-01,9.009318339279975829e-01,1.000000000000001110e+00
1.000000000000000888e+00,1.976301467562087411e-01,1.976301467562087411e-01,1.000000000000000888e+00
1.000000000000000666e+00,1.020456075065798163e-01,1.020456075065798163e-01,1.000000000000000666e+00
1.000000000000000888e+00,7.217971499981843397e-01,7.217971499981843397e-01,1.000000000000000888e+00
1.000000000000000888e+00,9.555629228567307232e-01,9.555629228567307232e-01,1.000000000000000888e+00
1.000000000000000888e+00,4.197295512781971105e-01,4.197295512781971105e-01,1.000000000000000888e+00
1.000000000000001332e+00,1.511901421365091647e-03,1.511901421365091647e-03,1.000000000000001332e+00
1.000000000000001554e+00,4.196936493872359675e-01,4.196936493872359675e-01,1.000000000000001554e+00
1.000000000000001554e+00,9.582984656997648454e-01,9.582984656997648454e-01,1.000000000000001554e+00
1.000000000000001332e+00,7.046323303141207584e-01,7.046323303141207584e-01,1.000000000000001332e+00
1.000000000000001332e+00,4.788265882806141960e-02,4.788265882806141960e-02,1.000000000000001332e+00
1.000000000000001332e+00,2.408411080785907155e-01,2.408411080785907155e-01,1.000000000000001332e+00
1.000000000000001332e+00,8.657570091412783997e-01,8.657570091412783997e-01,1.000000000000001332e+00
1.000000000000001554e+00,8.966660183771966164e-01,8.966660183771966164e-01,1.000000000000001554e+00
1.000000000000001332e+00,2.763954260755203673e-01,2.763954260755203673e-01,1.000000000000001332e+00
1.000000000000001110e+00,3.971207617032745940e-02,3.971207617032745940e-02,1.000000000000001110e+00
1.000000000000001332e+00,6.836973121891023464e-01,6.836973121891023464e-01,1.000000000000001332e+00
1.000000000000001332e+00,9.679256750947433652e-01,9.679256750947433652e-01,1.000000000000001332e+00
1.000000000000001554e+00,4.217553985820050588e-01,4.217553985820050588e-01,1.000000000000001554e+00
1.000000000000001332e+00,9.355572197500272580e-08,9.355572197500272580e-08,1.000000000000001332e+00
1.000000000000001110e+00,4.882846966770609809e-01,4.882846966770609809e-01,1.000000000000001110e+00
1.000000000000001110e+00,9.839637697507314096e-01,9.839637697507314096e-01,1.000000000000001110e+00
1.000000000000000888e+00,6.201321802539615513e-01,6.201321802539615513e-01,1.000000000000000888e+00
1.000000000000000888e+00,3.129597997156485789e-02,3.129597997156485789e-02,1.000000000000000888e+00
1.000000000000000666e+00,2.738503033740915527e-01,2.738503033740915527e-01,1.000000000000000666e+00
1.000000000000000666e+00,9.011185398194976326e-01,9.011185398194976326e-01,1.000000000000000666e+00
1.000000000000000222e+00,7.936133849113693461e-01,7.936133849113693461e-01,1.000000000000000222e+00
1.000000000000000444e+00,1.304906527218328005e-01,1.304906527218328005e-01,1.000000000000000444e+00
1.000000000000000666e+00,1.145379995376395316e-01,1.145379995376395316e-01,1.000000000000000666e+00
1.000000000000000888e+00,7.850084899822938889e-01,7.850084899822938889e-01,1.000000000000000888e+00
1.000000000000001110e+00,9.094507623681187258e-01,9.094507623681187258e-01,1.000000000000001110e+00
1.000000000000000888e+00,2.938348461561796077e-01,2.938348461561796077e-01,1.000000000000000888e+00
1.000000000000001110e+00,3.891583767404946381e-02,3.891583767404946381e-02,1.000000000000001110e+00
1.000000000000001332e+00,5.927895563411088586e-01,5.927895563411088586e-01,1.000000000000001332e+00
1.000000000000001332e+00,9.999997544625971457e-01,9.999997544625971457e-01,1.000000000000001332e+00
1.000000000000001332e+00,5.778591514311482991e-01,5.778591514311482991e-01,1.000000000000001332e+00
1.000000000000001554e+00,1.057166100894585403e-02,1.057166100894585403e-02,1.000000000000001554e+00
1.000000000000001332e+00,3.485056174001975871e-01,3.485056174001975871e-01,1.000000000000001332e+00
1.000000000000001110e+00,9.537604794274787690e-01,9.537604794274787690e-01,1.000000000000001110e+00
1.000000000000001332e+00,7.757378935953780363e-01,7.757378935953780363e-01,1.000000000000001332e+00
