1.000000000000000000e+00,1.000000000000000000e+00,1.000000000000000000e+00,1.000000000000000000e+00
9.999999999999997780e-01,3.738472279734673109e-01,3.738472279734673109e-01,9.999999999999997780e-01
1.000000000000000444e+00,-5.879605242060036430e-01,-5.879605242060036430e-01,1.000000000000000444e+00
1.000000000000001110e+00,-9.905837254441944850e-01,-9.905837254441944850e-01,1.000000000000001110e+00
1.000000000000001332e+00,-7.268111044801067733e-01,-7.268111044801067733e-01,1.000000000000001332e+00
1.000000000000001110e+00,1.930011269079012215e-01,1.930011269079012215e-01,1.000000000000001110e+00
1.000000000000001110e+00,9.818289298236140272e-01,9.818289298236140272e-01,1.000000000000001110e+00
1.000000000000000666e+00,5.301751696444663153e-01,5.301751696444663153e-01,1.000000000000000666e+00
1.000000000000000666e+00,-4.647326599803995872e-01,-4.647326599803995872e-01,1.000000000000000666e+00
1.000000000000000888e+00,-9.711097927647648342e-01,-9.711097927647648342e-01,1.000000000000000888e+00
1.000000000000000888e+00,-8.149031935964436979e-01,-8.149031935964436979e-01,1.000000000000000888e+00
1.000000000000001110e+00,2.248630942960691548e-02,2.248630942960691548e-02,1.000000000000001110e+00
1.000000000000000222e+00,9.283804173309941898e-01,9.283804173309941898e-01,1.000000000000000222e+00
1.000000000000000222e+00,6.736187318507635968e-01,6.736187318507635968e-01,1.000000000000000222e+00
1.000000000000000444e+00,-3.285508655712703341e-01,-3.285508655712703341e-01,1.000000000000000444e+00
1.000000000000000444e+00,-9.342310763611347824e-01,-9.342310763611347824e-01,1.000000000000000444e+00
1.000000000000000666e+00,-8.863620030787091597e-01,-8.863620030787091597e-01,1.000000000000000666e+00
1.000000000000000444e+00,-1.428721774856032689e-01,-1.428721774856032689e-01,1.000000000000000444e+00
1.000000000000000444e+00,8.415318464426865264e-01,8.415318464426865264e-01,1.000000000000000444e+00
1.000000000000000666e+00,7.964589763418272739e-01,7.964589763418272739e-01,1.000000000000000666e+00
1.000000000000000444e+00,-1.787304473247746106e-01,-1.787304473247746106e-01,1.000000000000000444e+00
1.000000000000000444e+00,-8.828599517081514580e-01,-8.828599517081514580e-01,1.000000000000000444e+00
1.000000000000000444e+00,-9.381407099170321340e-01,-9.381407099170321340e-01,1.000000000000000444e+00
1.000000000000000666e+00,-3.016373286319886660e-01,-3.016373286319886660e-01,1.000000000000000666e+00
1.000000000000000444e+00,7.268219937482562898e-01,7.268219937482562898e-01,1.000000000000000444e+00
1.000000000000000222e+00,8.949149398052071991e-01,8.949149398052071991e-01,1.000000000000000222e+00
1.000000000000000444e+00,-2.199938563865255770e-02,-2.199938563865255770e-02,1.000000000000000444e+00
1.000000000000000666e+00,-8.129545079522995099e-01,-8.129545079522995099e-01,1.000000000000000666e+00
1.000000000000001110e+00,-9.748268234720662839e-01,-9.748268234720662839e-01,1.000000000000001110e+00
1.000000000000000888e+00,-4.456976730221803851e-01,-4.456976730221803851e-01,1.000000000000000888e+00
1.000000000000000666e+00,5.872379365782103289e-01,5.872379365782103289e-01,1.000000000000000666e+00
1.000000000000000888e+00,9.622517922911281163e-01,9.622517922911281163e-01,1.000000000000000888e+00
1.000000000000000666e+00,1.424307876944683748e-01,1.424307876944683748e-01,1.000000000000000666e+00
1.000000000000000666e+00,-7.294985709859453937e-01,-7.294985709859453937e-01,1.000000000000000666e+00
1.000000000000000888e+00,-9.917358616977871577e-01,-9.917358616977871577e-01,1.000000000000000888e+00
1.000000000000000666e+00,-5.776679725071004468e-01,-5.776679725071004468e-01,1.000000000000000666e+00
1.000000000000000888e+00,4.322898382541114914e-01,4.322898382541114914e-01,1.000000000000000888e+00
1.000000000000001110e+00,9.963530939249313212e-01,9.963530939249313212e-01,1.000000000000001110e+00
1.000000000000001110e+00,3.050084043977520087e-01,3.050084043977520087e-01,1.000000000000001110e+00
1.000000000000001332e+00,-6.272642988347153503e-01,-6.272642988347153503e-01,1.000000000000001332e+00
1.000000000000001554e+00,-9.948463585854872004e-01,-9.948463585854872004e-01,1.000000000000001554e+00
1.000000000000001332e+00,-6.897960008971533163e-01,-6.897960008971533163e-01,1.000000000000001332e+00
1.000000000000001332e+00,2.642701026915035833e-01,2.642701026915035833e-01,1.000000000000001332e+00
1.000000000000001332e+00,9.944594178173195020e-01,9.944594178173195020e-01,1.000000000000001332e+00
1.000000000000001554e+00,4.652458323109993632e-01,4.652458323109993632e-01,1.000000000000001554e+00
1.000000000000001776e+00,-5.125803999892303287e-01,-5.125803999892303287e-01,1.000000000000001776e+00
1.000000000000001332e+00,-9.787327265377860908e-01,-9.787327265377860908e-01,1.000000000000001332e+00
1.000000000000001554e+00,-7.871441298030474876e-01,-7.871441298030474876e-01,1.000000000000001554e+00
1.000000000000001776e+00,9.436374524826685040e-02,9.436374524826685040e-02,1.000000000000001776e+00
1.000000000000001776e+00,9.563673594080966955e-01,9.563673594080966955e-01,1.000000000000001776e+00
1.000000000000001776e+00,6.128153212624471990e-01,6.128153212624471990e-01,1.000000000000001776e+00
1.000000000000001776e+00,-3.809221181348061980e-01,-3.809221181348061980e-01,1.000000000000001776e+00
1.000000000000001776e+00,-9.491698550094077591e-01,-9.491698550094077591e-01,1.000000000000001776e+00
1.000000000000001776e+00,-8.634020234373919189e-01,-8.634020234373919189e-01,1.000000000000001776e+00
1.000000000000001776e+00,-7.648427444475719428e-02,-7.648427444475719428e-02,1.000000000000001776e+00
1.000000000000001998e+00,8.845070804060064518e-01,8.845070804060064518e-01,1.000000000000001998e+00
1.000000000000001776e+00,7.453488091398781101e-01,7.453488091398781101e-01,1.000000000000001776e+00
1.000000000000001998e+00,-2.391046194595731200e-01,-2.391046194595731200e-01,1.000000000000001998e+00
1.000000000000002442e+00,-9.012422621296798386e-01,-9.012422621296798386e-01,1.000000000000002442e+00
1.000000000000002665e+00,-9.238752235509847255e-01,-9.238752235509847255e-01,1.000000000000002665e+00
1.000000000000002665e+00,-2.383744608262484133e-01,-2.383744608262484133e-01,1.000000000000002665e+00
1.000000000000001998e+00,7.809155019456789359e-01,7.809155019456789359e-01,1.000000000000001998e+00
1.000000000000002665e+00,8.541442030156302101e-01,8.541442030156302101e-01,1.000000000000002665e+00
1.000000000000002442e+00,-8.527675927755695717e-02,-8.527675927755695717e-02,1.000000000000002442e+00
1.000000000000002442e+00,-8.392546642271090374e-01,-8.392546642271090374e-01,1.000000000000002442e+00
1.000000000000002442e+00,-9.645325867238363493e-01,-9.645325867238363493e-01,1.000000000000002442e+00
1.000000000000002665e+00,-3.911303776952987921e-01,-3.911303776952987921e-01,1.000000000000002665e+00
1.000000000000001998e+00,6.519297453780342755e-01,6.519297453780342755e-01,1.000000000000001998e+00
1.000000000000001998e+00,9.357800463462297991e-01,9.357800463462297991e-01,1.000000000000001998e+00
1.000000000000002220e+00,7.405171509216562642e-02,7.405171509216562642e-02,1.000000000000002220e+00
1.000000000000002220e+00,-7.601347604493317034e-01,-7.601347604493317034e-01,1.000000000000002220e+00
1.000000000000002220e+00,-9.890106362872256307e-01,-9.890106362872256307e-01,1.000000000000002220e+00
1.000000000000001776e+00,-5.285078713495467984e-01,-5.285078713495467984e-01,1.000000000000001776e+00
1.000000000000001998e+00,5.020385335653558823e-01,5.020385335653558823e-01,1.000000000000001998e+00
1.000000000000002220e+00,9.849956594158845169e-01,9.849956594158845169e-01,1.000000000000002220e+00
1.000000000000002220e+00,2.367609196047514852e-01,2.367609196047514852e-01,1.000000000000002220e+00
1.000000000000002665e+00,-6.660147957802068364e-01,-6.660147957802068364e-01,1.000000000000002665e+00
1.000000000000002220e+00,-9.959904844569125171e-01,-9.959904844569125171e-01,1.000000000000002220e+00
1.000000000000001998e+00,-6.499175659295077789e-01,-6.499175659295077789e-01,1.000000000000001998e+00
1.000000000000001998e+00,3.384154094720031036e-01,3.384154094720031036e-01,1.000000000000001998e+00
1.000000000000001776e+00,9.994561367858203482e-01,9.994561367858203482e-01,1.000000000000001776e+00
1.000000000000002220e+00,3.971811853232445344e-01,3.971811853232445344e-01,1.000000000000002220e+00
1.000000000000002220e+00,-5.568069578219442262e-01,-5.568069578219442262e-01,1.000000000000002220e+00
1.000000000000002220e+00,-9.863259038193127326e-01,-9.863259038193127326e-01,1.000000000000002220e+00
1.000000000000002220e+00,-7.537653724848502046e-01,-7.537653724848502046e-01,1.000000000000002220e+00
1.000000000000002220e+00,1.678424866997233200e-01,1.678424866997233200e-01,1.000000000000002220e+00
1.000000000000002220e+00,9.778005910517023613e-01,9.778005910517023613e-01,1.000000000000002220e+00
1.000000000000002220e+00,5.493733663382200927e-01,5.493733663382200927e-01,1.000000000000002220e+00
1.000000000000002665e+00,-4.325125257858631334e-01,-4.325125257858631334e-01,1.000000000000002665e+00
1.000000000000002442e+00,-9.614107522573508424e-01,-9.614107522573508424e-01,1.000000000000002442e+00
1.000000000000002442e+00,-8.380646313841344508e-01,-8.380646313841344508e-01,1.000000000000002442e+00
1.000000000000002665e+00,-4.854303421660349782e-03,-4.854303421660349782e-03,1.000000000000002665e+00
1.000000000000003109e+00,9.211881803126796830e-01,9.211881803126796830e-01,1.000000000000003109e+00
1.000000000000002665e+00,6.887343435799184732e-01,6.887343435799184732e-01,1.000000000000002665e+00
1.000000000000002665e+00,-2.966729035831188743e-01,-2.966729035831188743e-01,1.000000000000002665e+00
1.000000000000002220e+00,-9.191418329317400104e-01,-9.191418329317400104e-01,1.000000000000002220e+00
1.000000000000002220e+00,-9.054259088452100146e-01,-9.054259088452100146e-01,1.000000000000002220e+00
1.000000000000002442e+00,-1.712763984289837893e-01,-1.712763984289837893e-01,1.000000000000002442e+00
1.000000000000002442e+00,8.311500969993732557e-01,8.311500969993732557e-01,1.000000000000002442e+00
1.000000000000002442e+00,8.074133409817844109e-01,8.074133409817844109e-01,1.000000000000002442e+00
1.000000000000002665e+00,-1.480018444176124937e-01,-1.480018444176124937e-01,1.000000000000002665e+00
