1.000000000000000000e+00,1.000000000000000000e+00,1.000000000000000000e+00,1.000000000000000000e+00
9.999999999999998890e-01,3.903558673824764069e-01,3.903558673824764069e-01,9.999999999999998890e-01
9.999999999999995559e-01,-5.979132067870879252e-01,-5.979132067870879252e-01,9.999999999999995559e-01
9.999999999999993339e-01,-9.940803375919976537e-01,-9.940803375919976537e-01,9.999999999999993339e-01
1.000000000000000444e+00,-6.883578668841592307e-01,-6.883578668841592307e-01,1.000000000000000444e+00
1.000000000000000444e+00,7.718704778047397186e-02,7.718704778047397186e-02,1.000000000000000444e+00
1.000000000000000666e+00,8.529152281466442220e-01,8.529152281466442220e-01,1.000000000000000666e+00
1.000000000000000888e+00,8.581984633564877507e-01,8.581984633564877507e-01,1.000000000000000888e+00
1.000000000000001332e+00,-1.610196667999119202e-01,-1.610196667999119202e-01,1.000000000000001332e+00
1.000000000000000666e+00,-9.731294102933130130e-01,-9.731294102933130130e-01,1.000000000000000666e+00
1.000000000000000444e+00,-5.683598073593374433e-01,-5.683598073593374433e-01,1.000000000000000444e+00
1.000000000000000888e+00,3.795698493134868068e-01,3.795698493134868068e-01,1.000000000000000888e+00
1.000000000000001110e+00,9.518668637947101940e-01,9.518668637947101940e-01,1.000000000000001110e+00
1.000000000000001110e+00,8.752480258214581088e-01,8.752480258214581088e-01,1.000000000000001110e+00
1.000000000000001110e+00,2.020725642192210403e-01,2.020725642192210403e-01,1.000000000000001110e+00
1.000000000000000666e+00,-7.012321799735230510e-01,-7.012321799735230510e-01,1.000000000000000666e+00
1.000000000000000888e+00,-9.304608227482245031e-01,-9.304608227482245031e-01,1.000000000000000888e+00
1.000000000000000444e+00,-1.228380317340738159e-04,-1.228380317340738159e-04,1.000000000000000444e+00
1.000000000000000666e+00,9.315853735066343955e-01,9.315853735066343955e-01,1.000000000000000666e+00
1.000000000000000444e+00,7.469169904850972985e-01,7.469169904850972985e-01,1.000000000000000444e+00
1.000000000000000666e+00,-1.107042185837833759e-01,-1.107042185837833759e-01,1.000000000000000666e+00
1.000000000000000666e+00,-8.149086679982121550e-01,-8.149086679982121550e-01,1.000000000000000666e+00
1.000000000000000666e+00,-9.720360076129647142e-01,-9.720360076129647142e-01,1.000000000000000666e+00
1.000000000000000888e+00,-4.439551787873484145e-01,-4.439551787873484145e-01,1.000000000000000888e+00
1.000000000000001110e+00,5.415159905411053298e-01,5.415159905411053298e-01,1.000000000000001110e+00
1.000000000000001332e+00,9.868020728252786533e-01,9.868020728252786533e-01,1.000000000000001332e+00
1.000000000000001332e+00,1.861143339092300453e-01,1.861143339092300453e-01,1.000000000000001332e+00
1.000000000000001554e+00,-8.306716215538283432e-01,-8.306716215538283432e-01,1.000000000000001554e+00
1.000000000000001554e+00,-8.783669227005215241e-01,-8.783669227005215241e-01,1.000000000000001554e+00
1.000000000000001332e+00,-1.641890714997659151e-01,-1.641890714997659151e-01,1.000000000000001332e+00
1.000000000000001110e+00,6.119908816768806492e-01,6.119908816768806492e-01,1.000000000000001110e+00
1.000000000000001110e+00,9.967633789999801319e-01,9.967633789999801319e-01,1.000000000000001110e+00
1.000000000000001332e+00,6.574081395708084585e-01,6.574081395708084585e-01,1.000000000000001332e+00
1.000000000000001776e+00,-3.491039466204245434e-01,-3.491039466204245434e-01,1.000000000000001776e+00
1.000000000000001776e+00,-9.872794026677071955e-01,-9.872794026677071955e-01,1.000000000000001776e+00
1.000000000000002220e+00,-3.493143259168332571e-01,-3.493143259168332571e-01,1.000000000000002220e+00
1.000000000000002220e+00,7.092953088348674662e-01,7.092953088348674662e-01,1.000000000000002220e+00
1.000000000000002442e+00,9.739488304535109942e-01,9.739488304535109942e-01,1.000000000000002442e+00
1.000000000000002442e+00,4.458359217722606682e-01,4.458359217722606682e-01,1.000000000000002442e+00
1.000000000000001998e+00,-3.451643161564257878e-01,-3.451643161564257878e-01,1.000000000000001998e+00
1.000000000000001776e+00,-9.313688657794505499e-01,-9.313688657794505499e-01,1.000000000000001776e+00
1.000000000000001554e+00,-8.060407235017639227e-01,-8.060407235017639227e-01,1.000000000000001554e+00
1.000000000000001776e+00,1.706082457112593764e-01,1.706082457112593764e-01,1.000000000000001776e+00
1.000000000000002220e+00,9.820966062072579161e-01,9.820966062072579161e-01,1.000000000000002220e+00
1.000000000000002665e+00,5.269355978174623534e-01,5.269355978174623534e-01,1.000000000000002665e+00
1.000000000000002887e+00,-5.265862579201376903e-01,-5.265862579201376903e-01,1.000000000000002887e+00
1.000000000000002665e+00,-9.923074172870469667e-01,-9.923074172870469667e-01,1.000000000000002665e+00
1.000000000000002220e+00,-6.845917274917894257e-01,-6.845917274917894257e-01,1.000000000000002220e+00
1.000000000000001998e+00,6.216988058979205922e-02,6.216988058979205922e-02,1.000000000000001998e+00
1.000000000000001998e+00,8.112533484298317665e-01,8.112533484298317665e-01,1.000000000000001998e+00
1.000000000000001554e+00,9.226667233254468581e-01,9.226667233254468581e-01,1.000000000000001554e+00
1.000000000000001554e+00,2.465876983815709633e-02,2.465876983815709633e-02,1.000000000000001554e+00
1.000000000000001554e+00,-9.232755428641881146e-01,-9.232755428641881146e-01,1.000000000000001554e+00
1.000000000000001776e+00,-6.716643241237382211e-01,-6.716643241237382211e-01,1.000000000000001776e+00
1.000000000000001998e+00,3.188099896592266336e-01,3.188099896592266336e-01,1.000000000000001998e+00
1.000000000000001776e+00,9.490071404158531010e-01,9.490071404158531010e-01,1.000000000000001776e+00
1.000000000000001110e+00,8.729859574703404679e-01,8.729859574703404679e-01,1.000000000000001110e+00
1.000000000000000888e+00,2.313555929171108305e-01,2.313555929171108305e-01,1.000000000000000888e+00
1.000000000000001554e+00,-6.312156977534062463e-01,-6.312156977534062463e-01,1.000000000000001554e+00
1.000000000000001776e+00,-9.735346705204095397e-01,-9.735346705204095397e-01,1.000000000000001776e+00
1.000000000000001998e+00,-1.898989305898002300e-01,-1.898989305898002300e-01,1.000000000000001998e+00
1.000000000000001332e+00,8.553975721909048424e-01,8.553975721909048424e-01,1.000000000000001332e+00
1.000000000000001554e+00,8.181244128660478676e-01,8.181244128660478676e-01,1.000000000000001554e+00
1.000000000000001332e+00,-6.565134812073952775e-02,-6.565134812073952775e-02,1.000000000000001332e+00
1.000000000000001332e+00,-8.143679221647077693e-01,-8.143679221647077693e-01,1.000000000000001332e+00
1.000000000000001332e+00,-9.730155392019045335e-01,-9.730155392019045335e-01,1.000000000000001332e+00
1.000000000000001332e+00,-4.868032099381211508e-01,-4.868032099381211508e-01,1.000000000000001332e+00
1.000000000000001332e+00,4.382543913006645142e-01,4.382543913006645142e-01,1.000000000000001332e+00
1.000000000000000888e+00,9.999242846274407626e-01,9.999242846274407626e-01,1.000000000000000888e+00
1.000000000000001110e+00,3.695472829324540354e-01,3.695472829324540354e-01,1.000000000000001110e+00
1.000000000000001332e+00,-7.350430202128512835e-01,-7.350430202128512835e-01,1.000000000000001332e+00
1.000000000000001776e+00,-9.158513821468881044e-01,-9.158513821468881044e-01,1.000000000000001776e+00
1.000000000000001332e+00,-1.913079169908055710e-01,-1.913079169908055710e-01,1.000000000000001332e+00
1.000000000000001110e+00,6.163874271977263231e-01,6.163874271977263231e-01,1.000000000000001110e+00
1.000000000000001110e+00,9.957511327178910632e-01,9.957511327178910632e-01,1.000000000000001110e+00
1.000000000000001110e+00,7.070400303016860510e-01,7.070400303016860510e-01,1.000000000000001110e+00
1.000000000000000888e+00,-2.170229177762980077e-01,-2.170229177762980077e-01,1.000000000000000888e+00
1.000000000000000666e+00,-9.693870772855016638e-01,-9.693870772855016638e-01,1.000000000000000666e+00
1.000000000000000888e+00,-5.138348694579569775e-01,-5.138348694579569775e-01,1.000000000000000888e+00
1.000000000000001332e+00,6.034175237864410901e-01,6.034175237864410901e-01,1.000000000000001332e+00
1.000000000000001110e+00,9.875270229765994445e-01,9.875270229765994445e-01,1.000000000000001110e+00
1.000000000000001110e+00,4.579956558372152431e-01,4.579956558372152431e-01,1.000000000000001110e+00
1.000000000000001332e+00,-3.511142634728167677e-01,-3.511142634728167677e-01,1.000000000000001332e+00
1.000000000000001332e+00,-9.216114971051241334e-01,-9.216114971051241334e-01,1.000000000000001332e+00
1.000000000000001110e+00,-8.571903040967632226e-01,-8.571903040967632226e-01,1.000000000000001110e+00
1.000000000000000888e+00,1.609249667931886285e-02,1.609249667931886285e-02,1.000000000000000888e+00
1.000000000000000222e+00,9.283098461579379901e-01,9.283098461579379901e-01,1.000000000000000222e+00
1.000000000000000666e+00,6.671616244708299392e-01,6.671616244708299392e-01,1.000000000000000666e+00
1.000000000000000444e+00,-4.192048693593332098e-01,-4.192048693593332098e-01,1.000000000000000444e+00
1.000000000000000444e+00,-9.894333360038480851e-01,-9.894333360038480851e-01,1.000000000000000444e+00
1.000000000000000444e+00,-6.848149555569910119e-01,-6.848149555569910119e-01,1.000000000000000444e+00
1.000000000000000666e+00,6.218784332630442058e-02,6.218784332630442058e-02,1.000000000000000666e+00
1.000000000000000444e+00,7.856915962103769857e-01,7.856915962103769857e-01,1.000000000000000444e+00
1.000000000000000444e+00,9.600870200925722964e-01,9.600870200925722964e-01,1.000000000000000444e+00
1.000000000000000666e+00,1.928017550504202426e-01,1.928017550504202426e-01,1.000000000000000666e+00
1.000000000000000888e+00,-8.363833148336057288e-01,-8.363833148336057288e-01,1.000000000000000888e+00
1.000000000000000888e+00,-7.817026077062548817e-01,-7.817026077062548817e-01,1.000000000000000888e+00
1.000000000000000666e+00,2.250497648631186176e-01,2.250497648631186176e-01,1.000000000000000666e+00
1.000000000000001110e+00,9.382121104540429579e-01,9.382121104540429579e-01,1.000000000000001110e+00
1.000000000000000444e+00,8.706771866237745794e-01,8.706771866237745794e-01,1.000000000000000444e+00
1.000000000000000444e+00,2.397194976788585286e-01,2.397194976788585286e-01,1.000000000000000444e+00
