1.000000000000000000e+00,1.000000000000000000e+00,1.000000000000000000e+00,1.000000000000000000e+00
9.999999999999998890e-01,4.920566966034181089e-01,4.920566966034181089e-01,9.999999999999998890e-01
1.000000000000000000e+00,-6.342347546576975192e-01,-6.342347546576975192e-01,1.000000000000000000e+00
1.000000000000000222e+00,-9.440397560139950350e-01,-9.440397560139950350e-01,1.000000000000000222e+00
1.000000000000000222e+00,-2.558338684529307683e-01,-2.558338684529307683e-01,1.000000000000000222e+00
1.000000000000000444e+00,5.435672785763380199e-01,5.435672785763380199e-01,1.000000000000000444e+00
1.000000000000000222e+00,9.892432872065334282e-01,9.892432872065334282e-01,1.000000000000000222e+00
9.999999999999998890e-01,6.377640875735264281e-01,6.377640875735264281e-01,9.999999999999998890e-01
1.000000000000000222e+00,-4.783182854139789164e-01,-4.783182854139789164e-01,1.000000000000000222e+00
1.000000000000000222e+00,-9.804204703838138579e-01,-9.804204703838138579e-01,1.000000000000000222e+00
1.000000000000000666e+00,-3.892865120256484013e-01,-3.892865120256484013e-01,1.000000000000000666e+00
1.000000000000000888e+00,4.330601114396863682e-01,4.330601114396863682e-01,1.000000000000000888e+00
1.000000000000001332e+00,9.583492287298345236e-01,9.583492287298345236e-01,1.000000000000001332e+00
1.000000000000001110e+00,7.603739662856672243e-01,7.603739662856672243e-01,1.000000000000001110e+00
1.000000000000000888e+00,-3.046781972169640418e-01,-3.046781972169640418e-01,1.000000000000000888e+00
1.000000000000000666e+00,-9.872372983184749540e-01,-9.872372983184749540e-01,1.000000000000000666e+00
1.000000000000000666e+00,-5.178359394311893293e-01,-5.178359394311893293e-01,1.000000000000000666e+00
1.000000000000000888e+00,3.153657646499953282e-01,3.153657646499953282e-01,1.000000000000000888e+00
1.000000000000001110e+00,9.096894292601482856e-01,9.096894292601482856e-01,1.000000000000001110e+00
1.000000000000000888e+00,8.578057241657451870e-01,8.578057241657451870e-01,1.000000000000000888e+00
1.000000000000000888e+00,-1.207445171923759997e-01,-1.207445171923759997e-01,1.000000000000000888e+00
1.000000000000000888e+00,-9.623471587757812529e-01,-9.623471587757812529e-01,1.000000000000000888e+00
1.000000000000000666e+00,-6.378328407439362024e-01,-6.378328407439362024e-01,1.000000000000000666e+00
1.000000000000000666e+00,1.916019229159042769e-01,1.916019229159042769e-01,1.000000000000000666e+00
1.000000000000000888e+00,8.455872695233174197e-01,8.455872695233174197e-01,1.000000000000000888e+00
1.000000000000001332e+00,9.292295341471303871e-01,9.292295341471303871e-01,1.000000000000001332e+00
1.000000000000000888e+00,6.513700495554233805e-02,6.513700495554233805e-02,1.000000000000000888e+00
1.000000000000001110e+00,-9.035296548316977816e-01,-9.035296548316977816e-01,1.000000000000001110e+00
1.000000000000000444e+00,-7.466367933041772043e-01,-7.466367933041772043e-01,1.000000000000000444e+00
1.000000000000000444e+00,6.385789098344957226e-02,6.385789098344957226e-02,1.000000000000000444e+00
1.000000000000000666e+00,7.678616742934937234e-01,7.678616742934937234e-01,1.000000000000000666e+00
1.000000000000000888e+00,9.742961034262102027e-01,9.742961034262102027e-01,1.000000000000000888e+00
1.000000000000000666e+00,2.475331384979891081e-01,2.475331384979891081e-01,1.000000000000000666e+00
1.000000000000000222e+00,-8.144358351039238109e-01,-8.144358351039238109e-01,1.000000000000000222e+00
9.999999999999995559e-01,-8.377592533616337045e-01,-8.377592533616337045e-01,9.999999999999995559e-01
9.999999999999993339e-01,-6.773421420711350782e-02,-6.773421420711350782e-02,9.999999999999993339e-01
9.999999999999994449e-01,6.790758386310835615e-01,6.790758386310835615e-01,9.999999999999994449e-01
9.999999999999991118e-01,9.945769856320997304e-01,9.945769856320997304e-01,9.999999999999991118e-01
9.999999999999990008e-01,4.172361310396126566e-01,4.172361310396126566e-01,9.999999999999990008e-01
9.999999999999988898e-01,-6.935837753829279251e-01,-6.935837753829279251e-01,9.999999999999988898e-01
9.999999999999985567e-01,-9.104523434529659953e-01,-9.104523434529659953e-01,9.999999999999985567e-01
9.999999999999985567e-01,-1.992449545814100054e-01,-1.992449545814100054e-01,9.999999999999985567e-01
9.999999999999990008e-01,5.798757233220444007e-01,5.798757233220444007e-01,9.999999999999990008e-01
9.999999999999988898e-01,9.914981530390855058e-01,9.914981530390855058e-01,9.999999999999988898e-01
9.999999999999990008e-01,5.713632886327631999e-01,5.713632886327631999e-01,9.999999999999990008e-01
9.999999999999984457e-01,-5.499485589744765868e-01,-5.499485589744765868e-01,9.999999999999984457e-01
9.999999999999980016e-01,-9.563438930213805644e-01,-9.563438930213805644e-01,9.999999999999980016e-01
9.999999999999984457e-01,-3.312151130968301049e-01,-3.312151130968301049e-01,9.999999999999984457e-01
9.999999999999984457e-01,4.731998064636740997e-01,4.731998064636740997e-01,9.999999999999984457e-01
9.999999999999988898e-01,9.672894679685992703e-01,9.672894679685992703e-01,9.999999999999988898e-01
9.999999999999990008e-01,7.027965684347762254e-01,7.027965684347762254e-01,9.999999999999990008e-01
9.999999999999993339e-01,-3.838485282073251792e-01,-3.838485282073251792e-01,9.999999999999993339e-01
9.999999999999995559e-01,-9.770869138145334976e-01,-9.770869138145334976e-01,9.999999999999995559e-01
9.999999999999994449e-01,-4.577239896168955879e-01,-4.577239896168955879e-01,9.999999999999994449e-01
9.999999999999995559e-01,3.585929310933196890e-01,3.585929310933196890e-01,9.999999999999995559e-01
9.999999999999996669e-01,9.246697825872561838e-01,9.246697825872561838e-01,9.999999999999996669e-01
9.999999999999995559e-01,8.108853510051647895e-01,8.108853510051647895e-01,9.999999999999995559e-01
9.999999999999991118e-01,-2.071206361289268938e-01,-2.071206361289268938e-01,9.999999999999991118e-01
9.999999999999995559e-01,-9.646669170463311183e-01,-9.646669170463311183e-01,9.999999999999995559e-01
9.999999999999993339e-01,-5.793436275983501194e-01,-5.793436275983501194e-01,9.999999999999993339e-01
9.999999999999997780e-01,2.393854760064475506e-01,2.393854760064475506e-01,9.999999999999997780e-01
1.000000000000000000e+00,8.654103297513308091e-01,8.654103297513308091e-01,1.000000000000000000e+00
1.000000000000000222e+00,8.922238457544628965e-01,8.922238457544628965e-01,1.000000000000000222e+00
1.000000000000000000e+00,-2.226429370624283255e-02,-2.226429370624283255e-02,1.000000000000000000e+00
1.000000000000000000e+00,-9.230856406970573413e-01,-9.230856406970573413e-01,1.000000000000000000e+00
1.000000000000000222e+00,-6.888088381969297291e-01,-6.888088381969297291e-01,1.000000000000000222e+00
9.999999999999998890e-01,1.146837212529127625e-01,1.146837212529127625e-01,9.999999999999998890e-01
1.000000000000000444e+00,7.927407168435053331e-01,7.927407168435053331e-01,1.000000000000000444e+00
1.000000000000000666e+00,9.476362712968590118e-01,9.476362712968590118e-01,1.000000000000000666e+00
1.000000000000000444e+00,1.594450392426894625e-01,1.594450392426894625e-01,1.000000000000000444e+00
1.000000000000000888e+00,-8.475338370298352020e-01,-8.475338370298352020e-01,1.000000000000000888e+00
1.000000000000000888e+00,-7.859103015288606553e-01,-7.859103015288606553e-01,1.000000000000000888e+00
1.000000000000000888e+00,-1.197419876085753510e-02,-1.197419876085753510e-02,1.000000000000000888e+00
1.000000000000001110e+00,7.077182741800714938e-01,7.077182741800714938e-01,1.000000000000001110e+00
1.000000000000001332e+00,9.773029069645464695e-01,9.773029069645464695e-01,1.000000000000001332e+00
1.000000000000001776e+00,3.339429652847566987e-01,3.339429652847566987e-01,1.000000000000001776e+00
1.000000000000001554e+00,-7.436609867875416668e-01,-7.436609867875416668e-01,1.000000000000001554e+00
1.000000000000002220e+00,-8.635897694366502231e-01,-8.635897694366502231e-01,1.000000000000002220e+00
1.000000000000001776e+00,-1.408617685880118042e-01,-1.408617685880118042e-01,1.000000000000001776e+00
1.000000000000001776e+00,6.132725733837950388e-01,6.132725733837950388e-01,1.000000000000001776e+00
1.000000000000001776e+00,9.828332369157215531e-01,9.828332369157215531e-01,1.000000000000001776e+00
1.000000000000001554e+00,4.933326508920618525e-01,4.933326508920618525e-01,1.000000000000001554e+00
1.000000000000001776e+00,-6.120176059052336859e-01,-6.120176059052336859e-01,1.000000000000001776e+00
1.000000000000001998e+00,-9.202256473887184818e-01,-9.202256473887184818e-01,1.000000000000001998e+00
1.000000000000002220e+00,-2.686282383771378957e-01,-2.686282383771378957e-01,1.000000000000002220e+00
1.000000000000002220e+00,5.101702076435835620e-01,5.101702076435835620e-01,1.000000000000002220e+00
1.000000000000002442e+00,9.666095615743854896e-01,9.666095615743854896e-01,1.000000000000002442e+00
1.000000000000003109e+00,6.333498274817895846e-01,6.333498274817895846e-01,1.000000000000003109e+00
1.000000000000003553e+00,-4.587371742886975912e-01,-4.587371742886975912e-01,1.000000000000003553e+00
1.000000000000003997e+00,-9.511370827110730009e-01,-9.511370827110730009e-01,1.000000000000003997e+00
1.000000000000003775e+00,-3.937598094141177563e-01,-3.937598094141177563e-01,1.000000000000003775e+00
1.000000000000003775e+00,4.004167830583950649e-01,4.004167830583950649e-01,1.000000000000003775e+00
1.000000000000003331e+00,9.306681295864017711e-01,9.306681295864017711e-01,1.000000000000003331e+00
1.000000000000003109e+00,7.505433980645661585e-01,7.505433980645661585e-01,1.000000000000003109e+00
1.000000000000003553e+00,-2.899563802140251445e-01,-2.899563802140251445e-01,1.000000000000003553e+00
1.000000000000003775e+00,-9.532881304177169834e-01,-9.532881304177169834e-01,1.000000000000003775e+00
1.000000000000004219e+00,-5.136403304120009672e-01,-5.136403304120009672e-01,1.000000000000004219e+00
1.000000000000003997e+00,2.852429925661038590e-01,2.852429925661038590e-01,1.000000000000003997e+00
1.000000000000003775e+00,8.778592927887365338e-01,8.778592927887365338e-01,1.000000000000003775e+00
1.000000000000003997e+00,8.419162064622025543e-01,8.419162064622025543e-01,1.000000000000003997e+00
1.000000000000004219e+00,-1.110805429790538423e-01,-1.110805429790538423e-01,1.000000000000004219e+00
