1.000000000000000000e+00,1.000000000000000000e+00,1.000000000000000000e+00,1.000000000000000000e+00
9.999999999999998890e-01,6.437588275063154120e-01,6.437588275063154120e-01,9.999999999999998890e-01
1.000000000000000666e+00,-1.161192996643815589e-01,-1.161192996643815589e-01,1.000000000000000666e+00
1.000000000000001110e+00,-8.263281325341911288e-01,-8.263281325341911288e-01,1.000000000000001110e+00
1.000000000000001110e+00,-9.143092185274541706e-01,-9.143092185274541706e-01,1.000000000000001110e+00
1.000000000000000888e+00,-3.690969990615389218e-02,-3.690969990615389218e-02,1.000000000000000888e+00
1.000000000000000888e+00,9.224712574118457686e-01,9.224712574118457686e-01,1.000000000000000888e+00
1.000000000000001110e+00,6.918144291870460538e-01,6.918144291870460538e-01,1.000000000000001110e+00
1.000000000000000888e+00,-3.283877865239697158e-01,-3.283877865239697158e-01,1.000000000000000888e+00
1.000000000000001110e+00,-9.582638574016473232e-01,-9.582638574016473232e-01,1.000000000000001110e+00
1.000000000000001332e+00,-8.358311359868824120e-01,-8.358311359868824120e-01,1.000000000000001332e+00
1.000000000000000888e+00,-1.737904156531908662e-01,-1.737904156531908662e-01,1.000000000000000888e+00
1.000000000000001110e+00,6.591058305782996340e-01,6.591058305782996340e-01,1.000000000000001110e+00
1.000000000000001110e+00,9.839048242631208696e-01,9.839048242631208696e-01,1.000000000000001110e+00
1.000000000000001110e+00,2.280975427318476523e-01,2.280975427318476523e-01,1.000000000000001110e+00
1.000000000000000888e+00,-8.300927005700762251e-01,-8.300927005700762251e-01,1.000000000000000888e+00
1.000000000000000444e+00,-8.130198938029552513e-01,-8.130198938029552513e-01,1.000000000000000444e+00
1.000000000000000666e+00,1.005370125554918559e-01,1.005370125554918559e-01,1.000000000000000666e+00
1.000000000000001110e+00,8.497583616440602672e-01,8.497583616440602672e-01,1.000000000000001110e+00
1.000000000000001110e+00,9.634305444434227983e-01,9.634305444434227983e-01,1.000000000000001110e+00
1.000000000000001332e+00,4.509612308954592530e-01,4.509612308954592530e-01,1.000000000000001332e+00
1.000000000000001332e+00,-4.460454482152748090e-01,-4.460454482152748090e-01,1.000000000000001332e+00
1.000000000000001776e+00,-9.901477485873546591e-01,-9.901477485873546591e-01,1.000000000000001776e+00
1.000000000000001998e+00,-3.874749269422145814e-01,-3.874749269422145814e-01,1.000000000000001998e+00
1.000000000000002442e+00,7.304978428334918394e-01,7.304978428334918394e-01,1.000000000000002442e+00
1.000000000000002665e+00,9.225640758903159711e-01,9.225640758903159711e-01,1.000000000000002665e+00
1.000000000000002665e+00,1.601378369462634066e-01,1.601378369462634066e-01,1.000000000000002665e+00
1.000000000000003109e+00,-6.574444001101000801e-01,-6.574444001101000801e-01,1.000000000000003109e+00
1.000000000000003553e+00,-9.955311482360674757e-01,-9.955311482360674757e-01,1.000000000000003553e+00
1.000000000000003775e+00,-6.731242333856297666e-01,-6.731242333856297666e-01,1.000000000000003775e+00
1.000000000000003553e+00,2.308198183658231317e-01,2.308198183658231317e-01,1.000000000000003553e+00
1.000000000000003331e+00,9.755100735465085382e-01,9.755100735465085382e-01,1.000000000000003331e+00
1.000000000000003553e+00,5.513124648028790986e-01,5.513124648028790986e-01,1.000000000000003553e+00
1.000000000000003331e+00,-5.818023612020783997e-01,-5.818023612020783997e-01,1.000000000000003331e+00
1.000000000000003109e+00,-9.773895824141054511e-01,-9.773895824141054511e-01,1.000000000000003109e+00
1.000000000000003331e+00,-4.112995994366677177e-01,-4.112995994366677177e-01,1.000000000000003331e+00
1.000000000000003109e+00,4.137826783822858845e-01,4.137826783822858845e-01,1.000000000000003109e+00
1.000000000000002887e+00,9.469179258178871406e-01,9.469179258178871406e-01,1.000000000000002887e+00
1.000000000000002665e+00,8.486371452782015545e-01,8.486371452782015545e-01,1.000000000000002665e+00
1.000000000000002665e+00,-2.784670284350004854e-03,-2.784670284350004854e-03,1.000000000000002665e+00
1.000000000000002665e+00,-9.086345845637546770e-01,-9.086345845637546770e-01,1.000000000000002665e+00
1.000000000000002665e+00,-6.773323166292350983e-01,-6.773323166292350983e-01,1.000000000000002665e+00
1.000000000000002665e+00,4.216257220120336879e-01,4.216257220120336879e-01,1.000000000000002665e+00
1.000000000000002887e+00,9.978390577419620211e-01,9.978390577419620211e-01,1.000000000000002887e+00
1.000000000000002887e+00,6.513278178140435859e-01,6.513278178140435859e-01,1.000000000000002887e+00
1.000000000000002887e+00,-1.209755360085345566e-01,-1.209755360085345566e-01,1.000000000000002887e+00
1.000000000000002887e+00,-8.099052370583021965e-01,-8.099052370583021965e-01,1.000000000000002887e+00
1.000000000000003553e+00,-9.483572617769916446e-01,-9.483572617769916446e-01,1.000000000000003553e+00
1.000000000000003109e+00,-1.960182569313635992e-01,-1.960182569313635992e-01,1.000000000000003109e+00
1.000000000000003109e+00,8.322862717091453755e-01,8.322862717091453755e-01,1.000000000000003109e+00
1.000000000000002887e+00,8.058669461077789808e-01,8.058669461077789808e-01,1.000000000000002887e+00
1.000000000000002665e+00,-2.175916493598881174e-01,-2.175916493598881174e-01,1.000000000000002665e+00
1.000000000000002665e+00,-9.441757959114309706e-01,-9.441757959114309706e-01,1.000000000000002665e+00
1.000000000000002665e+00,-8.357051681212966932e-01,-8.357051681212966932e-01,1.000000000000002665e+00
1.000000000000002665e+00,-1.748162438760139104e-01,-1.748162438760139104e-01,1.000000000000002665e+00
1.000000000000002887e+00,6.221525840459048995e-01,6.221525840459048995e-01,1.000000000000002887e+00
1.000000000000002442e+00,9.980524939197070733e-01,9.980524939197070733e-01,1.000000000000002442e+00
1.000000000000002220e+00,3.934556261288327805e-01,3.934556261288327805e-01,1.000000000000002220e+00
1.000000000000002220e+00,-7.122173146638994812e-01,-7.122173146638994812e-01,1.000000000000002220e+00
1.000000000000001998e+00,-8.916318229433433107e-01,-8.916318229433433107e-01,1.000000000000001998e+00
1.000000000000002220e+00,7.699076813691002608e-03,7.699076813691002608e-03,1.000000000000002220e+00
1.000000000000002220e+00,8.348563206376269363e-01,8.348563206376269363e-01,1.000000000000002220e+00
1.000000000000002442e+00,9.621116939455648387e-01,9.621116939455648387e-01,1.000000000000002442e+00
1.000000000000002665e+00,4.604886825146688456e-01,4.604886825146688456e-01,1.000000000000002665e+00
1.000000000000002442e+00,-3.845423340020826530e-01,-3.845423340020826530e-01,1.000000000000002442e+00
1.000000000000002665e+00,-9.786574845513230647e-01,-9.786574845513230647e-01,1.000000000000002665e+00
1.000000000000002442e+00,-5.490138983297028208e-01,-5.490138983297028208e-01,1.000000000000002442e+00
1.000000000000002887e+00,5.913930112130049155e-01,5.913930112130049155e-01,1.000000000000002887e+00
1.000000000000002887e+00,9.675143650098753101e-01,9.675143650098753101e-01,1.000000000000002887e+00
1.000000000000002665e+00,2.312421185062701334e-01,2.312421185062701334e-01,1.000000000000002665e+00
1.000000000000002665e+00,-6.475652250379642094e-01,-6.475652250379642094e-01,1.000000000000002665e+00
1.000000000000002665e+00,-9.952203022064833871e-01,-9.952203022064833871e-01,1.000000000000002665e+00
1.000000000000002887e+00,-6.923985215934180815e-01,-6.923985215934180815e-01,1.000000000000002887e+00
1.000000000000002887e+00,1.429374314214089670e-01,1.429374314214089670e-01,1.000000000000002887e+00
1.000000000000003109e+00,9.294990214430067788e-01,9.294990214430067788e-01,1.000000000000003109e+00
1.000000000000002665e+00,6.988579295377350675e-01,6.988579295377350675e-01,1.000000000000002665e+00
1.000000000000002665e+00,-4.296320814135118349e-01,-4.296320814135118349e-01,1.000000000000002665e+00
1.000000000000002665e+00,-9.906121775051277556e-01,-9.906121775051277556e-01,1.000000000000002665e+00
1.000000000000002887e+00,-4.561285792852392551e-01,-4.561285792852392551e-01,1.000000000000002887e+00
1.000000000000002665e+00,4.113298530152496024e-01,4.113298530152496024e-01,1.000000000000002665e+00
1.000000000000002665e+00,9.473810139168629130e-01,9.473810139168629130e-01,1.000000000000002665e+00
1.000000000000002887e+00,8.704598700718936266e-01,8.704598700718936266e-01,1.000000000000002887e+00
1.000000000000002887e+00,1.069747804859913221e-01,1.069747804859913221e-01,1.000000000000002887e+00
1.000000000000002887e+00,-8.276410906909962284e-01,-8.276410906909962284e-01,1.000000000000002887e+00
1.000000000000002442e+00,-8.037739004615827021e-01,-8.037739004615827021e-01,1.000000000000002442e+00
1.000000000000002665e+00,2.697945417398265322e-01,2.697945417398265322e-01,1.000000000000002665e+00
1.000000000000002442e+00,9.862790633502359627e-01,9.862790633502359627e-01,1.000000000000002442e+00
1.000000000000002442e+00,6.756019988411018362e-01,6.756019988411018362e-01,1.000000000000002442e+00
1.000000000000002220e+00,-1.243963067567503966e-01,-1.243963067567503966e-01,1.000000000000002220e+00
1.000000000000002442e+00,-8.064341253670874732e-01,-8.064341253670874732e-01,1.000000000000002442e+00
1.000000000000002442e+00,-9.651156321843452623e-01,-9.651156321843452623e-01,1.000000000000002442e+00
1.000000000000002220e+00,-3.243281518541782371e-01,-3.243281518541782371e-01,1.000000000000002220e+00
1.000000000000002220e+00,7.184234293132948368e-01,7.184234293132948368e-01,1.000000000000002220e+00
1.000000000000002220e+00,9.024988215292076843e-01,9.024988215292076843e-01,1.000000000000002220e+00
1.000000000000002442e+00,-7.355520288215755542e-02,-7.355520288215755542e-02,1.000000000000002442e+00
1.000000000000001998e+00,-9.152376515470146412e-01,-9.152376515470146412e-01,1.000000000000001998e+00
1.000000000000002220e+00,-8.450129798760068756e-01,-8.450129798760068756e-01,1.000000000000002220e+00
1.000000000000002220e+00,-1.685961766009390628e-01,-1.685961766009390628e-01,1.000000000000002220e+00
1.000000000000002220e+00,6.053822259351062662e-01,6.053822259351062662e-01,1.000000000000002220e+00
1.000000000000002220e+00,9.997823083194120608e-01,9.997823083194120608e-01,1.000000000000002220e+00
1.000000000000002220e+00,5.272354801189723661e-01,5.272354801189723661e-01,1.000000000000002220e+00
