1.000000000000000000e+00,1.000000000000000000e+00,1.000000000000000000e+00,1.000000000000000000e+00
9.999999999999998890e-01,4.223885477854436576e-01,4.223885477854436576e-01,9.999999999999998890e-01
1.000000000000000000e+00,1.350157713232996715e-02,1.350157713232996715e-02,1.000000000000000000e+00
9.999999999999997780e-01,5.186443950569373795e-01,5.186443950569373795e-01,9.999999999999997780e-01
9.999999999999997780e-01,9.672222848522719074e-01,9.672222848522719074e-01,9.999999999999997780e-01
1.000000000000000000e+00,8.249868501225332551e-01,8.249868501225332551e-01,1.000000000000000000e+00
1.000000000000000222e+00,1.462179530282137208e-01,1.462179530282137208e-01,1.000000000000000222e+00
1.000000000000000444e+00,2.005783994824902328e-01,2.005783994824902328e-01,1.000000000000000444e+00
1.000000000000000666e+00,9.298448279751216905e-01,9.298448279751216905e-01,1.000000000000000666e+00
1.000000000000000444e+00,8.176841876986514768e-01,8.176841876986514768e-01,1.000000000000000444e+00
1.000000000000000666e+00,2.615113131273371083e-01,2.615113131273371083e-01,1.000000000000000666e+00
1.000000000000000888e+00,4.058662435827614656e-03,4.058662435827614656e-03,1.000000000000000888e+00
1.000000000000000444e+00,5.032979779027593192e-01,5.032979779027593192e-01,1.000000000000000444e+00
1.000000000000000222e+00,9.957845262087519078e-01,9.957845262087519078e-01,1.000000000000000222e+00
1.000000000000000222e+00,3.717587643801184560e-01,3.717587643801184560e-01,1.000000000000000222e+00
1.000000000000000000e+00,5.683110428452459173e-03,5.683110428452459173e-03,1.000000000000000000e+00
1.000000000000000000e+00,3.948410041890144662e-01,3.948410041890144662e-01,1.000000000000000000e+00
1.000000000000000000e+00,9.120332040568239762e-01,9.120332040568239762e-01,1.000000000000000000e+00
1.000000000000000222e+00,8.469761156810255986e-01,8.469761156810255986e-01,1.000000000000000222e+00
1.000000000000000444e+00,1.076871339364227770e-01,1.076871339364227770e-01,1.000000000000000444e+00
1.000000000000000666e+00,2.508505105543739067e-01,2.508505105543739067e-01,1.000000000000000666e+00
1.000000000000000222e+00,9.164105000858124850e-01,9.164105000858124850e-01,1.000000000000000222e+00
1.000000000000000222e+00,8.983081167781661325e-01,8.983081167781661325e-01,1.000000000000000222e+00
1.000000000000000222e+00,3.790872872373733937e-01,3.790872872373733937e-01,1.000000000000000222e+00
1.000000000000000000e+00,3.351061433332358508e-04,3.351061433332358508e-04,1.000000000000000000e+00
1.000000000000000222e+00,5.522147238162642413e-01,5.522147238162642413e-01,1.000000000000000222e+00
1.000000000000000222e+00,9.828031714049191292e-01,9.828031714049191292e-01,1.000000000000000222e+00
1.000000000000000444e+00,3.810785003041229357e-01,3.810785003041229357e-01,1.000000000000000444e+00
1.000000000000000222e+00,9.712513652275489573e-04,9.712513652275489573e-04,1.000000000000000222e+00
1.000000000000000222e+00,2.711960442514156355e-01,2.711960442514156355e-01,1.000000000000000222e+00
1.000000000000000000e+00,8.745947461282738145e-01,8.745947461282738145e-01,1.000000000000000000e+00
1.000000000000000000e+00,8.185276598339630283e-01,8.185276598339630283e-01,1.000000000000000000e+00
9.999999999999997780e-01,6.795837664188489335e-02,6.795837664188489335e-02,9.999999999999997780e-01
9.999999999999995559e-01,2.556333851484899888e-01,2.556333851484899888e-01,9.999999999999995559e-01
9.999999999999998890e-01,8.566981672688955829e-01,8.566981672688955829e-01,9.999999999999998890e-01
1.000000000000000222e+00,9.643498719818819342e-01,9.643498719818819342e-01,1.000000000000000222e+00
1.000000000000000222e+00,4.535355984618039127e-01,4.535355984618039127e-01,1.000000000000000222e+00
1.000000000000000444e+00,1.933196191472308367e-03,1.933196191472308367e-03,1.000000000000000444e+00
1.000000000000000222e+00,6.233608524345721769e-01,6.233608524345721769e-01,1.000000000000000222e+00
1.000000000000000444e+00,9.772881078393274024e-01,9.772881078393274024e-01,1.000000000000000444e+00
1.000000000000000222e+00,4.617242491041331776e-01,4.617242491041331776e-01,1.000000000000000222e+00
1.000000000000000222e+00,2.740271179793379863e-02,2.740271179793379863e-02,1.000000000000000222e+00
1.000000000000000222e+00,1.958495769154895427e-01,1.958495769154895427e-01,1.000000000000000222e+00
1.000000000000000444e+00,8.823624073717679650e-01,8.823624073717679650e-01,1.000000000000000444e+00
1.000000000000000666e+00,7.602088408591954893e-01,7.602088408591954893e-01,1.000000000000000666e+00
1.000000000000000666e+00,5.236670410953006560e-02,5.236670410953006560e-02,1.000000000000000666e+00
1.000000000000000666e+00,1.992011776284655644e-01,1.992011776284655644e-01,1.000000000000000666e+00
1.000000000000000888e+00,7.518162444946094869e-01,7.518162444946094869e-01,1.000000000000000888e+00
1.000000000000000888e+00,9.922295835931144170e-01,9.922295835931144170e-01,1.000000000000000888e+00
1.000000000000000666e+00,4.564212727145899873e-01,4.564212727145899873e-01,1.000000000000000666e+00
1.000000000000000888e+00,1.262508711263254924e-02,1.262508711263254924e-02,1.000000000000000888e+00
1.000000000000000888e+00,6.658979102454920529e-01,6.658979102454920529e-01,1.000000000000000888e+00
1.000000000000000444e+00,9.902293796663363956e-01,9.902293796663363956e-01,1.000000000000000444e+00
1.000000000000000666e+00,5.902421045313938075e-01,5.902421045313938075e-01,1.000000000000000666e+00
1.000000000000000666e+00,7.571049377802910318e-02,7.571049377802910318e-02,1.000000000000000666e+00
1.000000000000000666e+00,1.815001691228712577e-01,1.815001691228712577e-01,1.000000000000000666e+00
1.000000000000000888e+00,9.199600231790722171e-01,9.199600231790722171e-01,1.000000000000000888e+00
1.000000000000000888e+00,7.123910104300433810e-01,7.123910104300433810e-01,1.000000000000000888e+00
1.000000000000001110e+00,6.987441177153283500e-02,6.987441177153283500e-02,1.000000000000001110e+00
1.000000000000001110e+00,1.112527099661987373e-01,1.112527099661987373e-01,1.000000000000001110e+00
1.000000000000001110e+00,6.406359834543027265e-01,6.406359834543027265e-01,1.000000000000001110e+00
1.000000000000001110e+00,9.970675405947785341e-01,9.970675405947785341e-01,1.000000000000001110e+00
1.000000000000001110e+00,4.012970399661212051e-01,4.012970399661212051e-01,1.000000000000001110e+00
1.000000000000001110e+00,3.024024302877140191e-02,3.024024302877140191e-02,1.000000000000001110e+00
1.000000000000000888e+00,6.460676734714235758e-01,6.460676734714235758e-01,1.000000000000000888e+00
1.000000000000000888e+00,9.997747423339582440e-01,9.997747423339582440e-01,1.000000000000000888e+00
1.000000000000001110e+00,7.119707103442486362e-01,7.119707103442486362e-01,1.000000000000001110e+00
1.000000000000001110e+00,1.040985471437971127e-01,1.040985471437971127e-01,1.000000000000001110e+00
1.000000000000000888e+00,2.183993684420215131e-01,2.183993684420215131e-01,1.000000000000000888e+00
1.000000000000000888e+00,9.528326395571539154e-01,9.528326395571539154e-01,1.000000000000000888e+00
1.000000000000001110e+00,7.172286968385349626e-01,7.172286968385349626e-01,1.000000000000001110e+00
1.000000000000000888e+00,1.314816614315249543e-01,1.314816614315249543e-01,1.000000000000000888e+00
1.000000000000000888e+00,4.236872952153070138e-02,4.236872952153070138e-02,1.000000000000000888e+00
1.000000000000000888e+00,5.772199943079270312e-01,5.772199943079270312e-01,1.000000000000000888e+00
1.000000000000000888e+00,9.920976068411930804e-01,9.920976068411930804e-01,1.000000000000000888e+00
1.000000000000000888e+00,3.326073345051784869e-01,3.326073345051784869e-01,1.000000000000000888e+00
1.000000000000000888e+00,3.359953824585962256e-02,3.359953824585962256e-02,1.000000000000000888e+00
1.000000000000001110e+00,5.567009739210417862e-01,5.567009739210417862e-01,1.000000000000001110e+00
1.000000000000001110e+00,9.776675291598018180e-01,9.776675291598018180e-01,1.000000000000001110e+00
1.000000000000001110e+00,7.810080952201104987e-01,7.810080952201104987e-01,1.000000000000001110e+00
1.000000000000000888e+00,9.106731472003884442e-02,9.106731472003884442e-02,1.000000000000000888e+00
1.000000000000001110e+00,2.809555682367572693e-01,2.809555682367572693e-01,1.000000000000001110e+00
1.000000000000001332e+00,9.623037780155612175e-01,9.623037780155612175e-01,1.000000000000001332e+00
1.000000000000001110e+00,7.844660620529257944e-01,7.844660620529257944e-01,1.000000000000001110e+00
1.000000000000000888e+00,2.348448408197055248e-01,2.348448408197055248e-01,1.000000000000000888e+00
1.000000000000001332e+00,1.303684575654456834e-02,1.303684575654456834e-02,1.000000000000001332e+00
1.000000000000001332e+00,5.849865546663780558e-01,5.849865546663780558e-01,1.000000000000001332e+00
1.000000000000001554e+00,9.745959897811660166e-01,9.745959897811660166e-01,1.000000000000001554e+00
1.000000000000001332e+00,2.989348482685242336e-01,2.989348482685242336e-01,1.000000000000001332e+00
1.000000000000000888e+00,1.458189732363932012e-02,1.458189732363932012e-02,1.000000000000000888e+00
1.000000000000001110e+00,4.247799104931589409e-01,4.247799104931589409e-01,1.000000000000001110e+00
1.000000000000001554e+00,9.364452244258559821e-01,9.364452244258559821e-01,1.000000000000001554e+00
1.000000000000001332e+00,7.868786703898876800e-01,7.868786703898876800e-01,1.000000000000001332e+00
1.000000000000001332e+00,5.613138517269453120e-02,5.613138517269453120e-02,1.000000000000001332e+00
1.000000000000001110e+00,3.244621657439438756e-01,3.244621657439438756e-01,1.000000000000001110e+00
1.000000000000001110e+00,9.419350526360152909e-01,9.419350526360152909e-01,1.000000000000001110e+00
1.000000000000001332e+00,8.789745928791956597e-01,8.789745928791956597e-01,1.000000000000001332e+00
1.000000000000001110e+00,3.385740108335376641e-01,3.385740108335376641e-01,1.000000000000001110e+00
1.000000000000001332e+00,8.391354247071297623e-03,8.391354247071297623e-03,1.000000000000001332e+00
1.000000000000001332e+00,6.446828673079569860e-01,6.446828673079569860e-01,1.000000000000001332e+00
1.000000000000001332e+00,9.537415850714019427e-01,9.537415850714019427e-01,1.000000000000001332e+00
