1.000000000000000000e+00,1.000000000000000000e+00,1.000000000000000000e+00,1.000000000000000000e+00
1.000000000000000000e+00,6.987347404923518468e-01,6.987347404923518468e-01,1.000000000000000000e+00
1.000000000000000222e+00,1.202476063306486403e-01,1.202476063306486403e-01,1.000000000000000222e+00
1.000000000000000444e+00,1.373091209773883159e-01,1.373091209773883159e-01,1.000000000000000444e+00
1.000000000000000444e+00,8.726057431102584028e-01,8.726057431102584028e-01,1.000000000000000444e+00
1.000000000000000666e+00,7.685180164982396978e-01,7.685180164982396978e-01,1.000000000000000666e+00
1.000000000000000888e+00,5.349225763200746164e-02,5.349225763200746164e-02,1.000000000000000888e+00
1.000000000000000666e+00,2.418978231865505091e-01,2.418978231865505091e-01,1.000000000000000666e+00
1.000000000000000888e+00,8.415536428264736024e-01,8.415536428264736024e-01,1.000000000000000888e+00
1.000000000000001110e+00,9.696518515528371740e-01,9.696518515528371740e-01,1.000000000000001110e+00
1.000000000000001110e+00,5.195097498876399822e-01,5.195097498876399822e-01,1.000000000000001110e+00
1.000000000000001332e+00,2.002295147921995255e-02,2.002295147921995255e-02,1.000000000000001332e+00
1.000000000000001332e+00,3.403557311533132457e-01,3.403557311533132457e-01,1.000000000000001332e+00
1.000000000000001332e+00,9.895920795518784452e-01,9.895920795518784452e-01,1.000000000000001332e+00
1.000000000000001110e+00,5.226290980721163271e-01,5.226290980721163271e-01,1.000000000000001110e+00
1.000000000000001332e+00,2.526907608407791272e-05,2.526907608407791272e-05,1.000000000000001332e+00
1.000000000000001110e+00,4.357445669714395398e-01,4.357445669714395398e-01,1.000000000000001110e+00
1.000000000000000888e+00,9.490401968049781978e-01,9.490401968049781978e-01,1.000000000000000888e+00
1.000000000000001332e+00,8.819005420406363926e-01,8.819005420406363926e-01,1.000000000000001332e+00
1.000000000000001332e+00,3.310871213012943071e-01,3.310871213012943071e-01,1.000000000000001332e+00
1.000000000000001332e+00,6.384813884445950105e-03,6.384813884445950105e-03,1.000000000000001332e+00
1.000000000000001110e+00,5.881402039795179393e-01,5.881402039795179393e-01,1.000000000000001110e+00
1.000000000000000888e+00,9.738460771845528496e-01,9.738460771845528496e-01,1.000000000000000888e+00
1.000000000000000888e+00,2.751769585411257824e-01,2.751769585411257824e-01,1.000000000000000888e+00
1.000000000000001110e+00,5.380468842864896684e-02,5.380468842864896684e-02,1.000000000000001110e+00
1.000000000000001332e+00,6.317248379837452354e-01,6.317248379837452354e-01,1.000000000000001332e+00
1.000000000000000888e+00,9.974800251981874588e-01,9.974800251981874588e-01,1.000000000000000888e+00
1.000000000000000888e+00,7.450907450877904958e-01,7.450907450877904958e-01,1.000000000000000888e+00
1.000000000000000888e+00,1.610674824369481006e-01,1.610674824369481006e-01,1.000000000000000888e+00
1.000000000000000888e+00,9.404293484541952075e-02,9.404293484541952075e-02,1.000000000000000888e+00
1.000000000000000666e+00,8.190247596460947799e-01,8.190247596460947799e-01,1.000000000000000666e+00
1.000000000000000666e+00,8.286596120763031204e-01,8.286596120763031204e-01,1.000000000000000666e+00
1.000000000000000222e+00,8.910388426483334401e-02,8.910388426483334401e-02,1.000000000000000222e+00
1.000000000000000000e+00,1.918283832885844808e-01,1.918283832885844808e-01,1.000000000000000000e+00
1.000000000000000222e+00,8.010443473482308230e-01,8.010443473482308230e-01,1.000000000000000222e+00
1.000000000000000444e+00,9.844302844787020668e-01,9.844302844787020668e-01,1.000000000000000444e+00
1.000000000000000444e+00,5.727155688652608712e-01,5.727155688652608712e-01,1.000000000000000444e+00
1.000000000000000444e+00,4.087798267126113716e-02,4.087798267126113716e-02,1.000000000000000444e+00
1.000000000000000666e+00,2.754699724847926579e-01,2.754699724847926579e-01,1.000000000000000666e+00
1.000000000000000666e+00,9.688030922028063596e-01,9.688030922028063596e-01,1.000000000000000666e+00
1.000000000000000666e+00,5.961274917422623165e-01,5.961274917422623165e-01,1.000000000000000666e+00
1.000000000000000888e+00,3.860130163160085948e-03,3.860130163160085948e-03,1.000000000000000888e+00
1.000000000000001110e+00,3.786705417439645283e-01,3.786705417439645283e-01,1.000000000000001110e+00
1.000000000000001110e+00,9.241036946895764270e-01,9.241036946895764270e-01,1.000000000000001110e+00
1.000000000000001110e+00,9.124317790783730286e-01,9.124317790783730286e-01,1.000000000000001110e+00
1.000000000000001110e+00,3.843542982128657637e-01,3.843542982128657637e-01,1.000000000000001110e+00
1.000000000000001332e+00,2.422412669878248881e-04,2.422412669878248881e-04,1.000000000000001332e+00
1.000000000000001332e+00,5.161462532144855953e-01,5.161462532144855953e-01,1.000000000000001332e+00
1.000000000000001332e+00,9.924913246731685845e-01,9.924913246731685845e-01,1.000000000000001332e+00
1.000000000000001554e+00,3.420435379046886659e-01,3.420435379046886659e-01,1.000000000000001554e+00
1.000000000000001332e+00,2.850051717784160554e-02,2.850051717784160554e-02,1.000000000000001332e+00
1.000000000000001110e+00,5.773593968265350318e-01,5.773593968265350318e-01,1.000000000000001110e+00
1.000000000000001332e+00,9.899101614833840657e-01,9.899101614833840657e-01,1.000000000000001332e+00
1.000000000000001332e+00,7.885049446145157015e-01,7.885049446145157015e-01,1.000000000000001332e+00
1.000000000000000888e+00,2.059630224518605723e-01,2.059630224518605723e-01,1.000000000000000888e+00
1.000000000000001332e+00,5.860763308884955891e-02,5.860763308884955891e-02,1.000000000000001332e+00
1.000000000000001554e+00,7.586989209801584533e-01,7.586989209801584533e-01,1.000000000000001554e+00
1.000000000000001332e+00,8.815162174501482983e-01,8.815162174501482983e-01,1.000000000000001332e+00
1.000000000000001332e+00,1.331459353802118550e-01,1.331459353802118550e-01,1.000000000000001332e+00
1.000000000000001332e+00,1.457505306667149225e-01,1.457505306667149225e-01,1.000000000000001332e+00
1.000000000000001332e+00,7.567040837315153201e-01,7.567040837315153201e-01,1.000000000000001332e+00
1.000000000000001332e+00,9.943694027469436314e-01,9.943694027469436314e-01,1.000000000000001332e+00
1.000000000000001554e+00,6.245750258301336899e-01,6.245750258301336899e-01,1.000000000000001554e+00
1.000000000000001332e+00,6.829028594278238606e-02,6.829028594278238606e-02,1.000000000000001332e+00
1.000000000000001332e+00,2.155729358713233124e-01,2.155729358713233124e-01,1.000000000000001332e+00
1.000000000000001554e+00,9.374820547307201046e-01,9.374820547307201046e-01,1.000000000000001554e+00
1.000000000000001554e+00,6.678630804508094432e-01,6.678630804508094432e-01,1.000000000000001554e+00
1.000000000000001776e+00,1.683498790420440150e-02,1.683498790420440150e-02,1.000000000000001776e+00
1.000000000000001998e+00,3.225238562329366676e-01,3.225238562329366676e-01,1.000000000000001998e+00
1.000000000000001998e+00,8.944505625035562568e-01,8.944505625035562568e-01,1.000000000000001998e+00
1.000000000000001776e+00,9.386937945971133290e-01,9.386937945971133290e-01,1.000000000000001776e+00
1.000000000000001776e+00,4.384028711653297217e-01,4.384028711653297217e-01,1.000000000000001776e+00
1.000000000000001776e+00,2.307754249585514117e-03,2.307754249585514117e-03,1.000000000000001776e+00
1.000000000000001332e+00,4.443633644308845887e-01,4.443633644308845887e-01,1.000000000000001332e+00
1.000000000000001554e+00,9.998764825895405384e-01,9.998764825895405384e-01,1.000000000000001554e+00
1.000000000000001776e+00,4.127286116708188679e-01,4.127286116708188679e-01,1.000000000000001776e+00
1.000000000000001776e+00,1.085557681149285081e-02,1.085557681149285081e-02,1.000000000000001776e+00
1.000000000000001998e+00,5.213563865863630742e-01,5.213563865863630742e-01,1.000000000000001998e+00
1.000000000000002220e+00,9.772999343888342239e-01,9.772999343888342239e-01,1.000000000000002220e+00
1.000000000000001998e+00,8.286169017296868278e-01,8.286169017296868278e-01,1.000000000000001998e+00
1.000000000000001998e+00,2.541782491155212265e-01,2.541782491155212265e-01,1.000000000000001998e+00
1.000000000000001776e+00,3.139267660120617642e-02,3.139267660120617642e-02,1.000000000000001776e+00
1.000000000000001998e+00,6.930847019383671315e-01,6.930847019383671315e-01,1.000000000000001998e+00
1.000000000000002220e+00,9.257994343916894353e-01,9.257994343916894353e-01,1.000000000000002220e+00
1.000000000000002220e+00,1.849415327466813475e-01,1.849415327466813475e-01,1.000000000000002220e+00
1.000000000000002220e+00,1.045563139367040317e-01,1.045563139367040317e-01,1.000000000000002220e+00
1.000000000000002220e+00,7.089108722957395692e-01,7.089108722957395692e-01,1.000000000000002220e+00
1.000000000000002220e+00,9.993721579020560242e-01,9.993721579020560242e-01,1.000000000000002220e+00
1.000000000000002220e+00,6.745774041596381831e-01,6.745774041596381831e-01,1.000000000000002220e+00
1.000000000000002220e+00,1.016005203745841412e-01,1.016005203745841412e-01,1.000000000000002220e+00
1.000000000000002442e+00,1.617053275255045386e-01,1.617053275255045386e-01,1.000000000000002442e+00
1.000000000000002665e+00,8.964469388222389146e-01,8.964469388222389146e-01,1.000000000000002665e+00
1.000000000000002442e+00,7.361646327991593353e-01,7.361646327991593353e-01,1.000000000000002442e+00
1.000000000000002442e+00,3.900068560804101359e-02,3.900068560804101359e-02,1.000000000000002442e+00
1.000000000000002442e+00,2.681484381366090464e-01,2.681484381366090464e-01,1.000000000000002442e+00
1.000000000000002442e+00,8.602696098506898981e-01,8.602696098506898981e-01,1.000000000000002442e+00
1.000000000000002442e+00,9.604860971959631177e-01,9.604860971959631177e-01,1.000000000000002442e+00
1.000000000000002220e+00,4.925737170174793733e-01,4.925737170174793733e-01,1.000000000000002220e+00
1.000000000000002220e+00,1.224264943096073366e-02,1.224264943096073366e-02,1.000000000000002220e+00
1.000000000000002442e+00,3.742987883025488127e-01,3.742987883025488127e-01,1.000000000000002442e+00
1.000000000000002442e+00,9.958511267485772311e-01,9.958511267485772311e-01,1.000000000000002442e+00
