1.000000000000000000e+00,1.000000000000000000e+00,1.000000000000000000e+00,1.000000000000000000e+00
1.000000000000000000e+00,5.601611976239109225e-01,5.601611976239109225e-01,1.000000000000000000e+00
1.000000000000000000e+00,1.647245038235561898e-02,1.647245038235561898e-02,1.000000000000000000e+00
1.000000000000000000e+00,3.510961398268886979e-01,3.510961398268886979e-01,1.000000000000000000e+00
1.000000000000000000e+00,9.395643710215303424e-01,9.395643710215303424e-01,1.000000000000000000e+00
1.000000000000000000e+00,7.323885835911871922e-01,7.323885835911871922e-01,1.000000000000000000e+00
9.999999999999998890e-01,9.577778463300856693e-02,9.577778463300856693e-02,9.999999999999998890e-01
1.000000000000000222e+00,1.811379390929199751e-01,1.811379390929199751e-01,1.000000000000000222e+00
1.000000000000000444e+00,7.948367093924758597e-01,7.948367093924758597e-01,1.000000000000000444e+00
1.000000000000000666e+00,9.067910731846475780e-01,9.067910731846475780e-01,1.000000000000000666e+00
1.000000000000000444e+00,2.141056007042396736e-01,2.141056007042396736e-01,1.000000000000000444e+00
1.000000000000000444e+00,2.913641879077091823e-02,2.913641879077091823e-02,1.000000000000000444e+00
1.000000000000000444e+00,6.672572288121106920e-01,6.672572288121106920e-01,1.000000000000000444e+00
1.000000000000000444e+00,9.690819002936926774e-01,9.690819002936926774e-01,1.000000000000000444e+00
1.000000000000000444e+00,4.215467941109523609e-01,4.215467941109523609e-01,1.000000000000000444e+00
1.000000000000000444e+00,6.124577753266274849e-03,6.124577753266274849e-03,1.000000000000000444e+00
1.000000000000000444e+00,4.984168830908775605e-01,4.984168830908775605e-01,1.000000000000000444e+00
1.000000000000000444e+00,9.971337557599945223e-01,9.971337557599945223e-01,1.000000000000000444e+00
1.000000000000000444e+00,5.953347225988925295e-01,5.953347225988925295e-01,1.000000000000000444e+00
1.000000000000000888e+00,2.094272396212201737e-02,2.094272396212201737e-02,1.000000000000000888e+00
1.000000000000000888e+00,3.184873717727740861e-01,3.184873717727740861e-01,1.000000000000000888e+00
1.000000000000001110e+00,9.469596140525211592e-01,9.469596140525211592e-01,1.000000000000001110e+00
1.000000000000000666e+00,7.663277950663414106e-01,7.663277950663414106e-01,1.000000000000000666e+00
1.000000000000000444e+00,1.237829902718430297e-01,1.237829902718430297e-01,1.000000000000000444e+00
1.000000000000000444e+00,1.121602960238372027e-01,1.121602960238372027e-01,1.000000000000000444e+00
1.000000000000000444e+00,7.545251445618422759e-01,7.545251445618422759e-01,1.000000000000000444e+00
1.000000000000000666e+00,9.346340901460197248e-01,9.346340901460197248e-01,1.000000000000000666e+00
1.000000000000000888e+00,3.529356198214582130e-01,3.529356198214582130e-01,1.000000000000000888e+00
1.000000000000000888e+00,8.328114717199658346e-03,8.328114717199658346e-03,1.000000000000000888e+00
1.000000000000000888e+00,5.627131709750249344e-01,5.627131709750249344e-01,1.000000000000000888e+00
1.000000000000000888e+00,9.991311546225012385e-01,9.991311546225012385e-01,1.000000000000000888e+00
1.000000000000000888e+00,6.136979370070475559e-01,6.136979370070475559e-01,1.000000000000000888e+00
1.000000000000000444e+00,2.128186073099874731e-02,2.128186073099874731e-02,1.000000000000000444e+00
1.000000000000000444e+00,2.570905005796956244e-01,2.570905005796956244e-01,1.000000000000000444e+00
1.000000000000000444e+00,8.872804609824078703e-01,8.872804609824078703e-01,1.000000000000000444e+00
1.000000000000000222e+00,8.870758003076403275e-01,8.870758003076403275e-01,1.000000000000000222e+00
1.000000000000000444e+00,2.442362247023612820e-01,2.442362247023612820e-01,1.000000000000000444e+00
1.000000000000000444e+00,2.961284790595103411e-02,2.961284790595103411e-02,1.000000000000000444e+00
1.000000000000000666e+00,6.298199765371832459e-01,6.298199765371832459e-01,1.000000000000000666e+00
1.000000000000000888e+00,9.828751394659360763e-01,9.828751394659360763e-01,1.000000000000000888e+00
1.000000000000000666e+00,4.227079912112757798e-01,4.227079912112757798e-01,1.000000000000000666e+00
1.000000000000000888e+00,5.255763112083089439e-05,5.255763112083089439e-05,1.000000000000000888e+00
1.000000000000000666e+00,4.500523860456430159e-01,4.500523860456430159e-01,1.000000000000000666e+00
1.000000000000000888e+00,9.941677829478612338e-01,9.941677829478612338e-01,1.000000000000000888e+00
1.000000000000001110e+00,6.318417532279277937e-01,6.318417532279277937e-01,1.000000000000001110e+00
1.000000000000000888e+00,3.781875307644624873e-02,3.781875307644624873e-02,1.000000000000000888e+00
1.000000000000001332e+00,2.025735658122206906e-01,2.025735658122206906e-01,1.000000000000001332e+00
1.000000000000001110e+00,8.715894295389274848e-01,8.715894295389274848e-01,1.000000000000001110e+00
1.000000000000001332e+00,8.908091206170314358e-01,8.908091206170314358e-01,1.000000000000001332e+00
1.000000000000001110e+00,1.843237617660992422e-01,1.843237617660992422e-01,1.000000000000001110e+00
1.000000000000001332e+00,6.518877222686803030e-02,6.518877222686803030e-02,1.000000000000001332e+00
1.000000000000001110e+00,7.489038072319645911e-01,7.489038072319645911e-01,1.000000000000001110e+00
1.000000000000001110e+00,9.358758085535161531e-01,9.358758085535161531e-01,1.000000000000001110e+00
1.000000000000001332e+00,3.706014473708711954e-01,3.706014473708711954e-01,1.000000000000001332e+00
1.000000000000001554e+00,6.189218159175779999e-04,6.189218159175779999e-04,1.000000000000001554e+00
1.000000000000001332e+00,4.369598460351348246e-01,4.369598460351348246e-01,1.000000000000001332e+00
1.000000000000001332e+00,9.939053249592150197e-01,9.939053249592150197e-01,1.000000000000001332e+00
1.000000000000001332e+00,6.466852521124460962e-01,6.466852521124460962e-01,1.000000000000001332e+00
1.000000000000001332e+00,3.729141924252848961e-02,3.729141924252848961e-02,1.000000000000001332e+00
1.000000000000001110e+00,3.099849476568509177e-01,3.099849476568509177e-01,1.000000000000001110e+00
1.000000000000001110e+00,9.516580329728225873e-01,9.516580329728225873e-01,1.000000000000001110e+00
1.000000000000001332e+00,7.082063823494587629e-01,7.082063823494587629e-01,1.000000000000001332e+00
1.000000000000000888e+00,5.689331041426146096e-02,5.689331041426146096e-02,1.000000000000000888e+00
1.000000000000001332e+00,1.814259900301734563e-01,1.814259900301734563e-01,1.000000000000001332e+00
1.000000000000001110e+00,8.198358874905097293e-01,8.198358874905097293e-01,1.000000000000001110e+00
1.000000000000001110e+00,9.505160947556416939e-01,9.505160947556416939e-01,1.000000000000001110e+00
1.000000000000001110e+00,3.424410201935926823e-01,3.424410201935926823e-01,1.000000000000001110e+00
1.000000000000000888e+00,1.496224176730567845e-02,1.496224176730567845e-02,1.000000000000000888e+00
1.000000000000000666e+00,5.903399401504284549e-01,5.903399401504284549e-01,1.000000000000000666e+00
1.000000000000000666e+00,9.999999999184925326e-01,9.999999999184925326e-01,1.000000000000000666e+00
1.000000000000000888e+00,5.829884793219490824e-01,5.829884793219490824e-01,1.000000000000000888e+00
1.000000000000000888e+00,1.722015257298792346e-02,1.722015257298792346e-02,1.000000000000000888e+00
1.000000000000000666e+00,3.419404292301000958e-01,3.419404292301000958e-01,1.000000000000000666e+00
1.000000000000000444e+00,9.635560670308104259e-01,9.635560670308104259e-01,1.000000000000000444e+00
1.000000000000000444e+00,7.780697973929401323e-01,7.780697973929401323e-01,1.000000000000000444e+00
1.000000000000000444e+00,1.734913299756574989e-01,1.734913299756574989e-01,1.000000000000000444e+00
1.000000000000000666e+00,5.409571268814805656e-02,5.409571268814805656e-02,1.000000000000000666e+00
1.000000000000000666e+00,6.354231223205182300e-01,6.354231223205182300e-01,1.000000000000000666e+00
1.000000000000000444e+00,9.927169130684743159e-01,9.927169130684743159e-01,1.000000000000000444e+00
1.000000000000000444e+00,5.126321902363528693e-01,5.126321902363528693e-01,1.000000000000000444e+00
1.000000000000000444e+00,1.518421613958637062e-02,1.518421613958637062e-02,1.000000000000000444e+00
1.000000000000000888e+00,3.572372648034360387e-01,3.572372648034360387e-01,1.000000000000000888e+00
1.000000000000000888e+00,9.358461412222363052e-01,9.358461412222363052e-01,1.000000000000000888e+00
1.000000000000000888e+00,8.161831488038050475e-01,8.161831488038050475e-01,1.000000000000000888e+00
1.000000000000000888e+00,1.584355041645298945e-01,1.584355041645298945e-01,1.000000000000000888e+00
1.000000000000000666e+00,1.376351421427740584e-01,1.376351421427740584e-01,1.000000000000000666e+00
1.000000000000000888e+00,8.019754618613598174e-01,8.019754618613598174e-01,1.000000000000000888e+00
1.000000000000000888e+00,9.581286158241422157e-01,9.581286158241422157e-01,1.000000000000000888e+00
1.000000000000000666e+00,3.491831062328299984e-01,3.491831062328299984e-01,1.000000000000000666e+00
1.000000000000000666e+00,3.443782865534900095e-03,3.443782865534900095e-03,1.000000000000000666e+00
1.000000000000000666e+00,5.395363119100722304e-01,5.395363119100722304e-01,1.000000000000000666e+00
1.000000000000001110e+00,9.999980691946761535e-01,9.999980691946761535e-01,1.000000000000001110e+00
1.000000000000001332e+00,5.703265675594466622e-01,5.703265675594466622e-01,1.000000000000001332e+00
1.000000000000000888e+00,3.868060143371715442e-02,3.868060143371715442e-02,1.000000000000000888e+00
1.000000000000001332e+00,2.403121233970890724e-01,2.403121233970890724e-01,1.000000000000001332e+00
1.000000000000001554e+00,9.027316333326833586e-01,9.027316333326833586e-01,1.000000000000001554e+00
1.000000000000001332e+00,8.334525145251556744e-01,8.334525145251556744e-01,1.000000000000001332e+00
1.000000000000000888e+00,1.321121396884316623e-01,1.321121396884316623e-01,1.000000000000000888e+00
1.000000000000000888e+00,1.541892041342391440e-01,1.541892041342391440e-01,1.000000000000000888e+00
1.000000000000000888e+00,8.030402016589196501e-01,8.030402016589196501e-01,1.000000000000000888e+00
1.000000000000000666e+00,9.006824888883019353e-01,9.006824888883019353e-01,1.000000000000000666e+00
