1.000000000000000000e+00,1.000000000000000000e+00,1.000000000000000000e+00,1.000000000000000000e+00
9.999999999999997780e-01,6.846836756146645886e-01,6.846836756146645886e-01,9.999999999999997780e-01
1.000000000000000000e+00,-1.007095227662815340e-01,-1.007095227662815340e-01,1.000000000000000000e+00
1.000000000000000222e+00,-8.758873911318916239e-01,-8.758873911318916239e-01,1.000000000000000222e+00
9.999999999999998890e-01,-7.988308847199051543e-01,-7.988308847199051543e-01,9.999999999999998890e-01
1.000000000000000000e+00,2.740582350195299166e-01,2.740582350195299166e-01,1.000000000000000000e+00
1.000000000000000444e+00,9.960314251685505882e-01,9.960314251685505882e-01,1.000000000000000444e+00
1.000000000000000666e+00,5.216904694486020899e-01,5.216904694486020899e-01,1.000000000000000666e+00
1.000000000000000888e+00,-4.050510022272953981e-01,-4.050510022272953981e-01,1.000000000000000888e+00
1.000000000000000888e+00,-9.517452045352249312e-01,-9.517452045352249312e-01,1.000000000000000888e+00
1.000000000000001110e+00,-8.632395199890749993e-01,-8.632395199890749993e-01,1.000000000000001110e+00
1.000000000000000888e+00,-1.591775803840578818e-01,-1.591775803840578818e-01,1.000000000000000888e+00
1.000000000000000444e+00,7.584997610665904499e-01,7.584997610665904499e-01,1.000000000000000444e+00
1.000000000000000222e+00,9.027941487423458700e-01,9.027941487423458700e-01,1.000000000000000222e+00
1.000000000000000000e+00,-9.231121813614612259e-02,-9.231121813614612259e-02,1.000000000000000000e+00
1.000000000000000000e+00,-9.508553310919136692e-01,-9.508553310919136692e-01,1.000000000000000000e+00
9.999999999999998890e-01,-7.024931842913441082e-01,-7.024931842913441082e-01,9.999999999999998890e-01
9.999999999999997780e-01,1.420960983761306584e-01,1.420960983761306584e-01,9.999999999999997780e-01
1.000000000000000222e+00,8.256488416464382585e-01,8.256488416464382585e-01,1.000000000000000222e+00
1.000000000000000666e+00,9.737778509931585003e-01,9.737778509931585003e-01,1.000000000000000666e+00
1.000000000000000444e+00,4.070704259047278617e-01,4.070704259047278617e-01,1.000000000000000444e+00
1.000000000000000444e+00,-5.986685401241232940e-01,-5.986685401241232940e-01,1.000000000000000444e+00
1.000000000000000888e+00,-9.544481772526203223e-01,-9.544481772526203223e-01,1.000000000000000888e+00
1.000000000000000444e+00,-7.668234241377386295e-02,-7.668234241377386295e-02,1.000000000000000444e+00
1.000000000000000444e+00,8.810949426267167262e-01,8.810949426267167262e-01,1.000000000000000444e+00
1.000000000000000666e+00,8.625436508277913861e-01,8.625436508277913861e-01,1.000000000000000666e+00
1.000000000000000666e+00,1.510745624444143620e-01,1.510745624444143620e-01,1.000000000000000666e+00
1.000000000000000888e+00,-6.165810737737406066e-01,-6.165810737737406066e-01,1.000000000000000888e+00
1.000000000000001554e+00,-9.938096146717915191e-01,-9.938096146717915191e-01,1.000000000000001554e+00
1.000000000000001554e+00,-6.047258820186689476e-01,-6.047258820186689476e-01,1.000000000000001554e+00
1.000000000000001554e+00,4.390664097616970851e-01,4.390664097616970851e-01,1.000000000000001554e+00
1.000000000000001332e+00,9.957679727361072874e-01,9.957679727361072874e-01,1.000000000000001332e+00
1.000000000000001332e+00,2.677941861899773013e-01,2.677941861899773013e-01,1.000000000000001332e+00
1.000000000000001332e+00,-7.488907606062459310e-01,-7.488907606062459310e-01,1.000000000000001332e+00
1.000000000000000888e+00,-9.593637973405177988e-01,-9.593637973405177988e-01,1.000000000000000888e+00
1.000000000000001332e+00,-4.293246766127333247e-01,-4.293246766127333247e-01,1.000000000000001332e+00
1.000000000000001554e+00,3.637375007556988837e-01,3.637375007556988837e-01,1.000000000000001554e+00
1.000000000000000888e+00,9.485882383149447650e-01,9.485882383149447650e-01,1.000000000000000888e+00
1.000000000000000888e+00,7.735317666225833833e-01,7.735317666225833833e-01,1.000000000000000888e+00
1.000000000000000666e+00,-2.541968461168439553e-01,-2.541968461168439553e-01,1.000000000000000666e+00
1.000000000000000666e+00,-9.865765164934721110e-01,-9.865765164934721110e-01,1.000000000000000666e+00
1.000000000000000888e+00,-4.387364143533972749e-01,-4.387364143533972749e-01,1.000000000000000888e+00
1.000000000000001110e+00,5.823715445828228088e-01,5.823715445828228088e-01,1.000000000000001110e+00
1.000000000000001332e+00,9.999223494827468306e-01,9.999223494827468306e-01,1.000000000000001332e+00
1.000000000000001110e+00,6.808519535587687077e-01,6.808519535587687077e-01,1.000000000000001110e+00
1.000000000000000888e+00,-7.530038655766363442e-02,-7.530038655766363442e-02,1.000000000000000888e+00
1.000000000000000666e+00,-8.304113108178505787e-01,-8.304113108178505787e-01,1.000000000000000666e+00
1.000000000000000888e+00,-8.819836902900262121e-01,-8.819836902900262121e-01,1.000000000000000888e+00
1.000000000000000666e+00,8.717657651503873950e-02,8.717657651503873950e-02,1.000000000000000666e+00
1.000000000000000888e+00,9.652745485337109743e-01,9.652745485337109743e-01,1.000000000000000888e+00
1.000000000000000444e+00,6.199716834002082511e-01,6.199716834002082511e-01,1.000000000000000444e+00
1.000000000000000666e+00,-3.582292626558525872e-01,-3.582292626558525872e-01,1.000000000000000666e+00
1.000000000000000888e+00,-9.509439952017901820e-01,-9.509439952017901820e-01,1.000000000000000888e+00
1.000000000000001110e+00,-8.630714530607264123e-01,-8.630714530607264123e-01,1.000000000000001110e+00
1.000000000000001110e+00,-2.023414464175718464e-01,-2.023414464175718464e-01,1.000000000000001110e+00
1.000000000000000888e+00,6.804461589663142185e-01,6.804461589663142185e-01,1.000000000000000888e+00
1.000000000000000666e+00,9.629537450231978601e-01,9.629537450231978601e-01,1.000000000000000666e+00
1.000000000000000888e+00,9.859169098671963227e-02,9.859169098671963227e-02,1.000000000000000888e+00
1.000000000000000888e+00,-8.921734367459336346e-01,-8.921734367459336346e-01,1.000000000000000888e+00
1.000000000000001332e+00,-7.673313048040647510e-01,-7.673313048040647510e-01,1.000000000000001332e+00
1.000000000000001332e+00,1.108399043780572690e-01,1.108399043780572690e-01,1.000000000000001332e+00
1.000000000000001332e+00,8.281168210018066134e-01,8.281168210018066134e-01,1.000000000000001332e+00
1.000000000000001110e+00,9.756666307868997468e-01,9.756666307868997468e-01,1.000000000000001110e+00
1.000000000000001332e+00,4.637252667634951808e-01,4.637252667634951808e-01,1.000000000000001332e+00
1.000000000000001332e+00,-4.883861249561617379e-01,-4.883861249561617379e-01,1.000000000000001332e+00
1.000000000000000888e+00,-9.869176445106268014e-01,-9.869176445106268014e-01,1.000000000000000888e+00
1.000000000000001110e+00,-2.601888259114771285e-01,-2.601888259114771285e-01,1.000000000000001110e+00
1.000000000000000666e+00,8.033219362835277710e-01,8.033219362835277710e-01,1.000000000000000666e+00
1.000000000000000888e+00,8.987413471477414539e-01,8.987413471477414539e-01,1.000000000000000888e+00
1.000000000000000888e+00,1.675500904735706120e-01,1.675500904735706120e-01,1.000000000000000888e+00
1.000000000000000888e+00,-6.214314911979511580e-01,-6.214314911979511580e-01,1.000000000000000888e+00
1.000000000000000666e+00,-9.926438211419944535e-01,-9.926438211419944535e-01,1.000000000000000666e+00
1.000000000000000444e+00,-6.706120096934291563e-01,-6.706120096934291563e-01,1.000000000000000444e+00
1.000000000000000222e+00,2.982662101478814609e-01,2.982662101478814609e-01,1.000000000000000222e+00
1.000000000000000444e+00,9.947832460415840794e-01,9.947832460415840794e-01,1.000000000000000444e+00
1.000000000000000222e+00,4.348508736671543584e-01,4.348508736671543584e-01,1.000000000000000222e+00
1.000000000000000222e+00,-6.594480320398754536e-01,-6.594480320398754536e-01,1.000000000000000222e+00
1.000000000000000000e+00,-9.721491588248649673e-01,-9.721491588248649673e-01,1.000000000000000000e+00
9.999999999999998890e-01,-4.327500401417271325e-01,-4.327500401417271325e-01,9.999999999999998890e-01
1.000000000000000222e+00,3.657737771578984942e-01,3.657737771578984942e-01,1.000000000000000222e+00
1.000000000000000222e+00,9.358712859009686857e-01,9.358712859009686857e-01,1.000000000000000222e+00
1.000000000000000000e+00,8.365404792052144600e-01,8.365404792052144600e-01,1.000000000000000000e+00
1.000000000000000222e+00,-9.075264819012474060e-02,-9.075264819012474060e-02,1.000000000000000222e+00
9.999999999999998890e-01,-9.512142620953527583e-01,-9.512142620953527583e-01,9.999999999999998890e-01
1.000000000000000000e+00,-5.806410903967803572e-01,-5.806410903967803572e-01,1.000000000000000000e+00
1.000000000000000000e+00,4.949448737079722993e-01,4.949448737079722993e-01,1.000000000000000000e+00
9.999999999999995559e-01,9.987741341631605207e-01,9.987741341631605207e-01,9.999999999999995559e-01
9.999999999999998890e-01,6.784804269533120102e-01,6.784804269533120102e-01,9.999999999999998890e-01
1.000000000000000222e+00,-6.978146437846777239e-02,-6.978146437846777239e-02,1.000000000000000222e+00
1.000000000000000000e+00,-7.989181653920822690e-01,-7.989181653920822690e-01,1.000000000000000000e+00
9.999999999999998890e-01,-9.330235236546637889e-01,-9.330235236546637889e-01,9.999999999999998890e-01
1.000000000000000222e+00,-9.303367926227729123e-02,-9.303367926227729123e-02,1.000000000000000222e+00
9.999999999999998890e-01,8.991944472165922519e-01,8.991944472165922519e-01,9.999999999999998890e-01
1.000000000000000222e+00,7.308646649228540682e-01,7.308646649228540682e-01,1.000000000000000222e+00
1.000000000000000444e+00,-2.798494426900231535e-01,-2.798494426900231535e-01,1.000000000000000444e+00
1.000000000000000222e+00,-9.436497272320094609e-01,-9.436497272320094609e-01,1.000000000000000222e+00
1.000000000000000444e+00,-8.606286482065359511e-01,-8.606286482065359511e-01,1.000000000000000444e+00
1.000000000000000666e+00,-2.192455931625936216e-01,-2.192455931625936216e-01,1.000000000000000666e+00
1.000000000000000444e+00,6.204692923135646243e-01,6.204692923135646243e-01,1.000000000000000444e+00
1.000000000000000666e+00,9.919762104961958871e-01,9.919762104961958871e-01,1.000000000000000666e+00
1.000000000000000666e+00,2.829902610794537421e-01,2.829902610794537421e-01,1.000000000000000666e+00
