1.000000000000000000e+00,1.000000000000000000e+00,1.000000000000000000e+00,1.000000000000000000e+00
1.000000000000000000e+00,6.286357381885387952e-01,6.286357381885387952e-01,1.000000000000000000e+00
9.999999999999997780e-01,2.656184803360564506e-02,2.656184803360564506e-02,9.999999999999997780e-01
9.999999999999998890e-01,2.406378337571199733e-01,2.406378337571199733e-01,9.999999999999998890e-01
1.000000000000000000e+00,8.847793012232675336e-01,8.847793012232675336e-01,1.000000000000000000e+00
1.000000000000000222e+00,8.904024595300447098e-01,8.904024595300447098e-01,1.000000000000000222e+00
1.000000000000000222e+00,2.338731650517144045e-01,2.338731650517144045e-01,1.000000000000000222e+00
1.000000000000000000e+00,3.697370281041167939e-02,3.697370281041167939e-02,1.000000000000000000e+00
1.000000000000000222e+00,6.269507471217236061e-01,6.269507471217236061e-01,1.000000000000000222e+00
1.000000000000000222e+00,9.955982111029311188e-01,9.955982111029311188e-01,1.000000000000000222e+00
1.000000000000000222e+00,4.304022343613605472e-01,4.304022343613605472e-01,1.000000000000000222e+00
1.000000000000000222e+00,1.389338942873935556e-03,1.389338942873935556e-03,1.000000000000000222e+00
1.000000000000000222e+00,4.232864997144359931e-01,4.232864997144359931e-01,1.000000000000000222e+00
1.000000000000000000e+00,9.673577820284986473e-01,9.673577820284986473e-01,1.000000000000000000e+00
1.000000000000000000e+00,7.901489307289042419e-01,7.901489307289042419e-01,1.000000000000000000e+00
1.000000000000000000e+00,1.740927737276853349e-01,1.740927737276853349e-01,1.000000000000000000e+00
1.000000000000000000e+00,5.104596660224144933e-02,5.104596660224144933e-02,1.000000000000000000e+00
1.000000000000000444e+00,5.963177189959439906e-01,5.963177189959439906e-01,1.000000000000000444e+00
1.000000000000000222e+00,9.993693623100367018e-01,9.993693623100367018e-01,1.000000000000000222e+00
1.000000000000000444e+00,5.780361617598699375e-01,5.780361617598699375e-01,1.000000000000000444e+00
1.000000000000000444e+00,2.223732369499903383e-02,2.223732369499903383e-02,1.000000000000000444e+00
1.000000000000000444e+00,3.597015527118507805e-01,3.597015527118507805e-01,1.000000000000000444e+00
1.000000000000000222e+00,9.274299884705980990e-01,9.274299884705980990e-01,1.000000000000000222e+00
1.000000000000000666e+00,7.818919967695288076e-01,7.818919967695288076e-01,1.000000000000000666e+00
1.000000000000000444e+00,1.222195665965927630e-01,1.222195665965927630e-01,1.000000000000000444e+00
1.000000000000000444e+00,8.903337662255124407e-02,8.903337662255124407e-02,1.000000000000000444e+00
1.000000000000000444e+00,7.139241283046677822e-01,7.139241283046677822e-01,1.000000000000000444e+00
1.000000000000000444e+00,9.805522800097157265e-01,9.805522800097157265e-01,1.000000000000000444e+00
1.000000000000000222e+00,4.070728836612466095e-01,4.070728836612466095e-01,1.000000000000000222e+00
1.000000000000000222e+00,1.032565989198985790e-03,1.032565989198985790e-03,1.000000000000000222e+00
1.000000000000000444e+00,4.562793300706212696e-01,4.562793300706212696e-01,1.000000000000000444e+00
1.000000000000000444e+00,9.744662881053920422e-01,9.744662881053920422e-01,1.000000000000000444e+00
1.000000000000000666e+00,7.710381088172331143e-01,7.710381088172331143e-01,1.000000000000000666e+00
1.000000000000000666e+00,1.083254739110340731e-01,1.083254739110340731e-01,1.000000000000000666e+00
1.000000000000000666e+00,1.148463486213735368e-01,1.148463486213735368e-01,1.000000000000000666e+00
1.000000000000000666e+00,7.575698786534930118e-01,7.575698786534930118e-01,1.000000000000000666e+00
1.000000000000000666e+00,9.289050178026035942e-01,9.289050178026035942e-01,1.000000000000000666e+00
1.000000000000000666e+00,3.491620979422733195e-01,3.491620979422733195e-01,1.000000000000000666e+00
1.000000000000000444e+00,1.835853049814165083e-02,1.835853049814165083e-02,1.000000000000000444e+00
1.000000000000000222e+00,6.137489607597623742e-01,6.137489607597623742e-01,1.000000000000000222e+00
1.000000000000000666e+00,9.958526759891175306e-01,9.958526759891175306e-01,1.000000000000000666e+00
1.000000000000000666e+00,4.530644553164563382e-01,4.530644553164563382e-01,1.000000000000000666e+00
1.000000000000000444e+00,9.583391925065964934e-04,9.583391925065964934e-04,1.000000000000000444e+00
1.000000000000000666e+00,4.620532428878713072e-01,4.620532428878713072e-01,1.000000000000000666e+00
1.000000000000000888e+00,9.984941453624543994e-01,9.984941453624543994e-01,1.000000000000000888e+00
1.000000000000000888e+00,5.836231258389281695e-01,5.836231258389281695e-01,1.000000000000000888e+00
1.000000000000000888e+00,4.068944123206727492e-02,4.068944123206727492e-02,1.000000000000000888e+00
1.000000000000000888e+00,3.061654707719790869e-01,3.061654707719790869e-01,1.000000000000000888e+00
1.000000000000000444e+00,9.560353704965804944e-01,9.560353704965804944e-01,1.000000000000000444e+00
1.000000000000000666e+00,8.158528142404073424e-01,8.158528142404073424e-01,1.000000000000000666e+00
1.000000000000000444e+00,1.462312186883877041e-01,1.462312186883877041e-01,1.000000000000000444e+00
1.000000000000000444e+00,1.119914146614767181e-01,1.119914146614767181e-01,1.000000000000000444e+00
1.000000000000000222e+00,7.971222632348287096e-01,7.971222632348287096e-01,1.000000000000000222e+00
1.000000000000000888e+00,9.146027322240493085e-01,9.146027322240493085e-01,1.000000000000000888e+00
1.000000000000000888e+00,3.402179280840240683e-01,3.402179280840240683e-01,1.000000000000000888e+00
1.000000000000000888e+00,4.073619379370257976e-03,4.073619379370257976e-03,1.000000000000000888e+00
1.000000000000001110e+00,4.671572746163909495e-01,4.671572746163909495e-01,1.000000000000001110e+00
1.000000000000000888e+00,9.740706605926461314e-01,9.740706605926461314e-01,1.000000000000000888e+00
1.000000000000000888e+00,6.809071763530957222e-01,6.809071763530957222e-01,1.000000000000000888e+00
1.000000000000001110e+00,8.584693652982448853e-02,8.584693652982448853e-02,1.000000000000001110e+00
1.000000000000000888e+00,1.416599004949289642e-01,1.416599004949289642e-01,1.000000000000000888e+00
1.000000000000000888e+00,8.363228818319048408e-01,8.363228818319048408e-01,1.000000000000000888e+00
1.000000000000001110e+00,9.202787503499345600e-01,9.202787503499345600e-01,1.000000000000001110e+00
1.000000000000000888e+00,2.738402025327885125e-01,2.738402025327885125e-01,1.000000000000000888e+00
1.000000000000000888e+00,2.504050421033379714e-02,2.504050421033379714e-02,1.000000000000000888e+00
1.000000000000000888e+00,6.619469104493861389e-01,6.619469104493861389e-01,1.000000000000000888e+00
1.000000000000001110e+00,9.970985464921249264e-01,9.970985464921249264e-01,1.000000000000001110e+00
1.000000000000001332e+00,5.361489674262551741e-01,5.361489674262551741e-01,1.000000000000001332e+00
1.000000000000001332e+00,7.390071368603895463e-03,7.390071368603895463e-03,1.000000000000001332e+00
1.000000000000001332e+00,3.938773062754816756e-01,3.938773062754816756e-01,1.000000000000001332e+00
1.000000000000001332e+00,9.612253763219933411e-01,9.612253763219933411e-01,1.000000000000001332e+00
1.000000000000001332e+00,7.190454050821332155e-01,7.190454050821332155e-01,1.000000000000001332e+00
1.000000000000001332e+00,8.370773272056031278e-02,8.370773272056031278e-02,1.000000000000001332e+00
1.000000000000001110e+00,1.881099866022390987e-01,1.881099866022390987e-01,1.000000000000001110e+00
1.000000000000001332e+00,8.438033533967349564e-01,8.438033533967349564e-01,1.000000000000001332e+00
1.000000000000000888e+00,9.202143284724271233e-01,9.202143284724271233e-01,1.000000000000000888e+00
1.000000000000000888e+00,2.465371798792433955e-01,2.465371798792433955e-01,1.000000000000000888e+00
1.000000000000001332e+00,3.926707796057846145e-02,3.926707796057846145e-02,1.000000000000001332e+00
1.000000000000000888e+00,5.731237668044130151e-01,5.731237668044130151e-01,1.000000000000000888e+00
1.000000000000000666e+00,9.969055325557893976e-01,9.969055325557893976e-01,1.000000000000000666e+00
1.000000000000000888e+00,5.665964121173507895e-01,5.665964121173507895e-01,1.000000000000000888e+00
1.000000000000000666e+00,2.164790173298059006e-02,2.164790173298059006e-02,1.000000000000000666e+00
1.000000000000000888e+00,3.031156954812906923e-01,3.031156954812906923e-01,1.000000000000000888e+00
1.000000000000000888e+00,9.418391074561750509e-01,9.418391074561750509e-01,1.000000000000000888e+00
1.000000000000000666e+00,7.506903926417439754e-01,7.506903926417439754e-01,1.000000000000000666e+00
1.000000000000000888e+00,1.278754947383248242e-01,1.278754947383248242e-01,1.000000000000000888e+00
1.000000000000000888e+00,9.931832921948452464e-02,9.931832921948452464e-02,1.000000000000000888e+00
1.000000000000000444e+00,7.722472560069961744e-01,7.722472560069961744e-01,1.000000000000000444e+00
1.000000000000000666e+00,9.404681900679288109e-01,9.404681900679288109e-01,1.000000000000000666e+00
1.000000000000000888e+00,3.062236066940976498e-01,3.062236066940976498e-01,1.000000000000000888e+00
1.000000000000000888e+00,1.400172920863754222e-02,1.400172920863754222e-02,1.000000000000000888e+00
1.000000000000001110e+00,5.306786169762497396e-01,5.306786169762497396e-01,1.000000000000001110e+00
1.000000000000001332e+00,9.937721175343073865e-01,9.937721175343073865e-01,1.000000000000001332e+00
1.000000000000001332e+00,6.713770314957157037e-01,6.713770314957157037e-01,1.000000000000001332e+00
1.000000000000000888e+00,5.131091554704036994e-02,5.131091554704036994e-02,1.000000000000000888e+00
1.000000000000000888e+00,2.394667551610205058e-01,2.394667551610205058e-01,1.000000000000000888e+00
1.000000000000001110e+00,8.837885646838382625e-01,8.837885646838382625e-01,1.000000000000001110e+00
1.000000000000001332e+00,8.828971186668460591e-01,8.828971186668460591e-01,1.000000000000001332e+00
1.000000000000001332e+00,1.713172649665337666e-01,1.713172649665337666e-01,1.000000000000001332e+00
1.000000000000001332e+00,5.049744348788831605e-02,5.049744348788831605e-02,1.000000000000001332e+00
1.000000000000000888e+00,6.925173135655988688e-01,6.925173135655988688e-01,1.000000000000000888e+00
