1.000000000000000000e+00,1.000000000000000000e+00,1.000000000000000000e+00,1.000000000000000000e+00
1.000000000000000000e+00,6.627102764276879832e-01,6.627102764276879832e-01,1.000000000000000000e+00
9.999999999999997780e-01,5.587599242766599916e-02,5.587599242766599916e-02,9.999999999999997780e-01
1.000000000000000000e+00,2.927499764509883251e-01,2.927499764509883251e-01,1.000000000000000000e+00
1.000000000000000222e+00,9.819474707624109566e-01,9.819474707624109566e-01,1.000000000000000222e+00
1.000000000000000222e+00,5.724446585758651285e-01,5.724446585758651285e-01,1.000000000000000222e+00
1.000000000000000444e+00,8.063490424075975271e-03,8.063490424075975271e-03,1.000000000000000444e+00
1.000000000000000444e+00,2.968351243943947448e-01,2.968351243943947448e-01,1.000000000000000444e+00
1.000000000000000444e+00,8.466450199666928356e-01,8.466450199666928356e-01,1.000000000000000444e+00
1.000000000000000666e+00,9.675465198899779740e-01,9.675465198899779740e-01,1.000000000000000666e+00
1.000000000000000666e+00,4.600201892718576713e-01,4.600201892718576713e-01,1.000000000000000666e+00
1.000000000000000444e+00,1.435935434751511863e-06,1.435935434751511863e-06,1.000000000000000444e+00
1.000000000000000444e+00,5.466064279919464752e-01,5.466064279919464752e-01,1.000000000000000444e+00
1.000000000000000666e+00,9.836260786008106383e-01,9.836260786008106383e-01,1.000000000000000666e+00
1.000000000000000666e+00,3.318303949104799422e-01,3.318303949104799422e-01,1.000000000000000666e+00
1.000000000000000444e+00,1.512219729084063324e-02,1.512219729084063324e-02,1.000000000000000444e+00
1.000000000000000444e+00,4.763359448111802452e-01,4.763359448111802452e-01,1.000000000000000444e+00
1.000000000000000444e+00,9.492120409456021868e-01,9.492120409456021868e-01,1.000000000000000444e+00
1.000000000000000000e+00,8.704915551609583302e-01,8.704915551609583302e-01,1.000000000000000000e+00
1.000000000000000000e+00,2.555617775074238707e-01,2.555617775074238707e-01,1.000000000000000000e+00
9.999999999999997780e-01,5.875333672367472060e-02,5.875333672367472060e-02,9.999999999999997780e-01
1.000000000000000000e+00,7.907610825543827104e-01,7.907610825543827104e-01,1.000000000000000000e+00
9.999999999999997780e-01,8.570791465005801468e-01,8.570791465005801468e-01,9.999999999999997780e-01
1.000000000000000222e+00,1.365381085482259560e-01,1.365381085482259560e-01,1.000000000000000222e+00
1.000000000000000000e+00,1.031545375883316101e-01,1.031545375883316101e-01,1.000000000000000000e+00
1.000000000000000000e+00,6.538696464582250956e-01,6.538696464582250956e-01,1.000000000000000000e+00
1.000000000000000222e+00,9.974080160352449820e-01,9.974080160352449820e-01,1.000000000000000222e+00
1.000000000000000222e+00,7.155269075021453151e-01,7.155269075021453151e-01,1.000000000000000222e+00
1.000000000000000444e+00,9.004636474952551484e-02,9.004636474952551484e-02,1.000000000000000444e+00
1.000000000000000444e+00,2.283239804312884313e-01,2.283239804312884313e-01,1.000000000000000444e+00
1.000000000000000222e+00,9.564117806784999676e-01,9.564117806784999676e-01,1.000000000000000222e+00
1.000000000000000000e+00,6.419604481794422002e-01,6.419604481794422002e-01,1.000000000000000000e+00
1.000000000000000000e+00,2.311790489909232305e-02,2.311790489909232305e-02,1.000000000000000000e+00
1.000000000000000222e+00,2.485525297500436881e-01,2.485525297500436881e-01,1.000000000000000222e+00
1.000000000000000444e+00,8.088792397970583359e-01,8.088792397970583359e-01,1.000000000000000444e+00
1.000000000000000666e+00,9.834859504003519159e-01,9.834859504003519159e-01,1.000000000000000666e+00
1.000000000000000444e+00,5.197193311761770795e-01,5.197193311761770795e-01,1.000000000000000444e+00
1.000000000000000444e+00,4.886416013652722379e-03,4.886416013652722379e-03,1.000000000000000444e+00
1.000000000000000444e+00,4.718762937392795287e-01,4.718762937392795287e-01,1.000000000000000444e+00
1.000000000000000666e+00,9.971472702014464451e-01,9.971472702014464451e-01,1.000000000000000666e+00
1.000000000000000666e+00,3.981248470020573027e-01,3.981248470020573027e-01,1.000000000000000666e+00
1.000000000000000888e+00,4.009534847473600339e-03,4.009534847473600339e-03,1.000000000000000888e+00
1.000000000000000666e+00,4.242429486777340442e-01,4.242429486777340442e-01,1.000000000000000666e+00
1.000000000000000444e+00,9.250174162596072058e-01,9.250174162596072058e-01,1.000000000000000444e+00
1.000000000000000444e+00,9.045971143972976192e-01,9.045971143972976192e-01,1.000000000000000444e+00
1.000000000000000444e+00,3.118867835952960910e-01,3.118867835952960910e-01,1.000000000000000444e+00
1.000000000000000222e+00,2.987824495791771562e-02,2.987824495791771562e-02,1.000000000000000222e+00
1.000000000000000222e+00,7.262350157704932085e-01,7.262350157704932085e-01,1.000000000000000222e+00
1.000000000000000222e+00,9.045588186277113696e-01,9.045588186277113696e-01,1.000000000000000222e+00
1.000000000000000000e+00,1.851301222680597769e-01,1.851301222680597769e-01,1.000000000000000000e+00
9.999999999999998890e-01,7.099616459814428460e-02,7.099616459814428460e-02,9.999999999999998890e-01
1.000000000000000000e+00,6.046269620241230269e-01,6.046269620241230269e-01,1.000000000000000000e+00
1.000000000000000000e+00,9.897154913835425338e-01,9.897154913835425338e-01,1.000000000000000000e+00
9.999999999999998890e-01,7.649334328288228679e-01,7.649334328288228679e-01,9.999999999999998890e-01
1.000000000000000444e+00,1.308479393626264531e-01,1.308479393626264531e-01,1.000000000000000444e+00
1.000000000000000000e+00,1.701124693235151752e-01,1.701124693235151752e-01,1.000000000000000000e+00
1.000000000000000222e+00,9.204284150041071033e-01,9.204284150041071033e-01,1.000000000000000222e+00
1.000000000000000222e+00,7.091379294159864122e-01,7.091379294159864122e-01,1.000000000000000222e+00
1.000000000000000000e+00,4.600357811609315228e-02,4.600357811609315228e-02,1.000000000000000000e+00
1.000000000000000000e+00,2.027313311821875574e-01,2.027313311821875574e-01,1.000000000000000000e+00
9.999999999999997780e-01,7.679169823122337091e-01,7.679169823122337091e-01,9.999999999999997780e-01
1.000000000000000000e+00,9.940784895951728650e-01,9.940784895951728650e-01,1.000000000000000000e+00
1.000000000000000222e+00,5.783702856611242504e-01,5.783702856611242504e-01,1.000000000000000222e+00
1.000000000000000222e+00,1.892196443657312432e-02,1.892196443657312432e-02,1.000000000000000222e+00
1.000000000000000222e+00,3.980819199292036092e-01,3.980819199292036092e-01,1.000000000000000222e+00
1.000000000000000444e+00,9.995293723017373289e-01,9.995293723017373289e-01,1.000000000000000444e+00
1.000000000000000444e+00,4.670482564926472513e-01,4.670482564926472513e-01,1.000000000000000444e+00
1.000000000000000444e+00,7.028031202616080719e-06,7.028031202616080719e-06,1.000000000000000444e+00
1.000000000000000666e+00,3.725077325812841122e-01,3.725077325812841122e-01,1.000000000000000666e+00
1.000000000000000666e+00,8.966014332494974814e-01,8.966014332494974814e-01,1.000000000000000666e+00
1.000000000000000666e+00,9.336804531984058686e-01,9.336804531984058686e-01,1.000000000000000666e+00
1.000000000000000888e+00,3.703728552050532530e-01,3.703728552050532530e-01,1.000000000000000888e+00
1.000000000000000888e+00,1.062380519498434817e-02,1.062380519498434817e-02,1.000000000000000888e+00
1.000000000000000444e+00,6.566928927421142870e-01,6.566928927421142870e-01,1.000000000000000444e+00
1.000000000000000444e+00,9.434776687563481978e-01,9.434776687563481978e-01,1.000000000000000444e+00
1.000000000000000444e+00,2.399082445531546814e-01,2.399082445531546814e-01,1.000000000000000444e+00
1.000000000000000888e+00,4.415495536682972899e-02,4.415495536682972899e-02,1.000000000000000888e+00
1.000000000000000888e+00,5.539614684526729116e-01,5.539614684526729116e-01,1.000000000000000888e+00
1.000000000000000888e+00,9.770706818373900981e-01,9.770706818373900981e-01,1.000000000000000888e+00
1.000000000000000888e+00,8.104369459210588600e-01,8.104369459210588600e-01,1.000000000000000888e+00
1.000000000000000888e+00,1.773380101569918543e-01,1.773380101569918543e-01,1.000000000000000888e+00
1.000000000000000888e+00,1.192590287402013616e-01,1.192590287402013616e-01,1.000000000000000888e+00
1.000000000000000444e+00,8.748199703987135090e-01,8.748199703987135090e-01,1.000000000000000444e+00
1.000000000000000666e+00,7.724737775665286854e-01,7.724737775665286854e-01,1.000000000000000666e+00
1.000000000000000444e+00,7.663504606088047955e-02,7.663504606088047955e-02,1.000000000000000444e+00
1.000000000000000888e+00,1.600110654343965266e-01,1.600110654343965266e-01,1.000000000000000888e+00
1.000000000000001110e+00,7.241055241238105733e-01,7.241055241238105733e-01,1.000000000000001110e+00
1.000000000000000888e+00,9.993454760219701027e-01,9.993454760219701027e-01,1.000000000000000888e+00
1.000000000000001110e+00,6.351994847044790671e-01,6.351994847044790671e-01,1.000000000000001110e+00
1.000000000000000666e+00,4.155203892654185660e-02,4.155203892654185660e-02,1.000000000000000666e+00
1.000000000000000888e+00,3.268836279025459923e-01,3.268836279025459923e-01,1.000000000000000888e+00
1.000000000000000888e+00,9.906136969313550367e-01,9.906136969313550367e-01,1.000000000000000888e+00
1.000000000000000888e+00,5.372788003953307134e-01,5.372788003953307134e-01,1.000000000000000888e+00
1.000000000000000888e+00,3.460577503582806802e-03,3.460577503582806802e-03,1.000000000000000888e+00
1.000000000000000666e+00,3.217028747072389061e-01,3.217028747072389061e-01,1.000000000000000666e+00
1.000000000000000888e+00,8.642275117840808596e-01,8.642275117840808596e-01,1.000000000000000888e+00
1.000000000000000888e+00,9.575775653871803073e-01,9.575775653871803073e-01,1.000000000000000888e+00
1.000000000000000888e+00,4.300391225773693704e-01,4.300391225773693704e-01,1.000000000000000888e+00
1.000000000000001110e+00,1.118346111367074514e-03,1.118346111367074514e-03,1.000000000000001110e+00
1.000000000000001332e+00,5.837863728929080231e-01,5.837863728929080231e-01,1.000000000000001332e+00
1.000000000000001554e+00,9.728135418669119350e-01,9.728135418669119350e-01,1.000000000000001554e+00
