1.000000000000000000e+00,1.000000000000000000e+00,1.000000000000000000e+00,1.000000000000000000e+00
1.000000000000000000e+00,6.675893801352543733e-01,6.675893801352543733e-01,1.000000000000000000e+00
1.000000000000000000e+00,1.320945647625197394e-01,1.320945647625197394e-01,1.000000000000000000e+00
1.000000000000000222e+00,9.563736444626452782e-02,9.563736444626452782e-02,1.000000000000000222e+00
1.000000000000000000e+00,8.236693518377312673e-01,8.236693518377312673e-01,1.000000000000000000e+00
1.000000000000000000e+00,8.260302319066914478e-01,8.260302319066914478e-01,1.000000000000000000e+00
9.999999999999998890e-01,1.316233326193750330e-01,1.316233326193750330e-01,9.999999999999998890e-01
9.999999999999995559e-01,6.559698125830298876e-02,6.559698125830298876e-02,9.999999999999995559e-01
9.999999999999996669e-01,5.530513791094466836e-01,5.530513791094466836e-01,9.999999999999996669e-01
9.999999999999995559e-01,9.955655869404487213e-01,9.955655869404487213e-01,9.999999999999995559e-01
9.999999999999993339e-01,5.458273944916494091e-01,5.458273944916494091e-01,9.999999999999993339e-01
9.999999999999994449e-01,1.256724337982823014e-03,1.256724337982823014e-03,9.999999999999994449e-01
9.999999999999994449e-01,5.394652488648027377e-01,5.394652488648027377e-01,9.999999999999994449e-01
9.999999999999995559e-01,9.904824275690110591e-01,9.904824275690110591e-01,9.999999999999995559e-01
9.999999999999994449e-01,7.864777430854740237e-01,7.864777430854740237e-01,9.999999999999994449e-01
9.999999999999996669e-01,1.847503772370468200e-01,1.847503772370468200e-01,9.999999999999996669e-01
9.999999999999994449e-01,1.131272316316446619e-01,1.131272316316446619e-01,9.999999999999994449e-01
9.999999999999995559e-01,8.751124563153505065e-01,8.751124563153505065e-01,9.999999999999995559e-01
9.999999999999995559e-01,8.132455789648064259e-01,8.132455789648064259e-01,9.999999999999995559e-01
9.999999999999995559e-01,1.940144155196919518e-01,1.940144155196919518e-01,9.999999999999995559e-01
9.999999999999995559e-01,1.524369396732183635e-02,1.524369396732183635e-02,9.999999999999995559e-01
9.999999999999995559e-01,4.668671897262059445e-01,4.668671897262059445e-01,9.999999999999995559e-01
9.999999999999997780e-01,9.973468028967503729e-01,9.973468028967503729e-01,9.999999999999997780e-01
9.999999999999995559e-01,4.738760099390120217e-01,4.738760099390120217e-01,9.999999999999995559e-01
9.999999999999997780e-01,4.279715284430718469e-03,4.279715284430718469e-03,9.999999999999997780e-01
9.999999999999997780e-01,4.687669635636798060e-01,4.687669635636798060e-01,9.999999999999997780e-01
1.000000000000000222e+00,9.473085960355647206e-01,9.473085960355647206e-01,1.000000000000000222e+00
9.999999999999998890e-01,8.615026392573843506e-01,8.615026392573843506e-01,9.999999999999998890e-01
1.000000000000000000e+00,1.843470205055536271e-01,1.843470205055536271e-01,1.000000000000000000e+00
1.000000000000000000e+00,1.607541819757096202e-01,1.607541819757096202e-01,1.000000000000000000e+00
9.999999999999996669e-01,9.015105798407154758e-01,9.015105798407154758e-01,9.999999999999996669e-01
9.999999999999997780e-01,8.546701752851599831e-01,8.546701752851599831e-01,9.999999999999997780e-01
9.999999999999998890e-01,3.061504675662942709e-01,3.061504675662942709e-01,9.999999999999998890e-01
9.999999999999997780e-01,1.853160228482697569e-04,1.853160228482697569e-04,9.999999999999997780e-01
1.000000000000000000e+00,4.521109835058489956e-01,4.521109835058489956e-01,1.000000000000000000e+00
1.000000000000000222e+00,9.998274077522470993e-01,9.998274077522470993e-01,1.000000000000000222e+00
1.000000000000000000e+00,4.219403990486059186e-01,4.219403990486059186e-01,1.000000000000000000e+00
9.999999999999998890e-01,6.383714128865847215e-04,6.383714128865847215e-04,9.999999999999998890e-01
9.999999999999997780e-01,3.470005766566950367e-01,3.470005766566950367e-01,9.999999999999997780e-01
1.000000000000000000e+00,8.817031806837470898e-01,8.817031806837470898e-01,1.000000000000000000e+00
1.000000000000000222e+00,8.818968175776465968e-01,8.818968175776465968e-01,1.000000000000000222e+00
1.000000000000000444e+00,1.418594034012017058e-01,1.418594034012017058e-01,1.000000000000000444e+00
1.000000000000000444e+00,2.076403157133351052e-01,2.076403157133351052e-01,1.000000000000000444e+00
1.000000000000000444e+00,8.864760434468530459e-01,8.864760434468530459e-01,1.000000000000000444e+00
1.000000000000000444e+00,9.262698612750274174e-01,9.262698612750274174e-01,1.000000000000000444e+00
1.000000000000000666e+00,4.279884273963487917e-01,4.279884273963487917e-01,1.000000000000000666e+00
1.000000000000000222e+00,1.064305792091435610e-03,1.064305792091435610e-03,1.000000000000000222e+00
1.000000000000000222e+00,5.005369258367305951e-01,5.005369258367305951e-01,1.000000000000000222e+00
1.000000000000000222e+00,9.936223915894031311e-01,9.936223915894031311e-01,1.000000000000000222e+00
1.000000000000000000e+00,4.306738804130746390e-01,4.306738804130746390e-01,1.000000000000000000e+00
1.000000000000000000e+00,6.514569496127831094e-03,6.514569496127831094e-03,1.000000000000000000e+00
1.000000000000000222e+00,2.281660099246487494e-01,2.281660099246487494e-01,1.000000000000000222e+00
1.000000000000000444e+00,8.390998265445238635e-01,8.390998265445238635e-01,1.000000000000000444e+00
1.000000000000000666e+00,8.566097828720102836e-01,8.566097828720102836e-01,1.000000000000000666e+00
1.000000000000001110e+00,9.622575719153068918e-02,9.622575719153068918e-02,1.000000000000001110e+00
1.000000000000001110e+00,2.127351762620286191e-01,2.127351762620286191e-01,1.000000000000001110e+00
1.000000000000001332e+00,8.201580715158751644e-01,8.201580715158751644e-01,1.000000000000001332e+00
1.000000000000001110e+00,9.804465788040890306e-01,9.804465788040890306e-01,1.000000000000001110e+00
1.000000000000001332e+00,5.040577727524980789e-01,5.040577727524980789e-01,1.000000000000001332e+00
1.000000000000001332e+00,5.821254401425224323e-05,5.821254401425224323e-05,1.000000000000001332e+00
1.000000000000001332e+00,5.726405871970734474e-01,5.726405871970734474e-01,1.000000000000001332e+00
1.000000000000001554e+00,9.899514467763308456e-01,9.899514467763308456e-01,1.000000000000001554e+00
1.000000000000001332e+00,5.115005973678136142e-01,5.115005973678136142e-01,1.000000000000001332e+00
1.000000000000001332e+00,4.589156002238922727e-02,4.589156002238922727e-02,1.000000000000001332e+00
1.000000000000001554e+00,1.574458420168298178e-01,1.574458420168298178e-01,1.000000000000001554e+00
1.000000000000001332e+00,8.472113198279659363e-01,8.472113198279659363e-01,1.000000000000001332e+00
1.000000000000001332e+00,8.029696157148217273e-01,8.029696157148217273e-01,1.000000000000001332e+00
1.000000000000001110e+00,7.739706742462545974e-02,7.739706742462545974e-02,1.000000000000001110e+00
1.000000000000000888e+00,1.608759038255040408e-01,1.608759038255040408e-01,1.000000000000000888e+00
1.000000000000000888e+00,7.078414065948760436e-01,7.078414065948760436e-01,1.000000000000000888e+00
1.000000000000000666e+00,9.985556819874228385e-01,9.985556819874228385e-01,1.000000000000000666e+00
1.000000000000000666e+00,5.077317117877634400e-01,5.077317117877634400e-01,1.000000000000000666e+00
1.000000000000000888e+00,3.688248295526830312e-03,3.688248295526830312e-03,1.000000000000000888e+00
1.000000000000000888e+00,6.168127835577927875e-01,6.168127835577927875e-01,1.000000000000000888e+00
1.000000000000000888e+00,9.976078304850330980e-01,9.976078304850330980e-01,1.000000000000000888e+00
1.000000000000001332e+00,6.384441153117689227e-01,6.384441153117689227e-01,1.000000000000001332e+00
1.000000000000001554e+00,1.042977547519869513e-01,1.042977547519869513e-01,1.000000000000001554e+00
1.000000000000001554e+00,1.437565811673972571e-01,1.437565811673972571e-01,1.000000000000001554e+00
1.000000000000001332e+00,8.896259546941259755e-01,8.896259546941259755e-01,1.000000000000001332e+00
1.000000000000001332e+00,7.576775819767904707e-01,7.576775819767904707e-01,1.000000000000001332e+00
1.000000000000000888e+00,9.761280589392749840e-02,9.761280589392749840e-02,1.000000000000000888e+00
1.000000000000000888e+00,8.204981307156578030e-02,8.204981307156578030e-02,1.000000000000000888e+00
1.000000000000000888e+00,5.920781802151454665e-01,5.920781802151454665e-01,1.000000000000000888e+00
1.000000000000000888e+00,9.999902599575932749e-01,9.999902599575932749e-01,1.000000000000000888e+00
1.000000000000000888e+00,4.525234533963224393e-01,4.525234533963224393e-01,1.000000000000000888e+00
1.000000000000000888e+00,1.512627105651095927e-02,1.512627105651095927e-02,1.000000000000000888e+00
1.000000000000000888e+00,5.972079238666121448e-01,5.972079238666121448e-01,1.000000000000000888e+00
1.000000000000000666e+00,9.958330699432245137e-01,9.958330699432245137e-01,1.000000000000000666e+00
1.000000000000000888e+00,7.559726423252945970e-01,7.559726423252945970e-01,1.000000000000000888e+00
1.000000000000000888e+00,1.371754254739311341e-01,1.371754254739311341e-01,1.000000000000000888e+00
1.000000000000000888e+00,1.772155790768651373e-01,1.772155790768651373e-01,1.000000000000000888e+00
1.000000000000000666e+00,9.285838613907666517e-01,9.285838613907666517e-01,1.000000000000000666e+00
1.000000000000000444e+00,7.615891288072179632e-01,7.615891288072179632e-01,1.000000000000000444e+00
1.000000000000000666e+00,1.667986712880338285e-01,1.667986712880338285e-01,1.000000000000000666e+00
1.000000000000000888e+00,2.463176748217568712e-02,2.463176748217568712e-02,1.000000000000000888e+00
1.000000000000000888e+00,5.268020750998665402e-01,5.268020750998665402e-01,1.000000000000000888e+00
1.000000000000000888e+00,9.986069788253235657e-01,9.986069788253235657e-01,1.000000000000000888e+00
1.000000000000000888e+00,3.821266732041306291e-01,3.821266732041306291e-01,1.000000000000000888e+00
1.000000000000000888e+00,1.774289852511592991e-02,1.774289852511592991e-02,1.000000000000000888e+00
1.000000000000000666e+00,5.070848870228619187e-01,5.070848870228619187e-01,1.000000000000000666e+00
1.000000000000000666e+00,9.606701805138040395e-01,9.606701805138040395e-01,1.000000000000000666e+00
