1.000000000000000000e+00,1.000000000000000000e+00,1.000000000000000000e+00,1.000000000000000000e+00
1.000000000000000000e+00,3.502215028186151380e-01,3.502215028186151380e-01,1.000000000000000000e+00
1.000000000000000000e+00,-7.204121449004483591e-01,-7.204121449004483591e-01,1.000000000000000000e+00
1.000000000000000000e+00,-9.688164055887495962e-01,-9.688164055887495962e-01,1.000000000000000000e+00
1.000000000000000000e+00,-4.890437739402506145e-01,-4.890437739402506145e-01,1.000000000000000000e+00
1.000000000000000222e+00,3.406892337424169970e-01,3.406892337424169970e-01,1.000000000000000222e+00
9.999999999999997780e-01,9.838870242259610821e-01,9.838870242259610821e-01,9.999999999999997780e-01
1.000000000000000000e+00,5.212381895581553737e-01,5.212381895581553737e-01,1.000000000000000000e+00
1.000000000000000000e+00,-5.925226561776518741e-01,-5.925226561776518741e-01,1.000000000000000000e+00
9.999999999999997780e-01,-9.891574362154584854e-01,-9.891574362154584854e-01,9.999999999999997780e-01
9.999999999999991118e-01,-5.953511526753754168e-01,-5.953511526753754168e-01,9.999999999999991118e-01
9.999999999999986677e-01,2.013421747654147442e-01,2.013421747654147442e-01,9.999999999999986677e-01
9.999999999999986677e-01,9.372260255362014902e-01,9.372260255362014902e-01,9.999999999999986677e-01
9.999999999999992228e-01,6.734230659677084008e-01,6.734230659677084008e-01,9.999999999999992228e-01
9.999999999999991118e-01,-4.431647413952669035e-01,-4.431647413952669035e-01,9.999999999999991118e-01
9.999999999999990008e-01,-9.893642572408589686e-01,-9.893642572408589686e-01,9.999999999999990008e-01
9.999999999999993339e-01,-6.917051459718378537e-01,-6.917051459718378537e-01,9.999999999999993339e-01
1.000000000000000000e+00,6.198852880315861014e-02,6.198852880315861014e-02,1.000000000000000000e+00
1.000000000000000000e+00,8.635664070179775997e-01,8.635664070179775997e-01,1.000000000000000000e+00
9.999999999999998890e-01,8.005899037060619783e-01,8.005899037060619783e-01,9.999999999999998890e-01
1.000000000000000000e+00,-2.756409308512501322e-01,-2.756409308512501322e-01,1.000000000000000000e+00
1.000000000000000444e+00,-9.683805314416862320e-01,-9.683805314416862320e-01,1.000000000000000444e+00
1.000000000000000222e+00,-7.761847850255837455e-01,-7.761847850255837455e-01,1.000000000000000222e+00
1.000000000000000666e+00,-7.538079110657652793e-02,-7.538079110657652793e-02,1.000000000000000666e+00
1.000000000000000888e+00,7.675803126299493018e-01,7.675803126299493018e-01,1.000000000000000888e+00
1.000000000000000666e+00,8.987113959531656260e-01,8.987113959531656260e-01,1.000000000000000666e+00
1.000000000000000888e+00,-9.731953076758170784e-02,-9.731953076758170784e-02,1.000000000000000888e+00
1.000000000000001332e+00,-9.222385340974035284e-01,-9.222385340974035284e-01,1.000000000000001332e+00
1.000000000000001776e+00,-8.494971080720681300e-01,-8.494971080720681300e-01,1.000000000000001776e+00
1.000000000000001776e+00,-2.068991617411645723e-01,-2.068991617411645723e-01,1.000000000000001776e+00
1.000000000000001554e+00,6.530164176757417005e-01,6.530164176757417005e-01,1.000000000000001554e+00
1.000000000000001776e+00,9.633563037957428854e-01,9.633563037957428854e-01,1.000000000000001776e+00
1.000000000000001998e+00,8.909949314269546838e-02,8.909949314269546838e-02,1.000000000000001998e+00
1.000000000000001776e+00,-8.539190853222115019e-01,-8.539190853222115019e-01,1.000000000000001776e+00
1.000000000000001332e+00,-9.069158779302857187e-01,-9.069158779302857187e-01,1.000000000000001332e+00
1.000000000000001332e+00,-3.335406566142576357e-01,-3.335406566142576357e-01,1.000000000000001332e+00
1.000000000000001110e+00,5.263513332195177696e-01,5.263513332195177696e-01,1.000000000000001110e+00
1.000000000000000888e+00,9.941901728261073323e-01,9.941901728261073323e-01,1.000000000000000888e+00
1.000000000000000888e+00,2.720535113462895782e-01,2.720535113462895782e-01,1.000000000000000888e+00
1.000000000000000888e+00,-7.578636875665911710e-01,-7.578636875665911710e-01,1.000000000000000888e+00
1.000000000000001110e+00,-9.511835831275361475e-01,-9.511835831275361475e-01,1.000000000000001110e+00
1.000000000000001776e+00,-4.502882601032901499e-01,-4.502882601032901499e-01,1.000000000000001776e+00
1.000000000000001332e+00,3.896021285445486759e-01,3.896021285445486759e-01,1.000000000000001332e+00
1.000000000000001110e+00,9.908041077137362818e-01,9.908041077137362818e-01,1.000000000000001110e+00
1.000000000000001110e+00,4.490553403622150053e-01,4.490553403622150053e-01,1.000000000000001110e+00
1.000000000000000666e+00,-6.411856654607503980e-01,-6.411856654607503980e-01,1.000000000000000666e+00
1.000000000000000888e+00,-9.752306580545766490e-01,-9.752306580545766490e-01,1.000000000000000888e+00
1.000000000000001776e+00,-5.602581739125259697e-01,-5.602581739125259697e-01,1.000000000000001776e+00
1.000000000000001554e+00,2.501286263826509315e-01,2.501286263826509315e-01,1.000000000000001554e+00
1.000000000000001554e+00,9.550968868896363428e-01,9.550968868896363428e-01,1.000000000000001554e+00
1.000000000000001110e+00,6.079903224861158417e-01,6.079903224861158417e-01,1.000000000000001110e+00
1.000000000000000888e+00,-4.989468227066775619e-01,-4.989468227066775619e-01,1.000000000000000888e+00
1.000000000000000888e+00,-9.831440930341371898e-01,-9.831440930341371898e-01,1.000000000000000888e+00
1.000000000000001110e+00,-6.575776623057572046e-01,-6.575776623057572046e-01,1.000000000000001110e+00
1.000000000000001110e+00,1.077454359648213622e-01,1.077454359648213622e-01,1.000000000000001110e+00
1.000000000000001776e+00,8.910297279440640983e-01,8.910297279440640983e-01,1.000000000000001776e+00
1.000000000000001332e+00,7.464943245439297215e-01,7.464943245439297215e-01,1.000000000000001332e+00
1.000000000000001776e+00,-3.413463787690535489e-01,-3.413463787690535489e-01,1.000000000000001776e+00
1.000000000000001776e+00,-9.669560294692267632e-01,-9.669560294692267632e-01,1.000000000000001776e+00
1.000000000000001554e+00,-7.461278721736548381e-01,-7.461278721736548381e-01,1.000000000000001554e+00
1.000000000000001554e+00,-3.048795441525165018e-02,-3.048795441525165018e-02,1.000000000000001554e+00
1.000000000000001332e+00,8.012630899989291455e-01,8.012630899989291455e-01,1.000000000000001332e+00
1.000000000000001332e+00,8.557227971139235168e-01,8.557227971139235168e-01,1.000000000000001332e+00
1.000000000000001332e+00,-1.664990890787103051e-01,-1.664990890787103051e-01,1.000000000000001332e+00
1.000000000000001554e+00,-9.311526060994521625e-01,-9.311526060994521625e-01,1.000000000000001554e+00
1.000000000000001554e+00,-8.199262300914325063e-01,-8.199262300914325063e-01,1.000000000000001554e+00
1.000000000000001776e+00,-1.661388000075106897e-01,-1.661388000075106897e-01,1.000000000000001776e+00
1.000000000000001776e+00,6.925425686801449654e-01,6.925425686801449654e-01,1.000000000000001776e+00
1.000000000000001776e+00,9.339169266897627830e-01,9.339169266897627830e-01,1.000000000000001776e+00
1.000000000000001998e+00,1.435997159402022105e-02,1.435997159402022105e-02,1.000000000000001998e+00
1.000000000000002220e+00,-8.691469776596741914e-01,-8.691469776596741914e-01,1.000000000000002220e+00
1.000000000000002220e+00,-8.820656873938073073e-01,-8.820656873938073073e-01,1.000000000000002220e+00
1.000000000000002220e+00,-2.935717813301746415e-01,-2.935717813301746415e-01,1.000000000000002220e+00
1.000000000000002220e+00,5.675428046559380935e-01,5.675428046559380935e-01,1.000000000000002220e+00
1.000000000000001776e+00,9.776688062623223319e-01,9.776688062623223319e-01,1.000000000000001776e+00
1.000000000000001776e+00,1.986859958708001861e-01,1.986859958708001861e-01,1.000000000000001776e+00
1.000000000000001998e+00,-7.848953732794883287e-01,-7.848953732794883287e-01,1.000000000000001998e+00
1.000000000000001998e+00,-9.275259086100442474e-01,-9.275259086100442474e-01,1.000000000000001998e+00
1.000000000000002220e+00,-4.142727340539273939e-01,-4.142727340539273939e-01,1.000000000000002220e+00
1.000000000000002220e+00,4.332380145017629691e-01,4.332380145017629691e-01,1.000000000000002220e+00
1.000000000000001776e+00,9.867357750380200132e-01,9.867357750380200132e-01,1.000000000000001776e+00
1.000000000000001554e+00,3.766184267700197763e-01,3.766184267700197763e-01,1.000000000000001554e+00
1.000000000000001998e+00,-6.757278202307199777e-01,-6.757278202307199777e-01,1.000000000000001998e+00
1.000000000000002220e+00,-9.572542530595181676e-01,-9.572542530595181676e-01,1.000000000000002220e+00
1.000000000000002665e+00,-5.248340378557098118e-01,-5.248340378557098118e-01,1.000000000000002665e+00
1.000000000000002887e+00,2.924016170702393724e-01,2.924016170702393724e-01,1.000000000000002887e+00
1.000000000000003109e+00,9.627511067602053663e-01,9.627511067602053663e-01,1.000000000000003109e+00
1.000000000000003109e+00,5.418676549512282392e-01,5.418676549512282392e-01,1.000000000000003109e+00
1.000000000000003997e+00,-5.445260085763046209e-01,-5.445260085763046209e-01,1.000000000000003997e+00
1.000000000000003997e+00,-9.683994547124679109e-01,-9.683994547124679109e-01,1.000000000000003997e+00
1.000000000000003997e+00,-6.252274161476344405e-01,-6.252274161476344405e-01,1.000000000000003997e+00
1.000000000000003553e+00,1.499491427186422920e-01,1.499491427186422920e-01,1.000000000000003553e+00
1.000000000000003553e+00,9.078466654593300156e-01,9.078466654593300156e-01,1.000000000000003553e+00
1.000000000000003331e+00,6.878059061049406342e-01,6.878059061049406342e-01,1.000000000000003331e+00
1.000000000000003331e+00,-3.943268947228762422e-01,-3.943268947228762422e-01,1.000000000000003331e+00
1.000000000000002887e+00,-9.590040031788000796e-01,-9.590040031788000796e-01,1.000000000000002887e+00
1.000000000000002665e+00,-7.146221957183281903e-01,-7.146221957183281903e-01,1.000000000000002665e+00
1.000000000000002665e+00,9.260726346325687253e-03,9.260726346325687253e-03,1.000000000000002665e+00
1.000000000000002665e+00,8.262990550752916663e-01,8.262990550752916663e-01,1.000000000000002665e+00
1.000000000000002442e+00,8.070938105277997154e-01,8.070938105277997154e-01,1.000000000000002442e+00
1.000000000000002442e+00,-2.270416245664976795e-01,-2.270416245664976795e-01,1.000000000000002442e+00
