1.000000000000000000e+00,1.000000000000000000e+00,1.000000000000000000e+00,1.000000000000000000e+00
1.000000000000000000e+00,4.970573534296721663e-01,4.970573534296721663e-01,1.000000000000000000e+00
1.000000000000000000e+00,-4.052651764334369577e-01,-4.052651764334369577e-01,1.000000000000000000e+00
1.000000000000000444e+00,-9.826266621429181614e-01,-9.826266621429181614e-01,1.000000000000000444e+00
1.000000000000000444e+00,-6.564650206367763641e-01,-6.564650206367763641e-01,1.000000000000000444e+00
1.000000000000000666e+00,3.241618855754520023e-01,3.241618855754520023e-01,1.000000000000000666e+00
1.000000000000001110e+00,9.759646910290841193e-01,9.759646910290841193e-01,1.000000000000001110e+00
1.000000000000001110e+00,7.640701628977046855e-01,7.640701628977046855e-01,1.000000000000001110e+00
1.000000000000000888e+00,-1.431407560246116262e-01,-1.431407560246116262e-01,1.000000000000000888e+00
1.000000000000000888e+00,-8.913874764052103217e-01,-8.913874764052103217e-01,1.000000000000000888e+00
1.000000000000000444e+00,-8.719610721629428296e-01,-8.719610721629428296e-01,1.000000000000000444e+00
1.000000000000000444e+00,-1.294368712422400702e-01,-1.294368712422400702e-01,1.000000000000000444e+00
1.000000000000000666e+00,8.284141665638921070e-01,8.284141665638921070e-01,1.000000000000000666e+00
1.000000000000000444e+00,9.273093884848777613e-01,9.273093884848777613e-01,1.000000000000000444e+00
1.000000000000000222e+00,1.909950884689034789e-01,1.909950884689034789e-01,1.000000000000000222e+00
1.000000000000000444e+00,-7.716780272083103576e-01,-7.716780272083103576e-01,1.000000000000000444e+00
1.000000000000000444e+00,-9.587596167136471781e-01,-9.587596167136471781e-01,1.000000000000000444e+00
1.000000000000000444e+00,-1.973149327423455168e-01,-1.973149327423455168e-01,1.000000000000000444e+00
1.000000000000000666e+00,7.433373235899638498e-01,7.433373235899638498e-01,1.000000000000000666e+00
1.000000000000000222e+00,9.641025596665302455e-01,9.641025596665302455e-01,1.000000000000000222e+00
1.000000000000000222e+00,3.505848600113641300e-01,3.505848600113641300e-01,1.000000000000000222e+00
1.000000000000000000e+00,-6.825847689241479888e-01,-6.825847689241479888e-01,1.000000000000000000e+00
9.999999999999998890e-01,-9.690248547362864118e-01,-9.690248547362864118e-01,9.999999999999998890e-01
9.999999999999997780e-01,-3.090412469958411235e-01,-3.090412469958411235e-01,9.999999999999997780e-01
1.000000000000000222e+00,5.709421083494297111e-01,5.709421083494297111e-01,1.000000000000000222e+00
1.000000000000000444e+00,9.999673219968033822e-01,9.999673219968033822e-01,1.000000000000000444e+00
1.000000000000000222e+00,4.372762578937038347e-01,4.372762578937038347e-01,1.000000000000000222e+00
1.000000000000000444e+00,-5.960389445095692906e-01,-5.960389445095692906e-01,1.000000000000000444e+00
1.000000000000000444e+00,-9.885798040803555065e-01,-9.885798040803555065e-01,1.000000000000000444e+00
1.000000000000001332e+00,-4.774208564632604901e-01,-4.774208564632604901e-01,1.000000000000001332e+00
1.000000000000001332e+00,5.475392687110766099e-01,5.475392687110766099e-01,1.000000000000001332e+00
1.000000000000001776e+00,9.941334561938345304e-01,9.941334561938345304e-01,1.000000000000001776e+00
1.000000000000001554e+00,5.102311705270584641e-01,5.102311705270584641e-01,1.000000000000001554e+00
1.000000000000001332e+00,-4.989314921609331321e-01,-4.989314921609331321e-01,1.000000000000001332e+00
1.000000000000001554e+00,-9.881754183482320819e-01,-9.881754183482320819e-01,1.000000000000001554e+00
1.000000000000001110e+00,-6.406534138278834334e-01,-6.406534138278834334e-01,1.000000000000001110e+00
1.000000000000000888e+00,3.068435493825698024e-01,3.068435493825698024e-01,1.000000000000000888e+00
1.000000000000001110e+00,9.905226821166436268e-01,9.905226821166436268e-01,1.000000000000001110e+00
1.000000000000001332e+00,6.315470315414288827e-01,6.315470315414288827e-01,1.000000000000001332e+00
1.000000000000000666e+00,-3.933621295616066549e-01,-3.933621295616066549e-01,1.000000000000000666e+00
1.000000000000000888e+00,-9.671629054864020469e-01,-9.671629054864020469e-01,1.000000000000000888e+00
1.000000000000000444e+00,-7.389790660414718992e-01,-7.389790660414718992e-01,1.000000000000000444e+00
1.000000000000000888e+00,2.540156967097497165e-01,2.540156967097497165e-01,1.000000000000000888e+00
1.000000000000000666e+00,9.409227611871672226e-01,9.409227611871672226e-01,1.000000000000000666e+00
1.000000000000000666e+00,7.587222430917798244e-01,7.587222430917798244e-01,1.000000000000000666e+00
1.000000000000000444e+00,-9.885744614898450688e-02,-9.885744614898450688e-02,1.000000000000000444e+00
1.000000000000000666e+00,-9.164742821882381207e-01,-9.164742821882381207e-01,1.000000000000000666e+00
1.000000000000000888e+00,-7.905894348207692657e-01,-7.905894348207692657e-01,1.000000000000000888e+00
1.000000000000001332e+00,1.490900352654355998e-01,1.490900352654355998e-01,1.000000000000001332e+00
1.000000000000001110e+00,9.010919659147818006e-01,9.010919659147818006e-01,1.000000000000001110e+00
1.000000000000001554e+00,7.864187420971695541e-01,7.864187420971695541e-01,1.000000000000001554e+00
1.000000000000001776e+00,-1.425668124560378613e-01,-1.425668124560378613e-01,1.000000000000001776e+00
1.000000000000001776e+00,-9.050437234565378297e-01,-9.050437234565378297e-01,1.000000000000001776e+00
1.000000000000001998e+00,-7.831878502695688304e-01,-7.831878502695688304e-01,1.000000000000001998e+00
1.000000000000001998e+00,2.951646917102199175e-02,2.951646917102199175e-02,1.000000000000001998e+00
1.000000000000001998e+00,8.286210652675485289e-01,8.286210652675485289e-01,1.000000000000001998e+00
1.000000000000001776e+00,9.363832729002573574e-01,9.363832729002573574e-01,1.000000000000001776e+00
1.000000000000001776e+00,2.594229094039546268e-01,2.594229094039546268e-01,1.000000000000001776e+00
1.000000000000001776e+00,-6.405149004883687880e-01,-6.405149004883687880e-01,1.000000000000001776e+00
1.000000000000001332e+00,-9.613633693399720181e-01,-9.613633693399720181e-01,1.000000000000001332e+00
1.000000000000001776e+00,-2.662158825261481399e-01,-2.662158825261481399e-01,1.000000000000001776e+00
1.000000000000001332e+00,7.462666785340358322e-01,7.462666785340358322e-01,1.000000000000001332e+00
1.000000000000001332e+00,9.747165175096665912e-01,9.747165175096665912e-01,1.000000000000001332e+00
1.000000000000001554e+00,3.611312737482197388e-01,3.611312737482197388e-01,1.000000000000001554e+00
1.000000000000001110e+00,-6.682569677080772985e-01,-6.682569677080772985e-01,1.000000000000001110e+00
1.000000000000001110e+00,-9.847012721144952074e-01,-9.847012721144952074e-01,1.000000000000001110e+00
1.000000000000001332e+00,-4.341062466999703884e-01,-4.341062466999703884e-01,1.000000000000001332e+00
1.000000000000001554e+00,4.952682457603445609e-01,4.952682457603445609e-01,1.000000000000001554e+00
1.000000000000001554e+00,9.974732230827288992e-01,9.974732230827288992e-01,1.000000000000001554e+00
1.000000000000000888e+00,5.959359119395069015e-01,5.959359119395069015e-01,1.000000000000000888e+00
1.000000000000001332e+00,-2.843074632064067075e-01,-2.843074632064067075e-01,1.000000000000001332e+00
1.000000000000000888e+00,-9.640343399877218111e-01,-9.640343399877218111e-01,1.000000000000000888e+00
1.000000000000001110e+00,-6.288477091591748724e-01,-6.288477091591748724e-01,1.000000000000001110e+00
1.000000000000001110e+00,4.153302336308983267e-01,4.153302336308983267e-01,1.000000000000001110e+00
1.000000000000000888e+00,9.949742873146357747e-01,9.949742873146357747e-01,1.000000000000000888e+00
1.000000000000001110e+00,6.740034548356766964e-01,6.740034548356766964e-01,1.000000000000001110e+00
1.000000000000001332e+00,-1.878919903258347013e-01,-1.878919903258347013e-01,1.000000000000001332e+00
1.000000000000001332e+00,-9.406727717417788792e-01,-9.406727717417788792e-01,1.000000000000001332e+00
1.000000000000001554e+00,-7.988297090487990193e-01,-7.988297090487990193e-01,1.000000000000001554e+00
1.000000000000001332e+00,1.460681806158383722e-01,1.460681806158383722e-01,1.000000000000001332e+00
1.000000000000001776e+00,9.518947269702656699e-01,9.518947269702656699e-01,1.000000000000001776e+00
1.000000000000001998e+00,7.001605146779796840e-01,7.001605146779796840e-01,1.000000000000001998e+00
1.000000000000001776e+00,-2.577920894397473517e-01,-2.577920894397473517e-01,1.000000000000001776e+00
1.000000000000001776e+00,-9.169275389791151643e-01,-9.169275389791151643e-01,1.000000000000001776e+00
1.000000000000001776e+00,-7.604199504899274986e-01,-7.604199504899274986e-01,1.000000000000001776e+00
1.000000000000001776e+00,1.417613749863710082e-01,1.417613749863710082e-01,1.000000000000001776e+00
1.000000000000001776e+00,9.472132693783081869e-01,9.472132693783081869e-01,1.000000000000001776e+00
1.000000000000001776e+00,7.600983517855320892e-01,7.600983517855320892e-01,1.000000000000001776e+00
1.000000000000001776e+00,-1.204905720865944718e-01,-1.204905720865944718e-01,1.000000000000001776e+00
1.000000000000001554e+00,-8.925670847737063873e-01,-8.925670847737063873e-01,1.000000000000001554e+00
1.000000000000001776e+00,-7.901296080068427319e-01,-7.901296080068427319e-01,1.000000000000001776e+00
1.000000000000001776e+00,1.163626784340494880e-01,1.163626784340494880e-01,1.000000000000001776e+00
1.000000000000001776e+00,9.138962425932537492e-01,9.138962425932537492e-01,1.000000000000001776e+00
1.000000000000001554e+00,8.629279772808724491e-01,8.629279772808724491e-01,1.000000000000001554e+00
1.000000000000001332e+00,6.437292825934312623e-02,6.437292825934312623e-02,1.000000000000001332e+00
1.000000000000000666e+00,-7.791940274432782587e-01,-7.791940274432782587e-01,1.000000000000000666e+00
1.000000000000000444e+00,-9.447538609187797753e-01,-9.447538609187797753e-01,1.000000000000000444e+00
1.000000000000000222e+00,-3.009064776646667161e-01,-3.009064776646667161e-01,1.000000000000000222e+00
1.000000000000000444e+00,6.822922969063194287e-01,6.822922969063194287e-01,1.000000000000000444e+00
1.000000000000000888e+00,9.592355000220241790e-01,9.592355000220241790e-01,1.000000000000000888e+00
1.000000000000000888e+00,3.453025698604482718e-01,3.453025698604482718e-01,1.000000000000000888e+00
