1.000000000000000000e+00,1.000000000000000000e+00,1.000000000000000000e+00,1.000000000000000000e+00
1.000000000000000000e+00,5.206238211434102148e-01,5.206238211434102148e-01,1.000000000000000000e+00
9.999999999999997780e-01,2.036861284369043124e-02,2.036861284369043124e-02,9.999999999999997780e-01
1.000000000000000000e+00,1.872593526830047816e-01,1.872593526830047816e-01,1.000000000000000000e+00
1.000000000000000000e+00,7.367737509616559821e-01,7.367737509616559821e-01,1.000000000000000000e+00
1.000000000000000222e+00,9.882573891020983714e-01,9.882573891020983714e-01,1.000000000000000222e+00
1.000000000000000222e+00,4.293472375901889460e-01,4.293472375901889460e-01,1.000000000000000222e+00
1.000000000000000444e+00,1.457698899632692280e-02,1.457698899632692280e-02,1.000000000000000444e+00
1.000000000000000666e+00,6.970432172340570443e-01,6.970432172340570443e-01,1.000000000000000666e+00
1.000000000000000666e+00,9.419770213944647086e-01,9.419770213944647086e-01,1.000000000000000666e+00
1.000000000000000666e+00,3.131702564098615138e-01,3.131702564098615138e-01,1.000000000000000666e+00
1.000000000000000444e+00,1.732240508568461124e-03,1.732240508568461124e-03,1.000000000000000444e+00
1.000000000000000444e+00,3.400882217979906974e-01,3.400882217979906974e-01,1.000000000000000444e+00
1.000000000000000444e+00,8.817881130863537420e-01,8.817881130863537420e-01,1.000000000000000444e+00
1.000000000000000666e+00,8.980042897357217724e-01,8.980042897357217724e-01,1.000000000000000666e+00
1.000000000000000888e+00,2.031587089349317088e-01,2.031587089349317088e-01,1.000000000000000888e+00
1.000000000000000888e+00,1.409696284889894735e-01,1.409696284889894735e-01,1.000000000000000888e+00
1.000000000000000888e+00,8.986300062571146441e-01,8.986300062571146441e-01,1.000000000000000888e+00
1.000000000000000666e+00,7.887013130776202585e-01,7.887013130776202585e-01,1.000000000000000666e+00
1.000000000000001110e+00,1.454351987488435860e-01,1.454351987488435860e-01,1.000000000000001110e+00
1.000000000000000888e+00,4.814249352823890549e-02,4.814249352823890549e-02,1.000000000000000888e+00
1.000000000000001332e+00,5.138897891802751694e-01,5.138897891802751694e-01,1.000000000000001332e+00
1.000000000000001110e+00,9.759766630872575011e-01,9.759766630872575011e-01,1.000000000000001110e+00
1.000000000000001110e+00,7.255599147397390203e-01,7.255599147397390203e-01,1.000000000000001110e+00
1.000000000000001110e+00,4.489277956627407695e-02,4.489277956627407695e-02,1.000000000000001110e+00
1.000000000000001110e+00,3.659229210550200007e-01,3.659229210550200007e-01,1.000000000000001110e+00
1.000000000000001332e+00,9.949679273993957684e-01,9.949679273993957684e-01,1.000000000000001332e+00
1.000000000000001110e+00,5.826500694475044151e-01,5.826500694475044151e-01,1.000000000000001110e+00
1.000000000000001110e+00,3.839749369262465684e-02,3.839749369262465684e-02,1.000000000000001110e+00
1.000000000000001332e+00,1.498430286463987016e-01,1.498430286463987016e-01,1.000000000000001332e+00
1.000000000000001554e+00,6.893527539839322538e-01,6.893527539839322538e-01,1.000000000000001554e+00
1.000000000000001554e+00,9.976476869800430247e-01,9.976476869800430247e-01,1.000000000000001554e+00
1.000000000000001554e+00,4.981520924064286593e-01,4.981520924064286593e-01,1.000000000000001554e+00
1.000000000000001332e+00,2.124335144067679426e-03,2.124335144067679426e-03,1.000000000000001332e+00
1.000000000000001332e+00,6.263886756729744043e-01,6.263886756729744043e-01,1.000000000000001332e+00
1.000000000000001554e+00,9.698116727633447898e-01,9.698116727633447898e-01,1.000000000000001554e+00
1.000000000000001554e+00,3.696597400181154125e-01,3.696597400181154125e-01,1.000000000000001554e+00
1.000000000000001332e+00,1.115777523084393597e-04,1.115777523084393597e-04,1.000000000000001332e+00
1.000000000000001110e+00,2.935059463964225235e-01,2.935059463964225235e-01,1.000000000000001110e+00
1.000000000000001332e+00,8.445021009880306906e-01,8.445021009880306906e-01,1.000000000000001332e+00
1.000000000000001110e+00,9.328106130569453480e-01,9.328106130569453480e-01,1.000000000000001110e+00
1.000000000000001110e+00,2.633917569024692984e-01,2.633917569024692984e-01,1.000000000000001110e+00
1.000000000000001332e+00,9.266395593611113923e-02,9.266395593611113923e-02,1.000000000000001332e+00
1.000000000000001110e+00,8.501674586736890360e-01,8.501674586736890360e-01,1.000000000000001110e+00
1.000000000000000888e+00,8.399192858521615790e-01,8.399192858521615790e-01,1.000000000000000888e+00
1.000000000000000888e+00,1.878217289294148995e-01,1.878217289294148995e-01,1.000000000000000888e+00
1.000000000000000666e+00,2.873344974861577472e-02,2.873344974861577472e-02,1.000000000000000666e+00
1.000000000000000888e+00,4.631665959100023655e-01,4.631665959100023655e-01,1.000000000000000888e+00
1.000000000000000888e+00,9.556055244960247608e-01,9.556055244960247608e-01,1.000000000000000888e+00
1.000000000000000888e+00,7.820483321187292614e-01,7.820483321187292614e-01,1.000000000000000888e+00
1.000000000000000888e+00,7.998795779322320776e-02,7.998795779322320776e-02,1.000000000000000888e+00
1.000000000000000888e+00,2.948856644819205508e-01,2.948856644819205508e-01,1.000000000000000888e+00
1.000000000000000888e+00,9.798027763965997394e-01,9.798027763965997394e-01,1.000000000000000888e+00
1.000000000000000888e+00,6.441633176300204378e-01,6.441633176300204378e-01,1.000000000000000888e+00
1.000000000000001110e+00,6.210075115601085272e-02,6.210075115601085272e-02,1.000000000000001110e+00
1.000000000000001332e+00,1.158679247997093237e-01,1.158679247997093237e-01,1.000000000000001332e+00
1.000000000000001332e+00,6.402860028166753592e-01,6.402860028166753592e-01,1.000000000000001332e+00
1.000000000000001110e+00,9.998843269886374951e-01,9.998843269886374951e-01,1.000000000000001110e+00
1.000000000000000888e+00,5.662804883040580828e-01,5.662804883040580828e-01,1.000000000000000888e+00
1.000000000000000888e+00,8.132482918173644659e-04,8.132482918173644659e-04,1.000000000000000888e+00
1.000000000000000666e+00,5.526403390942714600e-01,5.526403390942714600e-01,1.000000000000000666e+00
1.000000000000000888e+00,9.889552265453658286e-01,9.889552265453658286e-01,1.000000000000000888e+00
1.000000000000001110e+00,4.287785685869563990e-01,4.287785685869563990e-01,1.000000000000001110e+00
1.000000000000001110e+00,3.992897471371575913e-03,3.992897471371575913e-03,1.000000000000001110e+00
1.000000000000000888e+00,2.490618307558798428e-01,2.490618307558798428e-01,1.000000000000000888e+00
1.000000000000001332e+00,8.036165061594476855e-01,8.036165061594476855e-01,1.000000000000001332e+00
1.000000000000001332e+00,9.604717425659623498e-01,9.604717425659623498e-01,1.000000000000001332e+00
1.000000000000001332e+00,3.278513056958813898e-01,3.278513056958813898e-01,1.000000000000001332e+00
1.000000000000001332e+00,5.370303634700529516e-02,5.370303634700529516e-02,1.000000000000001332e+00
1.000000000000001110e+00,7.938136789061721599e-01,7.938136789061721599e-01,1.000000000000001110e+00
1.000000000000001110e+00,8.857169398423503370e-01,8.857169398423503370e-01,1.000000000000001110e+00
1.000000000000001332e+00,2.348757714624550297e-01,2.348757714624550297e-01,1.000000000000001332e+00
1.000000000000001110e+00,1.412521947466932604e-02,1.412521947466932604e-02,1.000000000000001110e+00
1.000000000000001110e+00,4.130697473684316057e-01,4.130697473684316057e-01,1.000000000000001110e+00
1.000000000000001110e+00,9.297439845322036378e-01,9.297439845322036378e-01,1.000000000000001110e+00
1.000000000000001332e+00,8.330895427570067513e-01,8.330895427570067513e-01,1.000000000000001332e+00
1.000000000000001110e+00,1.237532850887734515e-01,1.237532850887734515e-01,1.000000000000001110e+00
1.000000000000001332e+00,2.284864784518311764e-01,2.284864784518311764e-01,1.000000000000001332e+00
1.000000000000001110e+00,9.545768808244361470e-01,9.545768808244361470e-01,1.000000000000001110e+00
1.000000000000001332e+00,7.041111105151746097e-01,7.041111105151746097e-01,1.000000000000001332e+00
1.000000000000001332e+00,9.139190790377452189e-02,9.139190790377452189e-02,1.000000000000001332e+00
1.000000000000000888e+00,8.566934633337153215e-02,8.566934633337153215e-02,1.000000000000000888e+00
1.000000000000000888e+00,5.901084833559813170e-01,5.901084833559813170e-01,1.000000000000000888e+00
1.000000000000001110e+00,9.952103594420752541e-01,9.952103594420752541e-01,1.000000000000001110e+00
1.000000000000001332e+00,6.324600291350264136e-01,6.324600291350264136e-01,1.000000000000001332e+00
1.000000000000001332e+00,1.053222491278948958e-02,1.053222491278948958e-02,1.000000000000001332e+00
1.000000000000001332e+00,4.774821800863344734e-01,4.774821800863344734e-01,1.000000000000001332e+00
1.000000000000001332e+00,9.987571877708307788e-01,9.987571877708307788e-01,1.000000000000001332e+00
1.000000000000001110e+00,4.897317723303797887e-01,4.897317723303797887e-01,1.000000000000001110e+00
1.000000000000001332e+00,1.349081060497445139e-02,1.349081060497445139e-02,1.000000000000001332e+00
1.000000000000001332e+00,2.071486298116422264e-01,2.071486298116422264e-01,1.000000000000001332e+00
1.000000000000001110e+00,7.596960971643931249e-01,7.596960971643931249e-01,1.000000000000001110e+00
1.000000000000001110e+00,9.808300847743958162e-01,9.808300847743958162e-01,1.000000000000001110e+00
1.000000000000000888e+00,3.951121299608870707e-01,3.951121299608870707e-01,1.000000000000000888e+00
1.000000000000000666e+00,2.494007393845071308e-02,2.494007393845071308e-02,1.000000000000000666e+00
1.000000000000000888e+00,7.307121233422115836e-01,7.307121233422115836e-01,1.000000000000000888e+00
1.000000000000000666e+00,9.250459531781080047e-01,9.250459531781080047e-01,1.000000000000000666e+00
1.000000000000000888e+00,2.861346565031630540e-01,2.861346565031630540e-01,1.000000000000000888e+00
1.000000000000000888e+00,4.558179562466874168e-03,4.558179562466874168e-03,1.000000000000000888e+00
1.000000000000000888e+00,3.640538232735166524e-01,3.640538232735166524e-01,1.000000000000000888e+00
1.000000000000001110e+00,8.989056435198341521e-01,8.989056435198341521e-01,1.000000000000001110e+00
