1.000000000000000000e+00,1.000000000000000000e+00,1.000000000000000000e+00,1.000000000000000000e+00
1.000000000000000000e+00,6.970649792497223274e-01,6.970649792497223274e-01,1.000000000000000000e+00
1.000000000000000000e+00,9.123262809281604269e-02,9.123262809281604269e-02,1.000000000000000000e+00
9.999999999999998890e-01,2.401965794233132112e-01,2.401965794233132112e-01,9.999999999999998890e-01
1.000000000000000000e+00,9.628709384046385544e-01,9.628709384046385544e-01,1.000000000000000000e+00
9.999999999999997780e-01,6.992075120171239444e-01,6.992075120171239444e-01,9.999999999999997780e-01
9.999999999999998890e-01,1.213109102377344650e-01,1.213109102377344650e-01,9.999999999999998890e-01
1.000000000000000000e+00,4.895792862702944004e-02,4.895792862702944004e-02,1.000000000000000000e+00
1.000000000000000444e+00,5.977134774679432327e-01,5.977134774679432327e-01,1.000000000000000444e+00
1.000000000000000666e+00,9.869273874953760073e-01,9.869273874953760073e-01,1.000000000000000666e+00
1.000000000000000666e+00,3.087942706660046222e-01,3.087942706660046222e-01,1.000000000000000666e+00
1.000000000000000444e+00,4.145492241989889859e-02,4.145492241989889859e-02,1.000000000000000444e+00
1.000000000000000444e+00,5.722936822891506736e-01,5.722936822891506736e-01,1.000000000000000444e+00
1.000000000000000888e+00,9.819801589263095210e-01,9.819801589263095210e-01,1.000000000000000888e+00
1.000000000000000444e+00,7.642920637818333418e-01,7.642920637818333418e-01,1.000000000000000444e+00
1.000000000000000444e+00,7.714669874003640682e-02,7.714669874003640682e-02,1.000000000000000444e+00
1.000000000000000888e+00,3.045114200259154136e-01,3.045114200259154136e-01,1.000000000000000888e+00
1.000000000000000666e+00,9.700846247725076754e-01,9.700846247725076754e-01,1.000000000000000666e+00
1.000000000000000666e+00,7.709512030028603524e-01,7.709512030028603524e-01,1.000000000000000666e+00
1.000000000000000888e+00,2.222131276036000691e-01,2.222131276036000691e-01,1.000000000000000888e+00
1.000000000000000888e+00,1.772077820382481073e-02,1.772077820382481073e-02,1.000000000000000888e+00
1.000000000000000888e+00,6.090360112374715307e-01,6.090360112374715307e-01,1.000000000000000888e+00
1.000000000000000888e+00,9.657245767986868401e-01,9.657245767986868401e-01,1.000000000000000888e+00
1.000000000000000444e+00,2.786302127259908668e-01,2.786302127259908668e-01,1.000000000000000444e+00
1.000000000000000444e+00,1.890507504533414651e-02,1.890507504533414651e-02,1.000000000000000444e+00
1.000000000000000222e+00,4.394969233198654512e-01,4.394969233198654512e-01,1.000000000000000222e+00
1.000000000000000444e+00,9.450629494349511717e-01,9.450629494349511717e-01,1.000000000000000444e+00
1.000000000000000666e+00,7.670293206079550341e-01,7.670293206079550341e-01,1.000000000000000666e+00
1.000000000000000888e+00,4.465835235822468441e-02,4.465835235822468441e-02,1.000000000000000888e+00
1.000000000000000888e+00,3.463712517469734187e-01,3.463712517469734187e-01,1.000000000000000888e+00
1.000000000000001332e+00,9.498890312408228009e-01,9.498890312408228009e-01,1.000000000000001332e+00
1.000000000000001332e+00,8.691571188555733407e-01,8.691571188555733407e-01,1.000000000000001332e+00
1.000000000000001332e+00,3.221215501988262675e-01,3.221215501988262675e-01,1.000000000000001332e+00
1.000000000000001110e+00,1.312824535368220524e-02,1.312824535368220524e-02,1.000000000000001110e+00
1.000000000000000888e+00,6.696039181127855233e-01,6.696039181127855233e-01,1.000000000000000888e+00
1.000000000000000444e+00,9.431668045468475370e-01,9.431668045468475370e-01,1.000000000000000444e+00
1.000000000000000444e+00,3.117212752427360734e-01,3.117212752427360734e-01,1.000000000000000444e+00
1.000000000000000444e+00,2.406291010930150520e-04,2.406291010930150520e-04,1.000000000000000444e+00
1.000000000000000666e+00,3.218392696392551877e-01,3.218392696392551877e-01,1.000000000000000666e+00
1.000000000000000666e+00,9.283290315304472129e-01,9.283290315304472129e-01,1.000000000000000666e+00
1.000000000000000444e+00,7.185307526792832356e-01,7.185307526792832356e-01,1.000000000000000444e+00
1.000000000000000444e+00,2.250779090640953051e-02,2.250779090640953051e-02,1.000000000000000444e+00
1.000000000000000444e+00,3.269703367345545564e-01,3.269703367345545564e-01,1.000000000000000444e+00
1.000000000000000444e+00,8.890537058154903693e-01,8.890537058154903693e-01,1.000000000000000444e+00
1.000000000000000444e+00,9.426484409215558635e-01,9.426484409215558635e-01,1.000000000000000444e+00
1.000000000000000666e+00,3.697679363547028975e-01,3.697679363547028975e-01,1.000000000000000666e+00
1.000000000000000444e+00,2.562582609146987767e-02,2.562582609146987767e-02,1.000000000000000444e+00
1.000000000000000666e+00,7.318140711581598845e-01,7.318140711581598845e-01,1.000000000000000666e+00
1.000000000000000666e+00,9.454697335560682259e-01,9.454697335560682259e-01,1.000000000000000666e+00
1.000000000000000888e+00,4.107360051145732549e-01,4.107360051145732549e-01,1.000000000000000888e+00
1.000000000000000888e+00,1.369758591548903004e-02,1.369758591548903004e-02,1.000000000000000888e+00
1.000000000000001110e+00,2.624654477259478758e-01,2.624654477259478758e-01,1.000000000000001110e+00
1.000000000000000888e+00,9.451241491999127220e-01,9.451241491999127220e-01,1.000000000000000888e+00
1.000000000000000888e+00,6.523220914572943618e-01,6.523220914572943618e-01,1.000000000000000888e+00
1.000000000000000444e+00,1.967115779772929396e-02,1.967115779772929396e-02,1.000000000000000444e+00
1.000000000000000444e+00,2.448157276989523790e-01,2.448157276989523790e-01,1.000000000000000444e+00
1.000000000000000666e+00,7.911744759227280488e-01,7.911744759227280488e-01,1.000000000000000666e+00
1.000000000000001110e+00,9.739813531132079927e-01,9.739813531132079927e-01,1.000000000000001110e+00
1.000000000000000888e+00,3.489743914433559580e-01,3.489743914433559580e-01,1.000000000000000888e+00
1.000000000000000888e+00,5.338574168457935198e-02,5.338574168457935198e-02,1.000000000000000888e+00
1.000000000000001110e+00,7.526507941698771242e-01,7.526507941698771242e-01,1.000000000000001110e+00
1.000000000000001110e+00,9.752063071306177333e-01,9.752063071306177333e-01,1.000000000000001110e+00
1.000000000000001110e+00,5.450182413599388154e-01,5.450182413599388154e-01,1.000000000000001110e+00
1.000000000000001332e+00,4.364929283538571125e-02,4.364929283538571125e-02,1.000000000000001332e+00
1.000000000000001332e+00,2.691355763126466183e-01,2.691355763126466183e-01,1.000000000000001332e+00
1.000000000000001332e+00,9.728741431148910657e-01,9.728741431148910657e-01,1.000000000000001332e+00
1.000000000000001332e+00,6.171869561255967085e-01,6.171869561255967085e-01,1.000000000000001332e+00
1.000000000000001332e+00,4.091532336204972697e-02,4.091532336204972697e-02,1.000000000000001332e+00
1.000000000000001332e+00,1.412838582300764145e-01,1.412838582300764145e-01,1.000000000000001332e+00
1.000000000000001110e+00,6.999600074642071679e-01,6.999600074642071679e-01,1.000000000000001110e+00
1.000000000000000888e+00,9.763065811062424659e-01,9.763065811062424659e-01,1.000000000000000888e+00
1.000000000000000666e+00,2.864224800418589956e-01,2.864224800418589956e-01,1.000000000000000666e+00
1.000000000000000444e+00,7.677754821890775405e-02,7.677754821890775405e-02,1.000000000000000444e+00
1.000000000000000222e+00,7.104716880086083819e-01,7.104716880086083819e-01,1.000000000000000222e+00
1.000000000000000222e+00,9.990533925585485253e-01,9.990533925585485253e-01,1.000000000000000222e+00
1.000000000000000222e+00,6.576597162175968903e-01,6.576597162175968903e-01,1.000000000000000222e+00
1.000000000000000222e+00,5.354571044601086349e-02,5.354571044601086349e-02,1.000000000000000222e+00
1.000000000000000444e+00,3.250363727490381827e-01,3.250363727490381827e-01,1.000000000000000444e+00
1.000000000000000222e+00,9.882592443468725119e-01,9.882592443468725119e-01,1.000000000000000222e+00
1.000000000000000222e+00,6.479482108518356265e-01,6.479482108518356265e-01,1.000000000000000222e+00
1.000000000000000000e+00,1.013012445335340628e-01,1.013012445335340628e-01,1.000000000000000000e+00
1.000000000000000000e+00,6.695586508141920801e-02,6.695586508141920801e-02,1.000000000000000000e+00
9.999999999999998890e-01,6.638261577597428520e-01,6.638261577597428520e-01,9.999999999999998890e-01
1.000000000000000222e+00,9.575161042073878637e-01,9.575161042073878637e-01,1.000000000000000222e+00
1.000000000000000000e+00,2.303484086494723693e-01,2.303484086494723693e-01,1.000000000000000000e+00
1.000000000000000444e+00,6.838274645401809515e-02,6.838274645401809515e-02,1.000000000000000444e+00
1.000000000000000444e+00,6.053764019623742998e-01,6.053764019623742998e-01,1.000000000000000444e+00
1.000000000000000444e+00,9.902312375835031766e-01,9.902312375835031766e-01,1.000000000000000444e+00
1.000000000000000444e+00,7.082507408925144965e-01,7.082507408925144965e-01,1.000000000000000444e+00
1.000000000000000444e+00,3.587668251477574288e-02,3.587668251477574288e-02,1.000000000000000444e+00
1.000000000000000444e+00,3.913048790417342770e-01,3.913048790417342770e-01,1.000000000000000444e+00
1.000000000000000222e+00,9.880838543295016319e-01,9.880838543295016319e-01,1.000000000000000222e+00
1.000000000000000444e+00,7.399476909433855276e-01,7.399476909433855276e-01,1.000000000000000444e+00
1.000000000000000666e+00,1.951672737338226438e-01,1.951672737338226438e-01,1.000000000000000666e+00
1.000000000000000888e+00,3.651522121074476934e-02,3.651522121074476934e-02,1.000000000000000888e+00
1.000000000000000888e+00,6.928997131698090284e-01,6.928997131698090284e-01,1.000000000000000888e+00
1.000000000000000666e+00,9.238901775931356308e-01,9.238901775931356308e-01,1.000000000000000666e+00
1.000000000000000666e+00,2.187845615163020452e-01,2.187845615163020452e-01,1.000000000000000666e+00
1.000000000000000888e+00,3.103392779244348865e-02,3.103392779244348865e-02,1.000000000000000888e+00
1.000000000000001110e+00,4.709856512143121288e-01,4.709856512143121288e-01,1.000000000000001110e+00
1.000000000000001332e+00,9.670083477621158607e-01,9.670083477621158607e-01,1.000000000000001332e+00
