1.000000000000000000e+00,1.000000000000000000e+00,1.000000000000000000e+00,1.000000000000000000e+00
1.000000000000000444e+00,5.065026664906704390e-01,5.065026664906704390e-01,1.000000000000000444e+00
1.000000000000000444e+00,-4.834965985535734090e-01,-4.834965985535734090e-01,1.000000000000000444e+00
1.000000000000000444e+00,-9.919118741576344878e-01,-9.919118741576344878e-01,1.000000000000000444e+00
1.000000000000000888e+00,-5.555250477560700340e-01,-5.555250477560700340e-01,1.000000000000000888e+00
1.000000000000001332e+00,4.835860747998621534e-01,4.835860747998621534e-01,1.000000000000001332e+00
1.000000000000001332e+00,9.999256661856774642e-01,9.999256661856774642e-01,1.000000000000001332e+00
1.000000000000001110e+00,4.626210541012153454e-01,4.626210541012153454e-01,1.000000000000001110e+00
1.000000000000001110e+00,-4.502205032075540792e-01,-4.502205032075540792e-01,1.000000000000001110e+00
1.000000000000001110e+00,-9.905770092234140733e-01,-9.905770092234140733e-01,1.000000000000001110e+00
1.000000000000001332e+00,-5.414431778048642840e-01,-5.414431778048642840e-01,1.000000000000001332e+00
1.000000000000001110e+00,4.088662817699660335e-01,4.088662817699660335e-01,1.000000000000001110e+00
1.000000000000001110e+00,9.954975171640314535e-01,9.954975171640314535e-01,1.000000000000001110e+00
1.000000000000000666e+00,5.899468791090416442e-01,5.899468791090416442e-01,1.000000000000000666e+00
1.000000000000000444e+00,-3.998914284058761592e-01,-3.998914284058761592e-01,1.000000000000000444e+00
1.000000000000000444e+00,-9.714356010563648391e-01,-9.714356010563648391e-01,1.000000000000000444e+00
1.000000000000000666e+00,-6.835487448350265893e-01,-6.835487448350265893e-01,1.000000000000000666e+00
1.000000000000001332e+00,2.663264322240035953e-01,2.663264322240035953e-01,1.000000000000001332e+00
1.000000000000000888e+00,9.809597038743821384e-01,9.809597038743821384e-01,1.000000000000000888e+00
1.000000000000000888e+00,6.330732294386804959e-01,6.330732294386804959e-01,1.000000000000000888e+00
1.000000000000000888e+00,-3.672817072636678781e-01,-3.672817072636678781e-01,1.000000000000000888e+00
1.000000000000000666e+00,-9.739565548637401093e-01,-9.739565548637401093e-01,1.000000000000000666e+00
1.000000000000000666e+00,-7.098940609999093709e-01,-7.098940609999093709e-01,1.000000000000000666e+00
1.000000000000000444e+00,2.318842428599606764e-01,2.318842428599606764e-01,1.000000000000000444e+00
1.000000000000000666e+00,9.635542152452359899e-01,9.635542152452359899e-01,1.000000000000000666e+00
1.000000000000001332e+00,7.526793681764520905e-01,7.526793681764520905e-01,1.000000000000001332e+00
1.000000000000000666e+00,-1.587565406019174619e-01,-1.587565406019174619e-01,1.000000000000000666e+00
1.000000000000000888e+00,-9.466872003522510681e-01,-9.466872003522510681e-01,1.000000000000000888e+00
1.000000000000001110e+00,-6.891961912772013310e-01,-6.891961912772013310e-01,1.000000000000001110e+00
1.000000000000001110e+00,3.061413228637701045e-01,3.061413228637701045e-01,1.000000000000001110e+00
1.000000000000000888e+00,9.641852348971143849e-01,9.641852348971143849e-01,1.000000000000000888e+00
1.000000000000000888e+00,7.614709157336894130e-01,7.614709157336894130e-01,1.000000000000000888e+00
1.000000000000000444e+00,-2.263115303130481260e-01,-2.263115303130481260e-01,1.000000000000000444e+00
1.000000000000001110e+00,-9.480620218996838044e-01,-9.480620218996838044e-01,1.000000000000001110e+00
1.000000000000001110e+00,-8.011202097576481940e-01,-8.011202097576481940e-01,1.000000000000001110e+00
1.000000000000001776e+00,2.463084218986527629e-03,2.463084218986527629e-03,1.000000000000001776e+00
1.000000000000001776e+00,8.601013999924456144e-01,8.601013999924456144e-01,1.000000000000001776e+00
1.000000000000001776e+00,8.828451937982531028e-01,8.828451937982531028e-01,1.000000000000001776e+00
1.000000000000001998e+00,2.888026233001841914e-02,2.888026233001841914e-02,1.000000000000001998e+00
1.000000000000002220e+00,-8.765250480987076820e-01,-8.765250480987076820e-01,1.000000000000002220e+00
1.000000000000002665e+00,-8.734469600912948550e-01,-8.734469600912948550e-01,1.000000000000002665e+00
1.000000000000002665e+00,-1.218343080737551154e-01,-1.218343080737551154e-01,1.000000000000002665e+00
1.000000000000003109e+00,8.032117680358661360e-01,8.032117680358661360e-01,1.000000000000003109e+00
1.000000000000003109e+00,9.389781539636747887e-01,9.389781539636747887e-01,1.000000000000003109e+00
1.000000000000002442e+00,1.238859026059102586e-01,1.238859026059102586e-01,1.000000000000002442e+00
1.000000000000002665e+00,-7.647048444851130000e-01,-7.647048444851130000e-01,1.000000000000002665e+00
1.000000000000002887e+00,-9.231950130340085270e-01,-9.231950130340085270e-01,1.000000000000002887e+00
1.000000000000002665e+00,-1.558297836018303628e-01,-1.558297836018303628e-01,1.000000000000002665e+00
1.000000000000003109e+00,8.112901819730934383e-01,8.112901819730934383e-01,1.000000000000003109e+00
1.000000000000003331e+00,8.905307050606652286e-01,8.905307050606652286e-01,1.000000000000003331e+00
1.000000000000003109e+00,-1.811704538484115723e-02,-1.811704538484115723e-02,1.000000000000003109e+00
1.000000000000003109e+00,-8.586900840430523596e-01,-8.586900840430523596e-01,1.000000000000003109e+00
1.000000000000002887e+00,-8.619703729914872659e-01,-8.619703729914872659e-01,1.000000000000002887e+00
1.000000000000003109e+00,1.680303837156624236e-02,1.680303837156624236e-02,1.000000000000003109e+00
1.000000000000002665e+00,8.777052399092264423e-01,8.777052399092264423e-01,1.000000000000002665e+00
1.000000000000002887e+00,8.429733230576587077e-01,8.429733230576587077e-01,1.000000000000002887e+00
1.000000000000002442e+00,-8.772080042335994587e-02,-8.772080042335994587e-02,1.000000000000002442e+00
1.000000000000002665e+00,-8.598657213037539382e-01,-8.598657213037539382e-01,1.000000000000002665e+00
1.000000000000002887e+00,-8.981355131510231349e-01,-8.981355131510231349e-01,1.000000000000002887e+00
1.000000000000002887e+00,-1.432057060798402337e-01,-1.432057060798402337e-01,1.000000000000002887e+00
1.000000000000003331e+00,7.112532438874772378e-01,7.112532438874772378e-01,1.000000000000003331e+00
1.000000000000003109e+00,9.767644342993401230e-01,9.767644342993401230e-01,1.000000000000003109e+00
1.000000000000003109e+00,3.793588687335158749e-01,3.793588687335158749e-01,1.000000000000003109e+00
1.000000000000002665e+00,-6.209305023093278919e-01,-6.209305023093278919e-01,1.000000000000002665e+00
1.000000000000002665e+00,-9.871219307159881939e-01,-9.871219307159881939e-01,1.000000000000002665e+00
1.000000000000002665e+00,-3.328830652960406700e-01,-3.328830652960406700e-01,1.000000000000002665e+00
1.000000000000002665e+00,6.514956162236740234e-01,6.514956162236740234e-01,1.000000000000002665e+00
1.000000000000002665e+00,9.740741991020153145e-01,9.740741991020153145e-01,1.000000000000002665e+00
1.000000000000002442e+00,2.304964883087924077e-01,2.304964883087924077e-01,1.000000000000002442e+00
1.000000000000002665e+00,-6.958592896255449967e-01,-6.958592896255449967e-01,1.000000000000002665e+00
1.000000000000003109e+00,-9.700162836754561146e-01,-9.700162836754561146e-01,1.000000000000003109e+00
1.000000000000003109e+00,-3.529614020051691781e-01,-3.529614020051691781e-01,1.000000000000003109e+00
1.000000000000002665e+00,6.149463936645229722e-01,6.149463936645229722e-01,1.000000000000002665e+00
1.000000000000002887e+00,9.997672249596388783e-01,9.997672249596388783e-01,1.000000000000002887e+00
1.000000000000003331e+00,4.336556303476297169e-01,4.336556303476297169e-01,1.000000000000003331e+00
1.000000000000003331e+00,-4.858579893581118636e-01,-4.858579893581118636e-01,1.000000000000003331e+00
1.000000000000003553e+00,-9.911426882849094788e-01,-9.911426882849094788e-01,1.000000000000003553e+00
1.000000000000003553e+00,-4.950902842508770885e-01,-4.950902842508770885e-01,1.000000000000003553e+00
1.000000000000003331e+00,3.836596785492127903e-01,3.836596785492127903e-01,1.000000000000003331e+00
1.000000000000003331e+00,9.693936768048162511e-01,9.693936768048162511e-01,1.000000000000003331e+00
1.000000000000003331e+00,6.846051471597525140e-01,6.846051471597525140e-01,1.000000000000003331e+00
1.000000000000002887e+00,-2.130143662644807256e-01,-2.130143662644807256e-01,1.000000000000002887e+00
1.000000000000002665e+00,-9.515661164619804158e-01,-9.515661164619804158e-01,1.000000000000002665e+00
1.000000000000002220e+00,-7.295144080965358935e-01,-7.295144080965358935e-01,1.000000000000002220e+00
1.000000000000002220e+00,2.753779830140756779e-01,2.753779830140756779e-01,1.000000000000002220e+00
1.000000000000002220e+00,9.383497478626704469e-01,9.383497478626704469e-01,1.000000000000002220e+00
1.000000000000002220e+00,8.356006351261582310e-01,8.356006351261582310e-01,1.000000000000002220e+00
1.000000000000002220e+00,-9.833003782439952989e-02,-9.833003782439952989e-02,1.000000000000002220e+00
1.000000000000002442e+00,-8.775636382003766389e-01,-8.775636382003766389e-01,1.000000000000002442e+00
1.000000000000002665e+00,-7.956700445110930220e-01,-7.956700445110930220e-01,1.000000000000002665e+00
1.000000000000001998e+00,2.984600630295922152e-02,2.984600630295922152e-02,1.000000000000001998e+00
1.000000000000001776e+00,9.165376485313720956e-01,9.165376485313720956e-01,1.000000000000001776e+00
1.000000000000001554e+00,8.562556667727448945e-01,8.562556667727448945e-01,1.000000000000001554e+00
1.000000000000001776e+00,-1.262120425951496205e-02,-1.262120425951496205e-02,1.000000000000001776e+00
1.000000000000001554e+00,-8.792743011174433132e-01,-8.792743011174433132e-01,1.000000000000001554e+00
1.000000000000001332e+00,-8.288314020061862131e-01,-8.288314020061862131e-01,1.000000000000001332e+00
1.000000000000001776e+00,1.334985220857723975e-01,1.334985220857723975e-01,1.000000000000001776e+00
1.000000000000001776e+00,8.970960788599587898e-01,8.970960788599587898e-01,1.000000000000001776e+00
1.000000000000001554e+00,8.728454706980059985e-01,8.728454706980059985e-01,1.000000000000001554e+00
1.000000000000001554e+00,-8.365939870151745117e-03,-8.365939870151745117e-03,1.000000000000001554e+00
1.000000000000001554e+00,-8.610963613238671321e-01,-8.610963613238671321e-01,1.000000000000001554e+00
