1.000000000000000000e+00,1.000000000000000000e+00,1.000000000000000000e+00,1.000000000000000000e+00
1.000000000000000000e+00,6.234272511707654729e-01,6.234272511707654729e-01,1.000000000000000000e+00
1.000000000000000222e+00,5.171817697196209873e-02,5.171817697196209873e-02,1.000000000000000222e+00
1.000000000000000222e+00,2.801201505634199340e-01,2.801201505634199340e-01,1.000000000000000222e+00
1.000000000000000444e+00,9.231233177169073656e-01,9.231233177169073656e-01,1.000000000000000444e+00
1.000000000000000444e+00,8.094455588684438263e-01,8.094455588684438263e-01,1.000000000000000444e+00
1.000000000000000444e+00,1.252974609799028527e-01,1.252974609799028527e-01,1.000000000000000444e+00
1.000000000000000444e+00,1.436049536966383378e-01,1.436049536966383378e-01,1.000000000000000444e+00
1.000000000000000666e+00,7.467340694599087225e-01,7.467340694599087225e-01,1.000000000000000666e+00
1.000000000000000888e+00,9.783571436033953184e-01,9.783571436033953184e-01,1.000000000000000888e+00
1.000000000000000888e+00,4.179876474832836530e-01,4.179876474832836530e-01,1.000000000000000888e+00
1.000000000000000888e+00,1.099200892023616261e-03,1.099200892023616261e-03,1.000000000000000888e+00
1.000000000000001332e+00,4.295261436203308136e-01,4.295261436203308136e-01,1.000000000000001332e+00
1.000000000000001110e+00,9.645973509373912957e-01,9.645973509373912957e-01,1.000000000000001110e+00
1.000000000000001332e+00,7.949749429447495741e-01,7.949749429447495741e-01,1.000000000000001332e+00
1.000000000000000888e+00,1.114766908156739622e-01,1.114766908156739622e-01,1.000000000000000888e+00
1.000000000000000888e+00,1.192608983110514526e-01,1.192608983110514526e-01,1.000000000000000888e+00
1.000000000000000888e+00,7.685995275651767988e-01,7.685995275651767988e-01,1.000000000000000888e+00
1.000000000000000666e+00,9.661564365377810493e-01,9.661564365377810493e-01,1.000000000000000666e+00
1.000000000000000666e+00,3.802824050960544877e-01,3.802824050960544877e-01,1.000000000000000666e+00
1.000000000000000444e+00,7.208042159141114791e-04,7.208042159141114791e-04,1.000000000000000444e+00
1.000000000000000666e+00,5.308067242202783032e-01,5.308067242202783032e-01,1.000000000000000666e+00
1.000000000000000666e+00,9.998636014484174606e-01,9.998636014484174606e-01,1.000000000000000666e+00
1.000000000000000666e+00,5.873729213287754991e-01,5.873729213287754991e-01,1.000000000000000666e+00
1.000000000000001110e+00,8.523970717580264811e-03,8.523970717580264811e-03,1.000000000000001110e+00
1.000000000000000888e+00,2.973344864203313898e-01,2.973344864203313898e-01,1.000000000000000888e+00
1.000000000000001110e+00,9.309948961050353855e-01,9.309948961050353855e-01,1.000000000000001110e+00
1.000000000000001110e+00,7.719692893462769545e-01,7.719692893462769545e-01,1.000000000000001110e+00
1.000000000000000888e+00,8.582954194348789423e-02,8.582954194348789423e-02,1.000000000000000888e+00
1.000000000000000444e+00,2.261437334870666782e-01,2.261437334870666782e-01,1.000000000000000444e+00
1.000000000000000666e+00,8.941763359869131511e-01,8.941763359869131511e-01,1.000000000000000666e+00
1.000000000000000666e+00,8.873870070248124353e-01,8.873870070248124353e-01,1.000000000000000666e+00
1.000000000000001110e+00,2.358611545115045782e-01,2.358611545115045782e-01,1.000000000000001110e+00
1.000000000000000888e+00,7.549418842334282287e-02,7.549418842334282287e-02,1.000000000000000888e+00
1.000000000000000888e+00,7.654657991428513997e-01,7.654657991428513997e-01,1.000000000000000888e+00
1.000000000000001110e+00,9.546164051759913338e-01,9.546164051759913338e-01,1.000000000000001110e+00
1.000000000000001110e+00,3.809467275636423400e-01,3.809467275636423400e-01,1.000000000000001110e+00
1.000000000000000888e+00,9.978298020110909494e-03,9.978298020110909494e-03,1.000000000000000888e+00
1.000000000000000444e+00,5.896310101107302692e-01,5.896310101107302692e-01,1.000000000000000444e+00
1.000000000000000888e+00,9.986779944140972143e-01,9.986779944140972143e-01,1.000000000000000888e+00
1.000000000000000888e+00,6.304088577338841093e-01,6.304088577338841093e-01,1.000000000000000888e+00
1.000000000000001332e+00,1.982307918155498672e-02,1.982307918155498672e-02,1.000000000000001332e+00
1.000000000000001110e+00,3.204066090531902944e-01,3.204066090531902944e-01,1.000000000000001110e+00
1.000000000000001110e+00,9.503758536230073606e-01,9.503758536230073606e-01,1.000000000000001110e+00
1.000000000000001332e+00,8.180560452905862867e-01,8.180560452905862867e-01,1.000000000000001332e+00
1.000000000000001110e+00,1.671172321184286602e-01,1.671172321184286602e-01,1.000000000000001110e+00
1.000000000000001332e+00,8.161740640279124825e-02,8.161740640279124825e-02,1.000000000000001332e+00
1.000000000000001110e+00,7.122474229401392076e-01,7.122474229401392076e-01,1.000000000000001110e+00
1.000000000000001110e+00,9.882509279106133082e-01,9.882509279106133082e-01,1.000000000000001110e+00
1.000000000000001110e+00,4.785625238877723175e-01,4.785625238877723175e-01,1.000000000000001110e+00
1.000000000000001332e+00,7.638750411176786770e-03,7.638750411176786770e-03,1.000000000000001332e+00
1.000000000000001332e+00,3.268994553216436616e-01,3.268994553216436616e-01,1.000000000000001332e+00
1.000000000000001554e+00,9.214459249116239148e-01,9.214459249116239148e-01,1.000000000000001554e+00
1.000000000000001554e+00,8.084767448756500219e-01,8.084767448756500219e-01,1.000000000000001554e+00
1.000000000000001332e+00,1.292924675965196613e-01,1.292924675965196613e-01,1.000000000000001332e+00
1.000000000000001332e+00,8.327535405251812461e-02,8.327535405251812461e-02,1.000000000000001332e+00
1.000000000000001110e+00,7.788114037625264441e-01,7.788114037625264441e-01,1.000000000000001110e+00
1.000000000000001110e+00,9.127885020060466648e-01,9.127885020060466648e-01,1.000000000000001110e+00
1.000000000000001332e+00,2.235444010527831704e-01,2.235444010527831704e-01,1.000000000000001332e+00
1.000000000000001776e+00,3.745603576133743617e-02,3.745603576133743617e-02,1.000000000000001776e+00
1.000000000000001332e+00,5.760250853011492644e-01,5.760250853011492644e-01,1.000000000000001332e+00
1.000000000000001332e+00,9.994927999375691208e-01,9.994927999375691208e-01,1.000000000000001332e+00
1.000000000000001332e+00,5.477105497300361892e-01,5.477105497300361892e-01,1.000000000000001332e+00
1.000000000000001332e+00,4.815814191857725746e-03,4.815814191857725746e-03,1.000000000000001332e+00
1.000000000000001332e+00,3.443338838054266215e-01,3.443338838054266215e-01,1.000000000000001332e+00
1.000000000000001332e+00,9.606437887550917099e-01,9.606437887550917099e-01,1.000000000000001332e+00
1.000000000000001332e+00,7.174244380775025576e-01,7.174244380775025576e-01,1.000000000000001332e+00
1.000000000000001332e+00,5.515470845318609650e-02,5.515470845318609650e-02,1.000000000000001332e+00
1.000000000000001332e+00,2.293613518919309924e-01,2.293613518919309924e-01,1.000000000000001332e+00
1.000000000000001332e+00,8.711804574325653361e-01,8.711804574325653361e-01,1.000000000000001332e+00
1.000000000000001332e+00,8.913728256130121208e-01,8.913728256130121208e-01,1.000000000000001332e+00
1.000000000000001554e+00,2.214427395715370395e-01,2.214427395715370395e-01,1.000000000000001554e+00
1.000000000000001776e+00,6.917744440511985893e-02,6.917744440511985893e-02,1.000000000000001776e+00
1.000000000000001554e+00,6.686641089629482559e-01,6.686641089629482559e-01,1.000000000000001554e+00
1.000000000000001776e+00,9.889973407399224037e-01,9.889973407399224037e-01,1.000000000000001776e+00
1.000000000000001776e+00,5.286913586595121117e-01,5.286913586595121117e-01,1.000000000000001776e+00
1.000000000000001554e+00,1.604473195709829603e-02,1.604473195709829603e-02,1.000000000000001554e+00
1.000000000000001110e+00,3.244938205805761311e-01,3.244938205805761311e-01,1.000000000000001110e+00
1.000000000000001332e+00,9.622403598440119055e-01,9.622403598440119055e-01,1.000000000000001332e+00
1.000000000000001332e+00,7.186027587728396337e-01,7.186027587728396337e-01,1.000000000000001332e+00
1.000000000000001332e+00,7.537230869709607428e-02,7.537230869709607428e-02,1.000000000000001332e+00
1.000000000000001332e+00,1.748060654558177829e-01,1.748060654558177829e-01,1.000000000000001332e+00
1.000000000000001332e+00,8.596424367036434866e-01,8.596424367036434866e-01,1.000000000000001332e+00
1.000000000000001332e+00,8.572608549159723701e-01,8.572608549159723701e-01,1.000000000000001332e+00
1.000000000000001332e+00,2.110683748740066201e-01,2.110683748740066201e-01,1.000000000000001332e+00
1.000000000000001110e+00,3.768752842746797560e-02,3.768752842746797560e-02,1.000000000000001110e+00
1.000000000000000666e+00,6.746115558597927109e-01,6.746115558597927109e-01,1.000000000000000666e+00
1.000000000000000666e+00,9.690183175665654236e-01,9.690183175665654236e-01,1.000000000000000666e+00
1.000000000000000888e+00,3.314263714079204171e-01,3.314263714079204171e-01,1.000000000000000888e+00
1.000000000000000888e+00,1.991502322635330113e-02,1.991502322635330113e-02,1.000000000000000888e+00
1.000000000000001110e+00,5.321835729162650575e-01,5.321835729162650575e-01,1.000000000000001110e+00
1.000000000000001110e+00,9.984794328308412847e-01,9.984794328308412847e-01,1.000000000000001110e+00
1.000000000000000888e+00,6.412329007598998043e-01,6.412329007598998043e-01,1.000000000000000888e+00
1.000000000000000666e+00,3.632744678391794380e-02,3.632744678391794380e-02,1.000000000000000666e+00
1.000000000000000888e+00,2.873169423983399362e-01,2.873169423983399362e-01,1.000000000000000888e+00
1.000000000000001110e+00,9.357729659128907196e-01,9.357729659128907196e-01,1.000000000000001110e+00
1.000000000000000888e+00,7.626505325421389925e-01,7.626505325421389925e-01,1.000000000000000888e+00
1.000000000000000888e+00,7.911952693280863147e-02,7.911952693280863147e-02,1.000000000000000888e+00
1.000000000000000888e+00,1.585575127958919750e-01,1.585575127958919750e-01,1.000000000000000888e+00
1.000000000000001110e+00,8.487530917490532234e-01,8.487530917490532234e-01,1.000000000000001110e+00
1.000000000000001110e+00,9.350076914390055283e-01,9.350076914390055283e-01,1.000000000000001110e+00
