1.000000000000000000e+00,1.000000000000000000e+00,1.000000000000000000e+00,1.000000000000000000e+00
1.000000000000000000e+00,7.009886983654256554e-01,7.009886983654256554e-01,1.000000000000000000e+00
1.000000000000000000e+00,1.305555969875079325e-01,1.305555969875079325e-01,1.000000000000000000e+00
1.000000000000000222e+00,1.155467176219531350e-01,1.155467176219531350e-01,1.000000000000000222e+00
1.000000000000000222e+00,8.407845455319129524e-01,8.407845455319129524e-01,1.000000000000000222e+00
1.000000000000000222e+00,8.071797156683463426e-01,8.071797156683463426e-01,1.000000000000000222e+00
1.000000000000000000e+00,7.155843056829805371e-02,7.155843056829805371e-02,1.000000000000000000e+00
9.999999999999998890e-01,2.244245011396322764e-01,2.244245011396322764e-01,9.999999999999998890e-01
1.000000000000000222e+00,8.375353188035120633e-01,8.375353188035120633e-01,1.000000000000000222e+00
1.000000000000000222e+00,9.694541151023898795e-01,9.694541151023898795e-01,1.000000000000000222e+00
1.000000000000000222e+00,5.250435841417322447e-01,5.250435841417322447e-01,1.000000000000000222e+00
1.000000000000000444e+00,2.625183731111052632e-02,2.625183731111052632e-02,1.000000000000000444e+00
1.000000000000000444e+00,3.053135331469730707e-01,3.053135331469730707e-01,1.000000000000000444e+00
1.000000000000000666e+00,9.778014238194632224e-01,9.778014238194632224e-01,1.000000000000000666e+00
1.000000000000000666e+00,5.678556606594818978e-01,5.678556606594818978e-01,1.000000000000000666e+00
1.000000000000000888e+00,7.644246680328092847e-04,7.644246680328092847e-04,1.000000000000000888e+00
1.000000000000000888e+00,4.204328874681694805e-01,4.204328874681694805e-01,1.000000000000000888e+00
1.000000000000000888e+00,9.479743224553418557e-01,9.479743224553418557e-01,1.000000000000000888e+00
1.000000000000000666e+00,8.819144080498466653e-01,8.819144080498466653e-01,1.000000000000000666e+00
1.000000000000000888e+00,3.400562882137391219e-01,3.400562882137391219e-01,1.000000000000000888e+00
1.000000000000001332e+00,2.900932466327610371e-03,2.900932466327610371e-03,1.000000000000001332e+00
1.000000000000001332e+00,5.469927746793600276e-01,5.469927746793600276e-01,1.000000000000001332e+00
1.000000000000001554e+00,9.869829021025828819e-01,9.869829021025828819e-01,1.000000000000001554e+00
1.000000000000001554e+00,3.138922212598094230e-01,3.138922212598094230e-01,1.000000000000001554e+00
1.000000000000001332e+00,4.206654726952990808e-02,4.206654726952990808e-02,1.000000000000001332e+00
1.000000000000001110e+00,6.213920358134763511e-01,6.213920358134763511e-01,1.000000000000001110e+00
1.000000000000001110e+00,9.974420543448994092e-01,9.974420543448994092e-01,1.000000000000001110e+00
1.000000000000001110e+00,7.466250277163125615e-01,7.466250277163125615e-01,1.000000000000001110e+00
1.000000000000001110e+00,1.715994417310590658e-01,1.715994417310590658e-01,1.000000000000001110e+00
1.000000000000000888e+00,7.656049819706917114e-02,7.656049819706917114e-02,1.000000000000000888e+00
1.000000000000000888e+00,7.833450944374518166e-01,7.833450944374518166e-01,1.000000000000000888e+00
1.000000000000000666e+00,8.630330276748277019e-01,8.630330276748277019e-01,1.000000000000000666e+00
1.000000000000000888e+00,1.123270918839841953e-01,1.123270918839841953e-01,1.000000000000000888e+00
1.000000000000000888e+00,1.746657961432682982e-01,1.746657961432682982e-01,1.000000000000000888e+00
1.000000000000000888e+00,7.958141936089995205e-01,7.958141936089995205e-01,1.000000000000000888e+00
1.000000000000000666e+00,9.842986559277286940e-01,9.842986559277286940e-01,1.000000000000000666e+00
1.000000000000000888e+00,5.772262937932279847e-01,5.772262937932279847e-01,1.000000000000000888e+00
1.000000000000000666e+00,4.884042365935398200e-02,4.884042365935398200e-02,1.000000000000000666e+00
1.000000000000000666e+00,2.437445408550990011e-01,2.437445408550990011e-01,1.000000000000000666e+00
1.000000000000000666e+00,9.504468825201805027e-01,9.504468825201805027e-01,1.000000000000000666e+00
1.000000000000000666e+00,6.408785418497381370e-01,6.408785418497381370e-01,1.000000000000000666e+00
1.000000000000001110e+00,9.236088969190647813e-03,9.236088969190647813e-03,1.000000000000001110e+00
1.000000000000000888e+00,3.623226340551196634e-01,3.623226340551196634e-01,1.000000000000000888e+00
1.000000000000000888e+00,9.224069446855955867e-01,9.224069446855955867e-01,1.000000000000000888e+00
1.000000000000001332e+00,9.122801696586693154e-01,9.122801696586693154e-01,1.000000000000001332e+00
1.000000000000001110e+00,3.924326121737806705e-01,3.924326121737806705e-01,1.000000000000001110e+00
1.000000000000000888e+00,8.123819646480012757e-05,8.123819646480012757e-05,1.000000000000000888e+00
1.000000000000000888e+00,4.756966998734624141e-01,4.756966998734624141e-01,1.000000000000000888e+00
1.000000000000000888e+00,9.984983593718279593e-01,9.984983593718279593e-01,1.000000000000000888e+00
1.000000000000000888e+00,3.837898656137948006e-01,3.837898656137948006e-01,1.000000000000000888e+00
1.000000000000000888e+00,1.964052420712292246e-02,1.964052420712292246e-02,1.000000000000000888e+00
1.000000000000001332e+00,5.654873083904176090e-01,5.654873083904176090e-01,1.000000000000001332e+00
1.000000000000001332e+00,9.897401943375023770e-01,9.897401943375023770e-01,1.000000000000001332e+00
1.000000000000001110e+00,7.894449874864838401e-01,7.894449874864838401e-01,1.000000000000001110e+00
1.000000000000001110e+00,2.163765259041681155e-01,2.163765259041681155e-01,1.000000000000001110e+00
1.000000000000001332e+00,4.537316799873214457e-02,4.537316799873214457e-02,1.000000000000001332e+00
1.000000000000001110e+00,7.201628609586576690e-01,7.201628609586576690e-01,1.000000000000001110e+00
1.000000000000000888e+00,9.106835854920816153e-01,9.106835854920816153e-01,1.000000000000000888e+00
1.000000000000001332e+00,1.613390333216264683e-01,1.613390333216264683e-01,1.000000000000001332e+00
1.000000000000001332e+00,1.294191749242202816e-01,1.294191749242202816e-01,1.000000000000001332e+00
1.000000000000001332e+00,7.501257542111622323e-01,7.501257542111622323e-01,1.000000000000001332e+00
1.000000000000001110e+00,9.943109358077611981e-01,9.943109358077611981e-01,1.000000000000001110e+00
1.000000000000001332e+00,6.281172602178479725e-01,6.281172602178479725e-01,1.000000000000001332e+00
1.000000000000001332e+00,7.751984428247962744e-02,7.751984428247962744e-02,1.000000000000001332e+00
1.000000000000001110e+00,1.876183415367344010e-01,1.876183415367344010e-01,1.000000000000001110e+00
1.000000000000000666e+00,9.131582418662367306e-01,9.131582418662367306e-01,1.000000000000000666e+00
1.000000000000000888e+00,7.110102984522512770e-01,7.110102984522512770e-01,1.000000000000000888e+00
1.000000000000000444e+00,2.716172843097944267e-02,2.716172843097944267e-02,1.000000000000000444e+00
1.000000000000000444e+00,3.054398361517211002e-01,3.054398361517211002e-01,1.000000000000000444e+00
1.000000000000000444e+00,8.919525064805898795e-01,8.919525064805898795e-01,1.000000000000000444e+00
1.000000000000000222e+00,9.384715711283291295e-01,9.384715711283291295e-01,1.000000000000000222e+00
1.000000000000000444e+00,4.454930375059859560e-01,4.454930375059859560e-01,1.000000000000000444e+00
1.000000000000000888e+00,5.047633012182667356e-03,5.047633012182667356e-03,1.000000000000000888e+00
1.000000000000000666e+00,4.055026831345143190e-01,4.055026831345143190e-01,1.000000000000000666e+00
1.000000000000000444e+00,9.986538562462508040e-01,9.986538562462508040e-01,1.000000000000000444e+00
1.000000000000000444e+00,4.566225879594237314e-01,4.566225879594237314e-01,1.000000000000000444e+00
1.000000000000000666e+00,5.447140141881245956e-03,5.447140141881245956e-03,1.000000000000000666e+00
1.000000000000000444e+00,5.080061384550362824e-01,5.080061384550362824e-01,1.000000000000000444e+00
1.000000000000000666e+00,9.768789609784016559e-01,9.768789609784016559e-01,1.000000000000000666e+00
1.000000000000000666e+00,8.290922542817841245e-01,8.290922542817841245e-01,1.000000000000000666e+00
1.000000000000000888e+00,2.641831423021461789e-01,2.641831423021461789e-01,1.000000000000000888e+00
1.000000000000000888e+00,2.225694425830118672e-02,2.225694425830118672e-02,1.000000000000000888e+00
1.000000000000000888e+00,6.527301692463854943e-01,6.527301692463854943e-01,1.000000000000000888e+00
1.000000000000000888e+00,9.489848543609777920e-01,9.489848543609777920e-01,1.000000000000000888e+00
1.000000000000000888e+00,2.177517499260933631e-01,2.177517499260933631e-01,1.000000000000000888e+00
1.000000000000000888e+00,8.961869823721332895e-02,8.961869823721332895e-02,1.000000000000000888e+00
1.000000000000000666e+00,7.008770928999313865e-01,7.008770928999313865e-01,1.000000000000000666e+00
1.000000000000000666e+00,9.993644422639362812e-01,9.993644422639362812e-01,1.000000000000000666e+00
1.000000000000000888e+00,6.772350282950897471e-01,6.772350282950897471e-01,1.000000000000000888e+00
1.000000000000000888e+00,1.116531926098421890e-01,1.116531926098421890e-01,1.000000000000000888e+00
1.000000000000000666e+00,1.378312607287826008e-01,1.378312607287826008e-01,1.000000000000000666e+00
1.000000000000000666e+00,8.669094062730191563e-01,8.669094062730191563e-01,1.000000000000000666e+00
1.000000000000000666e+00,7.765911247277367258e-01,7.765911247277367258e-01,1.000000000000000666e+00
1.000000000000000666e+00,5.446853179945679302e-02,5.446853179945679302e-02,1.000000000000000666e+00
1.000000000000000666e+00,2.506984510719886816e-01,2.506984510719886816e-01,1.000000000000000666e+00
1.000000000000000444e+00,8.567994158024232476e-01,8.567994158024232476e-01,1.000000000000000444e+00
1.000000000000000000e+00,9.602668813830832484e-01,9.602668813830832484e-01,1.000000000000000000e+00
1.000000000000000222e+00,4.986285551939811933e-01,4.986285551939811933e-01,1.000000000000000222e+00
1.000000000000000222e+00,1.742660095034967438e-02,1.742660095034967438e-02,1.000000000000000222e+00
1.000000000000000222e+00,3.378127555650751734e-01,3.378127555650751734e-01,1.000000000000000222e+00
1.000000000000000444e+00,9.875116886469066380e-01,9.875116886469066380e-01,1.000000000000000444e+00
