1.000000000000000000e+00,1.000000000000000000e+00,1.000000000000000000e+00,1.000000000000000000e+00
9.999999999999996669e-01,4.906734893757995764e-01,4.906734893757995764e-01,9.999999999999996669e-01
9.999999999999992228e-01,-4.574812890286666933e-01,-4.574812890286666933e-01,9.999999999999992228e-01
9.999999999999992228e-01,-9.896945017428105951e-01,-9.896945017428105951e-01,9.999999999999992228e-01
9.999999999999997780e-01,-4.374868359082559888e-01,-4.374868359082559888e-01,9.999999999999997780e-01
9.999999999999996669e-01,5.479815375925914944e-01,5.479815375925914944e-01,9.999999999999996669e-01
1.000000000000000000e+00,9.959378689259054118e-01,9.959378689259054118e-01,1.000000000000000000e+00
9.999999999999997780e-01,4.261538642831819157e-01,4.261538642831819157e-01,9.999999999999997780e-01
1.000000000000000000e+00,-6.097033316405362502e-01,-6.097033316405362502e-01,1.000000000000000000e+00
1.000000000000000000e+00,-9.782104523486003789e-01,-9.782104523486003789e-01,1.000000000000000000e+00
1.000000000000000444e+00,-4.507645872104578122e-01,-4.507645872104578122e-01,1.000000000000000444e+00
1.000000000000000666e+00,5.916853746365984268e-01,5.916853746365984268e-01,1.000000000000000666e+00
1.000000000000000222e+00,9.901764742487196846e-01,9.901764742487196846e-01,1.000000000000000222e+00
1.000000000000000222e+00,4.593695204761477635e-01,4.593695204761477635e-01,1.000000000000000222e+00
1.000000000000000444e+00,-4.277316102324700275e-01,-4.277316102324700275e-01,1.000000000000000444e+00
1.000000000000000444e+00,-9.904765031428703903e-01,-9.904765031428703903e-01,1.000000000000000444e+00
1.000000000000000444e+00,-5.593718000638322474e-01,-5.593718000638322474e-01,1.000000000000000444e+00
1.000000000000000222e+00,4.833992196092492533e-01,4.833992196092492533e-01,1.000000000000000222e+00
9.999999999999998890e-01,9.998298206401552424e-01,9.998298206401552424e-01,9.999999999999998890e-01
9.999999999999996669e-01,5.190992623200961775e-01,5.190992623200961775e-01,9.999999999999996669e-01
9.999999999999995559e-01,-5.319726516052414311e-01,-5.319726516052414311e-01,9.999999999999995559e-01
9.999999999999994449e-01,-9.948097535237337974e-01,-9.948097535237337974e-01,9.999999999999994449e-01
1.000000000000000222e+00,-5.350110616882899350e-01,-5.350110616882899350e-01,1.000000000000000222e+00
1.000000000000000444e+00,5.004603510420730927e-01,5.004603510420730927e-01,1.000000000000000444e+00
1.000000000000000666e+00,9.994202611294651373e-01,9.994202611294651373e-01,1.000000000000000666e+00
1.000000000000000666e+00,5.441323452353843404e-01,5.441323452353843404e-01,1.000000000000000666e+00
1.000000000000000888e+00,-4.602770020078676416e-01,-4.602770020078676416e-01,1.000000000000000888e+00
1.000000000000000888e+00,-9.832577575742598164e-01,-9.832577575742598164e-01,1.000000000000000888e+00
1.000000000000001110e+00,-5.730119996552270889e-01,-5.730119996552270889e-01,1.000000000000001110e+00
1.000000000000001332e+00,4.265162616104237747e-01,4.265162616104237747e-01,1.000000000000001332e+00
1.000000000000000666e+00,9.980930503674703136e-01,9.980930503674703136e-01,1.000000000000000666e+00
1.000000000000001110e+00,5.623089981122565417e-01,5.623089981122565417e-01,1.000000000000001110e+00
1.000000000000001332e+00,-4.205279432565759423e-01,-4.205279432565759423e-01,1.000000000000001332e+00
1.000000000000001332e+00,-9.790015203332114169e-01,-9.790015203332114169e-01,1.000000000000001332e+00
1.000000000000001332e+00,-7.062043105239923513e-01,-7.062043105239923513e-01,1.000000000000001332e+00
1.000000000000001332e+00,2.383842420297513365e-01,2.383842420297513365e-01,1.000000000000001332e+00
1.000000000000001554e+00,9.318492247156850983e-01,9.318492247156850983e-01,1.000000000000001554e+00
1.000000000000001110e+00,7.339838606564887957e-01,7.339838606564887957e-01,1.000000000000001110e+00
1.000000000000001332e+00,-2.013956230477016995e-01,-2.013956230477016995e-01,1.000000000000001332e+00
1.000000000000001332e+00,-9.424614154752789519e-01,-9.424614154752789519e-01,1.000000000000001332e+00
1.000000000000000888e+00,-6.869492882010128643e-01,-6.869492882010128643e-01,1.000000000000000888e+00
1.000000000000000888e+00,1.594918143048096315e-01,1.594918143048096315e-01,1.000000000000000888e+00
1.000000000000000666e+00,9.420880786379013383e-01,9.420880786379013383e-01,1.000000000000000666e+00
1.000000000000000888e+00,7.811149311236931236e-01,7.811149311236931236e-01,1.000000000000000888e+00
1.000000000000000888e+00,-1.993512023011140277e-01,-1.993512023011140277e-01,1.000000000000000888e+00
1.000000000000001110e+00,-9.202788845967606601e-01,-9.202788845967606601e-01,1.000000000000001110e+00
1.000000000000001776e+00,-8.118649803080466576e-01,-8.118649803080466576e-01,1.000000000000001776e+00
1.000000000000002220e+00,9.272854761882712293e-02,9.272854761882712293e-02,1.000000000000002220e+00
1.000000000000002442e+00,9.059812453798075094e-01,9.059812453798075094e-01,1.000000000000002442e+00
1.000000000000002220e+00,8.543470793248713058e-01,8.543470793248713058e-01,1.000000000000002220e+00
1.000000000000002665e+00,7.323476122274585887e-02,7.323476122274585887e-02,1.000000000000002665e+00
1.000000000000001998e+00,-8.046053824273071697e-01,-8.046053824273071697e-01,1.000000000000001998e+00
1.000000000000001776e+00,-9.040724962156467814e-01,-9.040724962156467814e-01,1.000000000000001776e+00
1.000000000000001998e+00,-1.070664496269052024e-01,-1.070664496269052024e-01,1.000000000000001998e+00
1.000000000000001998e+00,8.416068416476024661e-01,8.416068416476024661e-01,1.000000000000001998e+00
1.000000000000002665e+00,9.191450799945432015e-01,9.191450799945432015e-01,1.000000000000002665e+00
1.000000000000002665e+00,1.204848701992199955e-01,1.204848701992199955e-01,1.000000000000002665e+00
1.000000000000002442e+00,-7.953065473371483396e-01,-7.953065473371483396e-01,1.000000000000002442e+00
1.000000000000001998e+00,-9.184603689141692673e-01,-9.184603689141692673e-01,1.000000000000001998e+00
1.000000000000002442e+00,-5.148474535270769481e-02,-5.148474535270769481e-02,1.000000000000002442e+00
1.000000000000003109e+00,8.293538604611558895e-01,8.293538604611558895e-01,1.000000000000003109e+00
1.000000000000002887e+00,8.966555231877748611e-01,8.966555231877748611e-01,1.000000000000002887e+00
1.000000000000002442e+00,1.098195899040838863e-01,1.098195899040838863e-01,1.000000000000002442e+00
1.000000000000002442e+00,-7.882408518885246629e-01,-7.882408518885246629e-01,1.000000000000002442e+00
1.000000000000002220e+00,-9.295849383096178586e-01,-9.295849383096178586e-01,1.000000000000002220e+00
1.000000000000002665e+00,-1.963562745402953058e-01,-1.963562745402953058e-01,1.000000000000002665e+00
1.000000000000002442e+00,7.827901940786295976e-01,7.827901940786295976e-01,1.000000000000002442e+00
1.000000000000002665e+00,9.393677219385465627e-01,9.393677219385465627e-01,1.000000000000002665e+00
1.000000000000002887e+00,1.147758208593758766e-01,1.147758208593758766e-01,1.000000000000002887e+00
1.000000000000003109e+00,-7.169035017684204369e-01,-7.169035017684204369e-01,1.000000000000003109e+00
1.000000000000003553e+00,-9.805126083587536456e-01,-9.805126083587536456e-01,1.000000000000003553e+00
1.000000000000003553e+00,-3.737439293921203665e-01,-3.737439293921203665e-01,1.000000000000003553e+00
1.000000000000003553e+00,6.071819885710674214e-01,6.071819885710674214e-01,1.000000000000003553e+00
1.000000000000003553e+00,9.960206047988122702e-01,9.960206047988122702e-01,1.000000000000003553e+00
1.000000000000003553e+00,4.527377263546278341e-01,4.527377263546278341e-01,1.000000000000003553e+00
1.000000000000003553e+00,-5.194134971079320540e-01,-5.194134971079320540e-01,1.000000000000003553e+00
1.000000000000003331e+00,-9.926005737114271810e-01,-9.926005737114271810e-01,1.000000000000003331e+00
1.000000000000003553e+00,-6.080260189946048444e-01,-6.080260189946048444e-01,1.000000000000003553e+00
1.000000000000003553e+00,3.138148655200032056e-01,3.138148655200032056e-01,1.000000000000003553e+00
1.000000000000003775e+00,9.850441484346296184e-01,9.850441484346296184e-01,1.000000000000003775e+00
1.000000000000003997e+00,6.704729354687368748e-01,6.704729354687368748e-01,1.000000000000003997e+00
1.000000000000003775e+00,-3.383131221464858451e-01,-3.383131221464858451e-01,1.000000000000003775e+00
1.000000000000004441e+00,-9.825224904139910898e-01,-9.825224904139910898e-01,1.000000000000004441e+00
1.000000000000004441e+00,-5.584589271040963920e-01,-5.584589271040963920e-01,1.000000000000004441e+00
1.000000000000004663e+00,4.805799266269835668e-01,4.805799266269835668e-01,1.000000000000004663e+00
1.000000000000004663e+00,9.996117410443707829e-01,9.996117410443707829e-01,1.000000000000004663e+00
1.000000000000004885e+00,4.881528226129180914e-01,4.881528226129180914e-01,1.000000000000004885e+00
1.000000000000004219e+00,-4.038418740770917115e-01,-4.038418740770917115e-01,1.000000000000004219e+00
1.000000000000004219e+00,-9.892758631346574294e-01,-9.892758631346574294e-01,1.000000000000004219e+00
1.000000000000004441e+00,-6.340109295900770991e-01,-6.340109295900770991e-01,1.000000000000004441e+00
1.000000000000004441e+00,3.605111109559805405e-01,3.605111109559805405e-01,1.000000000000004441e+00
1.000000000000004441e+00,9.947594555430135932e-01,9.947594555430135932e-01,1.000000000000004441e+00
1.000000000000004885e+00,5.451219268442688559e-01,5.451219268442688559e-01,1.000000000000004885e+00
1.000000000000005107e+00,-4.906428025722853192e-01,-4.906428025722853192e-01,1.000000000000005107e+00
1.000000000000005107e+00,-9.928233357045105345e-01,-9.928233357045105345e-01,1.000000000000005107e+00
1.000000000000004663e+00,-6.111089821626913832e-01,-6.111089821626913832e-01,1.000000000000004663e+00
1.000000000000004663e+00,3.319270067875743080e-01,3.319270067875743080e-01,1.000000000000004663e+00
1.000000000000004885e+00,9.923190829493947485e-01,9.923190829493947485e-01,1.000000000000004885e+00
1.000000000000005107e+00,6.654002068989851582e-01,6.654002068989851582e-01,1.000000000000005107e+00
1.000000000000005329e+00,-3.371570716649673338e-01,-3.371570716649673338e-01,1.000000000000005329e+00
1.000000000000004885e+00,-9.707977958800273477e-01,-9.707977958800273477e-01,1.000000000000004885e+00
