1.000000000000000000e+00,1.000000000000000000e+00,1.000000000000000000e+00,1.000000000000000000e+00
1.000000000000000222e+00,4.862361788436516674e-01,4.862361788436516674e-01,1.000000000000000222e+00
1.000000000000000222e+00,-5.192496321826571837e-01,-5.192496321826571837e-01,1.000000000000000222e+00
1.000000000000000444e+00,-9.919685693929093384e-01,-9.919685693929093384e-01,1.000000000000000444e+00
1.000000000000001110e+00,-6.077176923126028640e-01,-6.077176923126028640e-01,1.000000000000001110e+00
1.000000000000001110e+00,3.536851672172734995e-01,3.536851672172734995e-01,1.000000000000001110e+00
1.000000000000001776e+00,9.603184279968447479e-01,9.603184279968447479e-01,1.000000000000001776e+00
1.000000000000001554e+00,7.432195979162959931e-01,7.432195979162959931e-01,1.000000000000001554e+00
1.000000000000001776e+00,-9.648333274134113235e-02,-9.648333274134113235e-02,1.000000000000001776e+00
1.000000000000001554e+00,-9.082665807911121103e-01,-9.082665807911121103e-01,1.000000000000001554e+00
1.000000000000001332e+00,-7.653832183275037782e-01,-7.653832183275037782e-01,1.000000000000001332e+00
1.000000000000001110e+00,6.109820624582984472e-02,6.109820624582984472e-02,1.000000000000001110e+00
1.000000000000001332e+00,8.507551073048825740e-01,8.507551073048825740e-01,1.000000000000001332e+00
1.000000000000001332e+00,8.892103191774674009e-01,8.892103191774674009e-01,1.000000000000001332e+00
1.000000000000001110e+00,1.357630136578162616e-01,1.357630136578162616e-01,1.000000000000001110e+00
1.000000000000000888e+00,-7.033998868115900471e-01,-7.033998868115900471e-01,1.000000000000000888e+00
1.000000000000000888e+00,-9.564860339450267368e-01,-9.564860339450267368e-01,1.000000000000000888e+00
1.000000000000001110e+00,-2.563303524945215739e-01,-2.563303524945215739e-01,1.000000000000001110e+00
1.000000000000000888e+00,7.258349352386268549e-01,7.258349352386268549e-01,1.000000000000000888e+00
1.000000000000000666e+00,9.531680166343663441e-01,9.531680166343663441e-01,1.000000000000000666e+00
1.000000000000000444e+00,3.357235826399151413e-01,3.357235826399151413e-01,1.000000000000000444e+00
1.000000000000000444e+00,-6.498148602881560487e-01,-6.498148602881560487e-01,1.000000000000000444e+00
1.000000000000000444e+00,-9.929599678520121264e-01,-9.929599678520121264e-01,1.000000000000000444e+00
1.000000000000000222e+00,-4.411351533654743751e-01,-4.411351533654743751e-01,1.000000000000000222e+00
1.000000000000000000e+00,5.070350712252342795e-01,5.070350712252342795e-01,1.000000000000000000e+00
1.000000000000000000e+00,9.958296092547018752e-01,9.958296092547018752e-01,1.000000000000000000e+00
9.999999999999996669e-01,6.238264463624753065e-01,6.238264463624753065e-01,9.999999999999996669e-01
1.000000000000000444e+00,-3.771067400383953938e-01,-3.771067400383953938e-01,1.000000000000000444e+00
1.000000000000000444e+00,-9.682419033076756776e-01,-9.682419033076756776e-01,1.000000000000000444e+00
1.000000000000000444e+00,-6.638680310337452539e-01,-6.638680310337452539e-01,1.000000000000000444e+00
1.000000000000000000e+00,3.135362284220505336e-01,3.135362284220505336e-01,1.000000000000000000e+00
9.999999999999998890e-01,9.632250750321604826e-01,9.632250750321604826e-01,9.999999999999998890e-01
1.000000000000000444e+00,7.504463342684219995e-01,7.504463342684219995e-01,1.000000000000000444e+00
1.000000000000000888e+00,-7.970207325680428445e-02,-7.970207325680428445e-02,1.000000000000000888e+00
1.000000000000000888e+00,-8.944739654396940409e-01,-8.944739654396940409e-01,1.000000000000000888e+00
1.000000000000000888e+00,-8.829926742475555645e-01,-8.829926742475555645e-01,1.000000000000000888e+00
1.000000000000000444e+00,-7.305501669009079047e-02,-7.305501669009079047e-02,1.000000000000000444e+00
1.000000000000000666e+00,8.102670079037108675e-01,8.102670079037108675e-01,1.000000000000000666e+00
1.000000000000000444e+00,9.554137296354997533e-01,9.554137296354997533e-01,1.000000000000000444e+00
1.000000000000000444e+00,1.924832529683654370e-01,1.924832529683654370e-01,1.000000000000000444e+00
1.000000000000000666e+00,-7.001089073643848026e-01,-7.001089073643848026e-01,1.000000000000000666e+00
1.000000000000001110e+00,-9.482104952538792375e-01,-9.482104952538792375e-01,1.000000000000001110e+00
1.000000000000000444e+00,-3.434031877630024376e-01,-3.434031877630024376e-01,1.000000000000000444e+00
1.000000000000000666e+00,5.442966757636810149e-01,5.442966757636810149e-01,1.000000000000000666e+00
1.000000000000000444e+00,9.999937573535522262e-01,9.999937573535522262e-01,1.000000000000000444e+00
1.000000000000000222e+00,5.614122124146873061e-01,5.614122124146873061e-01,1.000000000000000222e+00
1.000000000000000888e+00,-4.046793377699532401e-01,-4.046793377699532401e-01,1.000000000000000888e+00
1.000000000000000666e+00,-9.875361274186915672e-01,-9.875361274186915672e-01,1.000000000000000666e+00
1.000000000000001332e+00,-6.295676256640491131e-01,-6.295676256640491131e-01,1.000000000000001332e+00
1.000000000000001332e+00,3.840486449735711072e-01,3.840486449735711072e-01,1.000000000000001332e+00
1.000000000000001332e+00,9.778918198363730774e-01,9.778918198363730774e-01,1.000000000000001332e+00
1.000000000000001776e+00,6.561623454352085716e-01,6.561623454352085716e-01,1.000000000000001776e+00
1.000000000000001554e+00,-3.832205101824979754e-01,-3.832205101824979754e-01,1.000000000000001554e+00
1.000000000000001332e+00,-9.638516624034095814e-01,-9.638516624034095814e-01,1.000000000000001332e+00
1.000000000000001110e+00,-6.899527464156002265e-01,-6.899527464156002265e-01,1.000000000000001110e+00
1.000000000000000888e+00,3.244209188295920088e-01,3.244209188295920088e-01,1.000000000000000888e+00
1.000000000000000888e+00,9.808811534653810726e-01,9.808811534653810726e-01,1.000000000000000888e+00
1.000000000000001110e+00,6.011464157202041081e-01,6.011464157202041081e-01,1.000000000000001110e+00
1.000000000000001332e+00,-3.876894450537026748e-01,-3.876894450537026748e-01,1.000000000000001332e+00
1.000000000000000888e+00,-9.668297311558935458e-01,-9.668297311558935458e-01,1.000000000000000888e+00
1.000000000000000666e+00,-7.443091108811369372e-01,-7.443091108811369372e-01,1.000000000000000666e+00
1.000000000000000666e+00,1.244584980104444238e-01,1.244584980104444238e-01,1.000000000000000666e+00
1.000000000000000444e+00,8.983221780411075885e-01,8.983221780411075885e-01,1.000000000000000444e+00
1.000000000000000222e+00,8.207798529058861758e-01,8.207798529058861758e-01,1.000000000000000222e+00
1.000000000000000222e+00,-2.665040334607510220e-02,-2.665040334607510220e-02,1.000000000000000222e+00
1.000000000000000666e+00,-8.711478827012451021e-01,-8.711478827012451021e-01,1.000000000000000666e+00
1.000000000000000444e+00,-8.379827845673337716e-01,-8.379827845673337716e-01,1.000000000000000444e+00
1.000000000000000444e+00,9.143855102319092820e-02,9.143855102319092820e-02,1.000000000000000444e+00
1.000000000000000888e+00,9.309227708853069494e-01,9.309227708853069494e-01,1.000000000000000888e+00
1.000000000000000888e+00,8.105255448114007111e-01,8.105255448114007111e-01,1.000000000000000888e+00
1.000000000000000444e+00,-7.975675408789795195e-02,-7.975675408789795195e-02,1.000000000000000444e+00
1.000000000000000888e+00,-9.070489635472573919e-01,-9.070489635472573919e-01,1.000000000000000888e+00
1.000000000000001110e+00,-8.652642171172244545e-01,-8.652642171172244545e-01,1.000000000000001110e+00
1.000000000000001110e+00,-3.001722277563229069e-02,-3.001722277563229069e-02,1.000000000000001110e+00
1.000000000000001776e+00,8.275089488334052001e-01,8.275089488334052001e-01,1.000000000000001776e+00
1.000000000000001554e+00,9.315246421638729846e-01,9.315246421638729846e-01,1.000000000000001554e+00
1.000000000000001554e+00,2.254051869852030376e-01,2.254051869852030376e-01,1.000000000000001554e+00
1.000000000000001110e+00,-6.685988874240711421e-01,-6.685988874240711421e-01,1.000000000000001110e+00
1.000000000000001332e+00,-9.742767297916476998e-01,-9.742767297916476998e-01,1.000000000000001332e+00
1.000000000000001110e+00,-3.507647936786904008e-01,-3.507647936786904008e-01,1.000000000000001110e+00
1.000000000000001332e+00,5.997150331622130848e-01,5.997150331622130848e-01,1.000000000000001332e+00
1.000000000000001332e+00,9.999962585686525962e-01,9.999962585686525962e-01,1.000000000000001332e+00
1.000000000000001776e+00,4.671281128079977640e-01,4.671281128079977640e-01,1.000000000000001776e+00
1.000000000000001554e+00,-4.497627531113282395e-01,-4.497627531113282395e-01,1.000000000000001554e+00
1.000000000000001554e+00,-9.841336279755645844e-01,-9.841336279755645844e-01,1.000000000000001554e+00
1.000000000000001332e+00,-6.585334620865641586e-01,-6.585334620865641586e-01,1.000000000000001332e+00
1.000000000000000888e+00,3.314762358415288546e-01,3.314762358415288546e-01,1.000000000000000888e+00
1.000000000000001332e+00,9.740457705591496484e-01,9.740457705591496484e-01,1.000000000000001332e+00
1.000000000000001332e+00,7.167108484982569472e-01,7.167108484982569472e-01,1.000000000000001332e+00
1.000000000000001332e+00,-2.820689754802527260e-01,-2.820689754802527260e-01,1.000000000000001332e+00
1.000000000000001332e+00,-9.766208059822367726e-01,-9.766208059822367726e-01,1.000000000000001332e+00
1.000000000000001776e+00,-5.963397083029485790e-01,-5.963397083029485790e-01,1.000000000000001776e+00
1.000000000000001776e+00,3.940500315729685843e-01,3.940500315729685843e-01,1.000000000000001776e+00
1.000000000000001776e+00,9.804946001871148731e-01,9.804946001871148731e-01,1.000000000000001776e+00
1.000000000000002220e+00,6.530741182158379399e-01,6.530741182158379399e-01,1.000000000000002220e+00
1.000000000000002442e+00,-3.201027086935317456e-01,-3.201027086935317456e-01,1.000000000000002442e+00
1.000000000000002220e+00,-9.728245116811103932e-01,-9.728245116811103932e-01,1.000000000000002220e+00
1.000000000000001998e+00,-6.530310537807153537e-01,-6.530310537807153537e-01,1.000000000000001998e+00
1.000000000000001776e+00,2.409666924001738209e-01,2.409666924001738209e-01,1.000000000000001776e+00
1.000000000000002220e+00,9.693276430847111991e-01,9.693276430847111991e-01,1.000000000000002220e+00
1.000000000000002442e+00,7.593164232515750012e-01,7.593164232515750012e-01,1.000000000000002442e+00
