1.000000000000000000e+00,1.000000000000000000e+00,1.000000000000000000e+00,1.000000000000000000e+00
1.000000000000000000e+00,6.106207886032826160e-01,6.106207886032826160e-01,1.000000000000000000e+00
1.000000000000000444e+00,1.092769572636598241e-02,1.092769572636598241e-02,1.000000000000000444e+00
1.000000000000000222e+00,2.799682843063375781e-01,2.799682843063375781e-01,1.000000000000000222e+00
1.000000000000000000e+00,8.762629426692578605e-01,8.762629426692578605e-01,1.000000000000000000e+00
1.000000000000000000e+00,8.459986329161668372e-01,8.459986329161668372e-01,1.000000000000000000e+00
1.000000000000000000e+00,1.507690864831541244e-01,1.507690864831541244e-01,1.000000000000000000e+00
1.000000000000000000e+00,6.665476729709460257e-02,6.665476729709460257e-02,1.000000000000000000e+00
1.000000000000000000e+00,6.319522730765103624e-01,6.319522730765103624e-01,1.000000000000000000e+00
1.000000000000000222e+00,9.913342140334356900e-01,9.913342140334356900e-01,1.000000000000000222e+00
1.000000000000000000e+00,5.244761445424908075e-01,5.244761445424908075e-01,1.000000000000000000e+00
1.000000000000000444e+00,2.505156060399080231e-02,2.505156060399080231e-02,1.000000000000000444e+00
1.000000000000000222e+00,2.982168726109780676e-01,2.982168726109780676e-01,1.000000000000000222e+00
1.000000000000000222e+00,9.378628878261052737e-01,9.378628878261052737e-01,1.000000000000000222e+00
1.000000000000000000e+00,7.420614610391810251e-01,7.420614610391810251e-01,1.000000000000000000e+00
1.000000000000000000e+00,1.021966577702482781e-01,1.021966577702482781e-01,1.000000000000000000e+00
1.000000000000000222e+00,1.168443698261246305e-01,1.168443698261246305e-01,1.000000000000000222e+00
1.000000000000000222e+00,7.757349839644922529e-01,7.757349839644922529e-01,1.000000000000000222e+00
9.999999999999998890e-01,9.611247268349421002e-01,9.611247268349421002e-01,9.999999999999998890e-01
1.000000000000000000e+00,3.022873725329728867e-01,3.022873725329728867e-01,1.000000000000000000e+00
1.000000000000000000e+00,1.134780080510866540e-02,1.134780080510866540e-02,1.000000000000000000e+00
1.000000000000000222e+00,5.063056152028918566e-01,5.063056152028918566e-01,1.000000000000000222e+00
1.000000000000000000e+00,9.983282332307493734e-01,9.983282332307493734e-01,1.000000000000000000e+00
1.000000000000000222e+00,5.971136178585976229e-01,5.971136178585976229e-01,1.000000000000000222e+00
1.000000000000000000e+00,4.432863387045501979e-02,4.432863387045501979e-02,1.000000000000000000e+00
1.000000000000000000e+00,1.801600090065072490e-01,1.801600090065072490e-01,1.000000000000000000e+00
1.000000000000000222e+00,8.041342054020399477e-01,8.041342054020399477e-01,1.000000000000000222e+00
1.000000000000000000e+00,9.494645653519033779e-01,9.494645653519033779e-01,1.000000000000000000e+00
1.000000000000000222e+00,3.438667458779940400e-01,3.438667458779940400e-01,1.000000000000000222e+00
1.000000000000000222e+00,1.173423015033953076e-03,1.173423015033953076e-03,1.000000000000000222e+00
1.000000000000000000e+00,4.477174260843409526e-01,4.477174260843409526e-01,1.000000000000000000e+00
1.000000000000000222e+00,9.954637375700772228e-01,9.954637375700772228e-01,1.000000000000000222e+00
1.000000000000000444e+00,6.299890260478381299e-01,6.299890260478381299e-01,1.000000000000000444e+00
1.000000000000000444e+00,6.232586485257213260e-02,6.232586485257213260e-02,1.000000000000000444e+00
1.000000000000000666e+00,2.005798411968619244e-01,2.005798411968619244e-01,1.000000000000000666e+00
1.000000000000000666e+00,8.505408045047345711e-01,8.505408045047345711e-01,1.000000000000000666e+00
1.000000000000000888e+00,8.499437824236829586e-01,8.499437824236829586e-01,1.000000000000000888e+00
1.000000000000001110e+00,2.278063000632502277e-01,2.278063000632502277e-01,1.000000000000001110e+00
1.000000000000000666e+00,5.808734144075833328e-02,5.808734144075833328e-02,1.000000000000000666e+00
1.000000000000000444e+00,6.955908323197914633e-01,6.955908323197914633e-01,1.000000000000000444e+00
1.000000000000000666e+00,9.653829215916797102e-01,9.653829215916797102e-01,1.000000000000000666e+00
1.000000000000000666e+00,4.017761869637757055e-01,4.017761869637757055e-01,1.000000000000000666e+00
1.000000000000000444e+00,2.178441592206870059e-04,2.178441592206870059e-04,1.000000000000000444e+00
1.000000000000000666e+00,4.121025096457422432e-01,4.121025096457422432e-01,1.000000000000000666e+00
1.000000000000000666e+00,9.853511174577807008e-01,9.853511174577807008e-01,1.000000000000000666e+00
1.000000000000000666e+00,7.174211152783789291e-01,7.174211152783789291e-01,1.000000000000000666e+00
1.000000000000000444e+00,5.715217794564378395e-02,5.715217794564378395e-02,1.000000000000000444e+00
1.000000000000000444e+00,2.224357465015539548e-01,2.224357465015539548e-01,1.000000000000000444e+00
1.000000000000000666e+00,8.500550841162034521e-01,8.500550841162034521e-01,1.000000000000000666e+00
1.000000000000000888e+00,8.674554269257083172e-01,8.674554269257083172e-01,1.000000000000000888e+00
1.000000000000000666e+00,2.133524918319060493e-01,2.133524918319060493e-01,1.000000000000000666e+00
1.000000000000000666e+00,4.577162412800755975e-02,4.577162412800755975e-02,1.000000000000000666e+00
1.000000000000000666e+00,5.984632679658432597e-01,5.984632679658432597e-01,1.000000000000000666e+00
1.000000000000000888e+00,9.922721574047558279e-01,9.922721574047558279e-01,1.000000000000000888e+00
1.000000000000000888e+00,4.620841893533192968e-01,4.620841893533192968e-01,1.000000000000000888e+00
1.000000000000000888e+00,2.068315968910938718e-03,2.068315968910938718e-03,1.000000000000000888e+00
1.000000000000001110e+00,3.528887830625488942e-01,3.528887830625488942e-01,1.000000000000001110e+00
1.000000000000001110e+00,9.490343819742469433e-01,9.490343819742469433e-01,1.000000000000001110e+00
1.000000000000000888e+00,7.527820356027975501e-01,7.527820356027975501e-01,1.000000000000000888e+00
1.000000000000000666e+00,9.267287378851268853e-02,9.267287378851268853e-02,1.000000000000000666e+00
1.000000000000000888e+00,1.658658120131186187e-01,1.658658120131186187e-01,1.000000000000000888e+00
1.000000000000000888e+00,7.813273063435822730e-01,7.813273063435822730e-01,1.000000000000000888e+00
1.000000000000000888e+00,9.252231225367083534e-01,9.252231225367083534e-01,1.000000000000000888e+00
1.000000000000000888e+00,2.613218623655821915e-01,2.613218623655821915e-01,1.000000000000000888e+00
1.000000000000000888e+00,5.835375787778324108e-02,5.835375787778324108e-02,1.000000000000000888e+00
1.000000000000000666e+00,6.782262451706885242e-01,6.782262451706885242e-01,1.000000000000000666e+00
1.000000000000000888e+00,9.953581948058034534e-01,9.953581948058034534e-01,1.000000000000000888e+00
1.000000000000000888e+00,5.257855020944210978e-01,5.257855020944210978e-01,1.000000000000000888e+00
1.000000000000001110e+00,1.477145615045533100e-02,1.477145615045533100e-02,1.000000000000001110e+00
1.000000000000001332e+00,3.194552462900576151e-01,3.194552462900576151e-01,1.000000000000001332e+00
1.000000000000001110e+00,9.081759007200925771e-01,9.081759007200925771e-01,1.000000000000001110e+00
1.000000000000000888e+00,8.780876566223311253e-01,8.780876566223311253e-01,1.000000000000000888e+00
1.000000000000000666e+00,2.170243518885162093e-01,2.170243518885162093e-01,1.000000000000000666e+00
1.000000000000000666e+00,7.673528549937602694e-02,7.673528549937602694e-02,1.000000000000000666e+00
1.000000000000000888e+00,6.862192733436338621e-01,6.862192733436338621e-01,1.000000000000000888e+00
1.000000000000000444e+00,9.754474856375084935e-01,9.754474856375084935e-01,1.000000000000000444e+00
1.000000000000000444e+00,3.970775870716201084e-01,3.970775870716201084e-01,1.000000000000000444e+00
1.000000000000000444e+00,5.606173643437406540e-03,5.606173643437406540e-03,1.000000000000000444e+00
1.000000000000000444e+00,4.763786862235946939e-01,4.763786862235946939e-01,1.000000000000000444e+00
1.000000000000000666e+00,9.971764750449378933e-01,9.971764750449378933e-01,1.000000000000000666e+00
1.000000000000000888e+00,6.117472827862576734e-01,6.117472827862576734e-01,1.000000000000000888e+00
1.000000000000000888e+00,2.730971079639402110e-02,2.730971079639402110e-02,1.000000000000000888e+00
1.000000000000000888e+00,2.392167727139736799e-01,2.392167727139736799e-01,1.000000000000000888e+00
1.000000000000001110e+00,8.875205889198694020e-01,8.875205889198694020e-01,1.000000000000001110e+00
1.000000000000001110e+00,8.416260440190768133e-01,8.416260440190768133e-01,1.000000000000001110e+00
1.000000000000001332e+00,2.309117798333856775e-01,2.309117798333856775e-01,1.000000000000001332e+00
1.000000000000001554e+00,5.142801596225191063e-02,5.142801596225191063e-02,1.000000000000001554e+00
1.000000000000001776e+00,7.205291023954334406e-01,7.205291023954334406e-01,1.000000000000001776e+00
1.000000000000001998e+00,9.865820108731633287e-01,9.865820108731633287e-01,1.000000000000001998e+00
1.000000000000001998e+00,4.387156657270331328e-01,4.387156657270331328e-01,1.000000000000001998e+00
1.000000000000001998e+00,4.042663659925560538e-05,4.042663659925560538e-05,1.000000000000001998e+00
1.000000000000002220e+00,3.879574267599812387e-01,3.879574267599812387e-01,1.000000000000002220e+00
1.000000000000001998e+00,9.505083607735438367e-01,9.505083607735438367e-01,1.000000000000001998e+00
1.000000000000001998e+00,7.283845147582382884e-01,7.283845147582382884e-01,1.000000000000001998e+00
1.000000000000002220e+00,8.903572328824971294e-02,8.903572328824971294e-02,1.000000000000002220e+00
1.000000000000002442e+00,1.339033668915625974e-01,1.339033668915625974e-01,1.000000000000002442e+00
1.000000000000002442e+00,7.396542337884693952e-01,7.396542337884693952e-01,1.000000000000002442e+00
1.000000000000002665e+00,9.808921387555296079e-01,9.808921387555296079e-01,1.000000000000002665e+00
1.000000000000002665e+00,3.608778946011250710e-01,3.608778946011250710e-01,1.000000000000002665e+00
1.000000000000002220e+00,8.551824825156678633e-03,8.551824825156678633e-03,1.000000000000002220e+00
1.000000000000002220e+00,5.951757945848912268e-01,5.951757945848912268e-01,1.000000000000002220e+00
