1.000000000000000000e+00,1.000000000000000000e+00,1.000000000000000000e+00,1.000000000000000000e+00
1.000000000000000222e+00,6.598863988691909821e-01,6.598863988691909821e-01,1.000000000000000222e+00
1.000000000000000000e+00,1.304760479218055047e-01,1.304760479218055047e-01,1.000000000000000000e+00
9.999999999999997780e-01,5.507355976369884831e-02,5.507355976369884831e-02,9.999999999999997780e-01
1.000000000000000000e+00,6.418822272012483232e-01,6.418822272012483232e-01,1.000000000000000000e+00
1.000000000000000444e+00,9.771226670329552499e-01,9.771226670329552499e-01,1.000000000000000444e+00
1.000000000000000444e+00,2.821321377074763603e-01,2.821321377074763603e-01,1.000000000000000444e+00
1.000000000000000222e+00,8.534060224887080048e-02,8.534060224887080048e-02,1.000000000000000222e+00
1.000000000000000000e+00,7.806813430524015551e-01,7.806813430524015551e-01,1.000000000000000000e+00
1.000000000000000222e+00,9.613328589289695802e-01,9.613328589289695802e-01,1.000000000000000222e+00
1.000000000000000222e+00,4.851877054048122639e-01,4.851877054048122639e-01,1.000000000000000222e+00
1.000000000000000000e+00,3.611947881463778431e-02,3.611947881463778431e-02,1.000000000000000000e+00
1.000000000000000222e+00,1.789706134320075970e-01,1.789706134320075970e-01,1.000000000000000222e+00
1.000000000000000444e+00,8.410649747204770321e-01,8.410649747204770321e-01,1.000000000000000444e+00
1.000000000000000666e+00,8.417768458875655169e-01,8.417768458875655169e-01,1.000000000000000666e+00
1.000000000000000444e+00,8.486612458742884280e-02,8.486612458742884280e-02,1.000000000000000444e+00
1.000000000000000444e+00,2.693929199082049641e-01,2.693929199082049641e-01,1.000000000000000444e+00
1.000000000000000222e+00,9.299337808418509654e-01,9.299337808418509654e-01,1.000000000000000222e+00
1.000000000000000444e+00,8.569606744796538500e-01,8.569606744796538500e-01,1.000000000000000444e+00
1.000000000000000444e+00,3.143861480726922730e-01,3.143861480726922730e-01,1.000000000000000444e+00
1.000000000000000222e+00,6.674001892212344522e-05,6.674001892212344522e-05,1.000000000000000222e+00
1.000000000000000222e+00,3.623733996847388061e-01,3.623733996847388061e-01,1.000000000000000222e+00
1.000000000000000222e+00,9.715743723945841070e-01,9.715743723945841070e-01,1.000000000000000222e+00
1.000000000000000444e+00,6.135332808209259525e-01,6.135332808209259525e-01,1.000000000000000444e+00
1.000000000000000444e+00,1.130317559941584893e-03,1.130317559941584893e-03,1.000000000000000444e+00
1.000000000000000444e+00,5.014721348716495442e-01,5.014721348716495442e-01,1.000000000000000444e+00
1.000000000000000666e+00,9.966189341258463452e-01,9.966189341258463452e-01,1.000000000000000666e+00
1.000000000000000666e+00,7.076820098686582572e-01,7.076820098686582572e-01,1.000000000000000666e+00
1.000000000000000444e+00,1.662267282882992636e-01,1.662267282882992636e-01,1.000000000000000444e+00
1.000000000000000666e+00,3.252529749686644545e-02,3.252529749686644545e-02,1.000000000000000666e+00
1.000000000000000888e+00,5.791632277419966890e-01,5.791632277419966890e-01,1.000000000000000888e+00
1.000000000000000888e+00,9.937050358456605004e-01,9.937050358456605004e-01,1.000000000000000888e+00
1.000000000000000666e+00,3.524746308532263894e-01,3.524746308532263894e-01,1.000000000000000666e+00
1.000000000000000444e+00,4.931486394231557324e-02,4.931486394231557324e-02,1.000000000000000444e+00
1.000000000000000222e+00,7.250995667779946974e-01,7.250995667779946974e-01,1.000000000000000222e+00
1.000000000000000000e+00,9.799014093292229832e-01,9.799014093292229832e-01,1.000000000000000000e+00
1.000000000000000000e+00,5.355692826895618319e-01,5.355692826895618319e-01,1.000000000000000000e+00
1.000000000000000000e+00,5.769401604181439991e-02,5.769401604181439991e-02,1.000000000000000000e+00
1.000000000000000222e+00,1.367415560345835446e-01,1.367415560345835446e-01,1.000000000000000222e+00
9.999999999999998890e-01,7.890752574615569337e-01,7.890752574615569337e-01,9.999999999999998890e-01
1.000000000000000000e+00,8.918847939760072840e-01,8.918847939760072840e-01,1.000000000000000000e+00
1.000000000000000000e+00,1.314313129385897283e-01,1.314313129385897283e-01,1.000000000000000000e+00
1.000000000000000000e+00,2.093791127898653182e-01,2.093791127898653182e-01,1.000000000000000000e+00
1.000000000000000000e+00,8.952431089044255996e-01,8.952431089044255996e-01,1.000000000000000000e+00
1.000000000000000000e+00,8.923260259247114412e-01,8.923260259247114412e-01,1.000000000000000000e+00
1.000000000000000222e+00,3.616623653727761289e-01,3.616623653727761289e-01,1.000000000000000222e+00
1.000000000000000222e+00,3.723110579110677776e-03,3.723110579110677776e-03,1.000000000000000222e+00
1.000000000000000222e+00,3.051346000788617840e-01,3.051346000788617840e-01,1.000000000000000222e+00
1.000000000000000000e+00,9.439341566762990965e-01,9.439341566762990965e-01,1.000000000000000000e+00
1.000000000000000222e+00,6.851567468919241843e-01,6.851567468919241843e-01,1.000000000000000222e+00
1.000000000000000000e+00,1.164279057896344671e-02,1.164279057896344671e-02,1.000000000000000000e+00
1.000000000000000000e+00,4.336622195997606455e-01,4.336622195997606455e-01,1.000000000000000000e+00
1.000000000000000000e+00,9.863454510590634605e-01,9.863454510590634605e-01,1.000000000000000000e+00
1.000000000000000000e+00,7.536213829650973972e-01,7.536213829650973972e-01,1.000000000000000000e+00
1.000000000000000000e+00,2.052241819501635089e-01,2.052241819501635089e-01,1.000000000000000000e+00
1.000000000000000444e+00,1.590273789465379561e-02,1.590273789465379561e-02,1.000000000000000444e+00
1.000000000000000444e+00,5.159375897929282528e-01,5.159375897929282528e-01,1.000000000000000444e+00
1.000000000000000666e+00,9.999427075699421907e-01,9.999427075699421907e-01,1.000000000000000666e+00
1.000000000000000666e+00,4.261597922976591013e-01,4.261597922976591013e-01,1.000000000000000666e+00
1.000000000000000444e+00,2.260092879046030068e-02,2.260092879046030068e-02,1.000000000000000444e+00
1.000000000000000666e+00,6.650234128004213208e-01,6.650234128004213208e-01,1.000000000000000666e+00
1.000000000000000666e+00,9.926420268399088753e-01,9.926420268399088753e-01,1.000000000000000666e+00
1.000000000000000888e+00,5.858161078343692152e-01,5.858161078343692152e-01,1.000000000000000888e+00
1.000000000000000666e+00,8.374232013241156292e-02,8.374232013241156292e-02,1.000000000000000666e+00
1.000000000000000888e+00,9.984223077187652506e-02,9.984223077187652506e-02,1.000000000000000888e+00
1.000000000000001110e+00,7.325671879481819859e-01,7.325671879481819859e-01,1.000000000000001110e+00
1.000000000000000888e+00,9.332068162403337475e-01,9.332068162403337475e-01,1.000000000000000888e+00
1.000000000000000444e+00,1.864719460245168325e-01,1.864719460245168325e-01,1.000000000000000444e+00
1.000000000000000444e+00,1.546656510328633938e-01,1.546656510328633938e-01,1.000000000000000444e+00
1.000000000000000444e+00,8.539723198570432494e-01,8.539723198570432494e-01,1.000000000000000444e+00
1.000000000000000666e+00,9.235049686206265873e-01,9.235049686206265873e-01,1.000000000000000666e+00
1.000000000000000888e+00,4.103755817509801007e-01,4.103755817509801007e-01,1.000000000000000888e+00
1.000000000000001332e+00,1.281588165116459566e-02,1.281588165116459566e-02,1.000000000000001332e+00
1.000000000000001110e+00,2.514547236264490504e-01,2.514547236264490504e-01,1.000000000000001110e+00
1.000000000000001332e+00,9.080980077806874995e-01,9.080980077806874995e-01,1.000000000000001332e+00
1.000000000000001332e+00,7.523870309477859175e-01,7.523870309477859175e-01,1.000000000000001332e+00
1.000000000000001332e+00,3.308594574373208141e-02,3.308594574373208141e-02,1.000000000000001332e+00
1.000000000000001332e+00,3.663761607357894912e-01,3.663761607357894912e-01,1.000000000000001332e+00
1.000000000000001110e+00,9.690533272597537939e-01,9.690533272597537939e-01,1.000000000000001110e+00
1.000000000000001332e+00,7.971901973721355894e-01,7.971901973721355894e-01,1.000000000000001332e+00
1.000000000000001554e+00,2.470862877240302402e-01,2.470862877240302402e-01,1.000000000000001554e+00
1.000000000000001332e+00,5.198584881279999514e-03,5.198584881279999514e-03,1.000000000000001332e+00
1.000000000000001332e+00,4.532576727155212537e-01,4.532576727155212537e-01,1.000000000000001332e+00
1.000000000000001554e+00,9.959485280431443766e-01,9.959485280431443766e-01,1.000000000000001554e+00
1.000000000000001776e+00,5.014507703765298530e-01,5.014507703765298530e-01,1.000000000000001776e+00
1.000000000000001332e+00,5.980322013660860359e-03,5.980322013660860359e-03,1.000000000000001332e+00
1.000000000000001554e+00,6.013653069016512420e-01,6.013653069016512420e-01,1.000000000000001554e+00
1.000000000000001332e+00,9.991702012361729501e-01,9.991702012361729501e-01,1.000000000000001332e+00
1.000000000000001110e+00,6.354509581175727950e-01,6.354509581175727950e-01,1.000000000000001110e+00
1.000000000000001110e+00,1.139342584015411580e-01,1.139342584015411580e-01,1.000000000000001110e+00
1.000000000000000888e+00,6.855250268499207822e-02,6.855250268499207822e-02,1.000000000000000888e+00
1.000000000000000888e+00,6.727060847373224073e-01,6.727060847373224073e-01,1.000000000000000888e+00
1.000000000000001110e+00,9.649831726352398054e-01,9.649831726352398054e-01,1.000000000000001110e+00
1.000000000000000888e+00,2.487360954165081517e-01,2.487360954165081517e-01,1.000000000000000888e+00
1.000000000000000888e+00,1.065477852379025508e-01,1.065477852379025508e-01,1.000000000000000888e+00
1.000000000000000666e+00,8.065393296629651543e-01,8.065393296629651543e-01,1.000000000000000666e+00
1.000000000000000666e+00,9.499962271894363264e-01,9.499962271894363264e-01,1.000000000000000666e+00
1.000000000000000666e+00,4.600920717127056636e-01,4.600920717127056636e-01,1.000000000000000666e+00
1.000000000000000888e+00,2.710744694794486875e-02,2.710744694794486875e-02,1.000000000000000888e+00
1.000000000000000888e+00,2.019698758616626788e-01,2.019698758616626788e-01,1.000000000000000888e+00
1.000000000000000888e+00,8.650073668591732323e-01,8.650073668591732323e-01,1.000000000000000888e+00
