1.000000000000000000e+00,1.000000000000000000e+00,1.000000000000000000e+00,1.000000000000000000e+00
9.999999999999994449e-01,6.033611733339742100e-01,6.033611733339742100e-01,9.999999999999994449e-01
9.999999999999995559e-01,-4.288014445921693452e-01,-4.288014445921693452e-01,9.999999999999995559e-01
9.999999999999992228e-01,-9.822360542694611452e-01,-9.822360542694611452e-01,9.999999999999992228e-01
9.999999999999993339e-01,-6.390187675573395509e-01,-6.390187675573395509e-01,9.999999999999993339e-01
9.999999999999991118e-01,3.945376763475721971e-01,3.945376763475721971e-01,9.999999999999991118e-01
9.999999999999993339e-01,9.768779477779155895e-01,9.768779477779155895e-01,9.999999999999993339e-01
9.999999999999990008e-01,7.248711021929208353e-01,7.248711021929208353e-01,9.999999999999990008e-01
9.999999999999990008e-01,-1.744657824921552192e-01,-1.744657824921552192e-01,9.999999999999990008e-01
9.999999999999988898e-01,-8.930524856457615623e-01,-8.930524856457615623e-01,9.999999999999988898e-01
9.999999999999997780e-01,-7.867996635514158399e-01,-7.867996635514158399e-01,9.999999999999997780e-01
9.999999999999994449e-01,1.130430941877429152e-01,1.130430941877429152e-01,9.999999999999994449e-01
9.999999999999988898e-01,8.617009657577445747e-01,8.617009657577445747e-01,9.999999999999988898e-01
9.999999999999995559e-01,9.050378552915741004e-01,9.050378552915741004e-01,9.999999999999995559e-01
9.999999999999993339e-01,1.649004547170787038e-01,1.649004547170787038e-01,9.999999999999993339e-01
9.999999999999995559e-01,-7.543817440676161556e-01,-7.543817440676161556e-01,9.999999999999995559e-01
9.999999999999992228e-01,-9.357933358760334164e-01,-9.357933358760334164e-01,9.999999999999992228e-01
9.999999999999991118e-01,-2.953172370081912357e-01,-2.953172370081912357e-01,9.999999999999991118e-01
9.999999999999991118e-01,6.663299199064326439e-01,6.663299199064326439e-01,9.999999999999991118e-01
9.999999999999992228e-01,9.723920335349208743e-01,9.723920335349208743e-01,9.999999999999992228e-01
9.999999999999992228e-01,2.730006457614808646e-01,2.730006457614808646e-01,9.999999999999992228e-01
9.999999999999995559e-01,-6.577137773738550575e-01,-6.577137773738550575e-01,9.999999999999995559e-01
9.999999999999997780e-01,-9.630503291734282545e-01,-9.630503291734282545e-01,9.999999999999997780e-01
9.999999999999992228e-01,-2.422703912926114644e-01,-2.422703912926114644e-01,9.999999999999992228e-01
9.999999999999992228e-01,6.478590457889833454e-01,6.478590457889833454e-01,9.999999999999992228e-01
9.999999999999992228e-01,9.711149529710568773e-01,9.711149529710568773e-01,9.999999999999992228e-01
9.999999999999995559e-01,3.267056261878397150e-01,3.267056261878397150e-01,9.999999999999995559e-01
9.999999999999996669e-01,-6.312366338873701688e-01,-6.312366338873701688e-01,9.999999999999996669e-01
9.999999999999994449e-01,-9.849696686299100890e-01,-9.849696686299100890e-01,9.999999999999994449e-01
9.999999999999994449e-01,-3.512685646354453683e-01,-3.512685646354453683e-01,9.999999999999994449e-01
9.999999999999991118e-01,6.692838805594766294e-01,6.692838805594766294e-01,9.999999999999991118e-01
9.999999999999986677e-01,9.960791263771676673e-01,9.960791263771676673e-01,9.999999999999986677e-01
9.999999999999983347e-01,4.000219473104822954e-01,4.000219473104822954e-01,9.999999999999983347e-01
9.999999999999986677e-01,-5.173566239675926326e-01,-5.173566239675926326e-01,9.999999999999986677e-01
9.999999999999982236e-01,-9.885895803403716986e-01,-9.885895803403716986e-01,9.999999999999982236e-01
9.999999999999984457e-01,-4.447226726461947499e-01,-4.447226726461947499e-01,9.999999999999984457e-01
9.999999999999986677e-01,5.506921809897038500e-01,5.506921809897038500e-01,9.999999999999986677e-01
9.999999999999987788e-01,9.992748563817246410e-01,9.992748563817246410e-01,9.999999999999987788e-01
9.999999999999990008e-01,5.450660140673634357e-01,5.450660140673634357e-01,9.999999999999990008e-01
9.999999999999993339e-01,-3.717240445784317782e-01,-3.717240445784317782e-01,9.999999999999993339e-01
9.999999999999997780e-01,-9.736553644500975935e-01,-9.736553644500975935e-01,9.999999999999997780e-01
1.000000000000000000e+00,-7.054700606628494519e-01,-7.054700606628494519e-01,1.000000000000000000e+00
1.000000000000000000e+00,2.742843663452827485e-01,2.742843663452827485e-01,1.000000000000000000e+00
9.999999999999998890e-01,9.420715892778374068e-01,9.420715892778374068e-01,9.999999999999998890e-01
1.000000000000000222e+00,7.142087537377276307e-01,7.142087537377276307e-01,1.000000000000000222e+00
1.000000000000000000e+00,-1.931130065261768558e-01,-1.931130065261768558e-01,1.000000000000000000e+00
1.000000000000000444e+00,-9.160590365965541881e-01,-9.160590365965541881e-01,1.000000000000000444e+00
1.000000000000000222e+00,-7.914625699662741765e-01,-7.914625699662741765e-01,1.000000000000000222e+00
1.000000000000000222e+00,1.569129116197365836e-01,1.569129116197365836e-01,1.000000000000000222e+00
1.000000000000000000e+00,8.928360577638465578e-01,8.928360577638465578e-01,1.000000000000000000e+00
1.000000000000000000e+00,8.446093653654123123e-01,8.446093653654123123e-01,1.000000000000000000e+00
1.000000000000000222e+00,2.116285628162720145e-02,2.116285628162720145e-02,1.000000000000000222e+00
9.999999999999995559e-01,-8.039609146132382644e-01,-8.039609146132382644e-01,9.999999999999995559e-01
9.999999999999995559e-01,-9.303320569278659136e-01,-9.303320569278659136e-01,9.999999999999995559e-01
9.999999999999996669e-01,-9.486652546471191494e-02,-9.486652546471191494e-02,9.999999999999996669e-01
1.000000000000000000e+00,7.865882504208545623e-01,7.865882504208545623e-01,1.000000000000000000e+00
1.000000000000000222e+00,9.527965142838684676e-01,9.527965142838684676e-01,1.000000000000000222e+00
1.000000000000000000e+00,1.692676811241569101e-01,1.692676811241569101e-01,1.000000000000000000e+00
1.000000000000000444e+00,-7.409171088841220998e-01,-7.409171088841220998e-01,1.000000000000000444e+00
1.000000000000000444e+00,-9.536815737709761764e-01,-9.536815737709761764e-01,1.000000000000000444e+00
1.000000000000000444e+00,-2.973676311418003149e-01,-2.973676311418003149e-01,1.000000000000000444e+00
1.000000000000000222e+00,7.276981095618266782e-01,7.276981095618266782e-01,1.000000000000000222e+00
1.000000000000000666e+00,9.740781034120332693e-01,9.740781034120332693e-01,1.000000000000000666e+00
1.000000000000000888e+00,3.771747374065467229e-01,3.771747374065467229e-01,1.000000000000000888e+00
1.000000000000000444e+00,-5.311616043592686243e-01,-5.311616043592686243e-01,1.000000000000000444e+00
1.000000000000000666e+00,-9.948569360514748494e-01,-9.948569360514748494e-01,1.000000000000000666e+00
1.000000000000000666e+00,-4.456201679885393729e-01,-4.456201679885393729e-01,1.000000000000000666e+00
1.000000000000000444e+00,5.755778481826180348e-01,5.755778481826180348e-01,1.000000000000000444e+00
1.000000000000000000e+00,9.993335847197033495e-01,9.993335847197033495e-01,1.000000000000000000e+00
9.999999999999997780e-01,4.131579299183349430e-01,4.131579299183349430e-01,9.999999999999997780e-01
1.000000000000000444e+00,-6.205661785896667837e-01,-6.205661785896667837e-01,1.000000000000000444e+00
1.000000000000000444e+00,-9.862420229501618341e-01,-9.862420229501618341e-01,1.000000000000000444e+00
1.000000000000000444e+00,-3.598611550581023999e-01,-3.598611550581023999e-01,1.000000000000000444e+00
1.000000000000000222e+00,6.249647808803079352e-01,6.249647808803079352e-01,1.000000000000000222e+00
1.000000000000000444e+00,9.932269074304077572e-01,9.932269074304077572e-01,1.000000000000000444e+00
1.000000000000000444e+00,4.210534681023662129e-01,4.210534681023662129e-01,1.000000000000000444e+00
1.000000000000000444e+00,-5.257901983167145854e-01,-5.257901983167145854e-01,1.000000000000000444e+00
1.000000000000000444e+00,-9.917995338424525631e-01,-9.917995338424525631e-01,1.000000000000000444e+00
1.000000000000000444e+00,-5.828980317581985426e-01,-5.828980317581985426e-01,1.000000000000000444e+00
1.000000000000000666e+00,4.072618690150984211e-01,4.072618690150984211e-01,1.000000000000000666e+00
1.000000000000001110e+00,9.778268642055232274e-01,9.778268642055232274e-01,1.000000000000001110e+00
1.000000000000001332e+00,7.130140182564698170e-01,7.130140182564698170e-01,1.000000000000001332e+00
1.000000000000001332e+00,-2.022484643228838475e-01,-2.022484643228838475e-01,1.000000000000001332e+00
1.000000000000001332e+00,-9.329633956874172629e-01,-9.329633956874172629e-01,1.000000000000001332e+00
1.000000000000001332e+00,-7.117929665440503317e-01,-7.117929665440503317e-01,1.000000000000001332e+00
1.000000000000001332e+00,1.734371728469658036e-01,1.734371728469658036e-01,1.000000000000001332e+00
1.000000000000001110e+00,9.335190186271729029e-01,9.335190186271729029e-01,1.000000000000001110e+00
1.000000000000000666e+00,7.707068159093724002e-01,7.707068159093724002e-01,1.000000000000000666e+00
1.000000000000000444e+00,-1.964894467871357020e-01,-1.964894467871357020e-01,1.000000000000000444e+00
1.000000000000001110e+00,-9.469806442939152635e-01,-9.469806442939152635e-01,1.000000000000001110e+00
1.000000000000000888e+00,-6.887901122217716665e-01,-6.887901122217716665e-01,1.000000000000000888e+00
1.000000000000001554e+00,3.082334256780562276e-01,3.082334256780562276e-01,1.000000000000001554e+00
1.000000000000001554e+00,9.792039091021607078e-01,9.792039091021607078e-01,1.000000000000001554e+00
1.000000000000001332e+00,6.791917207076365592e-01,6.791917207076365592e-01,1.000000000000001332e+00
1.000000000000001110e+00,-3.305625896317325174e-01,-3.305625896317325174e-01,1.000000000000001110e+00
1.000000000000001332e+00,-9.622222945618503775e-01,-9.622222945618503775e-01,1.000000000000001332e+00
1.000000000000001332e+00,-6.941216730886030639e-01,-6.941216730886030639e-01,1.000000000000001332e+00
1.000000000000001332e+00,3.006627706358395713e-01,3.006627706358395713e-01,1.000000000000001332e+00
1.000000000000001776e+00,9.506048134006420680e-01,9.506048134006420680e-01,1.000000000000001776e+00
1.000000000000001998e+00,7.500710968815317292e-01,7.500710968815317292e-01,1.000000000000001998e+00
1.000000000000001998e+00,-2.444474511328192379e-01,-2.444474511328192379e-01,1.000000000000001998e+00
