1.000000000000000000e+00,1.000000000000000000e+00,1.000000000000000000e+00,1.000000000000000000e+00
1.000000000000000000e+00,6.222705582033577487e-01,6.222705582033577487e-01,1.000000000000000000e+00
1.000000000000000222e+00,-4.083792270523340373e-01,-4.083792270523340373e-01,1.000000000000000222e+00
1.000000000000000444e+00,-9.864586881162635823e-01,-9.864586881162635823e-01,1.000000000000000444e+00
1.000000000000000666e+00,-3.269928438938134452e-01,-3.269928438938134452e-01,1.000000000000000666e+00
1.000000000000000444e+00,5.814307682579276104e-01,5.814307682579276104e-01,1.000000000000000444e+00
1.000000000000000444e+00,9.916863663450615762e-01,9.916863663450615762e-01,1.000000000000000444e+00
1.000000000000000444e+00,7.338587880223577109e-01,7.338587880223577109e-01,1.000000000000000444e+00
1.000000000000001110e+00,-2.377631402507228153e-01,-2.377631402507228153e-01,1.000000000000001110e+00
1.000000000000000666e+00,-9.831244484242668280e-01,-9.831244484242668280e-01,1.000000000000000666e+00
1.000000000000001332e+00,-4.781174756500763956e-01,-4.781174756500763956e-01,1.000000000000001332e+00
1.000000000000000888e+00,4.649904284437461621e-01,4.649904284437461621e-01,1.000000000000000888e+00
1.000000000000000888e+00,9.672414682833913036e-01,9.672414682833913036e-01,1.000000000000000888e+00
1.000000000000000444e+00,8.258270786437056366e-01,8.258270786437056366e-01,1.000000000000000444e+00
1.000000000000000666e+00,-6.285160104387771396e-02,-6.285160104387771396e-02,1.000000000000000666e+00
1.000000000000000666e+00,-9.439885690871481216e-01,-9.439885690871481216e-01,1.000000000000000666e+00
1.000000000000000666e+00,-6.194312021467013318e-01,-6.194312021467013318e-01,1.000000000000000666e+00
1.000000000000000666e+00,3.366959549817114539e-01,3.366959549817114539e-01,1.000000000000000666e+00
1.000000000000000222e+00,9.272648863055212853e-01,9.272648863055212853e-01,1.000000000000000222e+00
9.999999999999998890e-01,8.977111114859449570e-01,8.977111114859449570e-01,9.999999999999998890e-01
1.000000000000000222e+00,1.106744263164406716e-01,1.106744263164406716e-01,1.000000000000000222e+00
1.000000000000000000e+00,-8.714896317942582016e-01,-8.714896317942582016e-01,1.000000000000000000e+00
9.999999999999996669e-01,-7.441994651525436488e-01,-7.441994651525436488e-01,9.999999999999996669e-01
1.000000000000000000e+00,1.974922507772789437e-01,1.974922507772789437e-01,1.000000000000000000e+00
9.999999999999997780e-01,8.724813138321251271e-01,8.724813138321251271e-01,9.999999999999997780e-01
1.000000000000000000e+00,9.500740930715475541e-01,9.500740930715475541e-01,1.000000000000000000e+00
9.999999999999996669e-01,2.760713165495126686e-01,2.760713165495126686e-01,9.999999999999996669e-01
9.999999999999996669e-01,-7.665910123352007721e-01,-7.665910123352007721e-01,9.999999999999996669e-01
9.999999999999993339e-01,-8.488288760836915081e-01,-8.488288760836915081e-01,9.999999999999993339e-01
9.999999999999993339e-01,5.065409684318877837e-02,5.065409684318877837e-02,9.999999999999993339e-01
9.999999999999992228e-01,8.029882357603481680e-01,8.029882357603481680e-01,9.999999999999992228e-01
9.999999999999991118e-01,9.832099266391058912e-01,9.832099266391058912e-01,9.999999999999991118e-01
9.999999999999997780e-01,4.302194078357340357e-01,4.302194078357340357e-01,9.999999999999997780e-01
9.999999999999997780e-01,-6.365727852840572520e-01,-6.365727852840572520e-01,9.999999999999997780e-01
9.999999999999997780e-01,-9.255148381443125682e-01,-9.255148381443125682e-01,9.999999999999997780e-01
1.000000000000000000e+00,-1.025273565136022302e-01,-1.025273565136022302e-01,1.000000000000000000e+00
1.000000000000000444e+00,7.197862208846491638e-01,7.197862208846491638e-01,1.000000000000000444e+00
1.000000000000000666e+00,9.982418626831405239e-01,9.982418626831405239e-01,1.000000000000000666e+00
1.000000000000001110e+00,5.679634324515717703e-01,5.679634324515717703e-01,1.000000000000001110e+00
1.000000000000000888e+00,-4.840025388247773952e-01,-4.840025388247773952e-01,1.000000000000000888e+00
1.000000000000000000e+00,-9.733621830290185573e-01,-9.733621830290185573e-01,1.000000000000000000e+00
1.000000000000000000e+00,-2.563766492249862639e-01,-2.563766492249862639e-01,1.000000000000000000e+00
1.000000000000000222e+00,6.225252084703879474e-01,6.225252084703879474e-01,1.000000000000000222e+00
1.000000000000000444e+00,9.959498275902531894e-01,9.959498275902531894e-01,1.000000000000000444e+00
1.000000000000000444e+00,6.883848977860584917e-01,6.883848977860584917e-01,1.000000000000000444e+00
1.000000000000000444e+00,-3.186627312449036298e-01,-3.186627312449036298e-01,1.000000000000000444e+00
1.000000000000000444e+00,-9.856665395556269971e-01,-9.856665395556269971e-01,1.000000000000000444e+00
1.000000000000000666e+00,-4.089903331707511747e-01,-4.089903331707511747e-01,1.000000000000000666e+00
1.000000000000000666e+00,5.128594598630528134e-01,5.128594598630528134e-01,1.000000000000000666e+00
1.000000000000000888e+00,9.772157616108200218e-01,9.772157616108200218e-01,1.000000000000000888e+00
1.000000000000000888e+00,7.886727082175034598e-01,7.886727082175034598e-01,1.000000000000000888e+00
1.000000000000000666e+00,-1.441417751970080485e-01,-1.441417751970080485e-01,1.000000000000000666e+00
1.000000000000000666e+00,-9.648421913720441889e-01,-9.648421913720441889e-01,1.000000000000000666e+00
1.000000000000000888e+00,-5.527621375009053040e-01,-5.527621375009053040e-01,1.000000000000000888e+00
1.000000000000000888e+00,3.904735288932362769e-01,3.904735288932362769e-01,1.000000000000000888e+00
1.000000000000000666e+00,9.430292598602448839e-01,9.430292598602448839e-01,1.000000000000000666e+00
1.000000000000000888e+00,8.692563304788879508e-01,8.692563304788879508e-01,1.000000000000000888e+00
1.000000000000001110e+00,3.019667737084899550e-02,3.019667737084899550e-02,1.000000000000001110e+00
1.000000000000001332e+00,-9.075573613931988692e-01,-9.075573613931988692e-01,1.000000000000001332e+00
1.000000000000001554e+00,-6.850267372388572085e-01,-6.850267372388572085e-01,1.000000000000001554e+00
1.000000000000001332e+00,2.579408570069776641e-01,2.579408570069776641e-01,1.000000000000001332e+00
1.000000000000001110e+00,8.937684081401410241e-01,8.937684081401410241e-01,1.000000000000001110e+00
1.000000000000001110e+00,9.294608328653028995e-01,9.294608328653028995e-01,1.000000000000001110e+00
1.000000000000001110e+00,2.005886116721844747e-01,2.005886116721844747e-01,1.000000000000001110e+00
1.000000000000001110e+00,-8.190709902552502086e-01,-8.190709902552502086e-01,1.000000000000001110e+00
1.000000000000001332e+00,-7.978231515594296219e-01,-7.978231515594296219e-01,1.000000000000001332e+00
1.000000000000001332e+00,1.158297942773773570e-01,1.158297942773773570e-01,1.000000000000001332e+00
1.000000000000001332e+00,8.303929868974129214e-01,8.303929868974129214e-01,1.000000000000001332e+00
1.000000000000001332e+00,9.702450609888364497e-01,9.702450609888364497e-01,1.000000000000001332e+00
1.000000000000001110e+00,3.602822578890423899e-01,3.602822578890423899e-01,1.000000000000001110e+00
1.000000000000000666e+00,-7.006808707800200597e-01,-7.006808707800200597e-01,1.000000000000000666e+00
1.000000000000000222e+00,-8.879133925784865600e-01,-8.879133925784865600e-01,1.000000000000000222e+00
1.000000000000000000e+00,-3.236329618283190213e-02,-3.236329618283190213e-02,1.000000000000000000e+00
1.000000000000000000e+00,7.530192899250196525e-01,7.530192899250196525e-01,1.000000000000000000e+00
1.000000000000000444e+00,9.922721515430267258e-01,9.922721515430267258e-01,1.000000000000000444e+00
1.000000000000000444e+00,5.061282288907930083e-01,5.061282288907930083e-01,1.000000000000000444e+00
1.000000000000000222e+00,-5.590752180434361840e-01,-5.590752180434361840e-01,1.000000000000000222e+00
1.000000000000000666e+00,-9.493408603455998351e-01,-9.493408603455998351e-01,1.000000000000000666e+00
1.000000000000001110e+00,-1.842059069830054296e-01,-1.842059069830054296e-01,1.000000000000001110e+00
1.000000000000001776e+00,6.624173423955183049e-01,6.624173423955183049e-01,1.000000000000001776e+00
1.000000000000001776e+00,9.965399482853339874e-01,9.965399482853339874e-01,1.000000000000001776e+00
1.000000000000001554e+00,6.347332627491193424e-01,6.347332627491193424e-01,1.000000000000001554e+00
1.000000000000001332e+00,-3.997370420165315408e-01,-3.997370420165315408e-01,1.000000000000001332e+00
1.000000000000001554e+00,-9.789469889403041858e-01,-9.789469889403041858e-01,1.000000000000001554e+00
1.000000000000001110e+00,-3.356531126332206738e-01,-3.356531126332206738e-01,1.000000000000001110e+00
1.000000000000001332e+00,5.590582157327009805e-01,5.590582157327009805e-01,1.000000000000001332e+00
1.000000000000001332e+00,9.841214104323480205e-01,9.841214104323480205e-01,1.000000000000001332e+00
1.000000000000001332e+00,7.440640670826510483e-01,7.440640670826510483e-01,1.000000000000001332e+00
1.000000000000001554e+00,-2.290422505915899465e-01,-2.290422505915899465e-01,1.000000000000001554e+00
1.000000000000001554e+00,-9.750080031900505428e-01,-9.750080031900505428e-01,1.000000000000001554e+00
1.000000000000002442e+00,-4.817509746693698358e-01,-4.817509746693698358e-01,1.000000000000002442e+00
1.000000000000002442e+00,4.434964077976165098e-01,4.434964077976165098e-01,1.000000000000002442e+00
1.000000000000002887e+00,9.559259581427805852e-01,9.559259581427805852e-01,1.000000000000002887e+00
1.000000000000002887e+00,8.335134488195319324e-01,8.335134488195319324e-01,1.000000000000002887e+00
1.000000000000003109e+00,-5.472937719637754883e-02,-5.472937719637754883e-02,1.000000000000003109e+00
1.000000000000003331e+00,-9.354142721417328943e-01,-9.354142721417328943e-01,1.000000000000003331e+00
1.000000000000002665e+00,-6.186708396312854408e-01,-6.186708396312854408e-01,1.000000000000002665e+00
1.000000000000002665e+00,3.173540381143534761e-01,3.173540381143534761e-01,1.000000000000002665e+00
1.000000000000002665e+00,9.127221290133227249e-01,9.127221290133227249e-01,1.000000000000002665e+00
1.000000000000002220e+00,9.022973213526667147e-01,9.022973213526667147e-01,1.000000000000002220e+00
1.000000000000002220e+00,1.184530465547068978e-01,1.184530465547068978e-01,1.000000000000002220e+00
