1.000000000000000000e+00,1.000000000000000000e+00,1.000000000000000000e+00,1.000000000000000000e+00
1.000000000000000222e+00,5.728848912698951690e-01,5.728848912698951690e-01,1.000000000000000222e+00
1.000000000000000222e+00,1.989244304612289294e-02,1.989244304612289294e-02,1.000000000000000222e+00
1.000000000000000444e+00,2.905219968539162201e-01,2.905219968539162201e-01,1.000000000000000444e+00
1.000000000000000444e+00,9.455474302708349876e-01,9.455474302708349876e-01,1.000000000000000444e+00
1.000000000000000444e+00,8.125890898769960735e-01,8.125890898769960735e-01,1.000000000000000444e+00
1.000000000000000444e+00,1.091194487373741140e-01,1.091194487373741140e-01,1.000000000000000444e+00
1.000000000000000666e+00,1.579088622362032623e-01,1.579088622362032623e-01,1.000000000000000666e+00
1.000000000000000666e+00,7.952881568467546902e-01,7.952881568467546902e-01,1.000000000000000666e+00
1.000000000000000888e+00,9.468071368487521733e-01,9.468071368487521733e-01,1.000000000000000888e+00
1.000000000000000666e+00,3.220214977039451698e-01,3.220214977039451698e-01,1.000000000000000666e+00
1.000000000000000666e+00,3.598317370383063984e-02,3.598317370383063984e-02,1.000000000000000666e+00
1.000000000000000666e+00,6.087972177031095722e-01,6.087972177031095722e-01,1.000000000000000666e+00
1.000000000000000666e+00,9.928346758751959156e-01,9.928346758751959156e-01,1.000000000000000666e+00
1.000000000000000888e+00,4.797368134443589227e-01,4.797368134443589227e-01,1.000000000000000888e+00
1.000000000000000888e+00,5.995074111015380458e-03,5.995074111015380458e-03,1.000000000000000888e+00
1.000000000000000888e+00,4.078161793382516498e-01,4.078161793382516498e-01,1.000000000000000888e+00
1.000000000000000888e+00,9.751342973904706390e-01,9.751342973904706390e-01,1.000000000000000888e+00
1.000000000000000888e+00,6.574884251801436097e-01,6.574884251801436097e-01,1.000000000000000888e+00
1.000000000000000666e+00,2.526445311735581178e-02,2.526445311735581178e-02,1.000000000000000666e+00
1.000000000000000666e+00,3.464894058046087411e-01,3.464894058046087411e-01,1.000000000000000666e+00
1.000000000000000444e+00,9.555556949683956525e-01,9.555556949683956525e-01,1.000000000000000444e+00
1.000000000000000444e+00,7.234225070089542742e-01,7.234225070089542742e-01,1.000000000000000444e+00
1.000000000000000888e+00,5.648109726187622304e-02,5.648109726187622304e-02,1.000000000000000888e+00
1.000000000000000666e+00,1.888402767211319055e-01,1.888402767211319055e-01,1.000000000000000666e+00
1.000000000000000666e+00,8.744447973653869388e-01,8.744447973653869388e-01,1.000000000000000666e+00
1.000000000000000888e+00,8.291940086179298008e-01,8.291940086179298008e-01,1.000000000000000888e+00
1.000000000000000888e+00,1.242591729426064384e-01,1.242591729426064384e-01,1.000000000000000888e+00
1.000000000000000888e+00,1.245543312143213427e-01,1.245543312143213427e-01,1.000000000000000888e+00
1.000000000000000444e+00,8.047387509919201598e-01,8.047387509919201598e-01,1.000000000000000444e+00
1.000000000000000666e+00,9.337528477515493197e-01,9.337528477515493197e-01,1.000000000000000666e+00
1.000000000000000888e+00,3.351265005475110859e-01,3.351265005475110859e-01,1.000000000000000888e+00
1.000000000000000888e+00,2.812855978813341706e-02,2.812855978813341706e-02,1.000000000000000888e+00
1.000000000000000888e+00,6.360899464295377559e-01,6.360899464295377559e-01,1.000000000000000888e+00
1.000000000000000444e+00,9.787835109764833064e-01,9.787835109764833064e-01,1.000000000000000444e+00
1.000000000000000666e+00,3.585651102703357740e-01,3.585651102703357740e-01,1.000000000000000666e+00
1.000000000000000444e+00,4.321526753111010200e-03,4.321526753111010200e-03,1.000000000000000444e+00
1.000000000000000222e+00,4.392855344748547441e-01,4.392855344748547441e-01,1.000000000000000222e+00
1.000000000000000444e+00,9.666368895760308888e-01,9.666368895760308888e-01,1.000000000000000444e+00
1.000000000000000666e+00,6.794691336535139126e-01,6.794691336535139126e-01,1.000000000000000666e+00
1.000000000000000444e+00,8.596736502866830776e-02,8.596736502866830776e-02,1.000000000000000444e+00
1.000000000000000666e+00,2.234391281775793825e-01,2.234391281775793825e-01,1.000000000000000666e+00
1.000000000000000666e+00,8.842195060947271035e-01,8.842195060947271035e-01,1.000000000000000666e+00
1.000000000000000444e+00,8.941235193852814511e-01,8.941235193852814511e-01,1.000000000000000444e+00
1.000000000000000888e+00,2.554498907478754410e-01,2.554498907478754410e-01,1.000000000000000888e+00
1.000000000000000444e+00,3.961306210974122055e-02,3.961306210974122055e-02,1.000000000000000444e+00
1.000000000000000222e+00,5.875754746961041608e-01,5.875754746961041608e-01,1.000000000000000222e+00
1.000000000000000222e+00,9.959955248718646015e-01,9.959955248718646015e-01,1.000000000000000222e+00
1.000000000000000000e+00,5.203944803841871192e-01,5.203944803841871192e-01,1.000000000000000000e+00
1.000000000000000000e+00,6.463209030831140733e-04,6.463209030831140733e-04,1.000000000000000000e+00
1.000000000000000222e+00,4.196853977527867929e-01,4.196853977527867929e-01,1.000000000000000222e+00
1.000000000000000000e+00,9.710251169008450312e-01,9.710251169008450312e-01,1.000000000000000000e+00
1.000000000000000444e+00,6.765674524893485753e-01,6.765674524893485753e-01,1.000000000000000444e+00
1.000000000000000222e+00,7.375304353437420191e-02,7.375304353437420191e-02,1.000000000000000222e+00
1.000000000000000222e+00,2.275464790570811968e-01,2.275464790570811968e-01,1.000000000000000222e+00
1.000000000000000222e+00,8.907944239557034072e-01,8.907944239557034072e-01,1.000000000000000222e+00
1.000000000000000000e+00,8.276843814353100903e-01,8.276843814353100903e-01,1.000000000000000000e+00
1.000000000000000222e+00,1.654487383837473513e-01,1.654487383837473513e-01,1.000000000000000222e+00
1.000000000000000222e+00,6.356046019125527469e-02,6.356046019125527469e-02,1.000000000000000222e+00
1.000000000000000222e+00,6.379935440136906832e-01,6.379935440136906832e-01,1.000000000000000222e+00
1.000000000000000444e+00,9.820490708608278219e-01,9.820490708608278219e-01,1.000000000000000444e+00
1.000000000000000444e+00,4.985175507996105204e-01,4.985175507996105204e-01,1.000000000000000444e+00
1.000000000000000444e+00,5.646718682766893593e-04,5.646718682766893593e-04,1.000000000000000444e+00
1.000000000000000222e+00,3.964410539960060431e-01,3.964410539960060431e-01,1.000000000000000222e+00
1.000000000000000222e+00,9.675678528421569613e-01,9.675678528421569613e-01,1.000000000000000222e+00
1.000000000000000222e+00,7.931090134148142123e-01,7.931090134148142123e-01,1.000000000000000222e+00
1.000000000000000444e+00,1.337258433124729751e-01,1.337258433124729751e-01,1.000000000000000444e+00
1.000000000000000666e+00,9.307052486190464657e-02,9.307052486190464657e-02,1.000000000000000666e+00
1.000000000000000888e+00,7.278635425793461566e-01,7.278635425793461566e-01,1.000000000000000888e+00
1.000000000000000444e+00,9.554188306941258091e-01,9.554188306941258091e-01,1.000000000000000444e+00
1.000000000000000666e+00,3.624525341649283416e-01,3.624525341649283416e-01,1.000000000000000666e+00
1.000000000000000444e+00,6.742093709541097102e-03,6.742093709541097102e-03,1.000000000000000444e+00
1.000000000000000444e+00,5.092147102700264050e-01,5.092147102700264050e-01,1.000000000000000444e+00
1.000000000000000444e+00,9.883377865288549557e-01,9.883377865288549557e-01,1.000000000000000444e+00
1.000000000000000444e+00,6.961082251981518532e-01,6.961082251981518532e-01,1.000000000000000444e+00
1.000000000000000444e+00,6.948109796113122183e-02,6.948109796113122183e-02,1.000000000000000444e+00
1.000000000000000444e+00,2.189618273378383106e-01,2.189618273378383106e-01,1.000000000000000444e+00
1.000000000000000666e+00,9.078462982977042461e-01,9.078462982977042461e-01,1.000000000000000666e+00
1.000000000000000666e+00,7.979513043849444376e-01,7.979513043849444376e-01,1.000000000000000666e+00
1.000000000000000666e+00,1.605036417935683524e-01,1.605036417935683524e-01,1.000000000000000666e+00
1.000000000000000666e+00,9.386545122753127413e-02,9.386545122753127413e-02,1.000000000000000666e+00
1.000000000000000666e+00,6.832051567918296930e-01,6.832051567918296930e-01,1.000000000000000666e+00
1.000000000000000666e+00,9.914115165923120809e-01,9.914115165923120809e-01,1.000000000000000666e+00
1.000000000000000666e+00,4.512858420805255788e-01,4.512858420805255788e-01,1.000000000000000666e+00
1.000000000000000888e+00,1.031645616290155498e-03,1.031645616290155498e-03,1.000000000000000888e+00
1.000000000000000666e+00,4.881279121314499037e-01,4.881279121314499037e-01,1.000000000000000666e+00
1.000000000000000888e+00,9.962707200739422397e-01,9.962707200739422397e-01,1.000000000000000888e+00
1.000000000000001332e+00,6.254079536880429169e-01,6.254079536880429169e-01,1.000000000000001332e+00
1.000000000000001554e+00,2.228441616491322330e-02,2.228441616491322330e-02,1.000000000000001554e+00
1.000000000000001776e+00,2.900328567982971562e-01,2.900328567982971562e-01,1.000000000000001776e+00
1.000000000000001554e+00,9.433048363858883567e-01,9.433048363858883567e-01,1.000000000000001554e+00
1.000000000000001554e+00,7.237061305884261442e-01,7.237061305884261442e-01,1.000000000000001554e+00
1.000000000000001110e+00,7.645576479024293604e-02,7.645576479024293604e-02,1.000000000000001110e+00
1.000000000000000888e+00,1.912176333673981654e-01,1.912176333673981654e-01,1.000000000000000888e+00
1.000000000000000888e+00,8.125915034753101729e-01,8.125915034753101729e-01,1.000000000000000888e+00
1.000000000000000888e+00,8.844763544311556869e-01,8.844763544311556869e-01,1.000000000000000888e+00
1.000000000000000666e+00,2.200027451213058538e-01,2.200027451213058538e-01,1.000000000000000666e+00
1.000000000000000888e+00,8.957607936125286385e-02,8.957607936125286385e-02,1.000000000000000888e+00
1.000000000000000888e+00,6.736155561912191558e-01,6.736155561912191558e-01,1.000000000000000888e+00
1.000000000000000888e+00,9.941038177330087100e-01,9.941038177330087100e-01,1.000000000000000888e+00
1.000000000000001110e+00,4.723225290037256219e-01,4.723225290037256219e-01,1.000000000000001110e+00
