1.000000000000000000e+00,1.000000000000000000e+00,1.000000000000000000e+00,1.000000000000000000e+00
9.999999999999997780e-01,4.559391434123664100e-01,4.559391434123664100e-01,9.999999999999997780e-01
9.999999999999995559e-01,-4.699985687364052200e-01,-4.699985687364052200e-01,9.999999999999995559e-01
9.999999999999992228e-01,-9.899350623071047073e-01,-9.899350623071047073e-01,9.999999999999992228e-01
9.999999999999995559e-01,-5.706648187058809274e-01,-5.706648187058809274e-01,9.999999999999995559e-01
9.999999999999995559e-01,3.524390802480755758e-01,3.524390802480755758e-01,9.999999999999995559e-01
9.999999999999994449e-01,9.646537315051747496e-01,9.646537315051747496e-01,9.999999999999994449e-01
9.999999999999996669e-01,7.310085192446852398e-01,7.310085192446852398e-01,9.999999999999996669e-01
9.999999999999991118e-01,-1.393320368622914529e-01,-1.393320368622914529e-01,9.999999999999991118e-01
9.999999999999993339e-01,-9.167028907000738247e-01,-9.167028907000738247e-01,9.999999999999993339e-01
9.999999999999994449e-01,-7.629948326136752890e-01,-7.629948326136752890e-01,9.999999999999994449e-01
9.999999999999996669e-01,1.429042533139601445e-01,1.429042533139601445e-01,9.999999999999996669e-01
1.000000000000000222e+00,9.122711968137673377e-01,9.122711968137673377e-01,1.000000000000000222e+00
1.000000000000000444e+00,8.792948235529418621e-01,8.792948235529418621e-01,1.000000000000000444e+00
1.000000000000000888e+00,-2.187991000484657000e-02,-2.187991000484657000e-02,1.000000000000000888e+00
1.000000000000000666e+00,-8.873998002890715053e-01,-8.873998002890715053e-01,1.000000000000000666e+00
1.000000000000000888e+00,-8.264690437386764676e-01,-8.264690437386764676e-01,1.000000000000000888e+00
1.000000000000001332e+00,-4.107615474525477817e-02,-4.107615474525477817e-02,1.000000000000001332e+00
1.000000000000001332e+00,8.263579304837449513e-01,8.263579304837449513e-01,1.000000000000001332e+00
1.000000000000001110e+00,8.848350854589132064e-01,8.848350854589132064e-01,1.000000000000001110e+00
1.000000000000001332e+00,-2.551110348187940469e-02,-2.551110348187940469e-02,1.000000000000001332e+00
1.000000000000001110e+00,-8.772219960518208293e-01,-8.772219960518208293e-01,1.000000000000001110e+00
1.000000000000000888e+00,-8.435674903839351924e-01,-8.435674903839351924e-01,1.000000000000000888e+00
1.000000000000000888e+00,-1.244250299948429506e-02,-1.244250299948429506e-02,1.000000000000000888e+00
1.000000000000000222e+00,8.180296285469308426e-01,8.180296285469308426e-01,1.000000000000000222e+00
1.000000000000000444e+00,9.183861925512979418e-01,9.183861925512979418e-01,1.000000000000000444e+00
1.000000000000000000e+00,2.153254593182734877e-01,2.153254593182734877e-01,1.000000000000000000e+00
1.000000000000000444e+00,-6.924282517803713732e-01,-6.924282517803713732e-01,1.000000000000000444e+00
1.000000000000000222e+00,-9.846189485809537789e-01,-9.846189485809537789e-01,1.000000000000000222e+00
1.000000000000000222e+00,-4.225201571963441705e-01,-4.225201571963441705e-01,1.000000000000000222e+00
1.000000000000000222e+00,4.675985115196595876e-01,4.675985115196595876e-01,1.000000000000000222e+00
1.000000000000000222e+00,9.893104483650181358e-01,9.893104483650181358e-01,1.000000000000000222e+00
1.000000000000000666e+00,6.937181930288118803e-01,6.937181930288118803e-01,1.000000000000000666e+00
1.000000000000000444e+00,-2.309282410888779391e-01,-2.309282410888779391e-01,1.000000000000000444e+00
1.000000000000000666e+00,-9.196737973032855784e-01,-9.196737973032855784e-01,1.000000000000000666e+00
1.000000000000001332e+00,-7.317295102299177234e-01,-7.317295102299177234e-01,1.000000000000001332e+00
1.000000000000001332e+00,2.530036239523767438e-01,2.530036239523767438e-01,1.000000000000001332e+00
1.000000000000001554e+00,9.523053212416610069e-01,9.523053212416610069e-01,1.000000000000001554e+00
1.000000000000001998e+00,7.834957584836358402e-01,7.834957584836358402e-01,1.000000000000001998e+00
1.000000000000001998e+00,-1.981124072720930052e-01,-1.981124072720930052e-01,1.000000000000001998e+00
1.000000000000001776e+00,-8.982760687393146481e-01,-8.982760687393146481e-01,1.000000000000001776e+00
1.000000000000001554e+00,-8.733991403914866947e-01,-8.733991403914866947e-01,1.000000000000001554e+00
1.000000000000002220e+00,-8.306007265924741922e-02,-8.306007265924741922e-02,1.000000000000002220e+00
1.000000000000001998e+00,7.724150747890277113e-01,7.724150747890277113e-01,1.000000000000001998e+00
1.000000000000002442e+00,9.427678705555971872e-01,9.427678705555971872e-01,1.000000000000002442e+00
1.000000000000002887e+00,1.918809894488842371e-01,1.918809894488842371e-01,1.000000000000002887e+00
1.000000000000003109e+00,-7.212381987886700152e-01,-7.212381987886700152e-01,1.000000000000003109e+00
1.000000000000003553e+00,-9.797798800516301920e-01,-9.797798800516301920e-01,1.000000000000003553e+00
1.000000000000003775e+00,-3.715122474507224215e-01,-3.715122474507224215e-01,1.000000000000003775e+00
1.000000000000003775e+00,5.907858528307545765e-01,5.907858528307545765e-01,1.000000000000003775e+00
1.000000000000003997e+00,9.979120383134797434e-01,9.979120383134797434e-01,1.000000000000003997e+00
1.000000000000003997e+00,4.821795665971985168e-01,4.821795665971985168e-01,1.000000000000003997e+00
1.000000000000004219e+00,-4.669461364881549725e-01,-4.669461364881549725e-01,1.000000000000004219e+00
1.000000000000003997e+00,-9.855296461059821489e-01,-9.855296461059821489e-01,1.000000000000003997e+00
1.000000000000003775e+00,-5.472309898074979584e-01,-5.472309898074979584e-01,1.000000000000003775e+00
1.000000000000003553e+00,3.991726358007302022e-01,3.991726358007302022e-01,1.000000000000003553e+00
1.000000000000003331e+00,9.938602478650582217e-01,9.938602478650582217e-01,1.000000000000003331e+00
1.000000000000003775e+00,6.176446094167894474e-01,6.176446094167894474e-01,1.000000000000003775e+00
1.000000000000003553e+00,-3.348932848160613429e-01,-3.348932848160613429e-01,1.000000000000003553e+00
1.000000000000003997e+00,-9.582461810852269668e-01,-9.582461810852269668e-01,1.000000000000003997e+00
1.000000000000003553e+00,-7.107671785519144025e-01,-7.107671785519144025e-01,1.000000000000003553e+00
1.000000000000003553e+00,2.138460803555224110e-01,2.138460803555224110e-01,1.000000000000003553e+00
1.000000000000003553e+00,9.552965470344719767e-01,9.552965470344719767e-01,1.000000000000003553e+00
1.000000000000003331e+00,8.084246433309490998e-01,8.084246433309490998e-01,1.000000000000003331e+00
1.000000000000003553e+00,-9.275210585599324986e-03,-9.275210585599324986e-03,1.000000000000003553e+00
1.000000000000003331e+00,-8.021714983327401516e-01,-8.021714983327401516e-01,1.000000000000003331e+00
1.000000000000003553e+00,-8.764462849256210442e-01,-8.764462849256210442e-01,1.000000000000003553e+00
1.000000000000003553e+00,-5.060881255213944829e-02,-5.060881255213944829e-02,1.000000000000003553e+00
1.000000000000003553e+00,8.121068662251840209e-01,8.121068662251840209e-01,1.000000000000003553e+00
1.000000000000003553e+00,9.144312195813952826e-01,9.144312195813952826e-01,1.000000000000003553e+00
1.000000000000003553e+00,1.593448860637054210e-01,1.593448860637054210e-01,1.000000000000003553e+00
1.000000000000003109e+00,-7.334577289093779928e-01,-7.334577289093779928e-01,1.000000000000003109e+00
1.000000000000002887e+00,-9.358493127623950247e-01,-9.358493127623950247e-01,1.000000000000002887e+00
1.000000000000002887e+00,-1.372978042823471689e-01,-1.372978042823471689e-01,1.000000000000002887e+00
1.000000000000002665e+00,8.019259866641297307e-01,8.019259866641297307e-01,1.000000000000002665e+00
1.000000000000003109e+00,8.968017792152269685e-01,8.968017792152269685e-01,1.000000000000003109e+00
1.000000000000002887e+00,1.127277659710868851e-01,1.127277659710868851e-01,1.000000000000002887e+00
1.000000000000002665e+00,-7.824335071768830918e-01,-7.824335071768830918e-01,1.000000000000002665e+00
1.000000000000002665e+00,-8.999706151204799331e-01,-8.999706151204799331e-01,1.000000000000002665e+00
1.000000000000002665e+00,-7.494266261367388271e-02,-7.494266261367388271e-02,1.000000000000002665e+00
1.000000000000002665e+00,8.215422035702583115e-01,8.215422035702583115e-01,1.000000000000002665e+00
1.000000000000002665e+00,8.853918965913964989e-01,8.853918965913964989e-01,1.000000000000002665e+00
1.000000000000003109e+00,5.460467809396490901e-02,5.460467809396490901e-02,1.000000000000003109e+00
1.000000000000003109e+00,-8.005128810330138789e-01,-8.005128810330138789e-01,1.000000000000003109e+00
1.000000000000002887e+00,-8.907737513757234549e-01,-8.907737513757234549e-01,1.000000000000002887e+00
1.000000000000002665e+00,-6.612385298116052468e-02,-6.612385298116052468e-02,1.000000000000002665e+00
1.000000000000002442e+00,8.035244579822344857e-01,8.035244579822344857e-01,1.000000000000002442e+00
1.000000000000001998e+00,9.594031312680874057e-01,9.594031312680874057e-01,1.000000000000001998e+00
1.000000000000001776e+00,2.259211983444885385e-01,2.259211983444885385e-01,1.000000000000001776e+00
1.000000000000001776e+00,-6.915314463956147017e-01,-6.915314463956147017e-01,1.000000000000001776e+00
1.000000000000001110e+00,-9.669447776463437894e-01,-9.669447776463437894e-01,1.000000000000001110e+00
1.000000000000001110e+00,-3.549977362154339566e-01,-3.549977362154339566e-01,1.000000000000001110e+00
1.000000000000001110e+00,6.554976560492355997e-01,6.554976560492355997e-01,1.000000000000001110e+00
1.000000000000001110e+00,9.938405483133050389e-01,9.938405483133050389e-01,1.000000000000001110e+00
1.000000000000000666e+00,4.088122992974503322e-01,4.088122992974503322e-01,1.000000000000000666e+00
1.000000000000000888e+00,-6.283193595666438647e-01,-6.283193595666438647e-01,1.000000000000000888e+00
1.000000000000000888e+00,-9.712507934315763869e-01,-9.712507934315763869e-01,1.000000000000000888e+00
1.000000000000000444e+00,-3.108010098451509662e-01,-3.108010098451509662e-01,1.000000000000000444e+00
1.000000000000000888e+00,6.330717142815361909e-01,6.330717142815361909e-01,1.000000000000000888e+00
1.000000000000000444e+00,9.932037275966260070e-01,9.932037275966260070e-01,1.000000000000000444e+00
1.000000000000000444e+00,4.797916928379692414e-01,4.797916928379692414e-01,1.000000000000000444e+00
