1.000000000000000000e+00,1.000000000000000000e+00,1.000000000000000000e+00,1.000000000000000000e+00
9.999999999999997780e-01,5.053337087872866729e-01,5.053337087872866729e-01,9.999999999999997780e-01
1.000000000000000000e+00,3.214962405900662068e-03,3.214962405900662068e-03,1.000000000000000000e+00
1.000000000000000000e+00,4.076463506095061584e-01,4.076463506095061584e-01,1.000000000000000000e+00
1.000000000000000000e+00,9.907190545895776523e-01,9.907190545895776523e-01,1.000000000000000000e+00
1.000000000000000000e+00,7.123558142641126523e-01,7.123558142641126523e-01,1.000000000000000000e+00
9.999999999999997780e-01,8.983505202815525448e-02,8.983505202815525448e-02,9.999999999999997780e-01
1.000000000000000000e+00,1.725099614818525473e-01,1.725099614818525473e-01,1.000000000000000000e+00
1.000000000000000222e+00,8.514290763850657084e-01,8.514290763850657084e-01,1.000000000000000222e+00
1.000000000000000222e+00,9.029712400038734099e-01,9.029712400038734099e-01,1.000000000000000222e+00
1.000000000000000222e+00,2.357263682476659628e-01,2.357263682476659628e-01,1.000000000000000222e+00
1.000000000000000000e+00,6.606352826041067550e-02,6.606352826041067550e-02,1.000000000000000000e+00
1.000000000000000000e+00,7.527631693860393769e-01,7.527631693860393769e-01,1.000000000000000000e+00
1.000000000000000000e+00,9.349218104652625705e-01,9.349218104652625705e-01,1.000000000000000000e+00
1.000000000000000000e+00,3.228243874928500290e-01,3.228243874928500290e-01,1.000000000000000000e+00
9.999999999999997780e-01,2.877909031477915436e-03,2.877909031477915436e-03,9.999999999999997780e-01
1.000000000000000222e+00,4.235652921512340074e-01,4.235652921512340074e-01,1.000000000000000222e+00
1.000000000000000000e+00,9.570487329167431945e-01,9.570487329167431945e-01,1.000000000000000000e+00
1.000000000000000222e+00,7.584579544851327570e-01,7.584579544851327570e-01,1.000000000000000222e+00
1.000000000000000000e+00,1.240919712895759280e-01,1.240919712895759280e-01,1.000000000000000000e+00
1.000000000000000000e+00,9.136681542744368167e-02,9.136681542744368167e-02,1.000000000000000000e+00
1.000000000000000000e+00,7.599168646717763265e-01,7.599168646717763265e-01,1.000000000000000000e+00
1.000000000000000222e+00,9.297051402343312621e-01,9.297051402343312621e-01,1.000000000000000222e+00
1.000000000000000000e+00,3.150460975236654693e-01,3.150460975236654693e-01,1.000000000000000000e+00
1.000000000000000000e+00,1.184506818923361515e-02,1.184506818923361515e-02,1.000000000000000000e+00
1.000000000000000444e+00,4.822034649900830416e-01,4.822034649900830416e-01,1.000000000000000444e+00
1.000000000000000222e+00,9.936198677145230418e-01,9.936198677145230418e-01,1.000000000000000222e+00
1.000000000000000222e+00,6.208357220359601580e-01,6.208357220359601580e-01,1.000000000000000222e+00
9.999999999999998890e-01,3.810453030419477805e-02,3.810453030419477805e-02,9.999999999999998890e-01
1.000000000000000222e+00,2.853096058385039546e-01,2.853096058385039546e-01,1.000000000000000222e+00
1.000000000000000444e+00,9.281094527377624637e-01,9.281094527377624637e-01,1.000000000000000444e+00
1.000000000000000666e+00,7.693160249007425788e-01,7.693160249007425788e-01,1.000000000000000666e+00
1.000000000000000888e+00,8.279736735026835270e-02,8.279736735026835270e-02,1.000000000000000888e+00
1.000000000000000888e+00,1.401066245086414752e-01,1.401066245086414752e-01,1.000000000000000888e+00
1.000000000000000666e+00,8.496599940278455332e-01,8.496599940278455332e-01,1.000000000000000666e+00
1.000000000000000666e+00,8.536723698959225448e-01,8.536723698959225448e-01,1.000000000000000666e+00
1.000000000000000666e+00,1.436992349449611739e-01,1.436992349449611739e-01,1.000000000000000666e+00
1.000000000000000888e+00,7.497934792833310658e-02,7.497934792833310658e-02,1.000000000000000888e+00
1.000000000000001110e+00,7.274807776911463852e-01,7.274807776911463852e-01,1.000000000000001110e+00
1.000000000000001332e+00,9.437463369141672054e-01,9.437463369141672054e-01,1.000000000000001332e+00
1.000000000000001332e+00,2.882337979636927505e-01,2.882337979636927505e-01,1.000000000000001332e+00
1.000000000000001332e+00,3.578237261141453684e-02,3.578237261141453684e-02,1.000000000000001332e+00
1.000000000000001332e+00,6.015680557887028712e-01,6.015680557887028712e-01,1.000000000000001332e+00
1.000000000000001110e+00,9.878733557055545678e-01,9.878733557055545678e-01,1.000000000000001110e+00
1.000000000000001554e+00,4.530776649293920544e-01,4.530776649293920544e-01,1.000000000000001554e+00
1.000000000000001332e+00,1.770364968384507964e-04,1.770364968384507964e-04,1.000000000000001332e+00
1.000000000000001332e+00,4.482671838178267087e-01,4.482671838178267087e-01,1.000000000000001332e+00
1.000000000000001554e+00,9.873315641594608838e-01,9.873315641594608838e-01,1.000000000000001554e+00
1.000000000000001554e+00,7.305261391321573594e-01,7.305261391321573594e-01,1.000000000000001554e+00
1.000000000000001332e+00,7.963437564491748777e-02,7.963437564491748777e-02,1.000000000000001332e+00
1.000000000000001332e+00,2.129388018053186005e-01,2.129388018053186005e-01,1.000000000000001332e+00
1.000000000000001332e+00,8.439303209835751218e-01,8.439303209835751218e-01,1.000000000000001332e+00
1.000000000000001332e+00,8.858291320265703206e-01,8.858291320265703206e-01,1.000000000000001332e+00
1.000000000000000888e+00,2.911458181307634008e-01,2.911458181307634008e-01,1.000000000000000888e+00
1.000000000000001110e+00,1.701126056356649929e-02,1.701126056356649929e-02,1.000000000000001110e+00
1.000000000000001332e+00,5.535681043158710013e-01,5.535681043158710013e-01,1.000000000000001332e+00
1.000000000000001332e+00,9.994239191868263816e-01,9.994239191868263816e-01,1.000000000000001332e+00
1.000000000000001332e+00,5.551598037528987506e-01,5.551598037528987506e-01,1.000000000000001332e+00
1.000000000000001332e+00,3.359142292940939245e-02,3.359142292940939245e-02,1.000000000000001332e+00
1.000000000000001332e+00,2.299760240788085441e-01,2.299760240788085441e-01,1.000000000000001332e+00
1.000000000000000888e+00,8.832958626106659494e-01,8.832958626106659494e-01,1.000000000000000888e+00
1.000000000000000888e+00,8.513387508331202724e-01,8.513387508331202724e-01,1.000000000000000888e+00
1.000000000000000888e+00,2.303119524081070901e-01,2.303119524081070901e-01,1.000000000000000888e+00
1.000000000000000888e+00,3.867266410763756102e-02,3.867266410763756102e-02,1.000000000000000888e+00
1.000000000000001110e+00,6.436105766314405008e-01,6.436105766314405008e-01,1.000000000000001110e+00
1.000000000000001332e+00,9.944342373014465331e-01,9.944342373014465331e-01,1.000000000000001332e+00
1.000000000000001332e+00,4.355937124972167895e-01,4.355937124972167895e-01,1.000000000000001332e+00
1.000000000000001110e+00,1.398449667026485654e-03,1.398449667026485654e-03,1.000000000000001110e+00
1.000000000000000888e+00,4.822807529625353085e-01,4.822807529625353085e-01,1.000000000000000888e+00
1.000000000000001110e+00,9.992246126924885230e-01,9.992246126924885230e-01,1.000000000000001110e+00
1.000000000000001332e+00,6.210078573485381392e-01,6.210078573485381392e-01,1.000000000000001332e+00
1.000000000000001332e+00,5.623398250348324301e-02,5.623398250348324301e-02,1.000000000000001332e+00
1.000000000000001332e+00,2.258565957526763590e-01,2.258565957526763590e-01,1.000000000000001332e+00
1.000000000000001554e+00,9.101215115003300493e-01,9.101215115003300493e-01,1.000000000000001554e+00
1.000000000000001332e+00,7.871342128188137943e-01,7.871342128188137943e-01,1.000000000000001332e+00
1.000000000000001332e+00,8.948954548342803739e-02,8.948954548342803739e-02,1.000000000000001332e+00
1.000000000000001110e+00,1.343294223245878882e-01,1.343294223245878882e-01,1.000000000000001110e+00
1.000000000000000888e+00,8.208346868725899803e-01,8.208346868725899803e-01,1.000000000000000888e+00
1.000000000000000666e+00,9.127705217213077926e-01,9.127705217213077926e-01,1.000000000000000666e+00
1.000000000000000888e+00,3.278547656232290164e-01,3.278547656232290164e-01,1.000000000000000888e+00
1.000000000000000888e+00,1.688740011717262957e-02,1.688740011717262957e-02,1.000000000000000888e+00
1.000000000000000666e+00,6.050105846442328517e-01,6.050105846442328517e-01,1.000000000000000666e+00
1.000000000000000666e+00,9.994917184325932125e-01,9.994917184325932125e-01,1.000000000000000666e+00
1.000000000000000666e+00,5.753237320750870243e-01,5.753237320750870243e-01,1.000000000000000666e+00
1.000000000000000888e+00,2.480183112101860821e-02,2.480183112101860821e-02,1.000000000000000888e+00
1.000000000000000666e+00,3.150095097249374643e-01,3.150095097249374643e-01,1.000000000000000666e+00
1.000000000000000666e+00,9.061907745579802498e-01,9.061907745579802498e-01,1.000000000000000666e+00
1.000000000000000888e+00,8.086798491881909134e-01,8.086798491881909134e-01,1.000000000000000888e+00
1.000000000000001110e+00,1.555609342050180977e-01,1.555609342050180977e-01,1.000000000000001110e+00
1.000000000000000888e+00,1.246560354949110133e-01,1.246560354949110133e-01,1.000000000000000888e+00
1.000000000000000444e+00,7.789159743262111801e-01,7.789159743262111801e-01,1.000000000000000444e+00
1.000000000000000222e+00,9.665295182093365245e-01,9.665295182093365245e-01,1.000000000000000222e+00
1.000000000000000222e+00,3.679594091429643221e-01,3.679594091429643221e-01,1.000000000000000222e+00
1.000000000000000000e+00,1.889166232127495459e-02,1.889166232127495459e-02,1.000000000000000000e+00
1.000000000000000222e+00,6.171167683952220040e-01,6.171167683952220040e-01,1.000000000000000222e+00
1.000000000000000222e+00,9.991309909522827493e-01,9.991309909522827493e-01,1.000000000000000222e+00
1.000000000000000222e+00,5.665917471260714100e-01,5.665917471260714100e-01,1.000000000000000222e+00
1.000000000000000444e+00,3.130266583340879372e-02,3.130266583340879372e-02,1.000000000000000444e+00
1.000000000000000444e+00,2.386843558470278515e-01,2.386843558470278515e-01,1.000000000000000444e+00
1.000000000000000444e+00,9.035641774728856435e-01,9.035641774728856435e-01,1.000000000000000444e+00
1.000000000000000666e+00,8.764310560781031212e-01,8.764310560781031212e-01,1.000000000000000666e+00
