1.000000000000000000e+00,1.000000000000000000e+00,1.000000000000000000e+00,1.000000000000000000e+00
9.999999999999997780e-01,6.228426115813385788e-01,6.228426115813385788e-01,9.999999999999997780e-01
1.000000000000000000e+00,5.115170827210033244e-02,5.115170827210033244e-02,1.000000000000000000e+00
1.000000000000000222e+00,2.226895843752838555e-01,2.226895843752838555e-01,1.000000000000000222e+00
1.000000000000000444e+00,9.005435256239238129e-01,9.005435256239238129e-01,1.000000000000000444e+00
1.000000000000000222e+00,8.389816852384524015e-01,8.389816852384524015e-01,1.000000000000000222e+00
1.000000000000000222e+00,2.293414777307048458e-01,2.293414777307048458e-01,1.000000000000000222e+00
1.000000000000000000e+00,4.230124041488775299e-02,4.230124041488775299e-02,1.000000000000000000e+00
1.000000000000000222e+00,6.314455714797386765e-01,6.314455714797386765e-01,1.000000000000000222e+00
9.999999999999998890e-01,9.808518110504658161e-01,9.808518110504658161e-01,9.999999999999998890e-01
1.000000000000000000e+00,3.654184131596301399e-01,3.654184131596301399e-01,1.000000000000000000e+00
1.000000000000000000e+00,1.857754227209962306e-03,1.857754227209962306e-03,1.000000000000000000e+00
1.000000000000000000e+00,4.087829557765214616e-01,4.087829557765214616e-01,1.000000000000000000e+00
1.000000000000000000e+00,9.687463233152540099e-01,9.687463233152540099e-01,1.000000000000000000e+00
1.000000000000000222e+00,6.971986577220466996e-01,6.971986577220466996e-01,1.000000000000000222e+00
1.000000000000000444e+00,1.075728896136102786e-01,1.075728896136102786e-01,1.000000000000000444e+00
1.000000000000000666e+00,1.921353729281880529e-01,1.921353729281880529e-01,1.000000000000000666e+00
1.000000000000000666e+00,8.928927948472329401e-01,8.928927948472329401e-01,1.000000000000000666e+00
1.000000000000000666e+00,8.587654025634829935e-01,8.587654025634829935e-01,1.000000000000000666e+00
1.000000000000000888e+00,2.184993880231536900e-01,2.184993880231536900e-01,1.000000000000000888e+00
1.000000000000000888e+00,3.671974392529475661e-02,3.671974392529475661e-02,1.000000000000000888e+00
1.000000000000000666e+00,6.512194230250964999e-01,6.512194230250964999e-01,1.000000000000000666e+00
1.000000000000000444e+00,9.972344661396325138e-01,9.972344661396325138e-01,1.000000000000000444e+00
1.000000000000000444e+00,5.577131736798999206e-01,5.577131736798999206e-01,1.000000000000000444e+00
1.000000000000000444e+00,2.933218011577504170e-03,2.933218011577504170e-03,1.000000000000000444e+00
1.000000000000000666e+00,3.438809835189282627e-01,3.438809835189282627e-01,1.000000000000000666e+00
1.000000000000000888e+00,9.701211858507390318e-01,9.701211858507390318e-01,1.000000000000000888e+00
1.000000000000000666e+00,6.864933798618978456e-01,6.864933798618978456e-01,1.000000000000000666e+00
1.000000000000000666e+00,4.973254714622149519e-02,4.973254714622149519e-02,1.000000000000000666e+00
1.000000000000000444e+00,2.170467909758194425e-01,2.170467909758194425e-01,1.000000000000000444e+00
1.000000000000000666e+00,8.355533089163655891e-01,8.355533089163655891e-01,1.000000000000000666e+00
1.000000000000000666e+00,8.844789243409858503e-01,8.844789243409858503e-01,1.000000000000000666e+00
1.000000000000000666e+00,2.642172872917549764e-01,2.642172872917549764e-01,1.000000000000000666e+00
1.000000000000000888e+00,2.596484612058611030e-02,2.596484612058611030e-02,1.000000000000000888e+00
1.000000000000000888e+00,6.156586746138023036e-01,6.156586746138023036e-01,1.000000000000000888e+00
1.000000000000000444e+00,9.954457053243790376e-01,9.954457053243790376e-01,1.000000000000000444e+00
1.000000000000000666e+00,5.614395189762600991e-01,5.614395189762600991e-01,1.000000000000000666e+00
1.000000000000000888e+00,4.815827020026697269e-03,4.815827020026697269e-03,1.000000000000000888e+00
1.000000000000001110e+00,3.637545017233342337e-01,3.637545017233342337e-01,1.000000000000001110e+00
1.000000000000001110e+00,9.785689637394978657e-01,9.785689637394978657e-01,1.000000000000001110e+00
1.000000000000001110e+00,6.947492478442226504e-01,6.947492478442226504e-01,1.000000000000001110e+00
1.000000000000001332e+00,4.891786713512263907e-02,4.891786713512263907e-02,1.000000000000001332e+00
1.000000000000001332e+00,2.509772178613799420e-01,2.509772178613799420e-01,1.000000000000001332e+00
1.000000000000001332e+00,8.721555906771891742e-01,8.721555906771891742e-01,1.000000000000001332e+00
1.000000000000001332e+00,9.126151475338399877e-01,9.126151475338399877e-01,1.000000000000001332e+00
1.000000000000001332e+00,2.579050938451361574e-01,2.579050938451361574e-01,1.000000000000001332e+00
1.000000000000001110e+00,1.397146073610652794e-02,1.397146073610652794e-02,1.000000000000001110e+00
1.000000000000001110e+00,5.227037276775274854e-01,5.227037276775274854e-01,1.000000000000001110e+00
1.000000000000001332e+00,9.929547541115706366e-01,9.929547541115706366e-01,1.000000000000001332e+00
1.000000000000001332e+00,6.477177494703887373e-01,6.477177494703887373e-01,1.000000000000001332e+00
1.000000000000001332e+00,2.246165210783354627e-02,2.246165210783354627e-02,1.000000000000001332e+00
1.000000000000001332e+00,3.480005223602248288e-01,3.480005223602248288e-01,1.000000000000001332e+00
1.000000000000001332e+00,9.573405197650273202e-01,9.573405197650273202e-01,1.000000000000001332e+00
1.000000000000001110e+00,7.311799207611404672e-01,7.311799207611404672e-01,1.000000000000001110e+00
1.000000000000001332e+00,1.006443411821096728e-01,1.006443411821096728e-01,1.000000000000001332e+00
1.000000000000001332e+00,1.482271350815738686e-01,1.482271350815738686e-01,1.000000000000001332e+00
1.000000000000001332e+00,7.973059930717276700e-01,7.973059930717276700e-01,1.000000000000001332e+00
1.000000000000001554e+00,9.095565171370065816e-01,9.095565171370065816e-01,1.000000000000001554e+00
1.000000000000001332e+00,3.035506160402566267e-01,3.035506160402566267e-01,1.000000000000001332e+00
1.000000000000001554e+00,4.202178397968697743e-02,4.202178397968697743e-02,1.000000000000001554e+00
1.000000000000001332e+00,6.183633602379012828e-01,6.183633602379012828e-01,1.000000000000001332e+00
1.000000000000001554e+00,9.979388322352409357e-01,9.979388322352409357e-01,1.000000000000001554e+00
1.000000000000001554e+00,5.132839761005811852e-01,5.132839761005811852e-01,1.000000000000001554e+00
1.000000000000001776e+00,2.163258858069097568e-02,2.163258858069097568e-02,1.000000000000001776e+00
1.000000000000001776e+00,3.535913485906280740e-01,3.535913485906280740e-01,1.000000000000001776e+00
1.000000000000001776e+00,9.764603357472334544e-01,9.764603357472334544e-01,1.000000000000001776e+00
1.000000000000001332e+00,6.875910865843978259e-01,6.875910865843978259e-01,1.000000000000001332e+00
1.000000000000001776e+00,5.900832925454455036e-02,5.900832925454455036e-02,1.000000000000001776e+00
1.000000000000001776e+00,2.279174476100155056e-01,2.279174476100155056e-01,1.000000000000001776e+00
1.000000000000001554e+00,8.474520427584779636e-01,8.474520427584779636e-01,1.000000000000001554e+00
1.000000000000001332e+00,9.026971323393979674e-01,9.026971323393979674e-01,1.000000000000001332e+00
1.000000000000001332e+00,2.832577569494129088e-01,2.832577569494129088e-01,1.000000000000001332e+00
1.000000000000001110e+00,2.162895167611111891e-02,2.162895167611111891e-02,1.000000000000001110e+00
1.000000000000001332e+00,5.813817942832160135e-01,5.813817942832160135e-01,1.000000000000001332e+00
1.000000000000001332e+00,9.990360644048403849e-01,9.990360644048403849e-01,1.000000000000001332e+00
1.000000000000001332e+00,6.460365021505087846e-01,6.460365021505087846e-01,1.000000000000001332e+00
1.000000000000001332e+00,6.763094009423409325e-02,6.763094009423409325e-02,1.000000000000001332e+00
1.000000000000001332e+00,1.613605377233667260e-01,1.613605377233667260e-01,1.000000000000001332e+00
1.000000000000001332e+00,8.686905272177624093e-01,8.686905272177624093e-01,1.000000000000001332e+00
1.000000000000001332e+00,8.521243155967278549e-01,8.521243155967278549e-01,1.000000000000001332e+00
1.000000000000001332e+00,2.300483517128729116e-01,2.300483517128729116e-01,1.000000000000001332e+00
1.000000000000001332e+00,7.791633750137716419e-02,7.791633750137716419e-02,1.000000000000001332e+00
1.000000000000001332e+00,7.268359832921551522e-01,7.268359832921551522e-01,1.000000000000001332e+00
1.000000000000001332e+00,9.673125043652377464e-01,9.673125043652377464e-01,1.000000000000001332e+00
1.000000000000001332e+00,3.537088068652084472e-01,3.537088068652084472e-01,1.000000000000001332e+00
1.000000000000001332e+00,1.435449520931494916e-02,1.435449520931494916e-02,1.000000000000001332e+00
1.000000000000001332e+00,5.226457534758376378e-01,5.226457534758376378e-01,1.000000000000001332e+00
1.000000000000001554e+00,9.998644297855810992e-01,9.998644297855810992e-01,1.000000000000001554e+00
1.000000000000001554e+00,6.153979322281741826e-01,6.153979322281741826e-01,1.000000000000001554e+00
1.000000000000001332e+00,4.450763485276948428e-02,4.450763485276948428e-02,1.000000000000001332e+00
1.000000000000001332e+00,2.278543079237115299e-01,2.278543079237115299e-01,1.000000000000001332e+00
1.000000000000001332e+00,8.383598828248844947e-01,8.383598828248844947e-01,1.000000000000001332e+00
1.000000000000001110e+00,9.114486002188433300e-01,9.114486002188433300e-01,1.000000000000001110e+00
1.000000000000001332e+00,3.056354919117307833e-01,3.056354919117307833e-01,1.000000000000001332e+00
1.000000000000001332e+00,6.591611906498817675e-03,6.591611906498817675e-03,1.000000000000001332e+00
1.000000000000001332e+00,4.794605757520535860e-01,4.794605757520535860e-01,1.000000000000001332e+00
1.000000000000001554e+00,9.989988163030247836e-01,9.989988163030247836e-01,1.000000000000001554e+00
1.000000000000001776e+00,6.342195351263927305e-01,6.342195351263927305e-01,1.000000000000001776e+00
1.000000000000001776e+00,5.059575425206230825e-02,5.059575425206230825e-02,1.000000000000001776e+00
1.000000000000001332e+00,1.711325363790934528e-01,1.711325363790934528e-01,1.000000000000001332e+00
1.000000000000001110e+00,7.785357859424716365e-01,7.785357859424716365e-01,1.000000000000001110e+00
