1.000000000000000000e+00,1.000000000000000000e+00,1.000000000000000000e+00,1.000000000000000000e+00
9.999999999999998890e-01,5.672990330344218624e-01,5.672990330344218624e-01,9.999999999999998890e-01
1.000000000000000000e+00,-3.561249402484428783e-01,-3.561249402484428783e-01,1.000000000000000000e+00
1.000000000000000222e+00,-9.824298155820039291e-01,-9.824298155820039291e-01,1.000000000000000222e+00
1.000000000000000222e+00,-6.552636971805404498e-01,-6.552636971805404498e-01,1.000000000000000222e+00
1.000000000000000000e+00,3.190358104743027390e-01,3.190358104743027390e-01,1.000000000000000000e+00
1.000000000000000222e+00,9.581252803756961089e-01,9.581252803756961089e-01,1.000000000000000222e+00
1.000000000000000222e+00,7.545609392742834709e-01,7.545609392742834709e-01,1.000000000000000222e+00
1.000000000000000444e+00,-2.230460709657827167e-01,-2.230460709657827167e-01,1.000000000000000444e+00
1.000000000000000444e+00,-9.526422299318302311e-01,-9.526422299318302311e-01,1.000000000000000444e+00
1.000000000000000222e+00,-7.261600297190494713e-01,-7.261600297190494713e-01,1.000000000000000222e+00
1.000000000000000444e+00,2.600854375572914656e-01,2.600854375572914656e-01,1.000000000000000444e+00
1.000000000000000666e+00,9.813759170827276446e-01,9.813759170827276446e-01,1.000000000000000666e+00
1.000000000000000666e+00,6.783149460213645510e-01,6.783149460213645510e-01,1.000000000000000666e+00
1.000000000000000888e+00,-2.774199867091526328e-01,-2.774199867091526328e-01,1.000000000000000888e+00
1.000000000000001332e+00,-9.303509090372725776e-01,-9.303509090372725776e-01,1.000000000000001332e+00
1.000000000000001332e+00,-8.128012405081852521e-01,-8.128012405081852521e-01,1.000000000000001332e+00
1.000000000000001110e+00,1.371091857086128019e-01,1.371091857086128019e-01,1.000000000000001110e+00
1.000000000000000888e+00,9.075219830373169039e-01,9.075219830373169039e-01,1.000000000000000888e+00
1.000000000000001332e+00,7.908718457379552147e-01,7.908718457379552147e-01,1.000000000000001332e+00
1.000000000000001110e+00,-1.921275997699865012e-01,-1.921275997699865012e-01,1.000000000000001110e+00
1.000000000000000888e+00,-9.350891430565986262e-01,-9.350891430565986262e-01,1.000000000000000888e+00
1.000000000000000666e+00,-7.438273367485521703e-01,-7.438273367485521703e-01,1.000000000000000666e+00
1.000000000000000444e+00,8.963504946454262101e-02,8.963504946454262101e-02,1.000000000000000444e+00
1.000000000000000222e+00,8.670974252365553081e-01,8.670974252365553081e-01,1.000000000000000222e+00
1.000000000000000666e+00,9.022330037331788288e-01,9.022330037331788288e-01,1.000000000000000666e+00
1.000000000000000666e+00,5.886419000098810916e-02,5.886419000098810916e-02,1.000000000000000666e+00
1.000000000000000888e+00,-8.176552967439857378e-01,-8.176552967439857378e-01,1.000000000000000888e+00
1.000000000000000888e+00,-9.101767216078995304e-01,-9.101767216078995304e-01,1.000000000000000888e+00
1.000000000000000666e+00,-4.950791058379672149e-02,-4.950791058379672149e-02,1.000000000000000666e+00
1.000000000000000888e+00,8.497110401929610646e-01,8.497110401929610646e-01,1.000000000000000888e+00
1.000000000000001110e+00,9.287861484901933640e-01,9.287861484901933640e-01,1.000000000000001110e+00
1.000000000000000888e+00,1.441074730476139265e-01,1.441074730476139265e-01,1.000000000000000888e+00
1.000000000000000666e+00,-7.264515467407799409e-01,-7.264515467407799409e-01,1.000000000000000666e+00
1.000000000000000444e+00,-9.264248250512969740e-01,-9.264248250512969740e-01,1.000000000000000444e+00
1.000000000000000444e+00,-2.495139174952442640e-01,-2.495139174952442640e-01,1.000000000000000444e+00
1.000000000000000444e+00,6.814861470968102131e-01,6.814861470968102131e-01,1.000000000000000444e+00
1.000000000000000222e+00,9.890364220120519967e-01,9.890364220120519967e-01,1.000000000000000222e+00
1.000000000000000444e+00,4.426816605638643765e-01,4.426816605638643765e-01,1.000000000000000444e+00
1.000000000000000222e+00,-5.041561107741335812e-01,-5.041561107741335812e-01,1.000000000000000222e+00
1.000000000000000444e+00,-9.953121907227160392e-01,-9.953121907227160392e-01,1.000000000000000444e+00
1.000000000000000444e+00,-4.399924853152475945e-01,-4.399924853152475945e-01,1.000000000000000444e+00
1.000000000000000444e+00,5.607391139238191435e-01,5.607391139238191435e-01,1.000000000000000444e+00
1.000000000000000222e+00,9.926947060116605437e-01,9.926947060116605437e-01,1.000000000000000222e+00
1.000000000000000444e+00,4.813231994530784985e-01,4.813231994530784985e-01,1.000000000000000444e+00
1.000000000000000222e+00,-5.496407564084877517e-01,-5.496407564084877517e-01,1.000000000000000222e+00
1.000000000000000444e+00,-9.825314090965333591e-01,-9.825314090965333591e-01,1.000000000000000444e+00
1.000000000000000222e+00,-4.381130338111756117e-01,-4.381130338111756117e-01,1.000000000000000222e+00
1.000000000000000222e+00,5.515688251313229928e-01,5.515688251313229928e-01,1.000000000000000222e+00
1.000000000000000222e+00,9.997643078673144057e-01,9.997643078673144057e-01,1.000000000000000222e+00
1.000000000000000666e+00,4.710238790185845015e-01,4.710238790185845015e-01,1.000000000000000666e+00
1.000000000000000666e+00,-5.788846099944975343e-01,-5.788846099944975343e-01,1.000000000000000666e+00
1.000000000000000888e+00,-9.913992616945257463e-01,-9.913992616945257463e-01,1.000000000000000888e+00
1.000000000000000666e+00,-5.748909272352953348e-01,-5.748909272352953348e-01,1.000000000000000666e+00
1.000000000000000666e+00,4.180893518062236969e-01,4.180893518062236969e-01,1.000000000000000666e+00
1.000000000000000666e+00,9.962075414016153818e-01,9.962075414016153818e-01,1.000000000000000666e+00
1.000000000000000888e+00,5.905264055328843797e-01,5.905264055328843797e-01,1.000000000000000888e+00
1.000000000000000666e+00,-4.174138069207748436e-01,-4.174138069207748436e-01,1.000000000000000666e+00
1.000000000000000888e+00,-9.828349270949722216e-01,-9.828349270949722216e-01,1.000000000000000888e+00
1.000000000000000888e+00,-5.858344891700419943e-01,-5.858344891700419943e-01,1.000000000000000888e+00
1.000000000000001332e+00,3.183370483136055418e-01,3.183370483136055418e-01,1.000000000000001332e+00
1.000000000000001998e+00,9.858412297847329864e-01,9.858412297847329864e-01,1.000000000000001998e+00
1.000000000000002442e+00,7.127159693866023105e-01,7.127159693866023105e-01,1.000000000000002442e+00
1.000000000000002665e+00,-2.168174432004865149e-01,-2.168174432004865149e-01,1.000000000000002665e+00
1.000000000000002665e+00,-8.989835204432294891e-01,-8.989835204432294891e-01,1.000000000000002665e+00
1.000000000000002665e+00,-8.011474909351800067e-01,-8.011474909351800067e-01,1.000000000000002665e+00
1.000000000000002887e+00,1.586413952830333929e-01,1.586413952830333929e-01,1.000000000000002887e+00
1.000000000000002887e+00,9.322736757539782371e-01,9.322736757539782371e-01,1.000000000000002887e+00
1.000000000000002887e+00,7.643061628090858095e-01,7.643061628090858095e-01,1.000000000000002887e+00
1.000000000000002442e+00,-4.659245959327779074e-02,-4.659245959327779074e-02,1.000000000000002442e+00
1.000000000000002665e+00,-8.860008743092488981e-01,-8.860008743092488981e-01,1.000000000000002665e+00
1.000000000000002887e+00,-7.960729594109211549e-01,-7.960729594109211549e-01,1.000000000000002887e+00
1.000000000000002665e+00,8.608159658908282053e-02,8.608159658908282053e-02,1.000000000000002665e+00
1.000000000000002220e+00,9.128978717530396025e-01,9.128978717530396025e-01,1.000000000000002220e+00
1.000000000000002442e+00,8.702047083482595813e-01,8.702047083482595813e-01,1.000000000000002442e+00
1.000000000000002665e+00,-3.698958772131283324e-02,-3.698958772131283324e-02,1.000000000000002665e+00
1.000000000000003109e+00,-8.214432396145955328e-01,-8.214432396145955328e-01,1.000000000000003109e+00
1.000000000000002665e+00,-9.364527133181458352e-01,-9.364527133181458352e-01,1.000000000000002665e+00
1.000000000000002665e+00,-1.853201762002871233e-01,-1.853201762002871233e-01,1.000000000000002665e+00
1.000000000000002665e+00,7.062572658893285782e-01,7.062572658893285782e-01,1.000000000000002665e+00
1.000000000000002665e+00,9.560871759368119172e-01,9.560871759368119172e-01,1.000000000000002665e+00
1.000000000000002887e+00,3.135793708125274581e-01,3.135793708125274581e-01,1.000000000000002887e+00
1.000000000000002665e+00,-6.930074460425523775e-01,-6.930074460425523775e-01,1.000000000000002665e+00
1.000000000000002442e+00,-9.716368454396242527e-01,-9.716368454396242527e-01,1.000000000000002442e+00
1.000000000000002665e+00,-3.967890824880773715e-01,-3.967890824880773715e-01,1.000000000000002665e+00
1.000000000000002442e+00,6.223729640736392899e-01,6.223729640736392899e-01,1.000000000000002442e+00
1.000000000000002887e+00,9.868694397664505846e-01,9.868694397664505846e-01,1.000000000000002887e+00
1.000000000000002665e+00,3.472625055052359633e-01,3.472625055052359633e-01,1.000000000000002665e+00
1.000000000000002442e+00,-5.949176344653060999e-01,-5.949176344653060999e-01,1.000000000000002442e+00
1.000000000000002442e+00,-9.813564570706774237e-01,-9.813564570706774237e-01,1.000000000000002442e+00
1.000000000000002220e+00,-3.726808377796442806e-01,-3.726808377796442806e-01,1.000000000000002220e+00
1.000000000000002220e+00,5.292812094311769577e-01,5.292812094311769577e-01,1.000000000000002220e+00
1.000000000000002442e+00,9.998562553042285028e-01,9.998562553042285028e-01,1.000000000000002442e+00
1.000000000000002220e+00,5.087053855835107496e-01,5.087053855835107496e-01,1.000000000000002220e+00
1.000000000000002220e+00,-3.819980555422815560e-01,-3.819980555422815560e-01,1.000000000000002220e+00
1.000000000000002665e+00,-9.528152988433880033e-01,-9.528152988433880033e-01,1.000000000000002665e+00
1.000000000000002220e+00,-7.553003045367424617e-01,-7.553003045367424617e-01,1.000000000000002220e+00
1.000000000000002665e+00,1.613065285158757634e-01,1.613065285158757634e-01,1.000000000000002665e+00
1.000000000000002665e+00,9.037935208761522787e-01,9.037935208761522787e-01,1.000000000000002665e+00
1.000000000000002220e+00,8.827935113704250547e-01,8.827935113704250547e-01,1.000000000000002220e+00
1.000000000000002220e+00,1.687311791321162990e-01,1.687311791321162990e-01,1.000000000000002220e+00
