1.000000000000000000e+00,1.000000000000000000e+00,1.000000000000000000e+00,1.000000000000000000e+00
1.000000000000000000e+00,6.158352468627219523e-01,6.158352468627219523e-01,1.000000000000000000e+00
1.000000000000000000e+00,9.242977474195886167e-02,9.242977474195886167e-02,1.000000000000000000e+00
1.000000000000000000e+00,7.317206184121113899e-02,7.317206184121113899e-02,1.000000000000000000e+00
9.999999999999998890e-01,6.291480205575579188e-01,6.291480205575579188e-01,9.999999999999998890e-01
1.000000000000000444e+00,9.924786346051158725e-01,9.924786346051158725e-01,1.000000000000000444e+00
1.000000000000000222e+00,3.685446513931708301e-01,3.685446513931708301e-01,1.000000000000000222e+00
1.000000000000000000e+00,4.539101941705117604e-02,4.539101941705117604e-02,1.000000000000000000e+00
1.000000000000000444e+00,7.481337158234557805e-01,7.481337158234557805e-01,1.000000000000000444e+00
1.000000000000000444e+00,9.548982889099369986e-01,9.548982889099369986e-01,1.000000000000000444e+00
1.000000000000000666e+00,4.310495832844439823e-01,4.310495832844439823e-01,1.000000000000000666e+00
1.000000000000000888e+00,1.781259758115796843e-02,1.781259758115796843e-02,1.000000000000000888e+00
1.000000000000000888e+00,1.973820793391715400e-01,1.973820793391715400e-01,1.000000000000000888e+00
1.000000000000000888e+00,8.184267760817062198e-01,8.184267760817062198e-01,1.000000000000000888e+00
1.000000000000000666e+00,8.936419617423820849e-01,8.936419617423820849e-01,1.000000000000000666e+00
1.000000000000000444e+00,1.438004914778370502e-01,1.438004914778370502e-01,1.000000000000000444e+00
1.000000000000000444e+00,2.087112180547801288e-01,2.087112180547801288e-01,1.000000000000000444e+00
1.000000000000000444e+00,9.184536716225415454e-01,9.184536716225415454e-01,1.000000000000000444e+00
1.000000000000000222e+00,8.348887325918259439e-01,8.348887325918259439e-01,1.000000000000000222e+00
1.000000000000000000e+00,2.606124089880670347e-01,2.606124089880670347e-01,1.000000000000000000e+00
1.000000000000000000e+00,1.790710682506135853e-03,1.790710682506135853e-03,1.000000000000000000e+00
1.000000000000000444e+00,3.702476455178372317e-01,3.702476455178372317e-01,1.000000000000000444e+00
1.000000000000000222e+00,9.541608437877162618e-01,9.541608437877162618e-01,1.000000000000000222e+00
1.000000000000000222e+00,6.950615852879458156e-01,6.950615852879458156e-01,1.000000000000000222e+00
1.000000000000000444e+00,1.534203755392860025e-02,1.534203755392860025e-02,1.000000000000000444e+00
1.000000000000000222e+00,4.434668484897524854e-01,4.434668484897524854e-01,1.000000000000000222e+00
1.000000000000000666e+00,9.960424480556018256e-01,9.960424480556018256e-01,1.000000000000000666e+00
1.000000000000000666e+00,6.679931710115105670e-01,6.679931710115105670e-01,1.000000000000000666e+00
1.000000000000000888e+00,1.234510373772067932e-01,1.234510373772067932e-01,1.000000000000000888e+00
1.000000000000000888e+00,4.838157640378720759e-02,4.838157640378720759e-02,1.000000000000000888e+00
1.000000000000000888e+00,5.708662632414910343e-01,5.708662632414910343e-01,1.000000000000000888e+00
1.000000000000000666e+00,9.996659133917791262e-01,9.996659133917791262e-01,1.000000000000000666e+00
1.000000000000000888e+00,4.418407186131528275e-01,4.418407186131528275e-01,1.000000000000000888e+00
1.000000000000001110e+00,1.940133981955552422e-02,1.940133981955552422e-02,1.000000000000001110e+00
1.000000000000001110e+00,6.859474592833072482e-01,6.859474592833072482e-01,1.000000000000001110e+00
1.000000000000000888e+00,9.765148955101099482e-01,9.765148955101099482e-01,1.000000000000000888e+00
1.000000000000001110e+00,4.833450851495167955e-01,4.833450851495167955e-01,1.000000000000001110e+00
1.000000000000001332e+00,3.343954891115163974e-02,3.343954891115163974e-02,1.000000000000001332e+00
1.000000000000001332e+00,1.562750913528450636e-01,1.562750913528450636e-01,1.000000000000001332e+00
1.000000000000000888e+00,7.680417520843213497e-01,7.680417520843213497e-01,1.000000000000000888e+00
1.000000000000000888e+00,9.332737987538891611e-01,9.332737987538891611e-01,1.000000000000000888e+00
1.000000000000000444e+00,2.006336759609741727e-01,2.006336759609741727e-01,1.000000000000000444e+00
1.000000000000000444e+00,1.521578871450733617e-01,1.521578871450733617e-01,1.000000000000000444e+00
1.000000000000000444e+00,8.784482595767606483e-01,8.784482595767606483e-01,1.000000000000000444e+00
1.000000000000000222e+00,8.752613296649272012e-01,8.752613296649272012e-01,1.000000000000000222e+00
1.000000000000000888e+00,3.066404001057065343e-01,3.066404001057065343e-01,1.000000000000000888e+00
1.000000000000000666e+00,6.810900189940793936e-05,6.810900189940793936e-05,1.000000000000000666e+00
1.000000000000000888e+00,3.169125854918134477e-01,3.169125854918134477e-01,1.000000000000000888e+00
1.000000000000000666e+00,9.231527521373956713e-01,9.231527521373956713e-01,1.000000000000000666e+00
1.000000000000000666e+00,7.598828562473396442e-01,7.598828562473396442e-01,1.000000000000000666e+00
1.000000000000000888e+00,3.940612168266835469e-02,3.940612168266835469e-02,1.000000000000000888e+00
1.000000000000001110e+00,3.727645020739341897e-01,3.727645020739341897e-01,1.000000000000001110e+00
1.000000000000001110e+00,9.840309775983465679e-01,9.840309775983465679e-01,1.000000000000001110e+00
1.000000000000001110e+00,7.187257415742417388e-01,7.187257415742417388e-01,1.000000000000001110e+00
1.000000000000001332e+00,1.583482242846697696e-01,1.583482242846697696e-01,1.000000000000001332e+00
1.000000000000001332e+00,2.864041412083792593e-02,2.864041412083792593e-02,1.000000000000001332e+00
1.000000000000001332e+00,5.123537436340193096e-01,5.123537436340193096e-01,1.000000000000001332e+00
1.000000000000001110e+00,9.975474321486347273e-01,9.975474321486347273e-01,1.000000000000001110e+00
1.000000000000000888e+00,5.161064083810088521e-01,5.161064083810088521e-01,1.000000000000000888e+00
1.000000000000000888e+00,4.160487656061584438e-03,4.160487656061584438e-03,1.000000000000000888e+00
1.000000000000000888e+00,6.195426829694262727e-01,6.195426829694262727e-01,1.000000000000000888e+00
1.000000000000000888e+00,9.913917258743900618e-01,9.913917258743900618e-01,1.000000000000000888e+00
1.000000000000001110e+00,5.363231595920859851e-01,5.363231595920859851e-01,1.000000000000001110e+00
1.000000000000000888e+00,5.371551167994503828e-02,5.371551167994503828e-02,1.000000000000000888e+00
1.000000000000000888e+00,1.195331617183509332e-01,1.195331617183509332e-01,1.000000000000000888e+00
1.000000000000000888e+00,7.142267462579034998e-01,7.142267462579034998e-01,1.000000000000000888e+00
1.000000000000000666e+00,9.639630615387597690e-01,9.639630615387597690e-01,1.000000000000000666e+00
1.000000000000000666e+00,2.641393543715056524e-01,2.641393543715056524e-01,1.000000000000000666e+00
1.000000000000000444e+00,1.029103151878329597e-01,1.029103151878329597e-01,1.000000000000000444e+00
1.000000000000000666e+00,8.311799286465844094e-01,8.311799286465844094e-01,1.000000000000000666e+00
1.000000000000000666e+00,9.111049657574594729e-01,9.111049657574594729e-01,1.000000000000000666e+00
1.000000000000000888e+00,3.550209112026937452e-01,3.550209112026937452e-01,1.000000000000000888e+00
1.000000000000000888e+00,3.432060613538789884e-03,3.432060613538789884e-03,1.000000000000000888e+00
1.000000000000001110e+00,2.664861184922537873e-01,2.664861184922537873e-01,1.000000000000001110e+00
1.000000000000001110e+00,8.854854641577880603e-01,8.854854641577880603e-01,1.000000000000001110e+00
1.000000000000000666e+00,8.187881521550984809e-01,8.187881521550984809e-01,1.000000000000000666e+00
1.000000000000000666e+00,7.400470545908169329e-02,7.400470545908169329e-02,1.000000000000000666e+00
1.000000000000000666e+00,3.041924293129938395e-01,3.041924293129938395e-01,1.000000000000000666e+00
1.000000000000000666e+00,9.638610510832175127e-01,9.638610510832175127e-01,1.000000000000000666e+00
1.000000000000000666e+00,7.673645298806279769e-01,7.673645298806279769e-01,1.000000000000000666e+00
1.000000000000000666e+00,1.968376536718385861e-01,1.968376536718385861e-01,1.000000000000000666e+00
1.000000000000000444e+00,1.402763204281246012e-02,1.402763204281246012e-02,1.000000000000000444e+00
1.000000000000000666e+00,4.544241456416667768e-01,4.544241456416667768e-01,1.000000000000000666e+00
1.000000000000000666e+00,9.864628002418183161e-01,9.864628002418183161e-01,1.000000000000000666e+00
1.000000000000000888e+00,5.896493121899130108e-01,5.896493121899130108e-01,1.000000000000000888e+00
1.000000000000000666e+00,1.175694115970737919e-04,1.175694115970737919e-04,1.000000000000000666e+00
1.000000000000000888e+00,5.501515329287148814e-01,5.501515329287148814e-01,1.000000000000000888e+00
1.000000000000000666e+00,9.990285729684983407e-01,9.990285729684983407e-01,1.000000000000000666e+00
1.000000000000000444e+00,5.894237312598150647e-01,5.894237312598150647e-01,1.000000000000000444e+00
1.000000000000000222e+00,7.845339516691046677e-02,7.845339516691046677e-02,1.000000000000000222e+00
1.000000000000000222e+00,8.742310119553542425e-02,8.742310119553542425e-02,1.000000000000000222e+00
1.000000000000000222e+00,6.579329385085123105e-01,6.579329385085123105e-01,1.000000000000000222e+00
1.000000000000000222e+00,9.853389213932158830e-01,9.853389213932158830e-01,1.000000000000000222e+00
1.000000000000000000e+00,3.327938148025470499e-01,3.327938148025470499e-01,1.000000000000000000e+00
9.999999999999998890e-01,6.220420803803697329e-02,6.220420803803697329e-02,9.999999999999998890e-01
1.000000000000000000e+00,7.773002324476330216e-01,7.773002324476330216e-01,1.000000000000000000e+00
1.000000000000000000e+00,9.417392332115221976e-01,9.417392332115221976e-01,1.000000000000000000e+00
1.000000000000000000e+00,4.053228112187687304e-01,4.053228112187687304e-01,1.000000000000000000e+00
1.000000000000000000e+00,1.179363375982014905e-02,1.179363375982014905e-02,1.000000000000000000e+00
1.000000000000000000e+00,2.194718255291819298e-01,2.194718255291819298e-01,1.000000000000000000e+00
9.999999999999998890e-01,8.420339498576556725e-01,8.420339498576556725e-01,9.999999999999998890e-01
