1.000000000000000000e+00,1.000000000000000000e+00,1.000000000000000000e+00,1.000000000000000000e+00
1.000000000000000000e+00,6.055116811792315978e-01,6.055116811792315978e-01,1.000000000000000000e+00
1.000000000000000000e+00,8.336341169452685107e-02,8.336341169452685107e-02,1.000000000000000000e+00
1.000000000000000000e+00,8.039787675781387422e-02,8.039787675781387422e-02,1.000000000000000000e+00
9.999999999999998890e-01,6.334715886818788055e-01,6.334715886818788055e-01,9.999999999999998890e-01
1.000000000000000222e+00,9.935949478577724703e-01,9.935949478577724703e-01,1.000000000000000222e+00
1.000000000000000000e+00,3.825155094228810393e-01,3.825155094228810393e-01,1.000000000000000000e+00
1.000000000000000000e+00,3.943314825957983105e-02,3.943314825957983105e-02,1.000000000000000000e+00
9.999999999999998890e-01,7.414805325702754635e-01,7.414805325702754635e-01,9.999999999999998890e-01
1.000000000000000000e+00,9.534443618309884627e-01,9.534443618309884627e-01,1.000000000000000000e+00
1.000000000000000222e+00,4.182189934331301817e-01,4.182189934331301817e-01,1.000000000000000222e+00
1.000000000000000222e+00,1.379754506630312405e-02,1.379754506630312405e-02,1.000000000000000222e+00
1.000000000000000000e+00,2.064946682320212834e-01,2.064946682320212834e-01,1.000000000000000000e+00
1.000000000000000000e+00,8.192223412515970971e-01,8.192223412515970971e-01,1.000000000000000000e+00
1.000000000000000000e+00,8.995290332350239781e-01,8.995290332350239781e-01,1.000000000000000000e+00
1.000000000000000000e+00,1.547773938842491037e-01,1.547773938842491037e-01,1.000000000000000000e+00
1.000000000000000444e+00,1.979998013211861918e-01,1.979998013211861918e-01,1.000000000000000444e+00
1.000000000000000888e+00,9.160139633161198391e-01,9.160139633161198391e-01,1.000000000000000888e+00
1.000000000000000888e+00,8.298096852185975481e-01,8.298096852185975481e-01,1.000000000000000888e+00
1.000000000000000666e+00,2.477603791280161283e-01,2.477603791280161283e-01,1.000000000000000666e+00
1.000000000000000888e+00,3.337960782367588308e-03,3.337960782367588308e-03,1.000000000000000888e+00
1.000000000000000888e+00,3.785656316346484584e-01,3.785656316346484584e-01,1.000000000000000888e+00
1.000000000000000888e+00,9.531296807437690255e-01,9.531296807437690255e-01,1.000000000000000888e+00
1.000000000000000666e+00,7.061804077010045422e-01,7.061804077010045422e-01,1.000000000000000666e+00
1.000000000000000888e+00,1.941926926072234938e-02,1.941926926072234938e-02,1.000000000000000888e+00
1.000000000000000666e+00,4.323833614016817650e-01,4.323833614016817650e-01,1.000000000000000666e+00
1.000000000000000888e+00,9.959161028886640565e-01,9.959161028886640565e-01,1.000000000000000888e+00
1.000000000000000888e+00,6.587257843529720214e-01,6.587257843529720214e-01,1.000000000000000888e+00
1.000000000000000888e+00,1.132189930932768623e-01,1.132189930932768623e-01,1.000000000000000888e+00
1.000000000000000444e+00,5.460874757048647665e-02,5.460874757048647665e-02,1.000000000000000444e+00
1.000000000000000444e+00,5.762429362071848082e-01,5.762429362071848082e-01,1.000000000000000444e+00
1.000000000000000222e+00,9.998444382277595910e-01,9.998444382277595910e-01,1.000000000000000222e+00
1.000000000000000444e+00,4.557799321913256207e-01,4.557799321913256207e-01,1.000000000000000444e+00
1.000000000000000444e+00,1.545966463500747512e-02,1.545966463500747512e-02,1.000000000000000444e+00
1.000000000000000888e+00,6.780473509541755650e-01,6.780473509541755650e-01,1.000000000000000888e+00
1.000000000000000888e+00,9.757542889479258186e-01,9.757542889479258186e-01,1.000000000000000888e+00
1.000000000000000888e+00,4.710047424953107686e-01,4.710047424953107686e-01,1.000000000000000888e+00
1.000000000000000888e+00,2.786889564899203142e-02,2.786889564899203142e-02,1.000000000000000888e+00
1.000000000000001110e+00,1.651215353933856989e-01,1.651215353933856989e-01,1.000000000000001110e+00
1.000000000000001110e+00,7.697524079240559702e-01,7.697524079240559702e-01,1.000000000000001110e+00
1.000000000000000888e+00,9.376313081484936029e-01,9.376313081484936029e-01,1.000000000000000888e+00
1.000000000000000888e+00,2.129441608498971461e-01,2.129441608498971461e-01,1.000000000000000888e+00
1.000000000000000888e+00,1.423773096148743256e-01,1.423773096148743256e-01,1.000000000000000888e+00
1.000000000000001110e+00,8.749152457791430360e-01,8.749152457791430360e-01,1.000000000000001110e+00
1.000000000000001110e+00,8.713532994199678638e-01,8.713532994199678638e-01,1.000000000000001110e+00
1.000000000000001110e+00,2.935163805414047200e-01,2.935163805414047200e-01,1.000000000000001110e+00
1.000000000000001110e+00,5.606395418034093581e-05,5.606395418034093581e-05,1.000000000000001110e+00
1.000000000000001110e+00,3.257181931866675595e-01,3.257181931866675595e-01,1.000000000000001110e+00
1.000000000000001554e+00,9.223718200829813529e-01,9.223718200829813529e-01,1.000000000000001554e+00
1.000000000000001332e+00,7.696288718449341149e-01,7.696288718449341149e-01,1.000000000000001332e+00
1.000000000000001332e+00,4.571658494657004912e-02,4.571658494657004912e-02,1.000000000000001332e+00
1.000000000000000888e+00,3.613490674886525866e-01,3.613490674886525866e-01,1.000000000000000888e+00
1.000000000000000888e+00,9.835278166698131486e-01,9.835278166698131486e-01,1.000000000000000888e+00
1.000000000000000888e+00,7.106090021141083790e-01,7.106090021141083790e-01,1.000000000000000888e+00
1.000000000000000888e+00,1.471206120513549043e-01,1.471206120513549043e-01,1.000000000000000888e+00
1.000000000000001110e+00,3.369705195894945327e-02,3.369705195894945327e-02,1.000000000000001110e+00
1.000000000000001332e+00,5.187210401648221225e-01,5.187210401648221225e-01,1.000000000000001332e+00
1.000000000000001554e+00,9.970419675729862430e-01,9.970419675729862430e-01,1.000000000000001554e+00
1.000000000000001776e+00,5.296365234816703405e-01,5.296365234816703405e-01,1.000000000000001776e+00
1.000000000000001776e+00,2.421714395177909651e-03,2.421714395177909651e-03,1.000000000000001776e+00
1.000000000000001554e+00,6.104929990046857879e-01,6.104929990046857879e-01,1.000000000000001554e+00
1.000000000000001776e+00,9.911127106673666143e-01,9.911127106673666143e-01,1.000000000000001776e+00
1.000000000000001776e+00,5.246650640279276745e-01,5.246650640279276745e-01,1.000000000000001776e+00
1.000000000000001554e+00,4.666405856997229984e-02,4.666405856997229984e-02,1.000000000000001554e+00
1.000000000000001332e+00,1.278907496546002331e-01,1.278907496546002331e-01,1.000000000000001332e+00
1.000000000000001110e+00,7.169501574772099151e-01,7.169501574772099151e-01,1.000000000000001110e+00
1.000000000000001110e+00,9.668970726159135110e-01,9.668970726159135110e-01,1.000000000000001110e+00
1.000000000000001332e+00,2.774113170555967400e-01,2.774113170555967400e-01,1.000000000000001332e+00
1.000000000000000888e+00,9.441889520596405405e-02,9.441889520596405405e-02,1.000000000000000888e+00
1.000000000000000888e+00,8.264371770969861641e-01,8.264371770969861641e-01,1.000000000000000888e+00
1.000000000000000666e+00,9.082796942645748883e-01,9.082796942645748883e-01,1.000000000000000666e+00
1.000000000000000666e+00,3.418487737181393205e-01,3.418487737181393205e-01,1.000000000000000666e+00
1.000000000000000444e+00,1.820061858011423617e-03,1.820061858011423617e-03,1.000000000000000444e+00
1.000000000000000666e+00,2.755775242458491370e-01,2.755775242458491370e-01,1.000000000000000666e+00
1.000000000000000666e+00,8.851884328349276521e-01,8.851884328349276521e-01,1.000000000000000666e+00
1.000000000000000888e+00,8.270280997441469273e-01,8.270280997441469273e-01,1.000000000000000888e+00
1.000000000000000888e+00,8.237415985396331908e-02,8.237415985396331908e-02,1.000000000000000888e+00
1.000000000000000666e+00,2.927840392266166658e-01,2.927840392266166658e-01,1.000000000000000666e+00
1.000000000000001110e+00,9.627419740602205511e-01,9.627419740602205511e-01,1.000000000000001110e+00
1.000000000000001110e+00,7.604554717095932670e-01,7.604554717095932670e-01,1.000000000000001110e+00
1.000000000000001332e+00,1.848045058949674968e-01,1.848045058949674968e-01,1.000000000000001332e+00
1.000000000000001554e+00,1.776640963367359660e-02,1.776640963367359660e-02,1.000000000000001554e+00
1.000000000000001332e+00,4.616793129423815700e-01,4.616793129423815700e-01,1.000000000000001332e+00
1.000000000000001554e+00,9.855429774439545820e-01,9.855429774439545820e-01,1.000000000000001554e+00
1.000000000000001554e+00,6.024280383031158648e-01,6.024280383031158648e-01,1.000000000000001554e+00
1.000000000000001776e+00,6.930986727464172326e-04,6.930986727464172326e-04,1.000000000000001776e+00
1.000000000000001776e+00,5.401142718172895485e-01,5.401142718172895485e-01,1.000000000000001776e+00
1.000000000000001776e+00,9.989971838337683430e-01,9.989971838337683430e-01,1.000000000000001776e+00
1.000000000000001332e+00,5.786182110630604392e-01,5.786182110630604392e-01,1.000000000000001332e+00
1.000000000000001332e+00,7.002641121542060865e-02,7.002641121542060865e-02,1.000000000000001332e+00
1.000000000000001332e+00,9.507715919933369675e-02,9.507715919933369675e-02,1.000000000000001332e+00
1.000000000000001110e+00,6.617201300188215729e-01,6.617201300188215729e-01,1.000000000000001110e+00
1.000000000000000888e+00,9.870109759210841105e-01,9.870109759210841105e-01,1.000000000000000888e+00
1.000000000000000888e+00,3.466321316126990126e-01,3.466321316126990126e-01,1.000000000000000888e+00
1.000000000000000888e+00,5.532927802597825684e-02,5.532927802597825684e-02,1.000000000000000888e+00
1.000000000000000888e+00,7.712865364111594069e-01,7.712865364111594069e-01,1.000000000000000888e+00
1.000000000000000666e+00,9.398681638968001684e-01,9.398681638968001684e-01,1.000000000000000666e+00
1.000000000000000666e+00,3.923243702774128483e-01,3.923243702774128483e-01,1.000000000000000666e+00
1.000000000000000444e+00,8.574436398912116397e-03,8.574436398912116397e-03,1.000000000000000444e+00
1.000000000000000444e+00,2.286330775625576572e-01,2.286330775625576572e-01,1.000000000000000444e+00
1.000000000000000666e+00,8.424227040048355430e-01,8.424227040048355430e-01,1.000000000000000666e+00
