1.000000000000000000e+00,1.000000000000000000e+00,1.000000000000000000e+00,1.000000000000000000e+00
9.999999999999998890e-01,5.454407606772351258e-01,5.454407606772351258e-01,9.999999999999998890e-01
1.000000000000000222e+00,-5.242170080966230827e-01,-5.242170080966230827e-01,1.000000000000000222e+00
9.999999999999997780e-01,-9.682341422324823865e-01,-9.682341422324823865e-01,9.999999999999997780e-01
9.999999999999991118e-01,-1.547502897914167508e-01,-1.547502897914167508e-01,9.999999999999991118e-01
9.999999999999997780e-01,8.048611598216154350e-01,8.048611598216154350e-01,9.999999999999997780e-01
9.999999999999998890e-01,9.510195965694208109e-01,9.510195965694208109e-01,9.999999999999998890e-01
1.000000000000000222e+00,4.038508671420264484e-01,4.038508671420264484e-01,1.000000000000000222e+00
1.000000000000000000e+00,-3.931546950492093018e-01,-3.931546950492093018e-01,1.000000000000000000e+00
1.000000000000000444e+00,-9.598856525690750985e-01,-9.598856525690750985e-01,1.000000000000000444e+00
1.000000000000001110e+00,-7.046183699917580867e-01,-7.046183699917580867e-01,1.000000000000001110e+00
1.000000000000000888e+00,3.716918851756046971e-01,3.716918851756046971e-01,1.000000000000000888e+00
1.000000000000000888e+00,9.993791357588941437e-01,9.993791357588941437e-01,1.000000000000000888e+00
1.000000000000000666e+00,3.573711779316914861e-01,3.573711779316914861e-01,1.000000000000000666e+00
1.000000000000000888e+00,-6.311108696642574456e-01,-6.311108696642574456e-01,1.000000000000000888e+00
1.000000000000001332e+00,-9.945962212942035530e-01,-9.945962212942035530e-01,1.000000000000001332e+00
1.000000000000001332e+00,-6.530298725221448386e-01,-6.530298725221448386e-01,1.000000000000001332e+00
1.000000000000000888e+00,1.224081215433618086e-01,1.224081215433618086e-01,1.000000000000000888e+00
1.000000000000000888e+00,8.730619378099570005e-01,8.730619378099570005e-01,1.000000000000000888e+00
1.000000000000000444e+00,8.402672212056332413e-01,8.402672212056332413e-01,1.000000000000000444e+00
1.000000000000001110e+00,-1.918839659318739010e-01,-1.918839659318739010e-01,1.000000000000001110e+00
1.000000000000001332e+00,-9.792400107226473249e-01,-9.792400107226473249e-01,1.000000000000001332e+00
1.000000000000001110e+00,-5.385052659964504329e-01,-5.385052659964504329e-01,1.000000000000001110e+00
1.000000000000001554e+00,4.193972565927943652e-01,4.193972565927943652e-01,1.000000000000001554e+00
1.000000000000001554e+00,9.656000993856277415e-01,9.656000993856277415e-01,1.000000000000001554e+00
1.000000000000001332e+00,8.509476477933698435e-01,8.509476477933698435e-01,1.000000000000001332e+00
1.000000000000001332e+00,1.584178765026373614e-01,1.584178765026373614e-01,1.000000000000001332e+00
1.000000000000000888e+00,-7.284854727793526052e-01,-7.284854727793526052e-01,1.000000000000000888e+00
1.000000000000001332e+00,-9.197953125209523684e-01,-9.197953125209523684e-01,1.000000000000001332e+00
1.000000000000001776e+00,2.945502972085028981e-02,2.945502972085028981e-02,1.000000000000001776e+00
1.000000000000001998e+00,9.430750319529421777e-01,9.430750319529421777e-01,1.000000000000001998e+00
1.000000000000001998e+00,7.204177836642402522e-01,7.204177836642402522e-01,1.000000000000001998e+00
1.000000000000001998e+00,-1.560067320500591603e-01,-1.560067320500591603e-01,1.000000000000001998e+00
1.000000000000001776e+00,-8.422610765160025714e-01,-8.422610765160025714e-01,1.000000000000001776e+00
1.000000000000001110e+00,-9.621405455970903908e-01,-9.621405455970903908e-01,1.000000000000001110e+00
1.000000000000001776e+00,-4.060961131493813769e-01,-4.060961131493813769e-01,1.000000000000001776e+00
1.000000000000001554e+00,5.709775778377027544e-01,5.709775778377027544e-01,1.000000000000001554e+00
1.000000000000001332e+00,9.810607356756039232e-01,9.810607356756039232e-01,1.000000000000001332e+00
1.000000000000001554e+00,1.554780715860434037e-01,1.554780715860434037e-01,1.000000000000001554e+00
1.000000000000001110e+00,-8.501558328111300522e-01,-8.501558328111300522e-01,1.000000000000001110e+00
1.000000000000001332e+00,-8.588957995623174302e-01,-8.588957995623174302e-01,1.000000000000001332e+00
1.000000000000001332e+00,-1.186553397072582783e-01,-1.186553397072582783e-01,1.000000000000001332e+00
1.000000000000001110e+00,6.499207236566084678e-01,6.499207236566084678e-01,1.000000000000001110e+00
1.000000000000001554e+00,9.994746455661901452e-01,9.994746455661901452e-01,1.000000000000001554e+00
1.000000000000001554e+00,6.261345576311645456e-01,6.261345576311645456e-01,1.000000000000001554e+00
1.000000000000001554e+00,-3.812695780309889315e-01,-3.812695780309889315e-01,1.000000000000001554e+00
1.000000000000001554e+00,-9.888579029157416045e-01,-9.888579029157416045e-01,1.000000000000001554e+00
1.000000000000001776e+00,-3.200143976915467148e-01,-3.200143976915467148e-01,1.000000000000001776e+00
1.000000000000001998e+00,7.343161042297677854e-01,7.343161042297677854e-01,1.000000000000001998e+00
1.000000000000002220e+00,9.633776351305044505e-01,9.633776351305044505e-01,1.000000000000002220e+00
1.000000000000002442e+00,4.026563319592109114e-01,4.026563319592109114e-01,1.000000000000002442e+00
1.000000000000002665e+00,-3.908312711496846337e-01,-3.908312711496846337e-01,1.000000000000002665e+00
1.000000000000002665e+00,-9.466203953467897669e-01,-9.466203953467897669e-01,1.000000000000002665e+00
1.000000000000002665e+00,-7.844588450205971508e-01,-7.844588450205971508e-01,1.000000000000002665e+00
1.000000000000002665e+00,2.024967433039396303e-01,2.024967433039396303e-01,1.000000000000002665e+00
1.000000000000002442e+00,9.871803206753837490e-01,9.871803206753837490e-01,1.000000000000002442e+00
1.000000000000002665e+00,4.982977754025575967e-01,4.982977754025575967e-01,1.000000000000002665e+00
1.000000000000002665e+00,-5.590576010930173867e-01,-5.590576010930173867e-01,1.000000000000002665e+00
1.000000000000002665e+00,-9.941618108003509313e-01,-9.941618108003509313e-01,1.000000000000002665e+00
1.000000000000002220e+00,-6.490391685500911390e-01,-6.490391685500911390e-01,1.000000000000002220e+00
1.000000000000002220e+00,1.092171840707881203e-01,1.092171840707881203e-01,1.000000000000002220e+00
1.000000000000002220e+00,8.357241213657705670e-01,8.357241213657705670e-01,1.000000000000002220e+00
1.000000000000001998e+00,9.080036153260960807e-01,9.080036153260960807e-01,1.000000000000001998e+00
1.000000000000002442e+00,-7.755750860476917641e-03,-7.755750860476917641e-03,1.000000000000002442e+00
1.000000000000001998e+00,-9.345296888163791005e-01,-9.345296888163791005e-01,1.000000000000001998e+00
1.000000000000002220e+00,-6.472767292573218256e-01,-6.472767292573218256e-01,1.000000000000002220e+00
1.000000000000002220e+00,3.568516945005506535e-01,3.568516945005506535e-01,1.000000000000002220e+00
1.000000000000002220e+00,9.626670645336314891e-01,9.626670645336314891e-01,1.000000000000002220e+00
1.000000000000001998e+00,8.482574304093335460e-01,8.482574304093335460e-01,1.000000000000001998e+00
1.000000000000001998e+00,1.856552414362412917e-01,1.856552414362412917e-01,1.000000000000001998e+00
1.000000000000001776e+00,-6.632102085174355066e-01,-6.632102085174355066e-01,1.000000000000001776e+00
1.000000000000001998e+00,-9.673705669400506357e-01,-9.673705669400506357e-01,1.000000000000001998e+00
1.000000000000002442e+00,-1.605821121888051928e-01,-1.605821121888051928e-01,1.000000000000002442e+00
1.000000000000002442e+00,8.710911469283976194e-01,8.710911469283976194e-01,1.000000000000002442e+00
1.000000000000002665e+00,7.968425909553769060e-01,7.968425909553769060e-01,1.000000000000002665e+00
1.000000000000002220e+00,-1.083524377512511960e-01,-1.083524377512511960e-01,1.000000000000002220e+00
1.000000000000002220e+00,-8.412242904421931566e-01,-8.412242904421931566e-01,1.000000000000002220e+00
1.000000000000002220e+00,-9.627167535751985916e-01,-9.627167535751985916e-01,1.000000000000002220e+00
1.000000000000001776e+00,-4.475106765796903474e-01,-4.475106765796903474e-01,1.000000000000001776e+00
1.000000000000001776e+00,4.726648285247164738e-01,4.726648285247164738e-01,1.000000000000001776e+00
1.000000000000001998e+00,9.996909250628450705e-01,9.996909250628450705e-01,1.000000000000001998e+00
1.000000000000001776e+00,3.406318360459326122e-01,3.406318360459326122e-01,1.000000000000001776e+00
1.000000000000002220e+00,-7.571849793281018037e-01,-7.571849793281018037e-01,1.000000000000002220e+00
1.000000000000002442e+00,-9.014640069804973344e-01,-9.014640069804973344e-01,1.000000000000002442e+00
1.000000000000002665e+00,-1.481535205995340165e-01,-1.481535205995340165e-01,1.000000000000002665e+00
1.000000000000003331e+00,6.537083740559814782e-01,6.537083740559814782e-01,1.000000000000003331e+00
1.000000000000003331e+00,9.991007191416801936e-01,9.991007191416801936e-01,1.000000000000003331e+00
1.000000000000003553e+00,6.756072369120991183e-01,6.756072369120991183e-01,1.000000000000003553e+00
1.000000000000003553e+00,-2.535914868093831487e-01,-2.535914868093831487e-01,1.000000000000003553e+00
1.000000000000003331e+00,-9.763052947332016007e-01,-9.763052947332016007e-01,1.000000000000003331e+00
1.000000000000003553e+00,-4.885117862082433149e-01,-4.885117862082433149e-01,1.000000000000003553e+00
1.000000000000003775e+00,6.298385606162779649e-01,6.298385606162779649e-01,1.000000000000003775e+00
1.000000000000003997e+00,9.805515490113028143e-01,9.805515490113028143e-01,1.000000000000003997e+00
1.000000000000004219e+00,4.165864651660167173e-01,4.165864651660167173e-01,1.000000000000004219e+00
1.000000000000004441e+00,-3.965835133479903574e-01,-3.965835133479903574e-01,1.000000000000004441e+00
1.000000000000004219e+00,-9.390715270378012791e-01,-9.390715270378012791e-01,1.000000000000004219e+00
1.000000000000004885e+00,-8.362494165801948043e-01,-8.362494165801948043e-01,1.000000000000004885e+00
1.000000000000004885e+00,5.052541577933500339e-02,5.052541577933500339e-02,1.000000000000004885e+00
1.000000000000004885e+00,9.392582736728750659e-01,9.392582736728750659e-01,1.000000000000004885e+00
1.000000000000003997e+00,6.434526898027604913e-01,6.434526898027604913e-01,1.000000000000003997e+00
1.000000000000003775e+00,-4.518205477728880481e-01,-4.518205477728880481e-01,1.000000000000003775e+00
