1.000000000000000000e+00,1.000000000000000000e+00,1.000000000000000000e+00,1.000000000000000000e+00
1.000000000000000222e+00,6.319965585400157959e-01,6.319965585400157959e-01,1.000000000000000222e+00
1.000000000000000222e+00,-3.834564885633731102e-01,-3.834564885633731102e-01,1.000000000000000222e+00
1.000000000000000000e+00,-9.883236064214714345e-01,-9.883236064214714345e-01,1.000000000000000000e+00
9.999999999999995559e-01,-3.446177291835839096e-01,-3.446177291835839096e-01,9.999999999999995559e-01
9.999999999999993339e-01,5.785594179501609702e-01,5.785594179501609702e-01,9.999999999999993339e-01
1.000000000000000000e+00,9.917870541745547053e-01,9.917870541745547053e-01,1.000000000000000000e+00
1.000000000000000000e+00,7.406619407885911555e-01,7.406619407885911555e-01,1.000000000000000000e+00
9.999999999999996669e-01,-2.129530825335428923e-01,-2.129530825335428923e-01,9.999999999999996669e-01
1.000000000000000000e+00,-9.792918805937779192e-01,-9.792918805937779192e-01,1.000000000000000000e+00
9.999999999999994449e-01,-4.964547220269218686e-01,-4.964547220269218686e-01,9.999999999999994449e-01
9.999999999999993339e-01,4.601779128098362759e-01,4.601779128098362759e-01,9.999999999999993339e-01
9.999999999999988898e-01,9.675501558551559134e-01,9.675501558551559134e-01,9.999999999999988898e-01
9.999999999999987788e-01,8.302149736793091872e-01,8.302149736793091872e-01,9.999999999999987788e-01
9.999999999999993339e-01,-3.938038381906233676e-02,-3.938038381906233676e-02,9.999999999999993339e-01
9.999999999999995559e-01,-9.344145544895612332e-01,-9.344145544895612332e-01,9.999999999999995559e-01
1.000000000000000000e+00,-6.374817564807190307e-01,-6.374817564807190307e-01,1.000000000000000000e+00
1.000000000000000000e+00,3.295905332857855252e-01,3.295905332857855252e-01,1.000000000000000000e+00
9.999999999999994449e-01,9.277271325596070373e-01,9.277271325596070373e-01,9.999999999999994449e-01
9.999999999999995559e-01,9.002444454438007782e-01,9.002444454438007782e-01,9.999999999999995559e-01
9.999999999999996669e-01,1.318923708937168870e-01,1.318923708937168870e-01,9.999999999999996669e-01
9.999999999999993339e-01,-8.566619207278980408e-01,-8.566619207278980408e-01,9.999999999999993339e-01
9.999999999999998890e-01,-7.607178207221586552e-01,-7.607178207221586552e-01,9.999999999999998890e-01
9.999999999999997780e-01,1.878130015903353989e-01,1.878130015903353989e-01,9.999999999999997780e-01
9.999999999999997780e-01,8.729107015707679995e-01,8.729107015707679995e-01,9.999999999999997780e-01
1.000000000000000222e+00,9.513330721864197148e-01,9.513330721864197148e-01,1.000000000000000222e+00
1.000000000000000000e+00,2.943980811556550226e-01,2.943980811556550226e-01,1.000000000000000000e+00
9.999999999999997780e-01,-7.473170127446269184e-01,-7.473170127446269184e-01,9.999999999999997780e-01
1.000000000000000222e+00,-8.626233688552640277e-01,-8.626233688552640277e-01,1.000000000000000222e+00
1.000000000000000222e+00,3.836006717258225174e-02,3.836006717258225174e-02,1.000000000000000222e+00
1.000000000000000444e+00,8.030617524790285566e-01,8.030617524790285566e-01,1.000000000000000444e+00
1.000000000000000222e+00,9.837329585769423179e-01,9.837329585769423179e-01,1.000000000000000222e+00
1.000000000000000000e+00,4.453085969414066758e-01,4.453085969414066758e-01,1.000000000000000000e+00
1.000000000000000222e+00,-6.139564224452858099e-01,-6.139564224452858099e-01,1.000000000000000222e+00
1.000000000000000444e+00,-9.354132721419288199e-01,-9.354132721419288199e-01,1.000000000000000444e+00
1.000000000000000444e+00,-1.172964101178664009e-01,-1.172964101178664009e-01,1.000000000000000444e+00
1.000000000000000444e+00,7.190923839841261156e-01,7.190923839841261156e-01,1.000000000000000444e+00
1.000000000000000444e+00,9.984651653317917486e-01,9.984651653317917486e-01,1.000000000000000444e+00
1.000000000000000444e+00,5.798156167379749926e-01,5.798156167379749926e-01,1.000000000000000444e+00
1.000000000000000222e+00,-4.593778233206215478e-01,-4.593778233206215478e-01,1.000000000000000222e+00
1.000000000000000000e+00,-9.784071551747881568e-01,-9.784071551747881568e-01,1.000000000000000000e+00
1.000000000000000222e+00,-2.731887300111945360e-01,-2.731887300111945360e-01,1.000000000000000222e+00
9.999999999999998890e-01,6.205919202839080828e-01,6.205919202839080828e-01,9.999999999999998890e-01
1.000000000000000000e+00,9.961907575610610133e-01,9.961907575610610133e-01,1.000000000000000000e+00
1.000000000000000000e+00,6.971799261519734392e-01,6.971799261519734392e-01,1.000000000000000000e+00
1.000000000000000000e+00,-2.933043417872001624e-01,-2.933043417872001624e-01,1.000000000000000000e+00
1.000000000000000000e+00,-9.852433991189765150e-01,-9.852433991189765150e-01,1.000000000000000000e+00
1.000000000000000000e+00,-4.271559628148273169e-01,-4.271559628148273169e-01,1.000000000000000000e+00
1.000000000000000000e+00,5.091933991292960648e-01,5.091933991292960648e-01,1.000000000000000000e+00
1.000000000000000000e+00,9.776443143738144936e-01,9.776443143738144936e-01,1.000000000000000000e+00
1.000000000000000000e+00,7.948518846456344988e-01,7.948518846456344988e-01,1.000000000000000000e+00
1.000000000000000000e+00,-1.193844471826732145e-01,-1.193844471826732145e-01,1.000000000000000000e+00
1.000000000000000000e+00,-9.586299036136574081e-01,-9.586299036136574081e-01,1.000000000000000000e+00
1.000000000000000000e+00,-5.713712574308608128e-01,-5.713712574308608128e-01,1.000000000000000000e+00
1.000000000000000000e+00,3.846418769034558593e-01,3.846418769034558593e-01,1.000000000000000000e+00
9.999999999999998890e-01,9.436527338288871469e-01,9.436527338288871469e-01,9.999999999999998890e-01
9.999999999999996669e-01,8.733092510285042076e-01,8.733092510285042076e-01,9.999999999999996669e-01
9.999999999999993339e-01,5.336532326208109911e-02,5.336532326208109911e-02,9.999999999999993339e-01
9.999999999999997780e-01,-8.957918155244157798e-01,-8.957918155244157798e-01,9.999999999999997780e-01
9.999999999999997780e-01,-7.029178737422101531e-01,-7.029178737422101531e-01,9.999999999999997780e-01
1.000000000000000222e+00,2.495700404572183395e-01,2.495700404572183395e-01,1.000000000000000222e+00
1.000000000000000444e+00,8.944627069942381326e-01,8.944627069942381326e-01,1.000000000000000444e+00
1.000000000000000444e+00,9.319759725559707553e-01,9.319759725559707553e-01,1.000000000000000444e+00
1.000000000000000000e+00,2.212836791838111439e-01,2.212836791838111439e-01,1.000000000000000000e+00
9.999999999999996669e-01,-8.022257623948964023e-01,-8.022257623948964023e-01,9.999999999999996669e-01
9.999999999999991118e-01,-8.138255535559004716e-01,-8.138255535559004716e-01,9.999999999999991118e-01
9.999999999999988898e-01,1.047560192218688624e-01,1.047560192218688624e-01,9.999999999999988898e-01
9.999999999999993339e-01,8.308669065607620086e-01,8.308669065607620086e-01,9.999999999999993339e-01
1.000000000000000000e+00,9.717586015513481890e-01,9.717586015513481890e-01,1.000000000000000000e+00
1.000000000000000222e+00,3.780611704951318264e-01,3.780611704951318264e-01,1.000000000000000222e+00
1.000000000000000666e+00,-6.797633792452986157e-01,-6.797633792452986157e-01,1.000000000000000666e+00
1.000000000000000666e+00,-9.007245972067179363e-01,-9.007245972067179363e-01,1.000000000000000666e+00
1.000000000000000888e+00,-4.617404246859035943e-02,-4.617404246859035943e-02,1.000000000000000888e+00
1.000000000000001110e+00,7.529092520704662173e-01,7.529092520704662173e-01,1.000000000000001110e+00
1.000000000000001332e+00,9.932642737648040843e-01,9.932642737648040843e-01,1.000000000000001332e+00
1.000000000000001554e+00,5.207376553546338993e-01,5.207376553546338993e-01,1.000000000000001554e+00
1.000000000000001554e+00,-5.351671084784395127e-01,-5.351671084784395127e-01,1.000000000000001554e+00
1.000000000000001776e+00,-9.579293862592948017e-01,-9.579293862592948017e-01,1.000000000000001776e+00
1.000000000000001776e+00,-2.004451682598960005e-01,-2.004451682598960005e-01,1.000000000000001776e+00
1.000000000000001554e+00,6.612296292920929464e-01,6.612296292920929464e-01,1.000000000000001554e+00
1.000000000000001110e+00,9.973815624245035982e-01,9.973815624245035982e-01,1.000000000000001110e+00
1.000000000000000666e+00,6.462684133241081152e-01,6.462684133241081152e-01,1.000000000000000666e+00
1.000000000000000444e+00,-3.742002821533904622e-01,-3.742002821533904622e-01,1.000000000000000444e+00
1.000000000000000444e+00,-9.823581783081949403e-01,-9.823581783081949403e-01,1.000000000000000444e+00
1.000000000000000888e+00,-3.538544427966249240e-01,-3.538544427966249240e-01,1.000000000000000888e+00
1.000000000000000888e+00,5.563173804369990760e-01,5.563173804369990760e-01,1.000000000000000888e+00
1.000000000000000888e+00,9.850309279554884112e-01,9.850309279554884112e-01,1.000000000000000888e+00
1.000000000000000888e+00,7.527996747880288941e-01,7.527996747880288941e-01,1.000000000000000888e+00
1.000000000000000888e+00,-2.031329413473304535e-01,-2.031329413473304535e-01,1.000000000000000888e+00
1.000000000000000888e+00,-9.727651191883741610e-01,-9.727651191883741610e-01,1.000000000000000888e+00
1.000000000000001332e+00,-5.010630588290091447e-01,-5.010630588290091447e-01,1.000000000000001332e+00
1.000000000000001332e+00,4.386754874521855418e-01,4.386754874521855418e-01,1.000000000000001332e+00
1.000000000000001554e+00,9.569918524833538331e-01,9.569918524833538331e-01,1.000000000000001554e+00
1.000000000000001776e+00,8.398860178510938468e-01,8.398860178510938468e-01,1.000000000000001776e+00
1.000000000000001554e+00,-2.964150836939793976e-02,-2.964150836939793976e-02,1.000000000000001554e+00
1.000000000000001332e+00,-9.273261123848983711e-01,-9.273261123848983711e-01,1.000000000000001332e+00
1.000000000000001554e+00,-6.381248336036218216e-01,-6.381248336036218216e-01,1.000000000000001554e+00
1.000000000000001554e+00,3.100539450929550300e-01,3.100539450929550300e-01,1.000000000000001554e+00
1.000000000000001776e+00,9.138546598442118807e-01,9.138546598442118807e-01,1.000000000000001776e+00
1.000000000000001998e+00,9.068408990065126574e-01,9.068408990065126574e-01,1.000000000000001998e+00
1.000000000000001776e+00,1.417389027224553177e-01,1.417389027224553177e-01,1.000000000000001776e+00
