1.000000000000000000e+00,1.000000000000000000e+00,1.000000000000000000e+00,1.000000000000000000e+00
1.000000000000000000e+00,3.432195629383648638e-01,3.432195629383648638e-01,1.000000000000000000e+00
1.000000000000000000e+00,-7.250764769257396214e-01,-7.250764769257396214e-01,1.000000000000000000e+00
9.999999999999994449e-01,-9.506336492215692324e-01,-9.506336492215692324e-01,9.999999999999994449e-01
9.999999999999993339e-01,-3.646959322619542365e-01,-3.646959322619542365e-01,9.999999999999993339e-01
9.999999999999991118e-01,4.314717197813487948e-01,4.314717197813487948e-01,9.999999999999991118e-01
9.999999999999990008e-01,9.598428526911735315e-01,9.598428526911735315e-01,9.999999999999990008e-01
9.999999999999994449e-01,7.862834706599803880e-01,7.862834706599803880e-01,9.999999999999994449e-01
9.999999999999993339e-01,-1.843707859245863889e-01,-1.843707859245863889e-01,9.999999999999993339e-01
9.999999999999998890e-01,-9.731974960900996452e-01,-9.731974960900996452e-01,9.999999999999998890e-01
1.000000000000000222e+00,-4.967769923408790755e-01,-4.967769923408790755e-01,1.000000000000000222e+00
1.000000000000000444e+00,5.710613879276670302e-01,5.710613879276670302e-01,1.000000000000000444e+00
1.000000000000000888e+00,9.993945972513693654e-01,9.993945972513693654e-01,1.000000000000000888e+00
1.000000000000000888e+00,6.237855485202508099e-01,6.237855485202508099e-01,1.000000000000000888e+00
1.000000000000000888e+00,-1.414004224153366240e-01,-1.414004224153366240e-01,1.000000000000000888e+00
1.000000000000000888e+00,-8.416634730318476310e-01,-8.416634730318476310e-01,1.000000000000000888e+00
1.000000000000000888e+00,-8.985987393829899528e-01,-8.985987393829899528e-01,1.000000000000000888e+00
1.000000000000001110e+00,6.326532125582484678e-03,6.326532125582484678e-03,1.000000000000001110e+00
1.000000000000001332e+00,9.387906802567999032e-01,9.387906802567999032e-01,1.000000000000001332e+00
1.000000000000001110e+00,6.614631880871685299e-01,6.614631880871685299e-01,1.000000000000001110e+00
1.000000000000000888e+00,-3.604780633682451163e-01,-3.604780633682451163e-01,1.000000000000000888e+00
1.000000000000000888e+00,-9.650868554676186317e-01,-9.650868554676186317e-01,1.000000000000000888e+00
1.000000000000000888e+00,-8.209130145719772953e-01,-8.209130145719772953e-01,1.000000000000000888e+00
1.000000000000000888e+00,-1.472316449267052074e-01,-1.472316449267052074e-01,1.000000000000000888e+00
1.000000000000001110e+00,6.830893581065041742e-01,6.830893581065041742e-01,1.000000000000001110e+00
1.000000000000000888e+00,9.762934818697396322e-01,9.762934818697396322e-01,1.000000000000000888e+00
1.000000000000000666e+00,1.858345779821537758e-01,1.858345779821537758e-01,1.000000000000000666e+00
1.000000000000000666e+00,-8.516336444186887178e-01,-8.516336444186887178e-01,1.000000000000000666e+00
1.000000000000001110e+00,-7.892649563000759816e-01,-7.892649563000759816e-01,1.000000000000001110e+00
1.000000000000000888e+00,1.338109389748121103e-01,1.338109389748121103e-01,1.000000000000000888e+00
1.000000000000001554e+00,8.636348324842388902e-01,8.636348324842388902e-01,1.000000000000001554e+00
1.000000000000001776e+00,9.561491401066760654e-01,9.561491401066760654e-01,1.000000000000001776e+00
1.000000000000001776e+00,4.260875003527293536e-01,4.260875003527293536e-01,1.000000000000001776e+00
1.000000000000001998e+00,-4.758493107975888536e-01,-4.758493107975888536e-01,1.000000000000001998e+00
1.000000000000002442e+00,-9.888630629723942356e-01,-9.888630629723942356e-01,1.000000000000002442e+00
1.000000000000002442e+00,-3.461188197781299158e-01,-3.461188197781299158e-01,1.000000000000002442e+00
1.000000000000002442e+00,7.595721939999721117e-01,7.595721939999721117e-01,1.000000000000002442e+00
1.000000000000002442e+00,9.074438781475382410e-01,9.074438781475382410e-01,1.000000000000002442e+00
1.000000000000002665e+00,1.295052468418856351e-01,1.295052468418856351e-01,1.000000000000002665e+00
1.000000000000002665e+00,-6.759250202556257303e-01,-6.759250202556257303e-01,1.000000000000002665e+00
1.000000000000002442e+00,-9.954440188327221550e-01,-9.954440188327221550e-01,1.000000000000002442e+00
1.000000000000002665e+00,-6.500354304004397621e-01,-6.500354304004397621e-01,1.000000000000002665e+00
1.000000000000002887e+00,2.660679655828872003e-01,2.660679655828872003e-01,1.000000000000002887e+00
1.000000000000003109e+00,9.840342421089340874e-01,9.840342421089340874e-01,1.000000000000003109e+00
1.000000000000003109e+00,5.144094894745464552e-01,5.144094894745464552e-01,1.000000000000003109e+00
1.000000000000002887e+00,-6.145447089810714969e-01,-6.145447089810714969e-01,1.000000000000002887e+00
1.000000000000003109e+00,-9.694948860252696754e-01,-9.694948860252696754e-01,1.000000000000003109e+00
1.000000000000003331e+00,-3.843358924114494979e-01,-3.843358924114494979e-01,1.000000000000003331e+00
1.000000000000002887e+00,4.370486823922740127e-01,4.370486823922740127e-01,1.000000000000002887e+00
1.000000000000002442e+00,9.548835613499407904e-01,9.548835613499407904e-01,1.000000000000002442e+00
1.000000000000002220e+00,8.314186453300096424e-01,8.314186453300096424e-01,1.000000000000002220e+00
1.000000000000002220e+00,-4.019515902272607910e-02,-4.019515902272607910e-02,1.000000000000002220e+00
1.000000000000001776e+00,-9.241649899526563905e-01,-9.241649899526563905e-01,1.000000000000001776e+00
1.000000000000001998e+00,-6.434871598550104821e-01,-6.434871598550104821e-01,1.000000000000001998e+00
1.000000000000002220e+00,4.578279602426746364e-01,4.578279602426746364e-01,1.000000000000002220e+00
1.000000000000002220e+00,9.994032340099564538e-01,9.994032340099564538e-01,1.000000000000002220e+00
1.000000000000002220e+00,6.301998812167615149e-01,6.301998812167615149e-01,1.000000000000002220e+00
1.000000000000002220e+00,-1.457229986653580944e-01,-1.457229986653580944e-01,1.000000000000002220e+00
1.000000000000002442e+00,-8.246212268594026451e-01,-8.246212268594026451e-01,1.000000000000002442e+00
1.000000000000002220e+00,-9.370636976592660039e-01,-9.370636976592660039e-01,1.000000000000002220e+00
1.000000000000002442e+00,-1.557603262638288522e-01,-1.557603262638288522e-01,1.000000000000002442e+00
1.000000000000002665e+00,8.560357028348293262e-01,8.560357028348293262e-01,1.000000000000002665e+00
1.000000000000002665e+00,7.796345059968944335e-01,7.796345059968944335e-01,1.000000000000002665e+00
1.000000000000002442e+00,-2.540540287994462187e-01,-2.540540287994462187e-01,1.000000000000002442e+00
1.000000000000002665e+00,-9.529495566701852161e-01,-9.529495566701852161e-01,1.000000000000002665e+00
1.000000000000003109e+00,-8.203120804547513467e-01,-8.203120804547513467e-01,1.000000000000003109e+00
1.000000000000003553e+00,-1.494195276182609389e-01,-1.494195276182609389e-01,1.000000000000003553e+00
1.000000000000003553e+00,6.448050984140437647e-01,6.448050984140437647e-01,1.000000000000003553e+00
1.000000000000003553e+00,9.951483522434790840e-01,9.951483522434790840e-01,1.000000000000003553e+00
1.000000000000003775e+00,3.551405826766595997e-01,3.551405826766595997e-01,1.000000000000003775e+00
1.000000000000003553e+00,-7.410541620792295836e-01,-7.410541620792295836e-01,1.000000000000003553e+00
1.000000000000003775e+00,-8.716575791468723633e-01,-8.716575791468723633e-01,1.000000000000003775e+00
1.000000000000003553e+00,4.435361145026062157e-02,4.435361145026062157e-02,1.000000000000003553e+00
1.000000000000003553e+00,8.507539248845552571e-01,8.507539248845552571e-01,1.000000000000003553e+00
1.000000000000003775e+00,9.546545468182384697e-01,9.546545468182384697e-01,1.000000000000003775e+00
1.000000000000003997e+00,4.372367530376780609e-01,4.372367530376780609e-01,1.000000000000003997e+00
1.000000000000003997e+00,-4.122260197231530365e-01,-4.122260197231530365e-01,1.000000000000003997e+00
1.000000000000004441e+00,-9.831006723165838235e-01,-9.831006723165838235e-01,1.000000000000004441e+00
1.000000000000004441e+00,-5.118874920647675797e-01,-5.118874920647675797e-01,1.000000000000004441e+00
1.000000000000004219e+00,6.267164528679620705e-01,6.267164528679620705e-01,1.000000000000004219e+00
1.000000000000003775e+00,9.564920948736209683e-01,9.564920948736209683e-01,1.000000000000003775e+00
1.000000000000003775e+00,1.981883376029935917e-01,1.981883376029935917e-01,1.000000000000003775e+00
1.000000000000003997e+00,-6.680552951570755127e-01,-6.680552951570755127e-01,1.000000000000003997e+00
1.000000000000004219e+00,-9.946271671216473376e-01,-9.946271671216473376e-01,1.000000000000004219e+00
1.000000000000004441e+00,-6.720369962734126235e-01,-6.720369962734126235e-01,1.000000000000004441e+00
1.000000000000004219e+00,1.759188788208940479e-01,1.759188788208940479e-01,1.000000000000004219e+00
1.000000000000003997e+00,9.434209817656564745e-01,9.434209817656564745e-01,1.000000000000003997e+00
1.000000000000003997e+00,6.670319930733876745e-01,6.670319930733876745e-01,1.000000000000003997e+00
1.000000000000003997e+00,-4.672851063025087459e-01,-4.672851063025087459e-01,1.000000000000003997e+00
1.000000000000003997e+00,-9.872276621859980006e-01,-9.872276621859980006e-01,1.000000000000003997e+00
1.000000000000004219e+00,-4.266858873284091747e-01,-4.266858873284091747e-01,1.000000000000004219e+00
1.000000000000003997e+00,4.355358066288397278e-01,4.355358066288397278e-01,1.000000000000003997e+00
1.000000000000003553e+00,9.550520122644627907e-01,9.550520122644627907e-01,1.000000000000003553e+00
1.000000000000004219e+00,8.559691619533583706e-01,8.559691619533583706e-01,1.000000000000004219e+00
1.000000000000003553e+00,7.231960686687036177e-02,7.231960686687036177e-02,1.000000000000003553e+00
1.000000000000004219e+00,-8.481478631045766825e-01,-8.481478631045766825e-01,1.000000000000004219e+00
1.000000000000004441e+00,-7.765266712317961950e-01,-7.765266712317961950e-01,1.000000000000004441e+00
1.000000000000004441e+00,3.110791297757931062e-01,3.110791297757931062e-01,1.000000000000004441e+00
1.000000000000004663e+00,9.916546231600497086e-01,9.916546231600497086e-01,1.000000000000004663e+00
1.000000000000004663e+00,6.529162894154387775e-01,6.529162894154387775e-01,1.000000000000004663e+00
1.000000000000004885e+00,-1.493579134237557060e-01,-1.493579134237557060e-01,1.000000000000004885e+00
