1.000000000000000000e+00,1.000000000000000000e+00,1.000000000000000000e+00,1.000000000000000000e+00
1.000000000000000000e+00,5.894414851238144459e-01,5.894414851238144459e-01,1.000000000000000000e+00
1.000000000000000222e+00,-4.525693381303459439e-01,-4.525693381303459439e-01,1.000000000000000222e+00
1.000000000000000444e+00,-9.850730675677097370e-01,-9.850730675677097370e-01,1.000000000000000444e+00
1.000000000000000444e+00,-6.760332096103921495e-01,-6.760332096103921495e-01,1.000000000000000444e+00
1.000000000000000222e+00,1.686454435487225734e-01,1.686454435487225734e-01,1.000000000000000222e+00
1.000000000000000444e+00,9.075680404129866652e-01,9.075680404129866652e-01,1.000000000000000444e+00
1.000000000000000222e+00,8.065934206214719904e-01,8.065934206214719904e-01,1.000000000000000222e+00
1.000000000000000666e+00,-1.164338824239632975e-01,-1.164338824239632975e-01,1.000000000000000666e+00
1.000000000000000444e+00,-8.656086939840549332e-01,-8.656086939840549332e-01,1.000000000000000444e+00
1.000000000000000444e+00,-8.769274065749430580e-01,-8.769274065749430580e-01,1.000000000000000444e+00
1.000000000000000444e+00,-1.550067119530856297e-01,-1.550067119530856297e-01,1.000000000000000444e+00
1.000000000000000888e+00,7.386662000714999676e-01,7.386662000714999676e-01,1.000000000000000888e+00
1.000000000000000444e+00,9.821073559442461409e-01,9.821073559442461409e-01,1.000000000000000444e+00
1.000000000000000666e+00,3.049111138407462063e-01,3.049111138407462063e-01,1.000000000000000666e+00
1.000000000000000888e+00,-5.942260434618419351e-01,-5.942260434618419351e-01,1.000000000000000888e+00
1.000000000000000444e+00,-9.814501160036166461e-01,-9.814501160036166461e-01,1.000000000000000444e+00
1.000000000000000666e+00,-4.713391322853665577e-01,-4.713391322853665577e-01,1.000000000000000666e+00
1.000000000000000888e+00,4.651105251059864942e-01,4.651105251059864942e-01,1.000000000000000888e+00
1.000000000000001110e+00,9.852014437661201773e-01,9.852014437661201773e-01,1.000000000000001110e+00
1.000000000000001554e+00,6.360377472302589652e-01,6.360377472302589652e-01,1.000000000000001554e+00
1.000000000000001332e+00,-2.601532039952663689e-01,-2.601532039952663689e-01,1.000000000000001332e+00
1.000000000000001776e+00,-9.690383934503524754e-01,-9.690383934503524754e-01,1.000000000000001776e+00
1.000000000000001776e+00,-7.102039251374832052e-01,-7.102039251374832052e-01,1.000000000000001776e+00
1.000000000000002220e+00,1.845015217639179306e-01,1.845015217639179306e-01,1.000000000000002220e+00
1.000000000000001554e+00,9.216917387254144334e-01,9.216917387254144334e-01,1.000000000000001554e+00
1.000000000000001776e+00,8.367584456267511683e-01,8.367584456267511683e-01,1.000000000000001776e+00
1.000000000000001110e+00,6.770268562846712412e-02,6.770268562846712412e-02,1.000000000000001110e+00
1.000000000000001332e+00,-8.322533427865588251e-01,-8.322533427865588251e-01,1.000000000000001332e+00
1.000000000000001332e+00,-9.060447758719079037e-01,-9.060447758719079037e-01,1.000000000000001332e+00
1.000000000000000888e+00,-2.075574357318153429e-01,-2.075574357318153429e-01,1.000000000000000888e+00
1.000000000000000666e+00,6.741293080514675351e-01,6.741293080514675351e-01,1.000000000000000666e+00
1.000000000000000666e+00,9.743852844350106013e-01,9.743852844350106013e-01,1.000000000000000666e+00
1.000000000000000888e+00,3.761017506530787147e-01,3.761017506530787147e-01,1.000000000000000888e+00
1.000000000000000888e+00,-6.666990157019809793e-01,-6.666990157019809793e-01,1.000000000000000888e+00
1.000000000000001554e+00,-9.790829382786849777e-01,-9.790829382786849777e-01,1.000000000000001554e+00
1.000000000000001554e+00,-3.436929226938056914e-01,-3.436929226938056914e-01,1.000000000000001554e+00
1.000000000000001554e+00,5.898396537662378147e-01,5.898396537662378147e-01,1.000000000000001554e+00
1.000000000000001110e+00,9.975665810108133025e-01,9.975665810108133025e-01,1.000000000000001110e+00
1.000000000000000888e+00,5.327686102783505406e-01,5.327686102783505406e-01,1.000000000000000888e+00
1.000000000000000444e+00,-5.206310532431454030e-01,-5.206310532431454030e-01,1.000000000000000444e+00
1.000000000000000222e+00,-9.878762262485847323e-01,-9.878762262485847323e-01,1.000000000000000222e+00
1.000000000000000444e+00,-5.509345878134798147e-01,-5.509345878134798147e-01,1.000000000000000444e+00
1.000000000000000444e+00,3.777583874368319883e-01,3.777583874368319883e-01,1.000000000000000444e+00
1.000000000000000444e+00,9.723248301427679374e-01,9.723248301427679374e-01,1.000000000000000444e+00
1.000000000000000444e+00,7.086801157678443985e-01,7.086801157678443985e-01,1.000000000000000444e+00
1.000000000000000444e+00,-1.459543707937874801e-01,-1.459543707937874801e-01,1.000000000000000444e+00
1.000000000000000666e+00,-9.054313392430370921e-01,-9.054313392430370921e-01,1.000000000000000666e+00
1.000000000000000666e+00,-7.579576158200258540e-01,-7.579576158200258540e-01,1.000000000000000666e+00
1.000000000000000888e+00,1.695995699366843468e-01,1.695995699366843468e-01,1.000000000000000888e+00
1.000000000000001110e+00,9.622541068784029594e-01,9.622541068784029594e-01,1.000000000000001110e+00
1.000000000000001332e+00,7.661966150292897071e-01,7.661966150292897071e-01,1.000000000000001332e+00
1.000000000000001332e+00,-8.438926215333009129e-02,-8.438926215333009129e-02,1.000000000000001332e+00
1.000000000000001332e+00,-8.352498822948771773e-01,-8.352498822948771773e-01,1.000000000000001332e+00
1.000000000000001332e+00,-9.250407451850072293e-01,-9.250407451850072293e-01,1.000000000000001332e+00
1.000000000000001554e+00,-1.861518590560952702e-01,-1.861518590560952702e-01,1.000000000000001554e+00
1.000000000000001554e+00,7.457926625457564906e-01,7.457926625457564906e-01,1.000000000000001554e+00
1.000000000000001998e+00,9.433504014211184785e-01,9.433504014211184785e-01,1.000000000000001998e+00
1.000000000000002220e+00,2.217922223565439444e-01,2.217922223565439444e-01,1.000000000000002220e+00
1.000000000000002220e+00,-7.662768096793796113e-01,-7.662768096793796113e-01,1.000000000000002220e+00
1.000000000000002220e+00,-9.001766646974117547e-01,-9.001766646974117547e-01,1.000000000000002220e+00
1.000000000000001998e+00,-8.205566154903431997e-02,-8.205566154903431997e-02,1.000000000000001998e+00
1.000000000000002220e+00,7.841615749704410332e-01,7.841615749704410332e-01,1.000000000000002220e+00
1.000000000000002442e+00,9.439374819002234185e-01,9.439374819002234185e-01,1.000000000000002442e+00
1.000000000000002442e+00,1.720284828098431196e-01,1.720284828098431196e-01,1.000000000000002442e+00
1.000000000000002665e+00,-6.761225280903165880e-01,-6.761225280903165880e-01,1.000000000000002665e+00
1.000000000000002665e+00,-9.772475756427825289e-01,-9.772475756427825289e-01,1.000000000000002665e+00
1.000000000000002665e+00,-3.551772013149158136e-01,-3.551772013149158136e-01,1.000000000000002665e+00
1.000000000000002887e+00,5.505349477738582520e-01,5.505349477738582520e-01,1.000000000000002887e+00
1.000000000000003109e+00,9.963115724541821150e-01,9.963115724541821150e-01,1.000000000000003109e+00
1.000000000000003109e+00,4.574208573594882310e-01,4.574208573594882310e-01,1.000000000000003109e+00
1.000000000000003331e+00,-5.627414472400208423e-01,-5.627414472400208423e-01,1.000000000000003331e+00
1.000000000000003331e+00,-9.907932334295415089e-01,-9.907932334295415089e-01,1.000000000000003331e+00
1.000000000000002887e+00,-4.738325890347216407e-01,-4.738325890347216407e-01,1.000000000000002887e+00
1.000000000000003109e+00,4.075368202982647126e-01,4.075368202982647126e-01,1.000000000000003109e+00
1.000000000000003109e+00,9.992748999617538930e-01,9.992748999617538930e-01,1.000000000000003109e+00
1.000000000000002665e+00,5.742444821678532874e-01,5.742444821678532874e-01,1.000000000000002665e+00
1.000000000000002887e+00,-3.595173691420267548e-01,-3.595173691420267548e-01,1.000000000000002887e+00
1.000000000000002665e+00,-9.719231441229270185e-01,-9.719231441229270185e-01,1.000000000000002665e+00
1.000000000000002887e+00,-6.904371079170747993e-01,-6.904371079170747993e-01,1.000000000000002887e+00
1.000000000000003109e+00,3.383076250330917523e-01,3.383076250330917523e-01,1.000000000000003109e+00
1.000000000000003109e+00,9.535614392185878252e-01,9.535614392185878252e-01,1.000000000000003109e+00
1.000000000000002887e+00,7.755867607620969828e-01,7.755867607620969828e-01,1.000000000000002887e+00
1.000000000000003553e+00,-4.977490463166800438e-02,-4.977490463166800438e-02,1.000000000000003553e+00
1.000000000000003553e+00,-8.441418768395368977e-01,-8.441418768395368977e-01,1.000000000000003553e+00
1.000000000000003553e+00,-9.022039497365971217e-01,-9.022039497365971217e-01,1.000000000000003553e+00
1.000000000000003109e+00,-2.228958963021695494e-01,-2.228958963021695494e-01,1.000000000000003109e+00
1.000000000000003109e+00,7.754518425760386080e-01,7.754518425760386080e-01,1.000000000000003109e+00
1.000000000000003553e+00,9.586054671017446571e-01,9.586054671017446571e-01,1.000000000000003553e+00
1.000000000000003109e+00,1.570006466181727567e-01,1.570006466181727567e-01,1.000000000000003109e+00
1.000000000000003109e+00,-7.431781422788682478e-01,-7.431781422788682478e-01,1.000000000000003109e+00
1.000000000000002665e+00,-9.582693278945617621e-01,-9.582693278945617621e-01,1.000000000000002665e+00
1.000000000000001998e+00,-2.519291441394721498e-01,-2.519291441394721498e-01,1.000000000000001998e+00
1.000000000000001998e+00,6.879982490776253012e-01,6.879982490776253012e-01,1.000000000000001998e+00
1.000000000000001776e+00,9.763153805812830877e-01,9.763153805812830877e-01,1.000000000000001776e+00
1.000000000000002220e+00,3.650519091861891829e-01,3.650519091861891829e-01,1.000000000000002220e+00
1.000000000000002220e+00,-5.604741031607042290e-01,-5.604741031607042290e-01,1.000000000000002220e+00
1.000000000000001776e+00,-9.633271111777053086e-01,-9.633271111777053086e-01,1.000000000000001776e+00
1.000000000000001998e+00,-4.837786345585242676e-01,-4.837786345585242676e-01,1.000000000000001998e+00
1.000000000000001776e+00,5.038984163719457676e-01,5.038984163719457676e-01,1.000000000000001776e+00
1.000000000000001776e+00,9.913161266119638881e-01,9.913161266119638881e-01,1.000000000000001776e+00
