-1.000000000000000000e+00,-1.000000000000000000e+00,-1.000000000000000000e+00,-1.000000000000000000e+00,-1.000000000000000000e+00,-1.000000000000000000e+00,-1.000000000000000000e+00,-1.000000000000000000e+00,-1.000000000000000000e+00,-1.000000000000000000e+00,-1.000000000000000000e+00,-1.000000000000000000e+00,-1.000000000000000000e+00,-1.000000000000000000e+00,-1.000000000000000000e+00,-1.000000000000000000e+00,-1.000000000000000000e+00,-1.000000000000000000e+00,-1.000000000000000000e+00,-1.000000000000000000e+00
-9.974490201104625475e-01,-9.974499150726960917e-01,-9.974499277200483682e-01,-9.974499150726962027e-01,-9.974490201104625475e-01,-9.974490201860494176e-01,-9.974499153660941753e-01,-9.974499292004738171e-01,-9.974499303854647003e-01,-9.974499305956677775e-01,-9.974499306512455421e-01,-9.974499306690929323e-01,-9.974499306734820880e-01,-9.974499306690930434e-01,-9.974499306512456531e-01,-9.974499305956677775e-01,-9.974499303854645893e-01,-9.974499292004738171e-01,-9.974499153660940642e-01,-9.974490201860495286e-01
-9.904179702599191781e-01,-9.904454032236181815e-01,-9.904462101343477487e-01,-9.904454032236182925e-01,-9.904179702599191781e-01,-9.904179752797350744e-01,-9.904454226194353561e-01,-9.904463071719298295e-01,-9.904463846785758196e-01,-9.904463985562008688e-01,-9.904464022395956802e-01,-9.904464034244325754e-01,-9.904464037160004564e-01,-9.904464034244324644e-01,-9.904464022395956802e-01,-9.904463985562007577e-01,-9.904463846785758196e-01,-9.904463071719298295e-01,-9.904454226194353561e-01,-9.904179752797354075e-01
-9.904517279146709541e-01,-9.905579419257919405e-01,-9.905617795642583934e-01,-9.905579419257919405e-01,-9.904517279146710651e-01,-9.904517530201542019e-01,-9.905580376745476423e-01,-9.905622499085391386e-01,-9.905626238385664140e-01,-9.905626920926661194e-01,-9.905627103930610966e-01,-9.905627163077463937e-01,-9.905627177660619731e-01,-9.905627163077462827e-01,-9.905627103930609856e-01,-9.905626920926661194e-01,-9.905626238385664140e-01,-9.905622499085392496e-01,-9.905580376745475313e-01,-9.904517530201544240e-01
-9.950838587572075067e-01,-9.951566159161767677e-01,-9.951582878340441418e-01,-9.951566159161769898e-01,-9.950838587572076177e-01,-9.950838725227379999e-01,-9.951566650201477682e-01,-9.951585071761914758e-01,-9.951586770844019769e-01,-9.951587114746208718e-01,-9.951587211346837325e-01,-9.951587243232459246e-01,-9.951587251161297942e-01,-9.951587243232460356e-01,-9.951587211346836215e-01,-9.951587114746207607e-01,-9.951586770844018659e-01,-9.951585071761914758e-01,-9.951566650201475461e-01,-9.950838725227379999e-01
-9.884056943559621500e-01,-9.883312405782214149e-01,-9.883274508095375444e-01,-9.883312405782215260e-01,-9.884056943559624830e-01,-9.884056695752903021e-01,-9.883311465857242961e-01,-9.883270012505532831e-01,-9.883266463654513112e-01,-9.883265797554823262e-01,-9.883265615774479151e-01,-9.883265556551128483e-01,-9.883265541903062390e-01,-9.883265556551128483e-01,-9.883265615774481372e-01,-9.883265797554824372e-01,-9.883266463654516443e-01,-9.883270012505535052e-01,-9.883311465857245182e-01,-9.884056695752901911e-01
-9.784461612389734331e-01,-9.786501381556749202e-01,-9.786581143876589284e-01,-9.786501381556749202e-01,-9.784461612389735441e-01,-9.784462029109028958e-01,-9.786503095093201932e-01,-9.786590618846455758e-01,-9.786598368686676430e-01,-9.786599618574322035e-01,-9.786599932534304491e-01,-9.786600030802224959e-01,-9.786600054703876728e-01,-9.786600030802222738e-01,-9.786599932534303381e-01,-9.786599618574320925e-01,-9.786598368686678651e-01,-9.786590618846457978e-01,-9.786503095093204152e-01,-9.784462029109031178e-01
-9.831908144944675465e-01,-9.838315478279774373e-01,-9.838504250982880173e-01,-9.838315478279772153e-01,-9.831908144944673245e-01,-9.831909510339451597e-01,-9.838320494593867371e-01,-9.838527713533253838e-01,-9.838546125183321722e-01,-9.838549663473999951e-01,-9.838550639689193078e-01,-9.838550959273818508e-01,-9.838551038465872534e-01,-9.838550959273817398e-01,-9.838550639689191968e-01,-9.838549663474001061e-01,-9.838546125183321722e-01,-9.838527713533257169e-01,-9.838320494593867371e-01,-9.831909510339456038e-01
-9.884050849759725699e-01,-9.885178767853153303e-01,-9.885097052166764708e-01,-9.885178767853153303e-01,-9.884050849759726809e-01,-9.884050795163679126e-01,-9.885178084685394273e-01,-9.885090512906272719e-01,-9.885084662550839285e-01,-9.885084096299761036e-01,-9.885084001580521917e-01,-9.885083979718459757e-01,-9.885083975239120635e-01,-9.885083979718459757e-01,-9.885084001580521917e-01,-9.885084096299761036e-01,-9.885084662550837065e-01,-9.885090512906272719e-01,-9.885178084685396493e-01,-9.884050795163678016e-01
-9.765398429894087684e-01,-9.761568761553173212e-01,-9.761495228552989900e-01,-9.761568761553173212e-01,-9.765398429894088794e-01,-9.765397584276244158e-01,-9.761566080023673653e-01,-9.761487170185720874e-01,-9.761481814851136196e-01,-9.761480049382459390e-01,-9.761479464506787052e-01,-9.761479259440475342e-01,-9.761479207307052208e-01,-9.761479259440477563e-01,-9.761479464506788162e-01,-9.761480049382458279e-01,-9.761481814851133976e-01,-9.761487170185719764e-01,-9.761566080023673653e-01,-9.765397584276244158e-01
-9.685028565362925335e-01,-9.693969766916451514e-01,-9.694478072764658450e-01,-9.693969766916452624e-01,-9.685028565362926445e-01,-9.685030817079558485e-01,-9.693979035719446635e-01,-9.694530771947804659e-01,-9.694574141858144367e-01,-9.694580879696917952e-01,-9.694582588098985543e-01,-9.694583124727914614e-01,-9.694583255285357248e-01,-9.694583124727911283e-01,-9.694582588098982212e-01,-9.694580879696917952e-01,-9.694574141858143257e-01,-9.694530771947805770e-01,-9.693979035719445525e-01,-9.685030817079559595e-01
-9.786258993189617117e-01,-9.801614479040149375e-01,-9.801818192348304981e-01,-9.801614479040149375e-01,-9.786258993189617117e-01,-9.786261574613778214e-01,-9.801622309395281452e-01,-9.801842315636074554e-01,-9.801858558165044144e-01,-9.801863714508264325e-01,-9.801865412379738851e-01,-9.801866005528895309e-01,-9.801866156100615957e-01,-9.801866005528894199e-01,-9.801865412379735520e-01,-9.801863714508264325e-01,-9.801858558165044144e-01,-9.801842315636080105e-01,-9.801622309395281452e-01,-9.786261574613777103e-01
-9.796065689981010571e-01,-9.791336473143863461e-01,-9.790727017584606173e-01,-9.791336473143862351e-01,-9.796065689981009461e-01,-9.796063854004610771e-01,-9.791328707966236999e-01,-9.790683197942717797e-01,-9.790647204247224789e-01,-9.790641670957385134e-01,-9.790640172152045295e-01,-9.790639689738905860e-01,-9.790639571548220843e-01,-9.790639689738906970e-01,-9.790640172152046405e-01,-9.790641670957384024e-01,-9.790647204247223678e-01,-9.790683197942713356e-01,-9.791328707966236999e-01,-9.796063854004610771e-01
-9.633700432635808886e-01,-9.628051876909415885e-01,-9.628608256037290980e-01,-9.628051876909415885e-01,-9.633700432635811106e-01,-9.633700656386309236e-01,-9.628056660176269599e-01,-9.628672112833780439e-01,-9.628731165272534920e-01,-9.628735487672109850e-01,-9.628735946373281340e-01,-9.628736000342581480e-01,-9.628736004026102746e-01,-9.628736000342580370e-01,-9.628735946373282450e-01,-9.628735487672110960e-01,-9.628731165272537140e-01,-9.628672112833780439e-01,-9.628056660176270709e-01,-9.633700656386308125e-01
-9.621877746522996544e-01,-9.648415164373076447e-01,-9.649886745263178689e-01,-9.648415164373074226e-01,-9.621877746522993213e-01,-9.621883700795008654e-01,-9.648436255529196925e-01,-9.649989939110785730e-01,-9.650071913580186012e-01,-9.650086324912955371e-01,-9.650090660818745336e-01,-9.650092115096151613e-01,-9.650092477014849957e-01,-9.650092115096149392e-01,-9.650090660818742005e-01,-9.650086324912957592e-01,-9.650071913580186012e-01,-9.649989939110790171e-01,-9.648436255529196925e-01,-9.621883700795009764e-01
-9.749592093952309524e-01,-9.768673992523018157e-01,-9.767710539617823207e-01,-9.768673992523018157e-01,-9.749592093952310634e-01,-9.749592827735054090e-01,-9.768669740814351909e-01,-9.767619549580903726e-01,-9.767532871259284599e-01,-9.767528465203932919e-01,-9.767528305410133616e-01,-9.767528382119972097e-01,-9.767528414814401483e-01,-9.767528382119972097e-01,-9.767528305410132505e-01,-9.767528465203931809e-01,-9.767532871259284599e-01,-9.767619549580908167e-01,-9.768669740814353020e-01,-9.749592827735054090e-01
-9.672664625098199576e-01,-9.652130649172852017e-01,-9.651081783684314352e-01,-9.652130649172850907e-01,-9.672664625098199576e-01,-9.672661191672821124e-01,-9.652124481185980764e-01,-9.651112288491769942e-01,-9.651149022665655997e-01,-9.651146852940658549e-01,-9.651144488784844100e-01,-9.651143531805679299e-01,-9.651143279860369129e-01,-9.651143531805681519e-01,-9.651144488784846320e-01,-9.651146852940657439e-01,-9.651149022665653776e-01,-9.651112288491761060e-01,-9.652124481185978544e-01,-9.672661191672822234e-01
-9.515616734344409799e-01,-9.522396461598120476e-01,-9.525679746171065165e-01,-9.522396461598119366e-01,-9.515616734344412020e-01,-9.515622673070748272e-01,-9.522425608731642788e-01,-9.525959977828345471e-01,-9.526210829804666602e-01,-9.526232461421898501e-01,-9.526237573263953706e-01,-9.526239161288041490e-01,-9.526239539861709460e-01,-9.526239161288040380e-01,-9.526237573263952596e-01,-9.526232461421898501e-01,-9.526210829804666602e-01,-9.525959977828346581e-01,-9.522425608731646118e-01,-9.515622673070749382e-01
-9.602162207907640745e-01,-9.653890294096085789e-01,-9.655295396460724655e-01,-9.653890294096084679e-01,-9.602162207907640745e-01,-9.602168673073019356e-01,-9.653896162249631097e-01,-9.655175736880725612e-01,-9.655050173952338666e-01,-9.655049106982431795e-01,-9.655052930371912367e-01,-9.655054566376928271e-01,-9.655055002810979392e-01,-9.655054566376922720e-01,-9.655052930371905706e-01,-9.655049106982432905e-01,-9.655050173952340886e-01,-9.655175736880735604e-01,-9.653896162249635537e-01,-9.602168673073018246e-01
-9.687326720088370591e-01,-9.688405244794980886e-01,-9.684030890420793902e-01,-9.688405244794980886e-01,-9.687326720088370591e-01,-9.687322332428340843e-01,-9.688390635234696013e-01,-9.683841108638212569e-01,-9.683666075544363760e-01,-9.683657834639074480e-01,-9.683653783610859378e-01,-9.683652248184738687e-01,-9.683651863453344166e-01,-9.683652248184739797e-01,-9.683653783610860488e-01,-9.683657834639074480e-01,-9.683666075544360430e-01,-9.683841108638210349e-01,-9.688390635234694903e-01,-9.687322332428340843e-01
-9.519836467655369283e-01,-9.486003737754244991e-01,-9.487741575651058579e-01,-9.486003737754243881e-01,-9.519836467655369283e-01,-9.519838047675037718e-01,-9.486040221896078206e-01,-9.488356095920553734e-01,-9.488933508944136230e-01,-9.488967339713734184e-01,-9.488969915163045776e-01,-9.488970355101740140e-01,-9.488970421869203919e-01,-9.488970355101741250e-01,-9.488969915163050217e-01,-9.488967339713734184e-01,-9.488933508944136230e-01,-9.488356095920550404e-01,-9.486040221896078206e-01,-9.519838047675037718e-01
-9.365778382666634094e-01,-9.414907252282088690e-01,-9.423441854523675332e-01,-9.414907252282089800e-01,-9.365778382666635205e-01,-9.365789639435427860e-01,-9.414917979753056887e-01,-9.423644198784001391e-01,-9.423834881094753646e-01,-9.423830876045902194e-01,-9.423839195024922288e-01,-9.423842886540364505e-01,-9.423843843219387173e-01,-9.423842886540360064e-01,-9.423839195024914517e-01,-9.423830876045898863e-01,-9.423834881094756977e-01,-9.423644198784004722e-01,-9.414917979753057997e-01,-9.365789639435428970e-01
-9.291459129219497015e-01,-9.398516383604444968e-01,-9.396712890962445330e-01,-9.398516383604450519e-01,-9.291459129219492574e-01,-9.291463841650140498e-01,-9.398470966869816312e-01,-9.395605871136887277e-01,-9.394543802668992027e-01,-9.394494942462714437e-01,-9.394495968667792019e-01,-9.394496718040711292e-01,-9.394496952424237213e-01,-9.394496718040706851e-01,-9.394495968667784247e-01,-9.394494942462708886e-01,-9.394543802668994248e-01,-9.395605871136895049e-01,-9.398470966869818533e-01,-9.291463841650136057e-01
-9.095944006544877114e-01,-9.162059027230045061e-01,-9.145523781843947209e-01,-9.162059027230058383e-01,-9.095944006544879334e-01,-9.095946423771323897e-01,-9.162131878479369274e-01,-9.145155534341343762e-01,-9.144712508380609117e-01,-9.144789305801879209e-01,-9.144790098181945215e-01,-9.144787925169900467e-01,-9.144787316489102480e-01,-9.144787925169897136e-01,-9.144790098181947435e-01,-9.144789305801872548e-01,-9.144712508380612448e-01,-9.145155534341342651e-01,-9.162131878479373714e-01,-9.095946423771316125e-01
-8.748942636708239018e-01,-8.777989639187219195e-01,-8.762663307001309354e-01,-8.777989639187235849e-01,-8.748942636708245679e-01,-8.748955176352799512e-01,-8.778236510818909766e-01,-8.765459795613210758e-01,-8.768001089011641103e-01,-8.768240139980991721e-01,-8.768249901843734317e-01,-8.768251761761418628e-01,-8.768252218581330526e-01,-8.768251761761417518e-01,-8.768249901843745420e-01,-8.768240139980981729e-01,-8.768001089011647764e-01,-8.765459795613199656e-01,-8.778236510818913096e-01,-8.748955176352788410e-01
-8.374139706304153385e-01,-8.483086255635529094e-01,-8.484962791209516020e-01,-8.483086255635547968e-01,-8.374139706304160047e-01,-8.374151117854292670e-01,-8.483140485171450917e-01,-8.489725797076929092e-01,-8.494418140075460366e-01,-8.494458818786373433e-01,-8.494463196833266228e-01,-8.494472652771307697e-01,-8.494475308883427944e-01,-8.494472652771307697e-01,-8.494463196833270668e-01,-8.494458818786360110e-01,-8.494418140075461476e-01,-8.489725797076919100e-01,-8.483140485171449807e-01,-8.374151117854283788e-01
-8.063209419095858088e-01,-8.369114260688912399e-01,-8.382687996648721107e-01,-8.369114260688935714e-01,-8.063209419095870301e-01,-8.063219152455911587e-01,-8.368550260852040124e-01,-8.384539621663126274e-01,-8.386936040153804006e-01,-8.386354914420962592e-01,-8.386351580321349530e-01,-8.386365049444429731e-01,-8.386368550887384199e-01,-8.386365049444433062e-01,-8.386351580321340649e-01,-8.386354914420950379e-01,-8.386936040153795124e-01,-8.384539621663125164e-01,-8.368550260852036793e-01,-8.063219152455904926e-01
-7.801551774161239461e-01,-8.328870996756384537e-01,-8.322703901495569490e-01,-8.328870996756401190e-01,-7.801551774161249453e-01,-7.801613265134876851e-01,-8.327924331425221594e-01,-8.318424403188429128e-01,-8.315078602554829557e-01,-8.314069347325382386e-01,-8.314109343566900012e-01,-8.314120047047306450e-01,-8.314121810589625294e-01,-8.314120047047310891e-01,-8.314109343566888910e-01,-8.314069347325373505e-01,-8.315078602554818454e-01,-8.318424403188433569e-01,-8.327924331425222704e-01,-7.801613265134863529e-01
-7.528077573438274328e-01,-8.224442930023057041e-01,-8.154409562887764418e-01,-8.224442930023057041e-01,-7.528077573438272108e-01,-7.528279294980544378e-01,-8.224136516170923450e-01,-8.147527695050961194e-01,-8.140937631434042032e-01,-8.140477720332945921e-01,-8.140639743082058732e-01,-8.140640957182682103e-01,-8.140639640894208329e-01,-8.140640957182692095e-01,-8.140639743082055402e-01,-8.140477720332944811e-01,-8.140937631434034261e-01,-8.147527695050972296e-01,-8.224136516170937883e-01,-7.528279294980512182e-01
-7.187711141786805591e-01,-7.990524613115078667e-01,-7.826113313401326099e-01,-7.990524613115066455e-01,-7.187711141786798930e-01,-7.188027876949820705e-01,-7.991876606827366114e-01,-7.829203313079360349e-01,-7.830837468618250252e-01,-7.832012102970016265e-01,-7.832275224105017530e-01,-7.832256688555825352e-01,-7.832254095578417008e-01,-7.832256688555834234e-01,-7.832275224105025302e-01,-7.832012102970018486e-01,-7.830837468618242481e-01,-7.829203313079362569e-01,-7.991876606827386098e-01,-7.188027876949769635e-01
-6.764441225230344301e-01,-7.645919846316845403e-01,-7.384036855983684422e-01,-7.645919846316835411e-01,-6.764441225230337640e-01,-6.764624314849715381e-01,-7.648071901759723179e-01,-7.412303814804466207e-01,-7.438002740337739116e-01,-7.440172094714661011e-01,-7.440311810228594780e-01,-7.440266252921634571e-01,-7.440267431130033193e-01,-7.440266252921643453e-01,-7.440311810228614764e-01,-7.440172094714658790e-01,-7.438002740337732455e-01,-7.412303814804446223e-01,-7.648071901759740943e-01,-6.764624314849650988e-01
-6.314406731232307113e-01,-7.329199170239415473e-01,-6.977326904593313950e-01,-7.329199170239419914e-01,-6.314406731232298231e-01,-6.314141015053758021e-01,-7.328456330152706144e-01,-7.040138763334143901e-01,-7.102680769367757385e-01,-7.102260588652437034e-01,-7.102016481003974313e-01,-7.101957048845484177e-01,-7.101968038574156816e-01,-7.101957048845484177e-01,-7.102016481003997628e-01,-7.102260588652424822e-01,-7.102680769367759606e-01,-7.040138763334109484e-01,-7.328456330152717246e-01,-6.314141015053689188e-01
-5.886926396172438292e-01,-7.151559235620392752e-01,-6.732700943750080658e-01,-7.151559235620420507e-01,-5.886926396172441622e-01,-5.886504510780106170e-01,-7.141930279432643358e-01,-6.827069415986104506e-01,-6.929421410851133167e-01,-6.919840983313531035e-01,-6.919439875419142183e-01,-6.919422820774648875e-01,-6.919447492984326376e-01,-6.919422820774647764e-01,-6.919439875419169939e-01,-6.919840983313508831e-01,-6.929421410851150931e-01,-6.827069415986075640e-01,-7.141930279432657791e-01,-5.886504510780043997e-01
-5.497259613380702792e-01,-7.106975435212289360e-01,-6.622798598816371785e-01,-7.106975435212335990e-01,-5.497259613380729437e-01,-5.498272124846150799e-01,-7.083754281349109450e-01,-6.734394299092133496e-01,-6.867511410673514671e-01,-6.842125181845615245e-01,-6.842855917176011715e-01,-6.842914261894852412e-01,-6.842946365749202897e-01,-6.842914261894852412e-01,-6.842855917176036140e-01,-6.842125181845590820e-01,-6.867511410673545758e-01,-6.734394299092114622e-01,-7.083754281349124993e-01,-5.498272124846103059e-01
-5.156909974066133939e-01,-7.189646978780470654e-01,-6.606297504685845201e-01,-7.189646978780511732e-01,-5.156909974066187230e-01,-5.162714717833328804e-01,-7.151676196266814056e-01,-6.720750343629933177e-01,-6.872723635271367204e-01,-6.827036839760857179e-01,-6.831490922278675715e-01,-6.831486482357425061e-01,-6.831510876719718572e-01,-6.831486482357431722e-01,-6.831490922278692368e-01,-6.827036839760840525e-01,-6.872723635271407172e-01,-6.720750343629929846e-01,-7.151676196266831820e-01,-5.162714717833297717e-01
-4.805308234420318514e-01,-7.264971938277375862e-01,-6.533326204017260164e-01,-7.264971938277391406e-01,-4.805308234420381797e-01,-4.820025891960836861e-01,-7.216597367996328005e-01,-6.648171230404474885e-01,-6.813658956302772740e-01,-6.748311471579665488e-01,-6.760023128146591676e-01,-6.759379090912126520e-01,-6.759397380524823085e-01,-6.759379090912152055e-01,-6.760023128146601668e-01,-6.748311471579662157e-01,-6.813658956302808267e-01,-6.648171230404478216e-01,-7.216597367996345769e-01,-4.820025891960817432e-01
-4.430623642629542003e-01,-7.276171416851977547e-01,-6.301613620705761587e-01,-7.276171416851949791e-01,-4.430623642629592518e-01,-4.457765387741382535e-01,-7.223998064083000381e-01,-6.435741441905501459e-01,-6.627628609725543241e-01,-6.546723291336894457e-01,-6.568907105805491531e-01,-6.566446620657094835e-01,-6.566547438656840097e-01,-6.566446620657129252e-01,-6.568907105805483759e-01,-6.546723291336900008e-01,-6.627628609725569886e-01,-6.435741441905505900e-01,-7.223998064083010373e-01,-4.457765387741366436e-01
-4.015571566161245665e-01,-7.212163046115154241e-01,-5.918583018606504709e-01,-7.212163046115092069e-01,-4.015571566161276751e-01,-4.055773901201265019e-01,-7.159496936859524041e-01,-6.114011052729153572e-01,-6.369013534502903084e-01,-6.275853492368506092e-01,-6.310457764999464203e-01,-6.304288717052255464e-01,-6.304798405494076441e-01,-6.304288717052297653e-01,-6.310457764999441999e-01,-6.275853492368527187e-01,-6.369013534502905305e-01,-6.114011052729151352e-01,-7.159496936859525151e-01,-4.055773901201245035e-01
-3.581086941153839853e-01,-7.082096939126371060e-01,-5.395435428778706521e-01,-7.082096939126303337e-01,-3.581086941153853731e-01,-3.632120521313343398e-01,-7.024882790311000047e-01,-5.700627586565776284e-01,-6.066810930513446554e-01,-5.958522300518949155e-01,-6.005195341040304724e-01,-5.993265863778558522e-01,-5.994898326794089183e-01,-5.993265863778599600e-01,-6.005195341040268087e-01,-5.958522300518984682e-01,-6.066810930513427680e-01,-5.700627586565771843e-01,-7.024882790310991165e-01,-3.632120521313318418e-01
-3.179537132480256822e-01,-7.003770172731089705e-01,-4.887124847532152705e-01,-7.003770172731035304e-01,-3.179537132480256822e-01,-3.237872941587172093e-01,-6.925998910994596303e-01,-5.345629740496898874e-01,-5.876004726257870736e-01,-5.736584531315372937e-01,-5.794541937395870645e-01,-5.775007370165111675e-01,-5.779002813697350360e-01,-5.775007370165140541e-01,-5.794541937395822906e-01,-5.736584531315420676e-01,-5.876004726257839650e-01,-5.345629740496901094e-01,-6.925998910994579649e-01,-3.237872941587143782e-01
-2.819496742667584321e-01,-6.981271690068266977e-01,-4.446352200012048117e-01,-6.981271690068255875e-01,-2.819496742667577660e-01,-2.884692053572276982e-01,-6.862060243909756663e-01,-5.070981077679956872e-01,-5.795769579205166666e-01,-5.598895584610203979e-01,-5.669050225010818789e-01,-5.640975878432061830e-01,-5.649018045905048746e-01,-5.640975878432080703e-01,-5.669050225010776600e-01,-5.598895584610260601e-01,-5.795769579205125588e-01,-5.070981077679974636e-01,-6.862060243909742230e-01,-2.884692053572249781e-01
-2.533458108198443082e-01,-7.079270072901778788e-01,-4.145501457186830940e-01,-7.079270072901798772e-01,-2.533458108198433090e-01,-2.613094949156322677e-01,-6.896960576212345373e-01,-4.922941753242401353e-01,-5.852404761320082471e-01,-5.563151631262999164e-01,-5.652107449681277318e-01,-5.614884788912868352e-01,-5.628906446810785225e-01,-5.614884788912867242e-01,-5.652107449681238460e-01,-5.563151631263056895e-01,-5.852404761320050275e-01,-4.922941753242453533e-01,-6.896960576212339822e-01,-2.613094949156299363e-01
-2.266038546234750428e-01,-7.228288837567946601e-01,-3.959613244770345264e-01,-7.228288837568002112e-01,-2.266038546234739048e-01,-2.377082957143500930e-01,-6.970664157597560306e-01,-4.848607008102688853e-01,-5.965539372382591132e-01,-5.551803073893688545e-01,-5.674031708701539056e-01,-5.626259889790150570e-01,-5.648285686405298822e-01,-5.626259889790145019e-01,-5.674031708701517962e-01,-5.551803073893735174e-01,-5.965539372382558936e-01,-4.848607008102773230e-01,-6.970664157597568078e-01,-2.377082957143484554e-01
-2.004207092296990123e-01,-7.399503555415469780e-01,-3.812790463821299491e-01,-7.399503555415527511e-01,-2.004207092296969028e-01,-2.172926798629756795e-01,-7.068667335727104595e-01,-4.769340825179063659e-01,-6.045826958781628235e-01,-5.485090550878684024e-01,-5.662077180858215986e-01,-5.599737563119775441e-01,-5.631727077531807346e-01,-5.599737563119755457e-01,-5.662077180858204883e-01,-5.485090550878712889e-01,-6.045826958781599370e-01,-4.769340825179174126e-01,-7.068667335727115697e-01,-2.172926798629742640e-01
-1.684547102150283360e-01,-7.531379643845008687e-01,-3.661792247746962214e-01,-7.531379643845057537e-01,-1.684547102150249775e-01,-1.936666374437669425e-01,-7.138746606611252599e-01,-4.654812705478127977e-01,-6.068120566731052268e-01,-5.352570147951722923e-01,-5.611364494170831829e-01,-5.525311678344917432e-01,-5.569892812532626358e-01,-5.525311678344895228e-01,-5.611364494170841821e-01,-5.352570147951735136e-01,-6.068120566731007859e-01,-4.654812705478241774e-01,-7.138746606611254819e-01,-1.936666374437646665e-01
-1.316246198132721146e-01,-7.598257691157119798e-01,-3.413520076376855283e-01,-7.598257691157147553e-01,-1.316246198132673961e-01,-1.671796556450237392e-01,-7.167894022744550897e-01,-4.437422159131453325e-01,-5.972105737290852590e-01,-5.112237979633862395e-01,-5.476176179615228623e-01,-5.352347806112534023e-01,-5.413270699255410268e-01,-5.352347806112502937e-01,-5.476176179615249717e-01,-5.112237979633860174e-01,-5.972105737290800409e-01,-4.437422159131558796e-01,-7.167894022744538685e-01,-1.671796556450200200e-01
-9.017452338797428413e-02,-7.622165394159396978e-01,-3.107491173567312748e-01,-7.622165394159399199e-01,-9.017452338796848321e-02,-1.360347920616220285e-01,-7.167217098420377575e-01,-4.188134623060125183e-01,-5.857741249819037321e-01,-4.871293462555146836e-01,-5.357880150815335085e-01,-5.176633526862290946e-01,-5.260982555504578606e-01,-5.176633526862266521e-01,-5.357880150815369502e-01,-4.871293462555132958e-01,-5.857741249818975149e-01,-4.188134623060210115e-01,-7.167217098420356480e-01,-1.360347920616177542e-01
-4.964313508194513613e-02,-7.615798446227626251e-01,-2.717524574902268064e-01,-7.615798446227612928e-01,-4.964313508193951563e-02,-1.040542847049378133e-01,-7.151127380581974169e-01,-3.890039997007450623e-01,-5.706256745700604149e-01,-4.618352411590516127e-01,-5.228497784901036116e-01,-4.970535656530031821e-01,-5.089005601654936761e-01,-4.970535656530009616e-01,-5.228497784901073864e-01,-4.618352411590495032e-01,-5.706256745700544197e-01,-3.890039997007512795e-01,-7.151127380581951964e-01,-1.040542847049339692e-01
-1.415062021328502943e-02,-7.639835667585250789e-01,-2.336157665421910723e-01,-7.639835667585219703e-01,-1.415062021328079844e-02,-7.318059725101785928e-02,-7.153492565248675827e-01,-3.644739983296068075e-01,-5.642721753818543684e-01,-4.464271235320213527e-01,-5.189799042683899133e-01,-4.837589306741551520e-01,-5.006458528883110937e-01,-4.837589306741532647e-01,-5.189799042683933550e-01,-4.464271235320191322e-01,-5.642721753818493724e-01,-3.644739983296109154e-01,-7.153492565248660284e-01,-7.318059725101558333e-02
1.276592350709924127e-02,-7.691369389947513291e-01,-1.953953993582628335e-01,-7.691369389947491086e-01,1.276592350710047813e-02,-4.685232814319904154e-02,-7.180061314114188908e-01,-3.419292815323052848e-01,-5.608725771009275274e-01,-4.344778752091881802e-01,-5.165333068314413856e-01,-4.710415260218061562e-01,-4.949184433927955595e-01,-4.710415260218051015e-01,-5.165333068314441611e-01,-4.344778752091862373e-01,-5.608725771009244188e-01,-3.419292815323080048e-01,-7.180061314114181137e-01,-4.685232814319906236e-02
3.090682185898070353e-02,-7.793749325886167867e-01,-1.620845327266513536e-01,-7.793749325886137891e-01,3.090682185897859063e-02,-2.564146564349883278e-02,-7.236088173228757414e-01,-3.260212990579546277e-01,-5.666458073961605502e-01,-4.297897730494117940e-01,-5.198593521340960644e-01,-4.638583326662597539e-01,-4.969648728331665932e-01,-4.638583326662586437e-01,-5.198593521340966195e-01,-4.297897730494101287e-01,-5.666458073961597730e-01,-3.260212990579561820e-01,-7.236088173228756304e-01,-2.564146564350128221e-02
4.336687764781563259e-02,-7.907696370347434556e-01,-1.306616146193827488e-01,-7.907696370347430115e-01,4.336687764781008148e-02,-9.098585585080254390e-03,-7.309277467249900573e-01,-3.104630159893865260e-01,-5.721403646342665406e-01,-4.227903132624866722e-01,-5.197879096024810019e-01,-4.538526408148944036e-01,-4.982275416350763209e-01,-4.538526408148946256e-01,-5.197879096024803358e-01,-4.227903132624851734e-01,-5.721403646342670957e-01,-3.104630159893865815e-01,-7.309277467249901683e-01,-9.098585585084256397e-03
5.428215625060115596e-02,-8.026994322746133781e-01,-1.017335191102993752e-01,-8.026994322746126009e-01,5.428215625059388399e-02,4.905982886503061635e-03,-7.379938812667615755e-01,-2.960639097432820055e-01,-5.802255531925301080e-01,-4.148137879166322595e-01,-5.195797544446334459e-01,-4.442118998890110526e-01,-5.015273957653997305e-01,-4.442118998890114967e-01,-5.195797544446303373e-01,-4.148137879166308717e-01,-5.802255531925324394e-01,-2.960639097432811173e-01,-7.379938812667612424e-01,4.905982886497859199e-03
6.889557393482323433e-02,-8.123639956145318752e-01,-7.510133954773519360e-02,-8.123639956145329855e-01,6.889557393481608727e-02,1.896566993792279249e-02,-7.444927582108106234e-01,-2.790262093396851384e-01,-5.846227486416057939e-01,-4.009334697770528533e-01,-5.152768116378412255e-01,-4.308172324300958422e-01,-5.019243368071019118e-01,-4.308172324300980072e-01,-5.152768116378376728e-01,-4.009334697770515210e-01,-5.846227486416075703e-01,-2.790262093396833620e-01,-7.444927582108096242e-01,1.896566993791704708e-02
8.928815898387196248e-02,-8.202870463347484709e-01,-5.109357034902956701e-02,-8.202870463347480268e-01,8.928815898386763261e-02,3.473434138502556889e-02,-7.486461234395351827e-01,-2.609608493561467735e-01,-5.891377927819958504e-01,-3.844963917729741221e-01,-5.117351164020891297e-01,-4.175579377221154687e-01,-5.024946567687048615e-01,-4.175579377221177446e-01,-5.117351164020844667e-01,-3.844963917729731229e-01,-5.891377927819978488e-01,-2.609608493561453857e-01,-7.486461234395334063e-01,3.473434138501993451e-02
1.168029939403489870e-01,-8.266007641468536837e-01,-3.261858295645573419e-02,-8.266007641468532396e-01,1.168029939403485984e-01,5.331721405694694882e-02,-7.525383279261251834e-01,-2.421479383929401319e-01,-5.920260717993970356e-01,-3.658388241503015559e-01,-5.092662473766116360e-01,-4.040232808533094078e-01,-5.020182138046431763e-01,-4.040232808533134046e-01,-5.092662473766085274e-01,-3.658388241503006677e-01,-5.920260717993972577e-01,-2.421479383929392992e-01,-7.525383279261224079e-01,5.331721405694256344e-02
1.482770008037641585e-01,-8.322673278622855220e-01,-1.692284240373613871e-02,-8.322673278622830795e-01,1.482770008037680443e-01,7.366065214591620280e-02,-7.550795780896920606e-01,-2.239720906773650100e-01,-5.961523336466656442e-01,-3.474723233343450790e-01,-5.103653921749600197e-01,-3.918590383154675338e-01,-5.017998235997688239e-01,-3.918590383154703649e-01,-5.103653921749572442e-01,-3.474723233343448014e-01,-5.961523336466652001e-01,-2.239720906773665088e-01,-7.550795780896887299e-01,7.366065214591310806e-02
1.811982093757467105e-01,-8.378641779494641062e-01,-4.826715154169623767e-03,-8.378641779494627739e-01,1.811982093757535939e-01,9.488278261440606653e-02,-7.592435254825055102e-01,-2.070633973497716385e-01,-6.008162767493958611e-01,-3.304777358523875996e-01,-5.151369984013449699e-01,-3.808869955638210514e-01,-5.018838937355277752e-01,-3.808869955638239935e-01,-5.151369984013445258e-01,-3.304777358523874886e-01,-6.008162767493925305e-01,-2.070633973497753022e-01,-7.592435254825016244e-01,9.488278261440412364e-02
2.101253733821147329e-01,-8.430566902039566823e-01,1.093886471114349779e-02,-8.430566902039560162e-01,2.101253733821231984e-01,1.147502226562698013e-01,-7.633897791281114564e-01,-1.903914911038928626e-01,-6.059344884474356929e-01,-3.139136325827947549e-01,-5.217035845725370713e-01,-3.693224300553629158e-01,-5.012180762236184695e-01,-3.693224300553631378e-01,-5.217035845725367382e-01,-3.139136325827949214e-01,-6.059344884474308079e-01,-1.903914911038998015e-01,-7.633897791281076817e-01,1.147502226562675254e-01
2.330297374682831490e-01,-8.478924659061841673e-01,3.027815382305384245e-02,-8.478924659061862767e-01,2.330297374682901990e-01,1.327183983558612168e-01,-7.694649525960925995e-01,-1.736012947722229693e-01,-6.112684620550773440e-01,-2.987375262871190817e-01,-5.302405249512480712e-01,-3.576765725572343957e-01,-5.015737856521852445e-01,-3.576765725572338406e-01,-5.302405249512494034e-01,-2.987375262871194148e-01,-6.112684620550691283e-01,-1.736012947722321287e-01,-7.694649525960889358e-01,1.327183983558574143e-01
2.467141314883782022e-01,-8.517068406716067352e-01,5.826851953887113300e-02,-8.517068406716100659e-01,2.467141314883825320e-01,1.478084472390461812e-01,-7.750210951392217940e-01,-1.550487952390682267e-01,-6.155342424994194594e-01,-2.822501735941456147e-01,-5.371212742842821353e-01,-3.431627344001797475e-01,-5.011724796447941666e-01,-3.431627344001763058e-01,-5.371212742842829124e-01,-2.822501735941463363e-01,-6.155342424994103556e-01,-1.550487952390799395e-01,-7.750210951392184633e-01,1.478084472390395754e-01
2.529831792342832064e-01,-8.553112692053941313e-01,8.893363511311452863e-02,-8.553112692053983501e-01,2.529831792342840946e-01,1.610434906349093587e-01,-7.810735395169572381e-01,-1.353479600059547816e-01,-6.203711300733425471e-01,-2.667814808360987611e-01,-5.446696372561113941e-01,-3.285567102602903744e-01,-5.039305312862822905e-01,-3.285567102602870437e-01,-5.446696372561136146e-01,-2.667814808360998713e-01,-6.203711300733312228e-01,-1.353479600059672161e-01,-7.810735395169527973e-01,1.610434906349000328e-01
2.527791554460075973e-01,-8.590099205301098273e-01,1.209493705120377460e-01,-8.590099205301132690e-01,2.527791554460062096e-01,1.727574265341755566e-01,-7.858655982140357876e-01,-1.146966961246287386e-01,-6.246484220309065361e-01,-2.493632837010812398e-01,-5.492041259349604854e-01,-3.111318652052310618e-01,-5.071564000012961371e-01,-3.111318652052263989e-01,-5.492041259349613735e-01,-2.493632837010829884e-01,-6.246484220308956559e-01,-1.146966961246420474e-01,-7.858655982140304586e-01,1.727574265341637050e-01
2.516631836909809516e-01,-8.638793352140653470e-01,1.448005402091034066e-01,-8.638793352140671233e-01,2.516631836909786202e-01,1.844518504478461496e-01,-7.904508748472849344e-01,-9.487226889114191986e-02,-6.312493541814060416e-01,-2.335573941375163887e-01,-5.549514967165480872e-01,-2.950727472455839662e-01,-5.153335365042613914e-01,-2.950727472455810796e-01,-5.549514967165490864e-01,-2.335573941375188867e-01,-6.312493541813946063e-01,-9.487226889115452089e-02,-7.904508748472771629e-01,1.844518504478329657e-01
2.528908721968100570e-01,-8.698171718351870307e-01,1.603742918991982180e-01,-8.698171718351872528e-01,2.528908721968086137e-01,1.964235586327957028e-01,-7.943847593008848129e-01,-7.690996174513742289e-02,-6.382021680932927765e-01,-2.159012044035761857e-01,-5.579568834767079100e-01,-2.768431965344886336e-01,-5.237704679879072733e-01,-2.768431965344861911e-01,-5.579568834767062446e-01,-2.159012044035792943e-01,-6.382021680932836727e-01,-7.690996174515052353e-02,-7.943847593008757091e-01,1.964235586327819916e-01
2.619483382466902266e-01,-8.759746913017529835e-01,1.644893281941547936e-01,-8.759746913017505410e-01,2.619483382466893939e-01,2.093751061439960426e-01,-7.983185689866321155e-01,-6.116155086734337276e-02,-6.476667188063585101e-01,-2.001705240053114898e-01,-5.633544297703410031e-01,-2.606275344114623582e-01,-5.365387695620920105e-01,-2.606275344114632464e-01,-5.633544297703388937e-01,-2.001705240053150425e-01,-6.476667188063498504e-01,-6.116155086735553664e-02,-7.983185689866212353e-01,2.093751061439827199e-01
2.792429965773246536e-01,-8.813472006885795240e-01,1.644141917667795161e-01,-8.813472006885760823e-01,2.792429965773238765e-01,2.228705123369048025e-01,-8.024712929205253253e-01,-4.762044810339161049e-02,-6.562235350687388724e-01,-1.823474778907023253e-01,-5.667676720914106570e-01,-2.418306016251765278e-01,-5.472861178086880773e-01,-2.418306016251786095e-01,-5.667676720914058830e-01,-1.823474778907062110e-01,-6.562235350687324331e-01,-4.762044810340368417e-02,-8.024712929205146672e-01,2.228705123368919794e-01
3.049027268218662545e-01,-8.839046109765781312e-01,1.635671610119373565e-01,-8.839046109765732462e-01,3.049027268218638120e-01,2.365513295933690530e-01,-8.066373817608072372e-01,-3.450383968864778605e-02,-6.654939378225979141e-01,-1.663788152341917903e-01,-5.738802466695777094e-01,-2.246568083985212572e-01,-5.602476318593220261e-01,-2.246568083985263087e-01,-5.738802466695724913e-01,-1.663788152341959259e-01,-6.654939378225910307e-01,-3.450383968865770173e-02,-8.066373817607968011e-01,2.365513295933573956e-01
3.328614838423188393e-01,-8.846118063851040603e-01,1.696024371044444479e-01,-8.846118063851002855e-01,3.328614838423137323e-01,2.496430304674339407e-01,-8.115389115537940956e-01,-2.177593677352096524e-02,-6.723525833647210348e-01,-1.484711674046585994e-01,-5.800094453162515373e-01,-2.044666737218696073e-01,-5.689078986738281829e-01,-2.044666737218747143e-01,-5.800094453162444319e-01,-1.484711674046633179e-01,-6.723525833647153727e-01,-2.177593677352957988e-02,-8.115389115537853248e-01,2.496430304674235323e-01
3.582167213037122933e-01,-8.827543421402411772e-01,1.828087632353841141e-01,-8.827543421402381796e-01,3.582167213037040776e-01,2.615328649842075803e-01,-8.162753052736262394e-01,-7.299869322869245725e-03,-6.792518971610634892e-01,-1.328236176517669231e-01,-5.909398390624687192e-01,-1.862046901760923689e-01,-5.787319257371239534e-01,-1.862046901760987527e-01,-5.909398390624623909e-01,-1.328236176517726685e-01,-6.792518971610567169e-01,-7.299869322874750002e-03,-8.162753052736189119e-01,2.615328649841993647e-01
3.732329882594569437e-01,-8.827237267247689534e-01,2.028282147471370256e-01,-8.827237267247687313e-01,3.732329882594469517e-01,2.722402333968284571e-01,-8.218968056670705735e-01,7.412482677884357773e-03,-6.842416371908002226e-01,-1.156415045759214971e-01,-6.010662906684126616e-01,-1.656707058263355847e-01,-5.842113901320664660e-01,-1.656707058263404697e-01,-6.010662906684057782e-01,-1.156415045759283805e-01,-6.842416371907942274e-01,7.412482677880491075e-03,-8.218968056670657996e-01,2.722402333968225729e-01
3.766185073855075061e-01,-8.836365990273509219e-01,2.242853158986796158e-01,-8.836365990273512550e-01,3.766185073854978471e-01,2.818348875726562897e-01,-8.268435905107707207e-01,2.410406637066059288e-02,-6.900639068787212116e-01,-1.004699545325197230e-01,-6.152937269867682080e-01,-1.479988875893584188e-01,-5.920411228440957130e-01,-1.479988875893634981e-01,-6.152937269867633230e-01,-1.004699545325274668e-01,-6.900639068787139951e-01,2.410406637065917040e-02,-8.268435905107680561e-01,2.818348875726533476e-01
3.683628262505632689e-01,-8.894904992751332395e-01,2.437061752637689205e-01,-8.894904992751350159e-01,3.683628262505570516e-01,2.914747819533812789e-01,-8.322230882338884639e-01,3.987607106891122299e-02,-6.952994292768470697e-01,-8.310277659413828344e-02,-6.268675448254700244e-01,-1.286726637551419139e-01,-5.972847956820960258e-01,-1.286726637551446895e-01,-6.268675448254650284e-01,-8.310277659414611051e-02,-6.952994292768410745e-01,3.987607106891009195e-02,-8.322230882338889080e-01,2.914747819533811679e-01
3.563490450027678169e-01,-8.954170955598895754e-01,2.584530560073544092e-01,-8.954170955598896864e-01,3.563490450027664846e-01,3.013613206528438226e-01,-8.362019471864867715e-01,5.677649896978492761e-02,-7.021508134039776694e-01,-6.666529762038411744e-02,-6.403249253381855244e-01,-1.122117779933422266e-01,-6.066689574555251818e-01,-1.122117779933447801e-01,-6.403249253381828598e-01,-6.666529762039072327e-02,-7.021508134039715632e-01,5.677649896978522598e-02,-8.362019471864892139e-01,3.013613206528471533e-01
3.472934191084136035e-01,-9.034466999701858958e-01,2.692636823735702345e-01,-9.034466999701866730e-01,3.472934191084177113e-01,3.125188208467493678e-01,-8.402072147728198992e-01,7.146036695074581280e-02,-7.094443652624747854e-01,-4.754438870703311948e-02,-6.493943873180929582e-01,-9.383645677786373041e-02,-6.148357579460111966e-01,-9.383645677786413286e-02,-6.493943873180902937e-01,-4.754438870703761588e-02,-7.094443652624708996e-01,7.146036695074603484e-02,-8.402072147728241180e-01,3.125188208467561957e-01
3.497991206808855891e-01,-9.070217848106637559e-01,2.780737965643351739e-01,-9.070217848106624237e-01,3.497991206808931386e-01,3.238355468943367454e-01,-8.428516988369061380e-01,8.700991798618651352e-02,-7.185254747252518559e-01,-2.933019624916761992e-02,-6.595304646165498497e-01,-7.784960471709634344e-02,-6.276744510754744821e-01,-7.784960471709657936e-02,-6.595304646165495166e-01,-2.933019624916929913e-02,-7.185254747252489693e-01,8.700991798618823436e-02,-8.428516988369102458e-01,3.238355468943470150e-01
3.650469882757092499e-01,-9.100907334010168714e-01,2.861839675111832459e-01,-9.100907334010170935e-01,3.650469882757169104e-01,3.353511050271745786e-01,-8.460378940470343334e-01,1.001906298704931531e-01,-7.280942564609316214e-01,-9.352318450716851084e-03,-6.658360023176314035e-01,-5.975809981054872044e-02,-6.389652061675622496e-01,-5.975809981054705511e-02,-6.658360023176314035e-01,-9.352318450715570858e-03,-7.280942564609318435e-01,1.001906298704956927e-01,-8.460378940470386633e-01,3.353511050271865690e-01
3.917580411316687883e-01,-9.080083674556738149e-01,2.947569284753159824e-01,-9.080083674556735929e-01,3.917580411316732292e-01,3.449119899715360482e-01,-8.488001902174260316e-01,1.150678755409960119e-01,-7.383939740297313925e-01,8.874724531300795527e-03,-6.741407947276861767e-01,-4.377790556681268597e-02,-6.536066212867237546e-01,-4.377790556681122880e-02,-6.741407947276888413e-01,8.874724531305293665e-03,-7.383939740297333909e-01,1.150678755410011744e-01,-8.488001902174299174e-01,3.449119899715477056e-01
4.209704292154393124e-01,-9.077913719335903853e-01,3.017791483157267196e-01,-9.077913719335920506e-01,4.209704292154384797e-01,3.529923891072112574e-01,-8.528185244798257569e-01,1.283096714642210090e-01,-7.480174624252385884e-01,2.770166421519407174e-02,-6.802531039136100466e-01,-2.571090377502138410e-02,-6.651392729247005420e-01,-2.571090377501832752e-02,-6.802531039136130442e-01,2.770166421520163513e-02,-7.480174624252438065e-01,1.283096714642282810e-01,-8.528185244798297537e-01,3.529923891072200837e-01
4.454824815747669420e-01,-9.056649436191369640e-01,3.075954351619209493e-01,-9.056649436191372970e-01,4.454824815747605582e-01,3.583917453081256754e-01,-8.568571744857749195e-01,1.441001815620586157e-01,-7.568186577689940409e-01,4.429797122913019247e-02,-6.893484832470999635e-01,-9.532024633540032987e-03,-6.783815155299702804e-01,-9.532024633537585293e-03,-6.893484832471054036e-01,4.429797122914061469e-02,-7.568186577690008132e-01,1.441001815620692739e-01,-8.568571744857786943e-01,3.583917453081307825e-01
4.568557508640133658e-01,-9.090728736894898576e-01,3.105627865206013194e-01,-9.090728736894903017e-01,4.568557508640029852e-01,3.634764064253596105e-01,-8.618890758593011903e-01,1.583550012234988258e-01,-7.642338142645355159e-01,6.076190038322304421e-02,-6.974214724354630413e-01,8.572664257900576568e-03,-6.878776036249864001e-01,8.572664257904490104e-03,-6.974214724354685924e-01,6.076190038323558973e-02,-7.642338142645448418e-01,1.583550012235127036e-01,-8.618890758593049650e-01,3.634764064253608318e-01
4.549809172165465987e-01,-9.116636962415054501e-01,3.144433525949224539e-01,-9.116636962415041179e-01,4.549809172165344417e-01,3.683871130797885529e-01,-8.663324870208304329e-01,1.746248505833782882e-01,-7.706123512764661010e-01,7.490300315447476209e-02,-7.085752910938846183e-01,2.497742077413292808e-02,-6.986016393781993017e-01,2.497742077413615466e-02,-7.085752910938925009e-01,7.490300315448886193e-02,-7.706123512764759820e-01,1.746248505833952192e-01,-8.663324870208332085e-01,3.683871130797872206e-01
4.421065291998934610e-01,-9.186995986942302350e-01,3.204431442914574268e-01,-9.186995986942285697e-01,4.421065291998831359e-01,3.760125144870510305e-01,-8.709098911026260659e-01,1.881331619566239399e-01,-7.764343945956703186e-01,8.864013029655212761e-02,-7.188085413342815144e-01,4.297318314459829675e-02,-7.061837246952145097e-01,4.297318314460323724e-02,-7.188085413342892860e-01,8.864013029656710174e-02,-7.764343945956816428e-01,1.881331619566425362e-01,-8.709098911026282863e-01,3.760125144870485325e-01
4.274445325662515338e-01,-9.211859048714228226e-01,3.328229049875212620e-01,-9.211859048714188258e-01,4.274445325662449280e-01,3.856128882131231173e-01,-8.743370361257699619e-01,2.021439826806746831e-01,-7.821636015248514262e-01,1.005753475497886823e-01,-7.311470394380726878e-01,5.926139767314839157e-02,-7.151378479356615969e-01,5.926139767315275614e-02,-7.311470394380827909e-01,1.005753475498042948e-01,-7.821636015248625284e-01,2.021439826806938345e-01,-8.743370361257714052e-01,3.856128882131212854e-01
4.176879629917616410e-01,-9.248203015192564269e-01,3.487604688685931320e-01,-9.248203015192526522e-01,4.176879629917584769e-01,3.980588793292365590e-01,-8.778290039060987482e-01,2.120919949581143160e-01,-7.884518899442638507e-01,1.127618872925412463e-01,-7.419378110574790242e-01,7.639164124397633537e-02,-7.221883645035284127e-01,7.639164124398216404e-02,-7.419378110574882390e-01,1.127618872925571086e-01,-7.884518899442749529e-01,2.120919949581325237e-01,-8.778290039061004135e-01,3.980588793292366701e-01
4.195229707788320495e-01,-9.222950021147003907e-01,3.666936413143989659e-01,-9.222950021146958388e-01,4.195229707788299400e-01,4.104635938386044236e-01,-8.807342277043372913e-01,2.218682949204583976e-01,-7.952712453265086134e-01,1.245986670293732779e-01,-7.534537238094372036e-01,9.160339734201856932e-02,-7.311726394994673139e-01,9.160339734202371798e-02,-7.534537238094480838e-01,1.245986670293890985e-01,-7.952712453265182724e-01,2.218682949204744126e-01,-8.807342277043390677e-01,4.104635938386074212e-01
4.319931024564823696e-01,-9.221510423189762662e-01,3.785087665826738501e-01,-9.221510423189740457e-01,4.319931024564791500e-01,4.221075874118546123e-01,-8.845417031293121291e-01,2.281900974479571520e-01,-8.027129869184583821e-01,1.380612193341888561e-01,-7.628762480565050019e-01,1.072760054685424069e-01,-7.395715830397878721e-01,1.072760054685488185e-01,-7.628762480565138837e-01,1.380612193342037608e-01,-8.027129869184670419e-01,2.281900974479700028e-01,-8.845417031293145715e-01,4.221075874118602189e-01
4.526109927381250508e-01,-9.187353671887267259e-01,3.828927124162261331e-01,-9.187353671887261708e-01,4.526109927381194442e-01,4.302914962343840077e-01,-8.883615291157042071e-01,2.361850076666830445e-01,-8.102820326221877867e-01,1.528509245907835878e-01,-7.716566974782245181e-01,1.220179934278512873e-01,-7.497293149155634939e-01,1.220179934278567413e-01,-7.716566974782342880e-01,1.528509245907969105e-01,-8.102820326221948921e-01,2.361850076666925924e-01,-8.883615291157072047e-01,4.302914962343914462e-01
4.734072836493420922e-01,-9.205607942951243849e-01,3.767096215348819110e-01,-9.205607942951261613e-01,4.734072836493349312e-01,4.356772827203199139e-01,-8.931734331310812181e-01,2.438842813481454930e-01,-8.173428955499135729e-01,1.700122616137798859e-01,-7.780434467679191446e-01,1.383581015709755002e-01,-7.591080960802211175e-01,1.383581015709814399e-01,-7.780434467679258059e-01,1.700122616137907383e-01,-8.173428955499187909e-01,2.438842813481527927e-01,-8.931734331310845487e-01,4.356772827203275744e-01
4.896256761884238973e-01,-9.204844120996291679e-01,3.672028013682362979e-01,-9.204844120996316104e-01,4.896256761884166808e-01,4.382167541930225840e-01,-8.970392710809644843e-01,2.563047019557533335e-01,-8.236237018989234215e-01,1.886160939694526140e-01,-7.828436233082605167e-01,1.554227857095552834e-01,-7.683419293030171460e-01,1.554227857095591414e-01,-7.828436233082669560e-01,1.886160939694604410e-01,-8.236237018989273073e-01,2.563047019557592177e-01,-8.970392710809685921e-01,4.382167541930293564e-01
4.961142873250005692e-01,-9.249488604436549855e-01,3.584413675682246447e-01,-9.249488604436569839e-01,4.961142873249954066e-01,4.404434234606285914e-01,-9.007987606479278542e-01,2.706790150550620888e-01,-8.281980977805158961e-01,2.078366412140776609e-01,-7.860101029369770398e-01,1.740897137222912894e-01,-7.757647138343503057e-01,1.740897137222946478e-01,-7.860101029369800374e-01,2.078366412140821851e-01,-8.281980977805178945e-01,2.706790150550681395e-01,-9.007987606479320730e-01,4.404434234606340315e-01
4.939171599722443351e-01,-9.255861585589973961e-01,3.595750674127049518e-01,-9.255861585589979512e-01,4.939171599722420591e-01,4.433990669496740145e-01,-9.020118562141439256e-01,2.890758651538591351e-01,-8.318227389722652187e-01,2.256721658645766404e-01,-7.882913326084937111e-01,1.919063608546676403e-01,-7.816491692950713333e-01,1.919063608546678901e-01,-7.882913326084961536e-01,2.256721658645778339e-01,-8.318227389722667731e-01,2.890758651538655188e-01,-9.020118562141484775e-01,4.433990669496780113e-01
4.847703978306663330e-01,-9.288054758899615404e-01,3.700064946507919950e-01,-9.288054758899605412e-01,4.847703978306669992e-01,4.484309458845965324e-01,-9.029167057547600184e-01,3.060582503670473131e-01,-8.337342280252494353e-01,2.399556564864350205e-01,-7.912826722739805252e-01,2.072485170761477480e-01,-7.865629501762002596e-01,2.072485170761469986e-01,-7.912826722739794150e-01,2.399556564864334662e-01,-8.337342280252498794e-01,3.060582503670550292e-01,-9.029167057547636821e-01,4.484309458846001961e-01
4.745546480577340631e-01,-9.276382778231716530e-01,3.896913421364609498e-01,-9.276382778231697657e-01,4.745546480577358395e-01,4.547921832856469671e-01,-9.015292363283480270e-01,3.205908949057141855e-01,-8.360019856888916134e-01,2.489445768525594960e-01,-7.950994365771317796e-01,2.172774951406703792e-01,-7.905788002571537687e-01,2.172774951406666322e-01,-7.950994365771304473e-01,2.489445768525556102e-01,-8.360019856888919465e-01,3.205908949057206803e-01,-9.015292363283513577e-01,4.547921832856511859e-01
4.672585578940903206e-01,-9.296918109929548368e-01,4.089897888028917183e-01,-9.296918109929515062e-01,4.672585578940906537e-01,4.612888662657277927e-01,-9.017966761767868267e-01,3.271794653513397932e-01,-8.377291991872710675e-01,2.516674049439005523e-01,-8.016025060951484926e-01,2.209136241641451170e-01,-7.958378134007952909e-01,2.209136241641407039e-01,-8.016025060951437187e-01,2.516674049438952787e-01,-8.377291991872704013e-01,3.271794653513453444e-01,-9.017966761767890471e-01,4.612888662657331773e-01
4.675766521024475875e-01,-9.288760137727507527e-01,4.241867813448996771e-01,-9.288760137727477550e-01,4.675766521024434796e-01,4.665088434940118378e-01,-9.013106241848316547e-01,3.265666204785853122e-01,-8.415312704840225422e-01,2.491940348103726943e-01,-8.088722270869768138e-01,2.191612363879161807e-01,-8.006328044180859305e-01,2.191612363879093528e-01,-8.088722270869725950e-01,2.491940348103670322e-01,-8.415312704840227642e-01,3.265666204785889204e-01,-9.013106241848333200e-01,4.665088434940178885e-01
4.759352995893298965e-01,-9.321115366417946912e-01,4.285273567154667673e-01,-9.321115366417919157e-01,4.759352995893209037e-01,4.693880812659481094e-01,-9.040381558515443450e-01,3.185569347951334729e-01,-8.449080585874872984e-01,2.440355377771391554e-01,-8.179594841808928152e-01,2.146132059721592711e-01,-8.073084181762471001e-01,2.146132059721528318e-01,-8.179594841808860428e-01,2.440355377771338263e-01,-8.449080585874862992e-01,3.185569347951360819e-01,-9.040381558515447891e-01,4.693880812659542157e-01
4.917970484017069044e-01,-9.325606244048583182e-01,4.262847266755827036e-01,-9.325606244048569859e-01,4.917970484016933597e-01,4.708623746648652464e-01,-9.057419156166717222e-01,3.090732677118859240e-01,-8.501580153354673097e-01,2.402955312906353003e-01,-8.247533030814843125e-01,2.126613905295272611e-01,-8.115623980847322949e-01,2.126613905295203499e-01,-8.247533030814794275e-01,2.402955312906305541e-01,-8.501580153354661995e-01,3.090732677118870897e-01,-9.057419156166716112e-01,4.708623746648701314e-01
5.104638098588363260e-01,-9.357380423654607648e-01,4.194810952344305566e-01,-9.357380423654595436e-01,5.104638098588214490e-01,4.715241184012732290e-01,-9.098846635133996941e-01,3.023700833052102577e-01,-8.527636147728433480e-01,2.416528686512993684e-01,-8.306518425533950811e-01,2.163751289790368237e-01,-8.163282946847539856e-01,2.163751289790319388e-01,-8.306518425533890859e-01,2.416528686512954271e-01,-8.527636147728404614e-01,3.023700833052121451e-01,-9.098846635133983618e-01,4.715241184012756159e-01
5.273952420345959791e-01,-9.350629191654475925e-01,4.167101060806986945e-01,-9.350629191654474814e-01,5.273952420345829895e-01,4.738411318431350883e-01,-9.110646036098940526e-01,3.042158855662701056e-01,-8.559248245965797031e-01,2.504737304727809311e-01,-8.314505459365747475e-01,2.289770270877433400e-01,-8.163652713062633515e-01,2.289770270877395653e-01,-8.314505459365720830e-01,2.504737304727769343e-01,-8.559248245965771495e-01,3.042158855662718819e-01,-9.110646036098929423e-01,4.738411318431340891e-01
5.369314601694402667e-01,-9.362837984234826383e-01,4.186488468195527779e-01,-9.362837984234815281e-01,5.369314601694329392e-01,4.776995715178704582e-01,-9.137047140047673821e-01,3.152750577870369053e-01,-8.549345927830915848e-01,2.659399863787660356e-01,-8.311504186218763301e-01,2.471793348320925066e-01,-8.173123470954848369e-01,2.471793348320915629e-01,-8.311504186218737766e-01,2.659399863787620388e-01,-8.549345927830875880e-01,3.152750577870395698e-01,-9.137047140047656058e-01,4.776995715178665169e-01
5.367389501412188624e-01,-9.348335812484771523e-01,4.274503796056446370e-01,-9.348335812484763752e-01,5.367389501412171970e-01,4.840923578662352234e-01,-9.127210144803399317e-01,3.339668337772508377e-01,-8.555295491552166176e-01,2.847299443267546359e-01,-8.270929049204494010e-01,2.678691447027948258e-01,-8.147622840069210781e-01,2.678691447027947703e-01,-8.270929049204506223e-01,2.847299443267510277e-01,-8.555295491552137310e-01,3.339668337772516704e-01,-9.127210144803388214e-01,4.840923578662297277e-01
5.271276308603881633e-01,-9.366161091032532138e-01,4.369418365831205797e-01,-9.366161091032512154e-01,5.271276308603911609e-01,4.906096939600977924e-01,-9.141928636572308475e-01,3.545958644451056019e-01,-8.535626957686358596e-01,3.015628519309859756e-01,-8.255414645156462505e-01,2.828426406943045368e-01,-8.167846333472802423e-01,2.828426406943066462e-01,-8.255414645156471387e-01,3.015628519309838107e-01,-8.535626957686326399e-01,3.545958644451050468e-01,-9.141928636572291822e-01,4.906096939600932405e-01
5.129323902645606115e-01,-9.372818276375756152e-01,4.460570085365727078e-01,-9.372818276375750601e-01,5.129323902645644973e-01,4.971214497303623192e-01,-9.132999734159326088e-01,3.714088109251099667e-01,-8.560139139001674558e-01,3.120453177340922757e-01,-8.237261680539121889e-01,2.900334645369104236e-01,-8.177240233766311928e-01,2.900334645369128661e-01,-8.237261680539157416e-01,3.120453177340924977e-01,-8.560139139001662345e-01,3.714088109251069691e-01,-9.132999734159323868e-01,4.971214497303603208e-01
5.007484671795595643e-01,-9.408020866062763998e-01,4.500706526369348537e-01,-9.408020866062756227e-01,5.007484671795608966e-01,5.011685076188788779e-01,-9.162641818894403656e-01,3.804283190996746167e-01,-8.573594282937161415e-01,3.142906198445845067e-01,-8.269127230831971875e-01,2.861720176166679952e-01,-8.246498061493815479e-01,2.861720176166716034e-01,-8.269127230831991859e-01,3.142906198445886146e-01,-8.573594282937149202e-01,3.804283190996723962e-01,-9.162641818894403656e-01,5.011685076188807653e-01
4.971684356334993282e-01,-9.418671308889414728e-01,4.523773675112037207e-01,-9.418671308889428051e-01,4.971684356334955535e-01,5.042582676893875293e-01,-9.172326912589463532e-01,3.808623578812453947e-01,-8.634786292665495022e-01,3.100324046608079476e-01,-8.298660940743833869e-01,2.780777607930597917e-01,-8.282965418807176627e-01,2.780777607930625117e-01,-8.298660940743869396e-01,3.100324046608144979e-01,-8.634786292665500573e-01,3.808623578812437294e-01,-9.172326912589471304e-01,5.042582676893931914e-01
5.051235166418902578e-01,-9.434170706930425920e-01,4.527432077962494361e-01,-9.434170706930431471e-01,5.051235166418821532e-01,5.056879989189978497e-01,-9.211386173854672066e-01,3.762341045818142216e-01,-8.665205587027683398e-01,3.039702690234736826e-01,-8.356840954367076302e-01,2.689603153430255578e-01,-8.344231449764694108e-01,2.689603153430281113e-01,-8.356840954367096286e-01,3.039702690234821758e-01,-8.665205587027693390e-01,3.762341045818162755e-01,-9.211386173854683168e-01,5.056879989190067315e-01
5.228268136792805221e-01,-9.412185267750148299e-01,4.556394891456727603e-01,-9.412185267750157180e-01,5.228268136792699750e-01,5.081110711183219886e-01,-9.215667317422595595e-01,3.706318081395436614e-01,-8.718145416910715317e-01,3.009709859461279224e-01,-8.381721965835543520e-01,2.680668773978069352e-01,-8.329834876503341423e-01,2.680668773978080455e-01,-8.381721965835577937e-01,3.009709859461364712e-01,-8.718145416910745293e-01,3.706318081395504338e-01,-9.215667317422624460e-01,5.081110711183318696e-01
5.437145245266794547e-01,-9.393439682729001206e-01,4.589780826070289921e-01,-9.393439682728986773e-01,5.437145245266703508e-01,5.105602028871124576e-01,-9.231681552513961719e-01,3.690234523182949200e-01,-8.713528352944188704e-01,3.046291250917432247e-01,-8.408704879291114542e-01,2.744037752643016526e-01,-8.321096535651775206e-01,2.744037752643016526e-01,-8.408704879291134526e-01,3.046291250917501636e-01,-8.713528352944229782e-01,3.690234523183065218e-01,-9.231681552513989475e-01,5.105602028871214504e-01
5.593796111157742779e-01,-9.363387288046318702e-01,4.631070950267462405e-01,-9.363387288046309820e-01,5.593796111157678386e-01,5.140848448519717007e-01,-9.211118009545895546e-01,3.720095008147540905e-01,-8.723307343640657185e-01,3.140941437428779737e-01,-8.396665485827718989e-01,2.893052411003506630e-01,-8.247582382583565908e-01,2.893052411003493862e-01,-8.396665485827751185e-01,3.140941437428824701e-01,-8.723307343640717137e-01,3.720095008147696891e-01,-9.211118009545943286e-01,5.140848448519782510e-01
5.636191437481058442e-01,-9.365140053119809238e-01,4.635111659501678361e-01,-9.365140053119775931e-01,5.636191437481035127e-01,5.163283178152148212e-01,-9.205656497947988237e-01,3.792879071983888961e-01,-8.686985143462030434e-01,3.266841063341121010e-01,-8.398937294159534162e-01,3.035254667541499862e-01,-8.219773129790407529e-01,3.035254667541482654e-01,-8.398937294159551925e-01,3.266841063341149876e-01,-8.686985143462105929e-01,3.792879071984071038e-01,-9.205656497948039307e-01,5.163283178152193731e-01
5.549567084377562409e-01,-9.382332281116456674e-01,4.619565485641778935e-01,-9.382332281116431139e-01,5.549567084377560189e-01,5.175007719908096826e-01,-9.185072575520134563e-01,3.865839484788115565e-01,-8.690648880387947806e-01,3.367038191911076450e-01,-8.389904678416720829e-01,3.148290000809872979e-01,-8.180220394004620310e-01,3.148290000809855771e-01,-8.389904678416755246e-01,3.367038191911100320e-01,-8.690648880388031072e-01,3.865839484788298752e-01,-9.185072575520198956e-01,5.175007719908131243e-01
5.387051615491951218e-01,-9.424778358452086113e-01,4.584086842133652251e-01,-9.424778358452047256e-01,5.387051615491951218e-01,5.165633533800326749e-01,-9.189491385401420409e-01,3.922235669311906481e-01,-8.676031110458839457e-01,3.421435693710317416e-01,-8.414052510703544652e-01,3.163046265820480540e-01,-8.223165536835261857e-01,3.163046265820468883e-01,-8.414052510703566856e-01,3.421435693710357384e-01,-8.676031110458927165e-01,3.922235669312073014e-01,-9.189491385401473700e-01,5.165633533800373378e-01
5.230041514182558471e-01,-9.458472172521926735e-01,4.588689605969200613e-01,-9.458472172521922294e-01,5.230041514182530715e-01,5.153068806333213070e-01,-9.192687950318522150e-01,3.940261076419165898e-01,-8.709761526554689048e-01,3.412438358741713418e-01,-8.433725098968005707e-01,3.130893457376361932e-01,-8.263862455626740378e-01,3.130893457376361377e-01,-8.433725098968034573e-01,3.412438358741781697e-01,-8.709761526554772315e-01,3.940261076419305231e-01,-9.192687950318578771e-01,5.153068806333285234e-01
5.166824879116604929e-01,-9.482388136405718315e-01,4.640926853048847889e-01,-9.482388136405713874e-01,5.166824879116544977e-01,5.149809185608458240e-01,-9.209623940116108409e-01,3.942493054067398583e-01,-8.720800503780062884e-01,3.383876162102013585e-01,-8.467993466901477806e-01,3.065088022026219994e-01,-8.356702307656127537e-01,3.065088022026232761e-01,-8.467993466901506672e-01,3.383876162102114060e-01,-8.720800503780141710e-01,3.942493054067504610e-01,-9.209623940116153928e-01,5.149809185608558160e-01
5.233183340965152919e-01,-9.478426341281074308e-01,4.758083242721278250e-01,-9.478426341281102063e-01,5.233183340965072983e-01,5.172609341036215058e-01,-9.221991431655396365e-01,3.941122092118365949e-01,-8.756736604580765970e-01,3.356122992515525039e-01,-8.477862557474280525e-01,3.056906749929144684e-01,-8.404115583579794269e-01,3.056906749929169109e-01,-8.477862557474317162e-01,3.356122992515642167e-01,-8.756736604580828143e-01,3.941122092118442555e-01,-9.221991431655438554e-01,5.172609341036333852e-01
5.413617106171737525e-01,-9.463437788148788554e-01,4.887144097760898198e-01,-9.463437788148801877e-01,5.413617106171675353e-01,5.224265412988717827e-01,-9.230841355164405293e-01,3.964512621715722829e-01,-8.756525077684039760e-01,3.377190311223108310e-01,-8.483162063579898771e-01,3.104881707523647894e-01,-8.457987455759127249e-01,3.104881707523677314e-01,-8.483162063579943180e-01,3.377190311223224883e-01,-8.756525077684087499e-01,3.964512621715777230e-01,-9.230841355164436379e-01,5.224265412988835511e-01
5.631161894866223427e-01,-9.441877435702825672e-01,4.994362837934802068e-01,-9.441877435702842325e-01,5.631161894866197892e-01,5.291163210633985647e-01,-9.240548442472124036e-01,4.008527102523432584e-01,-8.769053238994111155e-01,3.430685304894011134e-01,-8.471283168589462953e-01,3.230542592444058947e-01,-8.456976781248092268e-01,3.230542592444097805e-01,-8.471283168589508472e-01,3.430685304894105503e-01,-8.769053238994141131e-01,4.008527102523481433e-01,-9.240548442472156232e-01,5.291163210634077796e-01
5.803409651293682803e-01,-9.435443130389238320e-01,5.022488344004600869e-01,-9.435443130389232769e-01,5.803409651293699456e-01,5.358337078638186757e-01,-9.243192410536129611e-01,4.070732484597605061e-01,-8.757253503384131443e-01,3.519238555590680217e-01,-8.471700512857049947e-01,3.360373158880809452e-01,-8.470177335539263996e-01,3.360373158880848865e-01,-8.471700512857104348e-01,3.519238555590744610e-01,-8.757253503384154758e-01,4.070732484597651135e-01,-9.243192410536156256e-01,5.358337078638236717e-01
5.858644991021053627e-01,-9.447779710200399084e-01,4.985479556302686577e-01,-9.447779710200395753e-01,5.858644991021089155e-01,5.401024006084591544e-01,-9.260025894573387095e-01,4.128679627037978861e-01,-8.766190142968817156e-01,3.591742895324026574e-01,-8.484277543997933435e-01,3.473355777621341955e-01,-8.467092681261070286e-01,3.473355777621386919e-01,-8.484277543997978954e-01,3.591742895324054885e-01,-8.766190142968818266e-01,4.128679627038031597e-01,-9.260025894573409300e-01,5.401024006084600426e-01
5.794009661099850383e-01,-9.475544575940280101e-01,4.903466360134811630e-01,-9.475544575940255676e-01,5.794009661099874808e-01,5.420693415402767501e-01,-9.265546359399727816e-01,4.175515413455982983e-01,-8.771437614998208732e-01,3.652246351060444152e-01,-8.522468131023128723e-01,3.515043967856618656e-01,-8.494412672314426427e-01,3.515043967856649743e-01,-8.522468131023172022e-01,3.652246351060445817e-01,-8.771437614998207621e-01,4.175515413456031832e-01,-9.265546359399742249e-01,5.420693415402748627e-01
5.646281675122759580e-01,-9.504472193605427721e-01,4.849061845707183793e-01,-9.504472193605422170e-01,5.646281675122732935e-01,5.412646968189105401e-01,-9.288660223776823432e-01,4.206865951761162292e-01,-8.797813969638854648e-01,3.677357387295101532e-01,-8.574973044460618699e-01,3.516284688858555274e-01,-8.521166900021901469e-01,3.516284688858580809e-01,-8.574973044460633131e-01,3.677357387295087654e-01,-8.797813969638837994e-01,4.206865951761210587e-01,-9.288660223776825653e-01,5.412646968189078756e-01
5.499469024359393554e-01,-9.517925484491275290e-01,4.850558347975972850e-01,-9.517925484491255306e-01,5.499469024359308067e-01,5.404525066751344475e-01,-9.288724737461324654e-01,4.233536512650759032e-01,-8.824765408223171903e-01,3.707443949661472504e-01,-8.632368519763311543e-01,3.493826116913502089e-01,-8.555524562232841301e-01,3.493826116913493207e-01,-8.632368519763321535e-01,3.707443949661450855e-01,-8.824765408223164131e-01,4.233536512650785122e-01,-9.288724737461316883e-01,5.404525066751326712e-01
5.417314440584337643e-01,-9.512424172730569172e-01,4.923425908514299509e-01,-9.512424172730569172e-01,5.417314440584208857e-01,5.399483857573177392e-01,-9.303346084945713912e-01,4.264846407556591168e-01,-8.859211839227952856e-01,3.743464760095363553e-01,-8.682083661064896596e-01,3.503516181784156469e-01,-8.580228457438727752e-01,3.503516181784126493e-01,-8.682083661064867730e-01,3.743464760095337462e-01,-8.859211839227933982e-01,4.264846407556592833e-01,-9.303346084945697259e-01,5.399483857573181833e-01
5.440871193923819682e-01,-9.492360261546721745e-01,5.017999416093281706e-01,-9.492360261546707312e-01,5.440871193923686455e-01,5.419657839523184251e-01,-9.289698943033661838e-01,4.306299293914359061e-01,-8.893540358942318980e-01,3.816503753658155307e-01,-8.715421908692534414e-01,3.557066558168547887e-01,-8.592133335042109188e-01,3.557066558168477943e-01,-8.715421908692508879e-01,3.816503753658121445e-01,-8.893540358942307877e-01,4.306299293914321313e-01,-9.289698943033640743e-01,5.419657839523210896e-01
5.555528117082786377e-01,-9.471382263237065890e-01,5.099812946079200771e-01,-9.471382263237064780e-01,5.555528117082682016e-01,5.453012302588622351e-01,-9.297076195004188026e-01,4.359179018791579097e-01,-8.926329312440455244e-01,3.909341592801553467e-01,-8.738265864346559386e-01,3.658836153044944806e-01,-8.609591169230050856e-01,3.658836153044863759e-01,-8.738265864346497214e-01,3.909341592801506837e-01,-8.926329312440436370e-01,4.359179018791517479e-01,-9.297076195004168042e-01,5.453012302588658988e-01
5.729367115531284194e-01,-9.459684913349516444e-01,5.129889955376841781e-01,-9.459684913349499791e-01,5.729367115531225352e-01,5.512315008070756139e-01,-9.286702407838951512e-01,4.425920926310035752e-01,-8.963451210242189271e-01,4.028973575073337976e-01,-8.751517821021471688e-01,3.787555467031769596e-01,-8.621511347529913216e-01,3.787555467031671896e-01,-8.751517821021428389e-01,4.028973575073271918e-01,-8.963451210242171507e-01,4.425920926309969694e-01,-9.286702407838940410e-01,5.512315008070778344e-01
5.901443243379858039e-01,-9.462233834838942315e-01,5.135510952797219808e-01,-9.462233834838933433e-01,5.901443243379843606e-01,5.581950978628893445e-01,-9.309529565736405221e-01,4.512189255632108043e-01,-8.992175516734555174e-01,4.152571249209341397e-01,-8.770623311521585919e-01,3.920703203883779686e-01,-8.668253996514792004e-01,3.920703203883699750e-01,-8.770623311521515975e-01,4.152571249209259241e-01,-8.992175516734526308e-01,4.512189255632055307e-01,-9.309529565736400780e-01,5.581950978628893445e-01
6.032559806807205049e-01,-9.475481201056977776e-01,5.142967255751795808e-01,-9.475481201056963343e-01,6.032559806807219482e-01,5.670535928538862347e-01,-9.324827042811142386e-01,4.620915255869096905e-01,-9.029617700143433012e-01,4.280516698068871362e-01,-8.794240942867279642e-01,4.052089128101703519e-01,-8.711137229548107097e-01,4.052089128101638571e-01,-8.794240942867243005e-01,4.280516698068780324e-01,-9.029617700143399706e-01,4.620915255869072480e-01,-9.324827042811150157e-01,5.670535928538842363e-01
6.092886768968738265e-01,-9.493595876550008361e-01,5.212037888526148688e-01,-9.493595876550007251e-01,6.092886768968760469e-01,5.768380578524918700e-01,-9.370174101713562020e-01,4.760185205823530552e-01,-9.052004769657294725e-01,4.406052977591765618e-01,-8.832555965488191330e-01,4.180758492432940510e-01,-8.794235706154938104e-01,4.180758492432907758e-01,-8.832555965488129157e-01,4.406052977591672914e-01,-9.052004769657253647e-01,4.760185205823537768e-01,-9.370174101713577564e-01,5.768380578524902047e-01
6.097892942404266048e-01,-9.513860170413442896e-01,5.349322612881620698e-01,-9.513860170413446227e-01,6.097892942404268268e-01,5.885596655057968585e-01,-9.404393097549501590e-01,4.926304807545804909e-01,-9.087558271690866496e-01,4.537897210133154391e-01,-8.876192132487366049e-01,4.338861756215005028e-01,-8.847253243848769433e-01,4.338861756214983934e-01,-8.876192132487343844e-01,4.537897210133070569e-01,-9.087558271690822087e-01,4.926304807545831554e-01,-9.404393097549519354e-01,5.885596655057975246e-01
6.078721193781874144e-01,-9.534538748798389030e-01,5.548709514790880482e-01,-9.534538748798409014e-01,6.078721193781839727e-01,6.017283545808643774e-01,-9.452365646978750924e-01,5.115796821697691232e-01,-9.105654459024206115e-01,4.687427262841472042e-01,-8.928440221161739743e-01,4.528334460422307473e-01,-8.924378313358045656e-01,4.528334460422300811e-01,-8.928440221161697554e-01,4.687427262841411535e-01,-9.105654459024172809e-01,5.115796821697717878e-01,-9.452365646978775349e-01,6.017283545808691514e-01
6.087373847849119057e-01,-9.565961363704573728e-01,5.751898205452956603e-01,-9.565961363704585940e-01,6.087373847849057995e-01,6.162582381670654863e-01,-9.486368368330712064e-01,5.308912834123121760e-01,-9.145086278026527404e-01,4.854850541622928728e-01,-8.978843698682835717e-01,4.767221436153341596e-01,-8.950775395727298411e-01,4.767221436153321612e-01,-8.978843698682833496e-01,4.854850541622893201e-01,-9.145086278026495208e-01,5.308912834123132862e-01,-9.486368368330730938e-01,6.162582381670737020e-01
6.167487486181515433e-01,-9.600831880221534220e-01,5.930797723534442234e-01,-9.600831880221549763e-01,6.167487486181459921e-01,6.311445788390844802e-01,-9.522045585922844779e-01,5.493475736884063654e-01,-9.172849645295890753e-01,5.051196190201334701e-01,-9.031698442720954567e-01,5.014287911959693922e-01,-9.004753541769350278e-01,5.014287911959670607e-01,-9.031698442720932363e-01,5.051196190201326930e-01,-9.172849645295876320e-01,5.493475736884045890e-01,-9.522045585922864763e-01,6.311445788390941392e-01
6.339428801533735225e-01,-9.651836498801176223e-01,6.059900480565271197e-01,-9.651836498801178443e-01,6.339428801533706359e-01,6.450567109240976649e-01,-9.548659009865985148e-01,5.656660674244147202e-01,-9.230591787360080680e-01,5.257206348996387169e-01,-9.082836539663551312e-01,5.259578785144475299e-01,-9.020253734243142141e-01,5.259578785144444213e-01,-9.082836539663561304e-01,5.257206348996401601e-01,-9.230591787360071798e-01,5.656660674244116116e-01,-9.548659009865996250e-01,6.450567109241062136e-01
6.592813421153054243e-01,-9.692289172384325191e-01,6.182564244912159834e-01,-9.692289172384320750e-01,6.592813421153053133e-01,6.575083662790638384e-01,-9.570785466825220134e-01,5.805545935817917336e-01,-9.278028311636778991e-01,5.485782481018643963e-01,-9.139019257674838581e-01,5.454382097778005534e-01,-9.081481063229958073e-01,5.454382097777978888e-01,-9.139019257674834140e-01,5.485782481018678380e-01,-9.278028311636791203e-01,5.805545935817885139e-01,-9.570785466825232346e-01,6.575083662790683903e-01
6.878261968005441318e-01,-9.736293693349911127e-01,6.332286859426689007e-01,-9.736293693349897804e-01,6.878261968005455751e-01,6.678894057954172236e-01,-9.592050420701695446e-01,5.954575159039520171e-01,-9.351876875038811487e-01,5.711828539288335005e-01,-9.198412169861591714e-01,5.619352832308713852e-01,-9.120450981693879466e-01,5.619352832308696089e-01,-9.198412169861613918e-01,5.711828539288370532e-01,-9.351876875038825920e-01,5.954575159039519061e-01,-9.592050420701689895e-01,6.678894057954166685e-01
7.133823495101446754e-01,-9.749241398768673239e-01,6.551883093587231865e-01,-9.749241398768665468e-01,7.133823495101455636e-01,6.778637484398019053e-01,-9.607748518824021922e-01,6.127153580267028499e-01,-9.405010480486026836e-01,5.955653351028138420e-01,-9.265410542807596128e-01,5.756450462682559666e-01,-9.205420949408322784e-01,5.756450462682556335e-01,-9.265410542807606120e-01,5.955653351028165066e-01,-9.405010480486053481e-01,6.127153580267055144e-01,-9.607748518824019701e-01,6.778637484397971313e-01
7.298975377030966216e-01,-9.766897653770991727e-01,6.815433328426424575e-01,-9.766897653770980625e-01,7.298975377030947342e-01,6.886882783731518298e-01,-9.630931446871627832e-01,6.337020902462867644e-01,-9.478524336213483004e-01,6.194159088353723419e-01,-9.337526062437696561e-01,5.928170309330450527e-01,-9.270620437969144811e-01,5.928170309330466070e-01,-9.337526062437720986e-01,6.194159088353735632e-01,-9.478524336213499657e-01,6.337020902462923155e-01,-9.630931446871612289e-01,6.886882783731452795e-01
7.363168999408604698e-01,-9.760037321065695437e-01,7.079261709735520380e-01,-9.760037321065698768e-01,7.363168999408555848e-01,7.031319893601544191e-01,-9.653030188018677515e-01,6.588727011269016609e-01,-9.527104369652660276e-01,6.451854909045556807e-01,-9.417776214275198621e-01,6.162007781853406918e-01,-9.365757081429937347e-01,6.162007781853433563e-01,-9.417776214275217495e-01,6.451854909045564579e-01,-9.527104369652688032e-01,6.588727011269067679e-01,-9.653030188018677515e-01,7.031319893601488680e-01
7.363347946588202353e-01,-9.780081275658418782e-01,7.273589145130762157e-01,-9.780081275658423223e-01,7.363347946588150172e-01,7.224169544621409367e-01,-9.689026115784474813e-01,6.869342546672266847e-01,-9.598430467694450963e-01,6.718591310423973617e-01,-9.500573420424491822e-01,6.494053508248678330e-01,-9.448114271418954768e-01,6.494053508248707196e-01,-9.500573420424512916e-01,6.718591310423979168e-01,-9.598430467694464285e-01,6.869342546672291272e-01,-9.689026115784464821e-01,7.224169544621390493e-01
7.399117944716606665e-01,-9.782715506238401915e-01,7.397870803820045804e-01,-9.782715506238409686e-01,7.399117944716585571e-01,7.471010525272464564e-01,-9.728685348392218657e-01,7.172001866014316995e-01,-9.645355757961047161e-01,7.023838184920774275e-01,-9.589117050586991597e-01,6.914266486131430689e-01,-9.545666607097517131e-01,6.914266486131448453e-01,-9.589117050587010471e-01,7.023838184920784267e-01,-9.645355757961060483e-01,7.172001866014304783e-01,-9.728685348392223098e-01,7.471010525272485658e-01
7.556855386134141428e-01,-9.820781389544794848e-01,7.488609905845738934e-01,-9.820781389544799289e-01,7.556855386134172514e-01,7.759314408560482601e-01,-9.778037756459529994e-01,7.481198905284249800e-01,-9.713284677646569776e-01,7.369966912140644144e-01,-9.668421118842189799e-01,7.389669726681890038e-01,-9.640477569402039482e-01,7.389669726681893369e-01,-9.668421118842198680e-01,7.369966912140657467e-01,-9.713284677646574217e-01,7.481198905284209832e-01,-9.778037756459525554e-01,7.759314408560528120e-01
7.884702617464093288e-01,-9.827930039481782565e-01,7.659661939357188531e-01,-9.827930039481779234e-01,7.884702617464172114e-01,8.061189304783284992e-01,-9.823119028293987309e-01,7.808599087758731905e-01,-9.754579864579392412e-01,7.759461495600221692e-01,-9.741843304870293485e-01,7.868776952176645967e-01,-9.722613436747261639e-01,7.868776952176625983e-01,-9.741843304870306808e-01,7.759461495600230574e-01,-9.754579864579386861e-01,7.808599087758685275e-01,-9.823119028293992860e-01,8.061189304783318299e-01
8.315177315230644073e-01,-9.866274667072137960e-01,7.972851425027640548e-01,-9.866274667072143512e-01,8.315177315230736221e-01,8.350742587584876198e-01,-9.861210626108093402e-01,8.143919831927067809e-01,-9.807864759852704672e-01,8.167345962730755415e-01,-9.787555320803321690e-01,8.283490963954761588e-01,-9.788378500647041403e-01,8.283490963954732722e-01,-9.787555320803317249e-01,8.167345962730745423e-01,-9.807864759852702452e-01,8.143919831927043385e-01,-9.861210626108086741e-01,8.350742587584891741e-01
8.721131601292763103e-01,-9.867519039317754759e-01,8.431490230294378385e-01,-9.867519039317756979e-01,8.721131601292805291e-01,8.608302748308739316e-01,-9.878942112136368525e-01,8.489583483421043741e-01,-9.830299342583044275e-01,8.534909162513372172e-01,-9.813810806596713343e-01,8.592756902455139789e-01,-9.809345726332523441e-01,8.592756902455128687e-01,-9.813810806596722225e-01,8.534909162513344416e-01,-9.830299342583038724e-01,8.489583483421055954e-01,-9.878942112136370746e-01,8.608302748308719332e-01
