-1.000000000000000000e+00,-1.000000000000000000e+00,-1.000000000000000000e+00,-1.000000000000000000e+00,-1.000000000000000000e+00,-1.000000000000000000e+00,-1.000000000000000000e+00,-1.000000000000000000e+00,-1.000000000000000000e+00,-1.000000000000000000e+00,-1.000000000000000000e+00,-1.000000000000000000e+00,-1.000000000000000000e+00,-1.000000000000000000e+00,-1.000000000000000000e+00,-1.000000000000000000e+00,-1.000000000000000000e+00,-1.000000000000000000e+00,-1.000000000000000000e+00,-1.000000000000000000e+00
-9.974490048860745750e-01,-9.974490048860745750e-01,-9.974490199005339175e-01,-9.974499152824101156e-01,-9.974499291691452108e-01,-9.974499303719837062e-01,-9.974499305897994716e-01,-9.974499306495723250e-01,-9.974499306707681479e-01,-9.974499306793520592e-01,-9.974499306825760359e-01,-9.974499306825760359e-01,-9.974499306793521702e-01,-9.974499306707682589e-01,-9.974499306495724360e-01,-9.974499305897995827e-01,-9.974499303719837062e-01,-9.974499291691453218e-01,-9.974499152824102266e-01,-9.974490199005342506e-01
-9.904169930959384471e-01,-9.904169930959383361e-01,-9.904179563070848458e-01,-9.904454170662695400e-01,-9.904463050905274457e-01,-9.904463837822450323e-01,-9.904463981658454541e-01,-9.904464021282215480e-01,-9.904464035357853913e-01,-9.904464041063246738e-01,-9.904464043206904211e-01,-9.904464043206906432e-01,-9.904464041063246738e-01,-9.904464035357853913e-01,-9.904464021282215480e-01,-9.904463981658453431e-01,-9.904463837822448102e-01,-9.904463050905271126e-01,-9.904454170662695400e-01,-9.904179563070846237e-01
-9.904470426639268021e-01,-9.904470426639269132e-01,-9.904516580616766763e-01,-9.905580099694815122e-01,-9.905622394949736842e-01,-9.905626193452288231e-01,-9.905626901336617163e-01,-9.905627098337907999e-01,-9.905627168666504279e-01,-9.905627197244676330e-01,-9.905627207995070238e-01,-9.905627207995071348e-01,-9.905627197244677440e-01,-9.905627168666503168e-01,-9.905627098337905778e-01,-9.905626901336614942e-01,-9.905626193452288231e-01,-9.905622394949733511e-01,-9.905580099694815122e-01,-9.904516580616765653e-01
-9.950817165401285580e-01,-9.950817165401286690e-01,-9.950838196500013666e-01,-9.951566501399390363e-01,-9.951585015084514207e-01,-9.951586746169941433e-01,-9.951587103936319068e-01,-9.951587208252599126e-01,-9.951587246318898128e-01,-9.951587261958374508e-01,-9.951587267872655795e-01,-9.951587267872655795e-01,-9.951587261958373398e-01,-9.951587246318897018e-01,-9.951587208252599126e-01,-9.951587103936319068e-01,-9.951586746169942543e-01,-9.951585015084515318e-01,-9.951566501399390363e-01,-9.950838196500013666e-01
-9.884102601404999300e-01,-9.884102601404997079e-01,-9.884057638088972197e-01,-9.883311743259639570e-01,-9.883270117182143544e-01,-9.883266508955931284e-01,-9.883265817338360293e-01,-9.883265621428275471e-01,-9.883265550907375241e-01,-9.883265522135837866e-01,-9.883265511292393946e-01,-9.883265511292392835e-01,-9.883265522135837866e-01,-9.883265550907375241e-01,-9.883265621428275471e-01,-9.883265817338361403e-01,-9.883266508955927954e-01,-9.883270117182145764e-01,-9.883311743259638460e-01,-9.884057638088973308e-01
-9.784366417614009936e-01,-9.784366417614009936e-01,-9.784460490761438534e-01,-9.786502631646932793e-01,-9.786590448438514667e-01,-9.786598296243944617e-01,-9.786599587251478827e-01,-9.786599923632788300e-01,-9.786600039727257894e-01,-9.786600086064982662e-01,-9.786600103342714130e-01,-9.786600103342714130e-01,-9.786600086064983772e-01,-9.786600039727255673e-01,-9.786599923632786080e-01,-9.786599587251475496e-01,-9.786598296243942396e-01,-9.786590448438514667e-01,-9.786502631646936123e-01,-9.784460490761437423e-01
-9.831673413518343674e-01,-9.831673413518347004e-01,-9.831904316110728903e-01,-9.838318998128654513e-01,-9.838527147469341427e-01,-9.838545879767132130e-01,-9.838549556193775247e-01,-9.838550609014653503e-01,-9.838550989883833031e-01,-9.838551145640023199e-01,-9.838551204405667772e-01,-9.838551204405671102e-01,-9.838551145640024309e-01,-9.838550989883831921e-01,-9.838550609014649062e-01,-9.838549556193769696e-01,-9.838545879767133240e-01,-9.838527147469338097e-01,-9.838318998128657844e-01,-9.831904316110723352e-01
-9.884134485272952908e-01,-9.884134485272951798e-01,-9.884050897047857998e-01,-9.885178200596603793e-01,-9.885090544574637317e-01,-9.885084673018418311e-01,-9.885084100105373528e-01,-9.885084002556715488e-01,-9.885083978687903006e-01,-9.885083971343272546e-01,-9.885083969018095829e-01,-9.885083969018095829e-01,-9.885083971343271436e-01,-9.885083978687903006e-01,-9.885084002556714378e-01,-9.885084100105374638e-01,-9.885084673018418311e-01,-9.885090544574637317e-01,-9.885178200596606013e-01,-9.884050897047857998e-01
-9.765491753705454192e-01,-9.765491753705453082e-01,-9.765400958767369577e-01,-9.761567035964269223e-01,-9.761487544388827153e-01,-9.761481981160486932e-01,-9.761480123061317959e-01,-9.761479485736368478e-01,-9.761479238404703329e-01,-9.761479133941295405e-01,-9.761479093939250395e-01,-9.761479093939247065e-01,-9.761479133941295405e-01,-9.761479238404706660e-01,-9.761479485736370698e-01,-9.761480123061321290e-01,-9.761481981160489152e-01,-9.761487544388828264e-01,-9.761567035964267003e-01,-9.765400958767370687e-01
-9.684432993634892739e-01,-9.684432993634894959e-01,-9.685022468952947383e-01,-9.693976473177120523e-01,-9.694529838422394352e-01,-9.694573746246796242e-01,-9.694580708892749366e-01,-9.694582539558718182e-01,-9.694583173272666166e-01,-9.694583426093329459e-01,-9.694583520279778099e-01,-9.694583520279781430e-01,-9.694583426093331679e-01,-9.694583173272665055e-01,-9.694582539558713741e-01,-9.694580708892743814e-01,-9.694573746246794022e-01,-9.694529838422392132e-01,-9.693976473177126074e-01,-9.685022468952942942e-01
-9.785976321545355461e-01,-9.785976321545361012e-01,-9.786251429942014468e-01,-9.801619541887278686e-01,-9.801841235570862843e-01,-9.801858078714961175e-01,-9.801863502249558158e-01,-9.801865351253231662e-01,-9.801866066146270873e-01,-9.801866367532952040e-01,-9.801866482846209871e-01,-9.801866482846214312e-01,-9.801866367532953150e-01,-9.801866066146269763e-01,-9.801865351253227221e-01,-9.801863502249550386e-01,-9.801858078714958955e-01,-9.801841235570858402e-01,-9.801619541887284237e-01,-9.786251429942006697e-01
-9.796733492107978503e-01,-9.796733492107976282e-01,-9.796070774624505706e-01,-9.791331070557485194e-01,-9.790684048807647422e-01,-9.790647565024636068e-01,-9.790641826872114040e-01,-9.790640216573229804e-01,-9.790639645670976554e-01,-9.790639416198827494e-01,-9.790639330511123894e-01,-9.790639330511121674e-01,-9.790639416198826384e-01,-9.790639645670977664e-01,-9.790640216573234245e-01,-9.790641826872119591e-01,-9.790647565024637178e-01,-9.790684048807648532e-01,-9.791331070557481864e-01,-9.796070774624510147e-01
-9.633078413686518848e-01,-9.633078413686515518e-01,-9.633700575792374377e-01,-9.628056301607978984e-01,-9.628672088747149971e-01,-9.628731189220146591e-01,-9.628735506171548497e-01,-9.628735952872357062e-01,-9.628735994621792083e-01,-9.628735986748965248e-01,-9.628735979178908444e-01,-9.628735979178906224e-01,-9.628735986748964137e-01,-9.628735994621790972e-01,-9.628735952872357062e-01,-9.628735506171550718e-01,-9.628731189220145481e-01,-9.628672088747151081e-01,-9.628056301607974543e-01,-9.633700575792377707e-01
-9.620182996684566445e-01,-9.620182996684574217e-01,-9.621860587338476600e-01,-9.648429171971460994e-01,-9.649987329343502340e-01,-9.650070788601734506e-01,-9.650085834244922500e-01,-9.650090520331452426e-01,-9.650092254000728342e-01,-9.650092965136778389e-01,-9.650093233297069029e-01,-9.650093233297075690e-01,-9.650092965136780609e-01,-9.650092254000726122e-01,-9.650090520331442434e-01,-9.650085834244908067e-01,-9.650070788601732286e-01,-9.649987329343500120e-01,-9.648429171971466545e-01,-9.621860587338467719e-01
-9.750592094070433813e-01,-9.750592094070442695e-01,-9.749589521707876516e-01,-9.768669638344584794e-01,-9.767619327689441855e-01,-9.767532719285755283e-01,-9.767528386093167203e-01,-9.767528281085713360e-01,-9.767528405933078028e-01,-9.767528493158509351e-01,-9.767528533015191750e-01,-9.767528533015196190e-01,-9.767528493158512681e-01,-9.767528405933076918e-01,-9.767528281085711139e-01,-9.767528386093162762e-01,-9.767532719285755283e-01,-9.767619327689438524e-01,-9.768669638344589234e-01,-9.749589521707868744e-01
-9.673741249036370560e-01,-9.673741249036363898e-01,-9.672675699521658954e-01,-9.652129226150455432e-01,-9.651114119878130282e-01,-9.651149854072328393e-01,-9.651147225642536798e-01,-9.651144597283946025e-01,-9.651143426560337968e-01,-9.651142912221543080e-01,-9.651142712356681752e-01,-9.651142712356676201e-01,-9.651142912221539749e-01,-9.651143426560341299e-01,-9.651144597283953797e-01,-9.651147225642547900e-01,-9.651149854072326173e-01,-9.651114119878131392e-01,-9.652129226150449881e-01,-9.672675699521668946e-01
-9.511907947374991235e-01,-9.511907947374992345e-01,-9.515598131052491748e-01,-9.522417254338456649e-01,-9.525957192348923908e-01,-9.526209718379470281e-01,-9.526231996017674453e-01,-9.526237442125157218e-01,-9.526239289808554611e-01,-9.526240000932716390e-01,-9.526240259228908602e-01,-9.526240259228910823e-01,-9.526240000932715279e-01,-9.526239289808552391e-01,-9.526237442125151667e-01,-9.526231996017670012e-01,-9.526209718379464730e-01,-9.525957192348921687e-01,-9.522417254338456649e-01,-9.515598131052489528e-01
-9.600642045873301056e-01,-9.600642045873314379e-01,-9.602142267401220233e-01,-9.653888205493337260e-01,-9.655172588109293130e-01,-9.655048712453502269e-01,-9.655048444965562693e-01,-9.655052736845216588e-01,-9.655054754128992167e-01,-9.655055656092986771e-01,-9.655056009746664225e-01,-9.655056009746674217e-01,-9.655055656092990102e-01,-9.655054754128988836e-01,-9.655052736845205485e-01,-9.655048444965546039e-01,-9.655048712453501158e-01,-9.655172588109288689e-01,-9.653888205493347252e-01,-9.602142267401204689e-01
-9.691976778132415093e-01,-9.691976778132417314e-01,-9.687345196261523128e-01,-9.688399198385829747e-01,-9.683844009769378980e-01,-9.683667267819430213e-01,-9.683658344626048242e-01,-9.683653930173192759e-01,-9.683652110066260921e-01,-9.683651366678165395e-01,-9.683651089952364233e-01,-9.683651089952363122e-01,-9.683651366678164285e-01,-9.683652110066263141e-01,-9.683653930173198310e-01,-9.683658344626053793e-01,-9.683667267819433544e-01,-9.683844009769382311e-01,-9.688399198385829747e-01,-9.687345196261519797e-01
-9.517427433679868098e-01,-9.517427433679859217e-01,-9.519826442864616212e-01,-9.486036962965911368e-01,-9.488355469485649785e-01,-9.488933474578387095e-01,-9.488967376530577091e-01,-9.488969932261399620e-01,-9.488970339125089026e-01,-9.488970385570991706e-01,-9.488970377537507828e-01,-9.488970377537501166e-01,-9.488970385570988375e-01,-9.488970339125091247e-01,-9.488969932261404061e-01,-9.488967376530588194e-01,-9.488933474578383764e-01,-9.488355469485654226e-01,-9.486036962965903596e-01,-9.519826442864627314e-01
-9.356466292033133181e-01,-9.356466292033135401e-01,-9.365728762339186053e-01,-9.414897917855860054e-01,-9.423637045174996230e-01,-9.423831796306868513e-01,-9.423829521031396039e-01,-9.423838800531136872e-01,-9.423843256340919128e-01,-9.423845160874064764e-01,-9.423845886848674080e-01,-9.423845886848676301e-01,-9.423845160874069204e-01,-9.423843256340919128e-01,-9.423838800531123550e-01,-9.423829521031378276e-01,-9.423831796306865183e-01,-9.423637045174992899e-01,-9.414897917855864495e-01,-9.365728762339181612e-01
-9.294229925076689103e-01,-9.294229925076702425e-01,-9.291470068469277477e-01,-9.398470484383488754e-01,-9.395604637740050391e-01,-9.394542824207501308e-01,-9.394494419850171196e-01,-9.394495809113182494e-01,-9.394496881578864311e-01,-9.394497484334604076e-01,-9.394497754051631677e-01,-9.394497754051637228e-01,-9.394497484334605186e-01,-9.394496881578863201e-01,-9.394495809113170282e-01,-9.394494419850151212e-01,-9.394542824207501308e-01,-9.395604637740043730e-01,-9.398470484383505408e-01,-9.291470068469255272e-01
-9.113789596075378974e-01,-9.113789596075385635e-01,-9.095995976860045129e-01,-9.162147644321638751e-01,-9.145160634808571221e-01,-9.144714563112686934e-01,-9.144790195389684850e-01,-9.144790367794809471e-01,-9.144787717420769235e-01,-9.144786518260803465e-01,-9.144786064861434305e-01,-9.144786064861434305e-01,-9.144786518260786812e-01,-9.144787717420768125e-01,-9.144790367794819463e-01,-9.144790195389684850e-01,-9.144714563112692485e-01,-9.145160634808569000e-01,-9.162147644321646522e-01,-9.095995976860037358e-01
-8.761979020586188049e-01,-8.761979020586172506e-01,-8.748854104743118976e-01,-8.778221378911100770e-01,-8.765455586171646551e-01,-8.767999980252211278e-01,-8.768239819087629838e-01,-8.768249832542271971e-01,-8.768251846428554153e-01,-8.768252549629113046e-01,-8.768252758174873707e-01,-8.768252758174865935e-01,-8.768252549629087511e-01,-8.768251846428548602e-01,-8.768249832542298616e-01,-8.768239819087644271e-01,-8.767999980252212389e-01,-8.765455586171653213e-01,-8.778221378911085226e-01,-8.748854104743123417e-01
-8.365182540011417700e-01,-8.365182540011397716e-01,-8.373804991239390816e-01,-8.483079067622019132e-01,-8.489703876459051557e-01,-8.494409416936870016e-01,-8.494455105104858905e-01,-8.494462093144333759e-01,-8.494473565906210943e-01,-8.494478735106527623e-01,-8.494480668380061106e-01,-8.494480668380050004e-01,-8.494478735106512080e-01,-8.494473565906188739e-01,-8.494462093144351522e-01,-8.494455105104857795e-01,-8.494409416936865576e-01,-8.489703876459061549e-01,-8.483079067621980274e-01,-8.373804991239398587e-01
-8.044028474866973255e-01,-8.044028474866958822e-01,-8.062853379479648641e-01,-8.368497680105763115e-01,-8.384513208860719935e-01,-8.386923913010491116e-01,-8.386349315307148888e-01,-8.386349849243965870e-01,-8.386366437280965425e-01,-8.386373680124110663e-01,-8.386376505228310130e-01,-8.386376505228310130e-01,-8.386373680124112884e-01,-8.386366437280936559e-01,-8.386349849243962540e-01,-8.386349315307125574e-01,-8.386923913010483345e-01,-8.384513208860723266e-01,-8.368497680105728698e-01,-8.062853379479647531e-01
-7.813998144381968380e-01,-7.813998144381976152e-01,-7.801607990901007206e-01,-8.327948968101729355e-01,-8.318414360679735609e-01,-8.315072161005196971e-01,-8.314065879607618337e-01,-8.314108240218335277e-01,-8.314121016711966128e-01,-8.314125147153490492e-01,-8.314126883788882649e-01,-8.314126883788891531e-01,-8.314125147153494932e-01,-8.314121016711938372e-01,-8.314108240218318624e-01,-8.314065879607585030e-01,-8.315072161005184759e-01,-8.318414360679727837e-01,-8.327948968101723803e-01,-7.801607990900991663e-01
-7.621014181458676262e-01,-7.621014181458707348e-01,-7.528670286940930545e-01,-8.224224316521242528e-01,-8.147537058420564193e-01,-8.140941084110839832e-01,-8.140478757569407087e-01,-8.140640095284787936e-01,-8.140640979921437426e-01,-8.140639157210525223e-01,-8.140638721030428737e-01,-8.140638721030439839e-01,-8.140639157210524113e-01,-8.140640979921418552e-01,-8.140640095284774613e-01,-8.140478757569382662e-01,-8.140941084110827619e-01,-8.147537058420548650e-01,-8.224224316521271394e-01,-7.528670286940899459e-01
-7.377557892351879199e-01,-7.377557892351931379e-01,-7.188100484031535453e-01,-7.991897662081690612e-01,-7.829205529508747041e-01,-7.830843175228658914e-01,-7.832014768134661908e-01,-7.832276158433650881e-01,-7.832256216017056127e-01,-7.832251996796028015e-01,-7.832250782857623772e-01,-7.832250782857634874e-01,-7.832251996796013582e-01,-7.832256216017057238e-01,-7.832276158433661983e-01,-7.832014768134660798e-01,-7.830843175228656694e-01,-7.829205529508724837e-01,-7.991897662081741682e-01,-7.188100484031487714e-01
-7.030277041514728653e-01,-7.030277041514785275e-01,-6.763006776498345918e-01,-7.647921155587329434e-01,-7.412268443533084339e-01,-7.437997068198258788e-01,-7.440169998374529525e-01,-7.440311089012875412e-01,-7.440266120419936069e-01,-7.440268204552964448e-01,-7.440268974262649326e-01,-7.440268974262655988e-01,-7.440268204552930031e-01,-7.440266120419944951e-01,-7.440311089012914270e-01,-7.440169998374546179e-01,-7.437997068198263229e-01,-7.412268443533058804e-01,-7.647921155587367181e-01,-6.763006776498281525e-01
-6.618578703687429954e-01,-6.618578703687474363e-01,-6.309451842854880699e-01,-7.328259982388589666e-01,-7.040061661859887687e-01,-7.102656333051317050e-01,-7.102249176959705146e-01,-7.102012182869683610e-01,-7.101957355451302689e-01,-7.101973731050195138e-01,-7.101977810558750548e-01,-7.101977810558752768e-01,-7.101973731050155170e-01,-7.101957355451308240e-01,-7.102012182869732460e-01,-7.102249176959718469e-01,-7.102656333051329263e-01,-7.040061661859872144e-01,-7.328259982388587446e-01,-6.309451842854807424e-01
-6.190814199909127069e-01,-6.190814199909147053e-01,-5.878109915583593637e-01,-7.142131313163699868e-01,-6.826963887126817898e-01,-6.929382191706441319e-01,-6.919820828322036377e-01,-6.919431813619436600e-01,-6.919422869492072303e-01,-6.919455693198218738e-01,-6.919461466853843445e-01,-6.919461466853848997e-01,-6.919455693198179880e-01,-6.919422869492070083e-01,-6.919431813619481009e-01,-6.919820828322038597e-01,-6.929382191706451311e-01,-6.826963887126811237e-01,-7.142131313163662121e-01,-5.878109915583539236e-01
-5.824737422151268218e-01,-5.824737422151260446e-01,-5.486793644686306370e-01,-7.085009091731975239e-01,-6.734242829632203220e-01,-6.867473993217678707e-01,-6.842103075566792203e-01,-6.842846380959843877e-01,-6.842913010054947343e-01,-6.842950561613247995e-01,-6.842953524222525896e-01,-6.842953524222539219e-01,-6.842950561613226901e-01,-6.842913010054934020e-01,-6.842846380959870523e-01,-6.842103075566774439e-01,-6.867473993217679817e-01,-6.734242829632209881e-01,-7.085009091731909736e-01,-5.486793644686285276e-01
-5.577140656099159877e-01,-5.577140656099132121e-01,-5.149490075394183020e-01,-7.154564242778882477e-01,-6.720445185167776003e-01,-6.872714730271025640e-01,-6.827022077002535827e-01,-6.831483714144589436e-01,-6.831483603582291231e-01,-6.831504825256917712e-01,-6.831500357219013608e-01,-6.831500357219038033e-01,-6.831504825256933255e-01,-6.831483603582270137e-01,-6.831483714144596098e-01,-6.827022077002504741e-01,-6.872714730271020089e-01,-6.720445185167802649e-01,-7.154564242778809202e-01,-5.149490075394206334e-01
-5.419328635865808819e-01,-5.419328635865775512e-01,-4.805861984109397467e-01,-7.221178054889527687e-01,-6.647453653980613941e-01,-6.813710920811344440e-01,-6.748305538765848599e-01,-6.760020030726753282e-01,-6.759375608340101316e-01,-6.759382033424838898e-01,-6.759370502749428855e-01,-6.759370502749456611e-01,-6.759382033424881087e-01,-6.759375608340079111e-01,-6.760020030726749951e-01,-6.748305538765820843e-01,-6.813710920811324456e-01,-6.647453653980647248e-01,-7.221178054889461073e-01,-4.805861984109462970e-01
-5.338710493775727928e-01,-5.338710493775701282e-01,-4.441608315008004348e-01,-7.229920396853735109e-01,-6.434296178673970523e-01,-6.627798592515442566e-01,-6.546716161373125065e-01,-6.568907232472261937e-01,-6.566443636025688368e-01,-6.566527071514363101e-01,-6.566511260076741685e-01,-6.566511260076763890e-01,-6.566527071514425273e-01,-6.566443636025667274e-01,-6.568907232472254165e-01,-6.546716161373112852e-01,-6.627798592515422582e-01,-6.434296178674017153e-01,-7.229920396853672937e-01,-4.441608315008087060e-01
-5.232889014042600984e-01,-5.232889014042589881e-01,-4.033818968213771505e-01,-7.166048950975036913e-01,-6.111537179313646373e-01,-6.369399595469360520e-01,-6.275813438224343566e-01,-6.310456904222225827e-01,-6.304286442452832206e-01,-6.304765645310429489e-01,-6.304736527982367500e-01,-6.304736527982368610e-01,-6.304765645310492772e-01,-6.304286442452815553e-01,-6.310456904222232488e-01,-6.275813438224361329e-01,-6.369399595469336095e-01,-6.111537179313691892e-01,-7.166048950974994725e-01,-4.033818968213851996e-01
-5.081884151535480676e-01,-5.081884151535490668e-01,-3.598920090399331806e-01,-7.032022465484024654e-01,-5.697036413155607271e-01,-6.067546685850591093e-01,-5.958396168983041141e-01,-6.005191497162126746e-01,-5.993265050328124843e-01,-5.994791385871816036e-01,-5.994684951163143927e-01,-5.994684951163118392e-01,-5.994791385871864886e-01,-5.993265050328115962e-01,-6.005191497162145620e-01,-5.958396168983087771e-01,-6.067546685850564447e-01,-5.697036413155643908e-01,-7.032022465483991347e-01,-3.598920090399375660e-01
-4.843107955019928523e-01,-4.843107955019959610e-01,-3.187868373337722772e-01,-6.934674251247349153e-01,-5.340971418067879117e-01,-5.877248627331931319e-01,-5.736296954205044596e-01,-5.794542771294117767e-01,-5.775018945819255789e-01,-5.778646246416314636e-01,-5.778275302705540017e-01,-5.778275302705490057e-01,-5.778646246416342391e-01,-5.775018945819255789e-01,-5.794542771294144412e-01,-5.736296954205107879e-01,-5.877248627331906894e-01,-5.340971418067910204e-01,-6.934674251247340271e-01,-3.187868373337713335e-01
-4.563113720456958289e-01,-4.563113720457006028e-01,-2.815104214477311961e-01,-6.874583570575796276e-01,-5.065261561169778215e-01,-5.797631354801555670e-01,-5.598354344326001986e-01,-5.669077157008712842e-01,-5.641042292754907539e-01,-5.648070398316433760e-01,-5.647051651685321971e-01,-5.647051651685257578e-01,-5.648070398316430429e-01,-5.641042292754916421e-01,-5.669077157008747259e-01,-5.598354344326068599e-01,-5.797631354801523473e-01,-5.065261561169793758e-01,-6.874583570575807379e-01,-2.815104214477238687e-01
-4.290725296004069822e-01,-4.290725296004129774e-01,-2.524827735462080724e-01,-6.916407510369644296e-01,-4.915812194064240193e-01,-5.854983077534754443e-01,-5.562267513279312015e-01,-5.652196584461418594e-01,-5.615107557897019985e-01,-5.626860591369982068e-01,-5.624591645198356860e-01,-5.624591645198300238e-01,-5.626860591369968745e-01,-5.615107557897041080e-01,-5.652196584461443019e-01,-5.562267513279369746e-01,-5.854983077534730018e-01,-4.915812194064260732e-01,-6.916407510369680933e-01,-2.524827735461955824e-01
-4.085383574344735313e-01,-4.085383574344802482e-01,-2.274713593185546390e-01,-6.999524074090663905e-01,-4.838952092679043027e-01,-5.968932399788561272e-01,-5.550485877044055716e-01,-5.674216563944792791e-01,-5.626835065074963227e-01,-5.644495371089366387e-01,-5.640155081364904843e-01,-5.640155081364872647e-01,-5.644495371089340852e-01,-5.626835065074997644e-01,-5.674216563944816105e-01,-5.550485877044096794e-01,-5.968932399788529075e-01,-4.838952092679051908e-01,-6.999524074090723857e-01,-2.274713593185391514e-01
-3.984927040647503471e-01,-3.984927040647570640e-01,-2.062282823239440233e-01,-7.108428935688589911e-01,-4.755501695705891541e-01,-6.050311415187976660e-01,-5.483267949506469563e-01,-5.662368067699639074e-01,-5.600960971219703932e-01,-5.625539932565202239e-01,-5.618235271815201770e-01,-5.618235271815207321e-01,-5.625539932565182255e-01,-5.600960971219752782e-01,-5.662368067699641294e-01,-5.483267949506481775e-01,-6.050311415187962227e-01,-4.755501695705904863e-01,-7.108428935688670958e-01,-2.062282823239278140e-01
-3.962790155457587282e-01,-3.962790155457646679e-01,-1.821659159732308964e-01,-7.188020178094476353e-01,-4.634491596050137052e-01,-6.074278610947627666e-01,-5.350128988517841577e-01,-5.611712691704878742e-01,-5.527600445943874341e-01,-5.560642691382519098e-01,-5.549416468127916779e-01,-5.549416468127958968e-01,-5.560642691382493563e-01,-5.527600445943928742e-01,-5.611712691704873190e-01,-5.350128988517833806e-01,-6.074278610947617674e-01,-4.634491596050130946e-01,-7.188020178094570722e-01,-1.821659159732169353e-01
-3.986336292487484556e-01,-3.986336292487525634e-01,-1.552393381181580989e-01,-7.224458997015429373e-01,-4.408975693464330381e-01,-5.980905855846139207e-01,-5.109013028612172658e-01,-5.476458631388316789e-01,-5.356170719137473002e-01,-5.400352627595453869e-01,-5.384364351730740461e-01,-5.384364351730814846e-01,-5.400352627595425004e-01,-5.356170719137527403e-01,-5.476458631388294584e-01,-5.109013028612149343e-01,-5.980905855846155861e-01,-4.408975693464319834e-01,-7.224458997015513750e-01,-1.552393381181471632e-01
-3.968206770124810268e-01,-3.968206770124827476e-01,-1.231446933269393779e-01,-7.226714432552006073e-01,-4.150584177829262367e-01,-5.870474615263431284e-01,-4.866946874451190119e-01,-5.357901308864563283e-01,-5.182538078542238136e-01,-5.243425859520430832e-01,-5.221559492234187916e-01,-5.221559492234285615e-01,-5.243425859520383092e-01,-5.182538078542288096e-01,-5.357901308864538859e-01,-4.866946874451171801e-01,-5.870474615263463480e-01,-4.150584177829233501e-01,-7.226714432552086009e-01,-1.231446933269321892e-01
-3.889038959834158482e-01,-3.889038959834150155e-01,-8.952266625200222538e-02,-7.211849065835422845e-01,-3.844462823805430141e-01,-5.724111805228110361e-01,-4.612404517258889003e-01,-5.228045967894462409e-01,-4.979092070384998348e-01,-5.065180432788382037e-01,-5.035809758112962387e-01,-5.035809758113070078e-01,-5.065180432788313203e-01,-4.979092070385038316e-01,-5.228045967894436874e-01,-4.612404517258885672e-01,-5.724111805228162542e-01,-3.844462823805397389e-01,-7.211849065835473915e-01,-8.952266625199722938e-02
-3.715316394597854566e-01,-3.715316394597820704e-01,-5.632771300022729882e-02,-7.213852766584928355e-01,-3.593017916081789886e-01,-5.666459056071955214e-01,-4.456064466869357754e-01,-5.188702279101858883e-01,-4.849629317733742395e-01,-4.973224808328106095e-01,-4.933161469159698109e-01,-4.933161469159805801e-01,-4.973224808328016722e-01,-4.849629317733776812e-01,-5.188702279101842230e-01,-4.456064466869375518e-01,-5.666459056072016276e-01,-3.593017916081754359e-01,-7.213852766584964993e-01,-5.632771300022523797e-02
-3.519173408708576867e-01,-3.519173408708521356e-01,-2.756429481776422399e-02,-7.243465797703754205e-01,-3.364301629291952533e-01,-5.638156341426546758e-01,-4.333713738329462162e-01,-5.163481592271160769e-01,-4.727221804267879302e-01,-4.901804467316271952e-01,-4.845979647890210629e-01,-4.845979647890308328e-01,-4.901804467316163150e-01,-4.727221804267910943e-01,-5.163481592271155218e-01,-4.333713738329499909e-01,-5.638156341426603380e-01,-3.364301629291921447e-01,-7.243465797703759756e-01,-2.756429481776388052e-02
-3.330165909024194737e-01,-3.330165909024122017e-01,-4.226952903906802672e-03,-7.304816628455205185e-01,-3.203564344525156593e-01,-5.700601582056069594e-01,-4.283579579499846579e-01,-5.195845530631724163e-01,-4.662387610231064627e-01,-4.901600736121589641e-01,-4.822465364731303161e-01,-4.822465364731386428e-01,-4.901600736121479729e-01,-4.662387610231102375e-01,-5.195845530631724163e-01,-4.283579579499893208e-01,-5.700601582056110672e-01,-3.203564344525142715e-01,-7.304816628455206295e-01,-4.226952903908948525e-03
-3.236816358210933275e-01,-3.236816358210848898e-01,1.351833429714787219e-02,-7.388748697178550984e-01,-3.046696939200431720e-01,-5.758530852289122093e-01,-4.210514188904835864e-01,-5.193789932980508173e-01,-4.572759593939954570e-01,-4.886266663232267105e-01,-4.774694697867404303e-01,-4.774694697867470361e-01,-4.886266663232157192e-01,-4.572759593939998979e-01,-5.193789932980512614e-01,-4.210514188904884714e-01,-5.758530852289134305e-01,-3.046696939200431720e-01,-7.388748697178531000e-01,1.351833429714562225e-02
-3.220068401770193045e-01,-3.220068401770103117e-01,2.792274432910290052e-02,-7.470416629286660282e-01,-2.899588610982414272e-01,-5.840750492872556210e-01,-4.128586762794653753e-01,-5.189280809236840319e-01,-4.491575195152889277e-01,-4.884291862054477296e-01,-4.730802487363965358e-01,-4.730802487364018094e-01,-4.884291862054392364e-01,-4.491575195152945343e-01,-5.189280809236825887e-01,-4.128586762794696496e-01,-5.840750492872550659e-01,-2.899588610982448134e-01,-7.470416629286648069e-01,2.792274432909991333e-02
-3.280657374955683325e-01,-3.280657374955588401e-01,4.167963535921505314e-02,-7.547508589560132375e-01,-2.723189115694863438e-01,-5.884782206630004842e-01,-3.989494904549824028e-01,-5.141580588866735413e-01,-4.378684951537135661e-01,-4.848164448080122257e-01,-4.645480798153443502e-01,-4.645480798153485691e-01,-4.848164448080051758e-01,-4.378684951537200609e-01,-5.141580588866709878e-01,-3.989494904549864551e-01,-5.884782206629968204e-01,-2.723189115694925611e-01,-7.547508589560110170e-01,4.167963535921257595e-02
-3.324857453845335709e-01,-3.324857453845241895e-01,5.724505168547629891e-02,-7.595688219859809687e-01,-2.533860547178590772e-01,-5.929826255764412135e-01,-3.827555156465591302e-01,-5.098047179902366333e-01,-4.273177202837531441e-01,-4.811677130711371486e-01,-4.557174335698100931e-01,-4.557174335698133127e-01,-4.811677130711333739e-01,-4.273177202837600275e-01,-5.098047179902308601e-01,-3.827555156465625164e-01,-5.929826255764365506e-01,-2.533860547178700129e-01,-7.595688219859801915e-01,5.724505168547332212e-02
-3.320048057235300276e-01,-3.320048057235209793e-01,7.602534144475850408e-02,-7.638290036463929455e-01,-2.335702184088991884e-01,-5.958912296221753335e-01,-3.646889148832928029e-01,-5.060394495434190620e-01,-4.170250966375956270e-01,-4.765702897037173980e-01,-4.463267640243791523e-01,-4.463267640243812617e-01,-4.765702897037144004e-01,-4.170250966376024548e-01,-5.060394495434119566e-01,-3.646889148832970218e-01,-5.958912296221682281e-01,-2.335702184089117339e-01,-7.638290036463908361e-01,7.602534144475683875e-02
-3.216447931100286928e-01,-3.216447931100200330e-01,9.746108768893352314e-02,-7.660966964286209935e-01,-2.145739448346888900e-01,-6.001374992973810274e-01,-3.472995092817934282e-01,-5.053288346488722382e-01,-4.084479055738722830e-01,-4.725588728861035426e-01,-4.385583608358103458e-01,-4.385583608358114560e-01,-4.725588728861028764e-01,-4.084479055738785558e-01,-5.053288346488628013e-01,-3.472995092817986462e-01,-6.001374992973740330e-01,-2.145739448347037670e-01,-7.660966964286195502e-01,9.746108768893220475e-02
-3.060769013900939139e-01,-3.060769013900857538e-01,1.202640444246461243e-01,-7.699383913108492905e-01,-1.971773119924509210e-01,-6.049120445191265016e-01,-3.316809573158714386e-01,-5.077562726783368952e-01,-4.012190272218070231e-01,-4.691275956925297641e-01,-4.328191487919506031e-01,-4.328191487919503810e-01,-4.691275956925283763e-01,-4.012190272218122966e-01,-5.077562726783274583e-01,-3.316809573158790991e-01,-6.049120445191171758e-01,-1.971773119924639661e-01,-7.699383913108461819e-01,1.202640444246463602e-01
-2.896897912743159331e-01,-2.896897912743082726e-01,1.419913316625736888e-01,-7.736122274709507085e-01,-1.805925261749926070e-01,-6.100640790865196061e-01,-3.168768305626874504e-01,-5.116256269204274565e-01,-3.933564123674646584e-01,-4.650199208991322997e-01,-4.278551802642988622e-01,-4.278551802642980295e-01,-4.650199208991319666e-01,-3.933564123674685997e-01,-5.116256269204170204e-01,-3.168768305626968873e-01,-6.100640790865112795e-01,-1.805925261750057909e-01,-7.736122274709484881e-01,1.419913316625731614e-01
-2.800939425715867070e-01,-2.800939425715798237e-01,1.612927125551160690e-01,-7.796127271541719583e-01,-1.642891396728546061e-01,-6.150865762018080662e-01,-3.038059423231072032e-01,-5.171998659317726954e-01,-3.853471923082635864e-01,-4.614957058660832945e-01,-4.244484238940314791e-01,-4.244484238940300358e-01,-4.614957058660811295e-01,-3.853471923082658068e-01,-5.171998659317640357e-01,-3.038059423231190270e-01,-6.150865762017976301e-01,-1.642891396728651254e-01,-7.796127271541688497e-01,1.612927125551147922e-01
-2.797442118900039243e-01,-2.797442118899978736e-01,1.771132449272202203e-01,-7.852377872543359061e-01,-1.466462855328750647e-01,-6.186466632183751369e-01,-2.897359468822089390e-01,-5.211432984515209643e-01,-3.744722908906207848e-01,-4.564365592987030817e-01,-4.196310257945414790e-01,-4.196310257945402022e-01,-4.564365592987011389e-01,-3.744722908906216730e-01,-5.211432984515124156e-01,-2.897359468822217621e-01,-6.186466632183666992e-01,-1.466462855328861115e-01,-7.852377872543343518e-01,1.771132449272163067e-01
-2.862547179769155403e-01,-2.862547179769103778e-01,1.901480467182558032e-01,-7.917082810919999769e-01,-1.279200999661518623e-01,-6.221557433664708370e-01,-2.769251995161520208e-01,-5.257798867003959931e-01,-3.637931803925927854e-01,-4.533051190974629052e-01,-4.158379315716250191e-01,-4.158379315716238533e-01,-4.533051190974588529e-01,-3.637931803925922303e-01,-5.257798867003896648e-01,-2.769251995161652324e-01,-6.221557433664611780e-01,-1.279200999661604110e-01,-7.917082810919975344e-01,1.901480467182511958e-01
-2.944974740939270141e-01,-2.944974740939225732e-01,2.012900907644928350e-01,-7.968160121683389718e-01,-1.084574982156329970e-01,-6.247007807358451181e-01,-2.623819342039546698e-01,-5.276086449955708080e-01,-3.508817228165304059e-01,-4.495326987061683544e-01,-4.096245737014402866e-01,-4.096245737014402866e-01,-4.495326987061654678e-01,-3.508817228165295177e-01,-5.276086449955648128e-01,-2.623819342039661606e-01,-6.247007807358386788e-01,-1.084574982156423506e-01,-7.968160121683378616e-01,2.012900907644872284e-01
-2.959361191021319115e-01,-2.959361191021281368e-01,2.120872698708073656e-01,-8.016510749454314189e-01,-8.982250340339043015e-02,-6.290918932513895889e-01,-2.495728122007448424e-01,-5.305651483900122312e-01,-3.402726835261761229e-01,-4.495218625244640220e-01,-4.048178744818492492e-01,-4.048178744818501373e-01,-4.495218625244599142e-01,-3.402726835261747906e-01,-5.305651483900087895e-01,-2.495728122007537519e-01,-6.290918932513821504e-01,-8.982250340339800743e-02,-8.016510749454288653e-01,2.120872698708031745e-01
-2.898079964012955645e-01,-2.898079964012924004e-01,2.234308356085794034e-01,-8.053622966014474249e-01,-7.349316602945971111e-02,-6.338376965121534923e-01,-2.350657588406024900e-01,-5.306801536566587707e-01,-3.285926138310868438e-01,-4.492024654309395015e-01,-3.974146625040795855e-01,-3.974146625040814174e-01,-4.492024654309369480e-01,-3.285926138310859557e-01,-5.306801536566553290e-01,-2.350657588406072362e-01,-6.338376965121497175e-01,-7.349316602946925903e-02,-8.053622966014459816e-01,2.234308356085757952e-01
-2.747853629002197096e-01,-2.747853629002168230e-01,2.357470422511512842e-01,-8.087630609332553400e-01,-5.961678935888253816e-02,-6.409743434522219285e-01,-2.225749784962904876e-01,-5.325476476794386294e-01,-3.200714649147171631e-01,-4.526394573961718404e-01,-3.919182542766223576e-01,-3.919182542766246891e-01,-4.526394573961680656e-01,-3.200714649147162194e-01,-5.325476476794372971e-01,-2.225749784962913203e-01,-6.409743434522174876e-01,-5.961678935889053177e-02,-8.087630609332527865e-01,2.357470422511499797e-01
-2.612093691101020076e-01,-2.612093691100991766e-01,2.487853805003983065e-01,-8.118320690154032793e-01,-4.862182855699307554e-02,-6.475509378306301134e-01,-2.082698594646853751e-01,-5.318420406934140088e-01,-3.099136592535990387e-01,-4.542621149689138882e-01,-3.839125055325561808e-01,-3.839125055325591784e-01,-4.542621149689120563e-01,-3.099136592535988166e-01,-5.318420406934125655e-01,-2.082698594646823775e-01,-6.475509378306296693e-01,-4.862182855700208917e-02,-8.118320690154023911e-01,2.487853805003982233e-01
-2.511429566549726045e-01,-2.511429566549691073e-01,2.616699225321876821e-01,-8.147255113178193398e-01,-3.818560258134903740e-02,-6.547424154423902021e-01,-1.961463443900921810e-01,-5.337375809010342920e-01,-3.020479569749108251e-01,-4.580658613666375167e-01,-3.784574097783754421e-01,-3.784574097783787172e-01,-4.580658613666350187e-01,-3.020479569749099924e-01,-5.337375809010345140e-01,-1.961463443900866022e-01,-6.547424154423889808e-01,-3.818560258135481056e-02,-8.147255113178180075e-01,2.616699225321903466e-01
-2.534269910167608608e-01,-2.534269910167561979e-01,2.738567886248568506e-01,-8.179744967553232993e-01,-2.852475885811849021e-02,-6.597418143054813999e-01,-1.827976631688610909e-01,-5.340033131708907810e-01,-2.914613110503181947e-01,-4.582104515034150505e-01,-3.711179226784767082e-01,-3.711179226784802054e-01,-4.582104515034149950e-01,-2.914613110503171955e-01,-5.340033131708911140e-01,-1.827976631688540687e-01,-6.597418143054840645e-01,-2.852475885812374642e-02,-8.179744967553248536e-01,2.738567886248601813e-01
-2.600411302784362277e-01,-2.600411302784298440e-01,2.844796690055212407e-01,-8.211684098214587779e-01,-1.677040374155686075e-02,-6.642681823273675068e-01,-1.724760459078689967e-01,-5.380504566832446933e-01,-2.828179117310862800e-01,-4.594413776345971367e-01,-3.672442393214310763e-01,-3.672442393214339074e-01,-4.594413776345965816e-01,-2.828179117310835045e-01,-5.380504566832469138e-01,-1.724760459078620578e-01,-6.642681823273688391e-01,-1.677040374155749219e-02,-8.211684098214604433e-01,2.844796690055259036e-01
-2.704842549361428650e-01,-2.704842549361342607e-01,2.940525401976102349e-01,-8.251104403366258389e-01,-4.856208752732453504e-03,-6.667551343190567525e-01,-1.617846296405306139e-01,-5.411533218547931456e-01,-2.717862937088353359e-01,-4.566159503589580781e-01,-3.621086514450888583e-01,-3.621086514450912452e-01,-4.566159503589601321e-01,-2.717862937088311726e-01,-5.411533218547956992e-01,-1.617846296405245077e-01,-6.667551343190611934e-01,-4.856208752730880110e-03,-8.251104403366307238e-01,2.940525401976142872e-01
-2.718868761063460426e-01,-2.718868761063349959e-01,3.024172770095187035e-01,-8.288171371712991231e-01,9.423287707533187230e-03,-6.691797451765781890e-01,-1.539895470140486555e-01,-5.477933990007316511e-01,-2.636035874129691869e-01,-4.552501742597624412e-01,-3.605150722505011118e-01,-3.605150722505020000e-01,-4.552501742597639400e-01,-2.636035874129618595e-01,-5.477933990007357590e-01,-1.539895470140434375e-01,-6.691797451765801874e-01,9.423287707540738481e-03,-8.288171371713033420e-01,3.024172770095234219e-01
-2.665542204724250519e-01,-2.665542204724111741e-01,3.110487219055744212e-01,-8.329965019190648245e-01,2.235412845218423539e-02,-6.708196130509481714e-01,-1.450144567431098930e-01,-5.523037017865338738e-01,-2.541737822084978449e-01,-4.508895141038301024e-01,-3.570736029363341113e-01,-3.570736029363335007e-01,-4.508895141038340437e-01,-2.541737822084890186e-01,-5.523037017865379816e-01,-1.450144567431055076e-01,-6.708196130509529453e-01,2.235412845219391861e-02,-8.329965019190712638e-01,3.110487219055781960e-01
-2.520137133469669832e-01,-2.520137133469503854e-01,3.195908980477081274e-01,-8.363449738554880053e-01,3.622849409433619161e-02,-6.731230660426360535e-01,-1.371592660034828826e-01,-5.584339526911750173e-01,-2.483914757420187525e-01,-4.491448524114451946e-01,-3.559155474366942906e-01,-3.559155474366910155e-01,-4.491448524114481922e-01,-2.483914757420074837e-01,-5.584339526911804574e-01,-1.371592660034789413e-01,-6.731230660426392731e-01,3.622849409434975021e-02,-8.363449738554926682e-01,3.195908980477130124e-01
-2.393364652693683592e-01,-2.393364652693489858e-01,3.292708094357226778e-01,-8.395810158993499694e-01,4.685677514103422925e-02,-6.759299269336469518e-01,-1.268069387301062056e-01,-5.609042903177342554e-01,-2.419663620156838890e-01,-4.457740419021846145e-01,-3.517779693354547432e-01,-3.517779693354490811e-01,-4.457740419021903877e-01,-2.419663620156727313e-01,-5.609042903177394734e-01,-1.268069387301023476e-01,-6.759299269336533911e-01,4.685677514104655966e-02,-8.395810158993557426e-01,3.292708094357276183e-01
-2.322252963254092251e-01,-2.322252963253873259e-01,3.385812700592802926e-01,-8.417278853258662874e-01,5.779496364272743159e-02,-6.797677838495583824e-01,-1.166326918188699546e-01,-5.638198564595141571e-01,-2.389605308324157795e-01,-4.457043057611042025e-01,-3.490151342087303155e-01,-3.490151342087212116e-01,-4.457043057611096981e-01,-2.389605308324037336e-01,-5.638198564595199302e-01,-1.166326918188648754e-01,-6.797677838495641556e-01,5.779496364273938036e-02,-8.417278853258698401e-01,3.385812700592867874e-01
-2.353998484881912878e-01,-2.353998484881671405e-01,3.482131344364156611e-01,-8.437311746205220508e-01,6.530546029047437639e-02,-6.846342416888252513e-01,-1.045707086318667656e-01,-5.632861934395737569e-01,-2.348591173787705766e-01,-4.444267161887489603e-01,-3.434699957852589414e-01,-3.434699957852471730e-01,-4.444267161887581752e-01,-2.348591173787598074e-01,-5.632861934395788639e-01,-1.045707086318596601e-01,-6.846342416888343552e-01,6.530546029048220347e-02,-8.437311746205264917e-01,3.482131344364216563e-01
-2.452056846354987996e-01,-2.452056846354728481e-01,3.560460020881140442e-01,-8.451757326660593872e-01,7.432701658905989384e-02,-6.898545182259445685e-01,-9.372358931924013037e-02,-5.635253017746784110e-01,-2.327999401761785547e-01,-4.457889364786388198e-01,-3.398701088382600766e-01,-3.398701088382452551e-01,-4.457889364786483677e-01,-2.327999401761666198e-01,-5.635253017746839621e-01,-9.372358931922991632e-02,-6.898545182259521180e-01,7.432701658906566700e-02,-8.451757326660618297e-01,3.560460020881202614e-01
-2.534035185279804314e-01,-2.534035185279532310e-01,3.632152221481847465e-01,-8.469169831944477478e-01,8.125942411616877969e-02,-6.953781417094391237e-01,-8.306986127117121921e-02,-5.618044033358147171e-01,-2.284590009976523173e-01,-4.452885739798370102e-01,-3.349208053391734552e-01,-3.349208053391569129e-01,-4.452885739798502773e-01,-2.284590009976407154e-01,-5.618044033358202682e-01,-8.306986127115882634e-02,-6.953781417094477835e-01,8.125942411617118055e-02,-8.469169831944510785e-01,3.632152221481892429e-01
-2.557031591500993351e-01,-2.557031591500716905e-01,3.681105538703586255e-01,-8.487680157468709963e-01,9.127235370481642796e-02,-6.998449378342398441e-01,-7.491806955659832679e-02,-5.616275166653196260e-01,-2.245114363312092909e-01,-4.462360758334400490e-01,-3.327386704968997577e-01,-3.327386704968812170e-01,-4.462360758334533162e-01,-2.245114363311951911e-01,-5.616275166653266204e-01,-7.491806955658400491e-02,-6.998449378342456173e-01,9.127235370481881493e-02,-8.487680157468728837e-01,3.681105538703618452e-01
-2.463696899783361649e-01,-2.463696899783091032e-01,3.728921417625787882e-01,-8.511837600196889841e-01,9.986156270287674386e-02,-7.037643692063991763e-01,-6.832048643072541338e-02,-5.609989692484497192e-01,-2.177180867630796046e-01,-4.450967325003807318e-01,-3.300686728997850317e-01,-3.300686728997659358e-01,-4.450967325003971076e-01,-2.177180867630640060e-01,-5.609989692484584900e-01,-6.832048643071195193e-02,-7.037643692064043943e-01,9.986156270287931125e-02,-8.511837600196916487e-01,3.728921417625801205e-01
-2.341974700087062211e-01,-2.341974700086806860e-01,3.766863689493961109e-01,-8.538530900383156652e-01,1.113523999176542073e-01,-7.059611750274407127e-01,-6.387720468683366626e-02,-5.621988465996985429e-01,-2.108717592346044667e-01,-4.450393175155119008e-01,-3.295738358376856803e-01,-3.295738358376653077e-01,-4.450393175155276104e-01,-2.108717592345853986e-01,-5.621988465997092010e-01,-6.387720468682117625e-02,-7.059611750274431552e-01,1.113523999176586066e-01,-8.538530900383172195e-01,3.766863689493968881e-01
-2.211203863820880855e-01,-2.211203863820650206e-01,3.820634172709975740e-01,-8.568385146071109126e-01,1.203251909055351315e-01,-7.077560980461314877e-01,-6.039520798730335649e-02,-5.636089205295876647e-01,-2.022875445209531553e-01,-4.437332674690742662e-01,-3.279760577911942088e-01,-3.279760577911737252e-01,-4.437332674690929180e-01,-2.022875445209321721e-01,-5.636089205296000992e-01,-6.039520798729315632e-02,-7.077560980461328199e-01,1.203251909055408075e-01,-8.568385146071126890e-01,3.820634172709982401e-01
-2.196005724068301745e-01,-2.196005724068104126e-01,3.881169491346101452e-01,-8.595681282035276816e-01,1.305848464806609044e-01,-7.082258074832362693e-01,-5.693420805950122343e-02,-5.661555185348692287e-01,-1.946234985704740073e-01,-4.436025807407235066e-01,-3.268615326861208370e-01,-3.268615326860994652e-01,-4.436025807407414367e-01,-1.946234985704500819e-01,-5.661555185348826624e-01,-5.693420805949137020e-02,-7.082258074832368244e-01,1.305848464806669273e-01,-8.595681282035289028e-01,3.881169491346111444e-01
-2.244196138890954817e-01,-2.244196138890796055e-01,3.965344748281163234e-01,-8.621938189177634770e-01,1.369585846210497060e-01,-7.089787287919849801e-01,-5.273701960468402117e-02,-5.686748158983698787e-01,-1.872019269588975354e-01,-4.431343609404003736e-01,-3.239766741382892890e-01,-3.239766741382678616e-01,-4.431343609404210238e-01,-1.872019269588724999e-01,-5.686748158983836454e-01,-5.273701960467472305e-02,-7.089787287919849801e-01,1.369585846210557012e-01,-8.621938189177643652e-01,3.965344748281177667e-01
-2.363022957594274887e-01,-2.363022957594158036e-01,4.054911642480111267e-01,-8.640421666266091538e-01,1.435587050824149169e-01,-7.092096975894786048e-01,-4.654679217910340228e-02,-5.712664762518376849e-01,-1.816309985773899016e-01,-4.435242462920463424e-01,-3.206863914868116616e-01,-3.206863914867892351e-01,-4.435242462920667150e-01,-1.816309985773636726e-01,-5.712664762518511186e-01,-4.654679217909238331e-02,-7.092096975894797151e-01,1.435587050824192468e-01,-8.640421666266099310e-01,4.054911642480127920e-01
-2.426121305864212541e-01,-2.426121305864137601e-01,4.151035661092969953e-01,-8.658254667313582953e-01,1.465350450211670985e-01,-7.101987916659340261e-01,-3.911681301406910727e-02,-5.737861151729043430e-01,-1.773806374605914060e-01,-4.440009939483477441e-01,-3.164370485833076230e-01,-3.164370485832849744e-01,-4.440009939483704482e-01,-1.773806374605658709e-01,-5.737861151729173326e-01,-3.911681301405726258e-02,-7.101987916659350253e-01,1.465350450211710953e-01,-8.658254667313578512e-01,4.151035661092993823e-01
-2.412511511062708780e-01,-2.412511511062672698e-01,4.229854777986778447e-01,-8.666446999468193635e-01,1.505015253263888297e-01,-7.114080281336043754e-01,-2.979857988384648770e-02,-5.758587468646561014e-01,-1.744001169995036959e-01,-4.446349850283029537e-01,-3.121626827130043469e-01,-3.121626827129804216e-01,-4.446349850283252136e-01,-1.744001169994791600e-01,-5.758587468646685359e-01,-2.979857988383221093e-02,-7.114080281336083722e-01,1.505015253263903285e-01,-8.666446999468190304e-01,4.229854777986793435e-01
-2.305059382120080991e-01,-2.305059382120078215e-01,4.286384322845985251e-01,-8.679353863510250733e-01,1.529096178917608573e-01,-7.133492534975839350e-01,-2.086244953238242106e-02,-5.783501204106973326e-01,-1.721673579088517925e-01,-4.454619364302004891e-01,-3.084728172251889333e-01,-3.084728172251646194e-01,-4.454619364302238038e-01,-1.721673579088284778e-01,-5.783501204107095450e-01,-2.086244953236809918e-02,-7.133492534975875987e-01,1.529096178917637716e-01,-8.679353863510236300e-01,4.286384322845988581e-01
-2.167478748932989974e-01,-2.167478748933013288e-01,4.309917766695196550e-01,-8.681712319374471631e-01,1.578722404643246036e-01,-7.161676315631884115e-01,-1.187518068276227634e-02,-5.802264701234929323e-01,-1.695184792006645680e-01,-4.456526954799630569e-01,-3.050981047949210545e-01,-3.050981047948956859e-01,-4.456526954799849838e-01,-1.695184792006430019e-01,-5.802264701235053668e-01,-1.187518068274715996e-02,-7.161676315631957390e-01,1.578722404643271293e-01,-8.681712319374467191e-01,4.309917766695172681e-01
-2.093159082066879950e-01,-2.093159082066922416e-01,4.306741688530055789e-01,-8.695171036299480516e-01,1.631987914929959038e-01,-7.192838160839400974e-01,-5.324241781532568218e-03,-5.830272040429684832e-01,-1.668322723293296506e-01,-4.461904836093558702e-01,-3.032355998654268081e-01,-3.032355998654013285e-01,-4.461904836093774085e-01,-1.668322723293086951e-01,-5.830272040429815839e-01,-5.324241781518549918e-03,-7.192838160839465367e-01,1.631987914930030925e-01,-8.695171036299469414e-01,4.306741688530018597e-01
-2.095604278949414201e-01,-2.095604278949469435e-01,4.292096659031040540e-01,-8.694332307625416423e-01,1.712653732466553058e-01,-7.237181417850379050e-01,2.567474044738449201e-04,-5.850519008066559223e-01,-1.627192324508740517e-01,-4.455482563737217516e-01,-3.013483152591491798e-01,-3.013483152591232006e-01,-4.455482563737417356e-01,-1.627192324508546784e-01,-5.850519008066693560e-01,2.567474044882856257e-04,-7.237181417850480081e-01,1.712653732466634660e-01,-8.694332307625429745e-01,4.292096659030985029e-01
-2.203988486805026070e-01,-2.203988486805086300e-01,4.281423817339132798e-01,-8.710677966698502361e-01,1.796861791574973777e-01,-7.273902561467663341e-01,3.679266285346483034e-03,-5.879762905130510031e-01,-1.586415288783909194e-01,-4.455442827086438795e-01,-3.009714893041089967e-01,-3.009714893040837391e-01,-4.455442827086630309e-01,-1.586415288783709632e-01,-5.879762905130646589e-01,3.679266285360649653e-03,-7.273902561467737726e-01,1.796861791575105893e-01,-8.710677966698510133e-01,4.281423817339089499e-01
-2.290795041687568034e-01,-2.290795041687624933e-01,4.300009121667356382e-01,-8.710299167653385854e-01,1.889641204300761268e-01,-7.323531605828601521e-01,7.751810180515739113e-03,-5.895920322429725191e-01,-1.527616397990502195e-01,-4.438241641609966814e-01,-2.994629312569303536e-01,-2.994629312569053181e-01,-4.438241641610150556e-01,-1.527616397990316788e-01,-5.895920322429866189e-01,7.751810180531533770e-03,-7.323531605828710322e-01,1.889641204300885613e-01,-8.710299167653423602e-01,4.300009121667324186e-01
-2.342219817089312150e-01,-2.342219817089359335e-01,4.347379541806191128e-01,-8.735987640413143129e-01,1.973312187993860323e-01,-7.350765703433755904e-01,1.223000255407352688e-02,-5.913197655073070269e-01,-1.469589235648325609e-01,-4.427524305867990284e-01,-2.985366067702728832e-01,-2.985366067702492909e-01,-4.427524305868164034e-01,-1.469589235648124936e-01,-5.913197655073209047e-01,1.223000255409020971e-02,-7.350765703433830289e-01,1.973312187994010203e-01,-8.735987640413178656e-01,4.347379541806198899e-01
-2.265858786811562608e-01,-2.265858786811592029e-01,4.434678518872605668e-01,-8.744727404450656216e-01,2.047639339752879428e-01,-7.390315425864195653e-01,1.940556549020461263e-02,-5.911403730621831443e-01,-1.390891587227940651e-01,-4.395892806499827610e-01,-2.951047090621378710e-01,-2.951047090621157776e-01,-4.395892806500004690e-01,-1.390891587227751081e-01,-5.911403730621977992e-01,1.940556549022313254e-02,-7.390315425864302235e-01,2.047639339753001830e-01,-8.744727404450718389e-01,4.434678518872646191e-01
-2.151413466916599071e-01,-2.151413466916603234e-01,4.533506057789981059e-01,-8.783322255784772326e-01,2.114760222918129207e-01,-7.394503688767403160e-01,2.823516219222627077e-02,-5.903525611805757745e-01,-1.315790328092082129e-01,-4.374590387109287271e-01,-2.916865759511084732e-01,-2.916865759510883782e-01,-4.374590387109456580e-01,-1.315790328091862027e-01,-5.903525611805902074e-01,2.823516219224568927e-02,-7.394503688767475325e-01,2.114760222918270205e-01,-8.783322255784824506e-01,4.533506057790075428e-01
-2.032264277180806378e-01,-2.032264277180783618e-01,4.642549059178757709e-01,-8.798940181803456273e-01,2.175919867184947509e-01,-7.414206038673994970e-01,3.854895100222360815e-02,-5.881326393747159376e-01,-1.231634413383844717e-01,-4.341629379457624394e-01,-2.859771241418950782e-01,-2.859771241418765930e-01,-4.341629379457805360e-01,-1.231634413383634608e-01,-5.881326393747320358e-01,3.854895100224360605e-02,-7.414206038674096000e-01,2.175919867185065470e-01,-8.798940181803520666e-01,4.642549059178877613e-01
-2.005316533144770874e-01,-2.005316533144717306e-01,4.724070526352784904e-01,-8.837544427886461218e-01,2.245838627398255849e-01,-7.393345149249516135e-01,4.818713082180670071e-02,-5.859268876259057235e-01,-1.170695662462016007e-01,-4.334259374574026547e-01,-2.817679252014060887e-01,-2.817679252013892133e-01,-4.334259374574195856e-01,-1.170695662461771897e-01,-5.859268876259215997e-01,4.818713082182680268e-02,-7.393345149249591630e-01,2.245838627398400456e-01,-8.837544427886510068e-01,4.724070526352919797e-01
-2.075115323337351214e-01,-2.075115323337266005e-01,4.785009477719363025e-01,-8.846298334350806147e-01,2.309779699015822307e-01,-7.400569176417952644e-01,5.487986813622963700e-02,-5.847048586964269656e-01,-1.131258371534381718e-01,-4.336350533619491854e-01,-2.777292247112030932e-01,-2.777292247111871060e-01,-4.336350533619678371e-01,-1.131258371534157314e-01,-5.847048586964445072e-01,5.487986813624960714e-02,-7.400569176418057005e-01,2.309779699015962751e-01,-8.846298334350859438e-01,4.785009477719470716e-01
-2.178069962606613008e-01,-2.178069962606496712e-01,4.802790431539011307e-01,-8.871440903757114027e-01,2.375224545071113469e-01,-7.376122830627158677e-01,5.777039580501558413e-02,-5.852256638753712270e-01,-1.136423991974693654e-01,-4.375927631400157169e-01,-2.775030592983760425e-01,-2.775030592983603883e-01,-4.375927631400330919e-01,-1.136423991974443715e-01,-5.852256638753871032e-01,5.777039580503631755e-02,-7.376122830627251936e-01,2.375224545071273341e-01,-8.871440903757155105e-01,4.802790431539078475e-01
-2.263776399003521456e-01,-2.263776399003376016e-01,4.802073004018403424e-01,-8.871365564680003812e-01,2.405402104076489189e-01,-7.399906073913994353e-01,5.497385199469917438e-02,-5.892467204405776871e-01,-1.175176544810057899e-01,-4.429602027808455800e-01,-2.791026929930549572e-01,-2.791026929930386924e-01,-4.429602027808650644e-01,-1.175176544809847234e-01,-5.892467204405953396e-01,5.497385199471977596e-02,-7.399906073914103155e-01,2.405402104076638792e-01,-8.871365564680044891e-01,4.802073004018412306e-01
-2.228629745352173619e-01,-2.228629745352003200e-01,4.780364075882100883e-01,-8.887413332798275167e-01,2.412484049072804171e-01,-7.402827692084436029e-01,5.000652034972535853e-02,-5.946455297923731731e-01,-1.235743474564511835e-01,-4.497466764511370840e-01,-2.835266440089598827e-01,-2.835266440089424522e-01,-4.497466764511552362e-01,-1.235743474564288125e-01,-5.946455297923884942e-01,5.000652034974707033e-02,-7.402827692084540390e-01,2.412484049072945447e-01,-8.887413332798310694e-01,4.780364075882059249e-01
-2.137180134910889595e-01,-2.137180134910700580e-01,4.768310773018247239e-01,-8.891065286789865407e-01,2.372394428799776689e-01,-7.459347064714922926e-01,4.274736265295669968e-02,-6.027560819937072267e-01,-1.290063673679253953e-01,-4.547610779268634329e-01,-2.874450975813790943e-01,-2.874450975813600540e-01,-4.547610779268833614e-01,-1.290063673679075207e-01,-6.027560819937249903e-01,4.274736265297761351e-02,-7.459347064715025066e-01,2.372394428799902144e-01,-8.891065286789885391e-01,4.768310773018182291e-01
-1.993530039504232687e-01,-1.993530039504033402e-01,4.770451588297885959e-01,-8.905453550830587650e-01,2.331857882139393989e-01,-7.485347921058974618e-01,4.053096791479876559e-02,-6.081146705019018217e-01,-1.302145773020603747e-01,-4.564012882960666873e-01,-2.896288782260968975e-01,-2.896288782260763028e-01,-4.564012882960851725e-01,-1.302145773020405572e-01,-6.081146705019173648e-01,4.053096791482059535e-02,-7.485347921059078979e-01,2.331857882139492522e-01,-8.905453550830602083e-01,4.770451588297822676e-01
-1.940501611001443638e-01,-1.940501611001241022e-01,4.803042369056173544e-01,-8.914963737859671333e-01,2.299075125956196730e-01,-7.545163378993193781e-01,4.212140285898535730e-02,-6.129243345407697774e-01,-1.262269371165945231e-01,-4.536886760409347685e-01,-2.882085819139436067e-01,-2.882085819139212357e-01,-4.536886760409546970e-01,-1.262269371165768705e-01,-6.129243345407890953e-01,4.212140285900595887e-02,-7.545163378993273717e-01,2.299075125956285270e-01,-8.914963737859662452e-01,4.803042369056149674e-01
-1.965054996669302612e-01,-1.965054996669104437e-01,4.861239478199759212e-01,-8.918657669548061273e-01,2.332094949444774856e-01,-7.554110689333077833e-01,5.368724188875645398e-02,-6.112399863303281666e-01,-1.153275407442385381e-01,-4.465605856945554231e-01,-2.827976117692132529e-01,-2.827976117691893831e-01,-4.465605856945742413e-01,-1.153275407442169026e-01,-6.112399863303444869e-01,5.368724188877734005e-02,-7.554110689333171091e-01,2.332094949444829535e-01,-8.918657669548062383e-01,4.861239478199779196e-01
-2.076258948007344007e-01,-2.076258948007158878e-01,4.933962021102056839e-01,-8.924114582718079003e-01,2.424717717699429453e-01,-7.580102779769481991e-01,6.824472178810658818e-02,-6.088820743788739831e-01,-1.021258196314757116e-01,-4.384955077604000273e-01,-2.756406278084581052e-01,-2.756406278084326256e-01,-4.384955077604208440e-01,-1.021258196314536182e-01,-6.088820743788934120e-01,6.824472178812553136e-02,-7.580102779769537502e-01,2.424717717699497732e-01,-8.924114582718063460e-01,4.933962021102126227e-01
-2.177707110249490485e-01,-2.177707110249325340e-01,5.005996573849098574e-01,-8.912828117088086310e-01,2.584873281986361238e-01,-7.560079014148396448e-01,8.765373099609230501e-02,-6.020172243432718728e-01,-8.776743865495816033e-02,-4.308668460959507174e-01,-2.679483630528721738e-01,-2.679483630528452509e-01,-4.308668460959717006e-01,-8.776743865493158436e-02,-6.020172243432878600e-01,8.765373099611165064e-02,-7.560079014148475274e-01,2.584873281986410087e-01,-8.912828117088104074e-01,5.005996573849172959e-01
-2.191527169690982157e-01,-2.191527169690840604e-01,5.050839521166575752e-01,-8.922618245835448603e-01,2.755744027778562755e-01,-7.569679034243659288e-01,1.004358971526697619e-01,-5.995342493413943208e-01,-7.988511039383733303e-02,-4.290249643206977548e-01,-2.641858975774388218e-01,-2.641858975774106222e-01,-4.290249643207207919e-01,-7.988511039381043788e-02,-5.995342493414124174e-01,1.004358971526870814e-01,-7.569679034243689264e-01,2.755744027778648242e-01,-8.922618245835457484e-01,5.050839521166645696e-01
-2.123008400845691201e-01,-2.123008400845575738e-01,5.069522542833665435e-01,-8.916627974348774188e-01,2.902921051550898524e-01,-7.564819659596599966e-01,1.090701995934447166e-01,-5.974356785450081198e-01,-7.695512631689370442e-02,-4.312762515055690860e-01,-2.633104508162099067e-01,-2.633104508161805968e-01,-4.312762515055933443e-01,-7.695512631686489413e-02,-5.974356785450226637e-01,1.090701995934621471e-01,-7.564819659596663248e-01,2.902921051550969578e-01,-8.916627974348820818e-01,5.069522542833689860e-01
-1.979687761607133722e-01,-1.979687761607044627e-01,5.051135999221465500e-01,-8.949426733899517039e-01,2.975757290033718139e-01,-7.604293099660665023e-01,1.059383983549690988e-01,-6.026318620666960557e-01,-8.266751970085856049e-02,-4.398667858549263343e-01,-2.671821086065319650e-01,-2.671821086065017670e-01,-4.398667858549517029e-01,-8.266751970083070777e-02,-6.026318620667125980e-01,1.059383983549849195e-01,-7.604293099660680566e-01,2.975757290033833602e-01,-8.949426733899548125e-01,5.051135999221461059e-01
-1.901815120951250715e-01,-1.901815120951188542e-01,5.032840457567582249e-01,-8.957899906320441197e-01,2.975175168366900325e-01,-7.638090562945303308e-01,1.002991160876963161e-01,-6.076451913943298200e-01,-8.889959951526314741e-02,-4.478449687144495650e-01,-2.701316831491855641e-01,-2.701316831491540893e-01,-4.478449687144764324e-01,-8.889959951523551673e-02,-6.076451913943438088e-01,1.002991160877126087e-01,-7.638090562945362150e-01,2.975175168367005796e-01,-8.957899906320492267e-01,5.032840457567554493e-01
-1.886213733819681881e-01,-1.886213733819645244e-01,5.020203705446746323e-01,-8.999917505922995220e-01,2.918468114560308635e-01,-7.691329413990387609e-01,9.131195979252493267e-02,-6.155053086343902358e-01,-9.529346926778922700e-02,-4.551590365881763578e-01,-2.722913899863226295e-01,-2.722913899862905995e-01,-4.551590365882034472e-01,-9.529346926776172122e-02,-6.155053086344060009e-01,9.131195979254133621e-02,-7.691329413990409813e-01,2.918468114560452964e-01,-8.999917505923017425e-01,5.020203705446739662e-01
-1.990130678477979864e-01,-1.990130678477965431e-01,5.053812998138038637e-01,-8.997575126313223093e-01,2.853526394848099890e-01,-7.710682433359783428e-01,8.996424736929853339e-02,-6.185557789823671326e-01,-9.342074740651556963e-02,-4.553823403167017170e-01,-2.686298421029186256e-01,-2.686298421028858741e-01,-4.553823403167308603e-01,-9.342074740648829978e-02,-6.185557789823813435e-01,8.996424736931636634e-02,-7.710682433359850041e-01,2.853526394848214798e-01,-8.997575126313251959e-01,5.053812998138054180e-01
-2.092416239903457653e-01,-2.092416239903462372e-01,5.115013869641483746e-01,-9.018002118420934687e-01,2.818004637515350019e-01,-7.717328324164026698e-01,9.377451238416245616e-02,-6.200175900229687453e-01,-8.673056779709359398e-02,-4.519504690877095832e-01,-2.630916311697431009e-01,-2.630916311697100718e-01,-4.519504690877378938e-01,-8.673056779706482533e-02,-6.200175900229845105e-01,9.377451238418274548e-02,-7.717328324164076658e-01,2.818004637515465483e-01,-9.018002118420940239e-01,5.115013869641527045e-01
-2.147528399804508881e-01,-2.147528399804528032e-01,5.204940521276012477e-01,-8.993803098620151149e-01,2.831036570698651778e-01,-7.684190100930888834e-01,1.059450378178063423e-01,-6.173140314210114887e-01,-7.376869354942496015e-02,-4.440588661327757869e-01,-2.553167148235069295e-01,-2.553167148234735118e-01,-4.440588661328062070e-01,-7.376869354939627477e-02,-6.173140314210276980e-01,1.059450378178283109e-01,-7.684190100930969880e-01,2.831036570698723942e-01,-8.993803098620162251e-01,5.204940521276064658e-01
-2.098798577579101821e-01,-2.098798577579130686e-01,5.274286344400631599e-01,-9.000617128678232159e-01,2.881807394680670487e-01,-7.654659733435633662e-01,1.180178671598308138e-01,-6.148799117108747492e-01,-6.284900316786995456e-02,-4.380698285788677260e-01,-2.514528012414524727e-01,-2.514528012414188884e-01,-4.380698285788965363e-01,-6.284900316783888219e-02,-6.148799117108925127e-01,1.180178671598550721e-01,-7.654659733435708047e-01,2.881807394680733769e-01,-9.000617128678238821e-01,5.274286344400669346e-01
-1.971955910994665773e-01,-1.971955910994698524e-01,5.310106911099072846e-01,-8.984627648295266944e-01,2.943853287764033322e-01,-7.620415897131995742e-01,1.278455453507839068e-01,-6.138217283433171634e-01,-5.545578263954888121e-02,-4.350474420143160548e-01,-2.513494021101003173e-01,-2.513494021100663445e-01,-4.350474420143465859e-01,-5.545578263951801701e-02,-6.138217283433375915e-01,1.278455453508081652e-01,-7.620415897132076788e-01,2.943853287764086613e-01,-8.984627648295278046e-01,5.310106911099082838e-01
-1.874171370045097096e-01,-1.874171370045124296e-01,5.291038882986256464e-01,-9.004624934855143259e-01,2.990829425233942906e-01,-7.623455811871064913e-01,1.296925625720433406e-01,-6.147962089446745715e-01,-5.557957573686116842e-02,-4.370840560320990997e-01,-2.560656195783126976e-01,-2.560656195782790023e-01,-4.370840560321272994e-01,-5.557957573682806296e-02,-6.147962089446969980e-01,1.296925625720686814e-01,-7.623455811871147070e-01,2.990829425234010630e-01,-9.004624934855163243e-01,5.291038882986236480e-01
-1.831895645178679699e-01,-1.831895645178696630e-01,5.240762065550113036e-01,-9.009967530426848947e-01,3.015421911016548107e-01,-7.636500560558457940e-01,1.254947348837820997e-01,-6.185369115647894045e-01,-6.052381774564460915e-02,-4.424568082611507469e-01,-2.621333864234074440e-01,-2.621333864233733046e-01,-4.424568082611800568e-01,-6.052381774561225308e-02,-6.185369115648148286e-01,1.254947348838057475e-01,-7.636500560558526773e-01,3.015421911016656908e-01,-9.009967530426858939e-01,5.240762065550080839e-01
-1.919092936743493349e-01,-1.919092936743494737e-01,5.188716446487463552e-01,-9.030472447402213554e-01,3.024288217751583963e-01,-7.680786608237916147e-01,1.182089750115805638e-01,-6.201250733736265452e-01,-6.659858301639570710e-02,-4.472045751257746060e-01,-2.655030962371566217e-01,-2.655030962371227043e-01,-4.472045751258023616e-01,-6.659858301636126243e-02,-6.201250733736519694e-01,1.182089750116053772e-01,-7.680786608238012736e-01,3.024288217751715524e-01,-9.030472447402235758e-01,5.188716446487429135e-01
-2.016708298621836259e-01,-2.016708298621817108e-01,5.169038788334294754e-01,-9.029487582228615805e-01,3.041391148893998198e-01,-7.707594781889901547e-01,1.125720299674781155e-01,-6.216027344722405701e-01,-7.080097558107853462e-02,-4.505865135284795597e-01,-2.649252284036502925e-01,-2.649252284036154870e-01,-4.505865135285092027e-01,-7.080097558104435362e-02,-6.216027344722679926e-01,1.125720299675025682e-01,-7.707594781889973712e-01,3.041391148894174168e-01,-9.029487582228615805e-01,5.169038788334285872e-01
-2.100322108736031868e-01,-2.100322108735988569e-01,5.202259167055506284e-01,-9.024254232143464893e-01,3.072027883424424122e-01,-7.741977382524399820e-01,1.127262956571100649e-01,-6.172078332591881544e-01,-6.942839175771216287e-02,-4.482502121547504714e-01,-2.581465074403184179e-01,-2.581465074402840010e-01,-4.482502121547808360e-01,-6.942839175767678839e-02,-6.172078332592136896e-01,1.127262956571372793e-01,-7.741977382524525275e-01,3.072027883424580663e-01,-9.024254232143484877e-01,5.202259167055511835e-01
-2.067814048778178759e-01,-2.067814048778110481e-01,5.271117162178546867e-01,-9.008084487667744611e-01,3.124964505959589300e-01,-7.739252942758836351e-01,1.174831482616517375e-01,-6.139764038284469816e-01,-6.647790529206068499e-02,-4.455294537221771156e-01,-2.511549214319893641e-01,-2.511549214319541701e-01,-4.455294537222097562e-01,-6.647790529202579624e-02,-6.139764038284732939e-01,1.174831482616803258e-01,-7.739252942758934051e-01,3.124964505959756944e-01,-9.008084487667751272e-01,5.271117162178575732e-01
-1.959223487511176365e-01,-1.959223487511080608e-01,5.359968051180925563e-01,-8.994464948018154882e-01,3.175970272814682693e-01,-7.747295443275681315e-01,1.262632882311060523e-01,-6.074955356477065305e-01,-6.062177253785302339e-02,-4.388887109701605227e-01,-2.432257414621185609e-01,-2.432257414620833391e-01,-4.388887109701954392e-01,-6.062177253781830810e-02,-6.074955356477309554e-01,1.262632882311382210e-01,-7.747295443275843407e-01,3.175970272814805928e-01,-8.994464948018188188e-01,5.359968051180952209e-01
-1.834367765275007056e-01,-1.834367765274884376e-01,5.430506527745700973e-01,-8.992111909457779495e-01,3.233670986233223021e-01,-7.723822304108851622e-01,1.340339892488873752e-01,-6.067360896393652059e-01,-5.884912788465268552e-02,-4.364169515651796782e-01,-2.419376198224235663e-01,-2.419376198223874563e-01,-4.364169515652152054e-01,-5.884912788461793554e-02,-6.067360896393908520e-01,1.340339892489212370e-01,-7.723822304108970416e-01,3.233670986233370681e-01,-8.992111909457801699e-01,5.430506527745738721e-01
-1.753556104537731808e-01,-1.753556104537581928e-01,5.484854779497584376e-01,-9.001767564940061916e-01,3.278544675668809139e-01,-7.725853278960209680e-01,1.407986813127628245e-01,-6.052654821444580779e-01,-5.577195486799908786e-02,-4.313001374192394488e-01,-2.412518502277914978e-01,-2.412518502277550270e-01,-4.313001374192769743e-01,-5.577195486796483748e-02,-6.052654821444839461e-01,1.407986813127980741e-01,-7.725853278960377324e-01,3.278544675668941255e-01,-9.001767564940110766e-01,5.484854779497618793e-01
-1.790919242550170487e-01,-1.790919242549995349e-01,5.513842866310941782e-01,-9.023335008151484038e-01,3.338548106742689758e-01,-7.703675094467971052e-01,1.446849719647306243e-01,-6.093598614268076474e-01,-5.615630626892450378e-02,-4.308041411383622954e-01,-2.457244914341970010e-01,-2.457244914341590591e-01,-4.308041411383982666e-01,-5.615630626888817173e-02,-6.093598614268351810e-01,1.446849719647664290e-01,-7.703675094468087625e-01,3.338548106742865729e-01,-9.023335008151527337e-01,5.513842866310987301e-01
-1.854486933628971823e-01,-1.854486933628773648e-01,5.552056039709134527e-01,-9.050356552628353590e-01,3.403255417297580965e-01,-7.712167938985202698e-01,1.489526667923115610e-01,-6.106380003229125997e-01,-5.081084445665089155e-02,-4.257211467331000754e-01,-2.450018645823722752e-01,-2.450018645823337782e-01,-4.257211467331385446e-01,-5.081084445661382398e-02,-6.106380003229423536e-01,1.489526667923451453e-01,-7.712167938985351467e-01,3.403255417297757490e-01,-9.050356552628409101e-01,5.552056039709183377e-01
-1.928941364598898978e-01,-1.928941364598679153e-01,5.613365738868859589e-01,-9.068560779951927442e-01,3.502937131443482621e-01,-7.698128254197205145e-01,1.552387208182282319e-01,-6.131914798834747771e-01,-4.464588512312100271e-02,-4.235349625099840698e-01,-2.439804915843127031e-01,-2.439804915842726518e-01,-4.235349625100205406e-01,-4.464588512307951507e-02,-6.131914798835051972e-01,1.552387208182613998e-01,-7.698128254197320608e-01,3.502937131443681351e-01,-9.068560779951984063e-01,5.613365738868918431e-01
-1.887127164253272205e-01,-1.887127164253035727e-01,5.716424995755493565e-01,-9.091598371035691795e-01,3.613462637177309866e-01,-7.713864213427557015e-01,1.652359866757848184e-01,-6.114587219525713380e-01,-3.148256738274421429e-02,-4.171128889540997031e-01,-2.350180904430175521e-01,-2.350180904429772233e-01,-4.171128889541398932e-01,-3.148256738270188704e-02,-6.114587219526042006e-01,1.652359866758144613e-01,-7.713864213427701344e-01,3.613462637177500825e-01,-9.091598371035747306e-01,5.716424995755564620e-01
-1.775080956876098626e-01,-1.775080956875849936e-01,5.853884030415804629e-01,-9.095757082797925053e-01,3.746910580807291669e-01,-7.713922714882934795e-01,1.795025502495303515e-01,-6.096691521898025545e-01,-1.923805023463592140e-02,-4.147657420512532167e-01,-2.264240441016102945e-01,-2.264240441015683836e-01,-4.147657420512917414e-01,-1.923805023458949673e-02,-6.096691521898341959e-01,1.795025502495611047e-01,-7.713922714883076903e-01,3.746910580807469859e-01,-9.095757082797991666e-01,5.853884030415882345e-01
-1.630650690514658940e-01,-1.630650690514406087e-01,5.999757819277099502e-01,-9.126692657689161603e-01,3.872631435898443719e-01,-7.743947819426032497e-01,1.949595361643606806e-01,-6.070272372171463537e-01,-5.741160215283189205e-03,-4.120160265787763398e-01,-2.147591346313986183e-01,-2.147591346313552640e-01,-4.120160265788194165e-01,-5.741160215237485313e-03,-6.070272372171799935e-01,1.949595361643897407e-01,-7.743947819426185708e-01,3.872631435898621355e-01,-9.126692657689210453e-01,5.999757819277188320e-01
-1.535848606394587812e-01,-1.535848606394336624e-01,6.142110774282834029e-01,-9.135617159251425701e-01,4.008618872651574239e-01,-7.766882700566711817e-01,2.120853651803308038e-01,-6.057551600016608528e-01,4.024598233287775273e-03,-4.134359723357969862e-01,-2.064719218167184733e-01,-2.064719218166723436e-01,-4.134359723358389527e-01,4.024598233335227766e-03,-6.057551600016922722e-01,2.120853651803646378e-01,-7.766882700566888342e-01,4.008618872651731335e-01,-9.135617159251490094e-01,6.142110774282910635e-01
-1.556974852622959871e-01,-1.556974852622717009e-01,6.254911622101192448e-01,-9.187340542211166472e-01,4.149452337033642801e-01,-7.811067539138616400e-01,2.266615010403997543e-01,-6.070161520565667823e-01,1.304577122255499294e-02,-4.151274773707356314e-01,-1.987433213159572609e-01,-1.987433213159083278e-01,-4.151274773707806509e-01,1.304577122260089546e-02,-6.070161520565995339e-01,2.266615010404339770e-01,-7.811067539138780713e-01,4.149452337033839311e-01,-9.187340542211206440e-01,6.254911622101266833e-01
-1.599555807914760652e-01,-1.599555807914539718e-01,6.365656951574405475e-01,-9.202282120843590096e-01,4.324795007280874404e-01,-7.849021564049929456e-01,2.425571049499447296e-01,-6.086930545603133069e-01,2.360852326362503778e-02,-4.155619980683516457e-01,-1.915881630699015903e-01,-1.915881630698494376e-01,-4.155619980683961656e-01,2.360852326367120224e-02,-6.086930545603447262e-01,2.425571049499827825e-01,-7.849021564050127076e-01,4.324795007281063697e-01,-9.202282120843646718e-01,6.365656951574452105e-01
-1.639644101183804492e-01,-1.639644101183613811e-01,6.473487609825220312e-01,-9.256664006841898162e-01,4.534250024201480489e-01,-7.893438480833478987e-01,2.570749786080274157e-01,-6.121837133071522663e-01,3.722022923528540278e-02,-4.141814738519125627e-01,-1.840851504661118465e-01,-1.840851504660568350e-01,-4.141814738519588590e-01,3.722022923533299665e-02,-6.121837133071843517e-01,2.570749786080649968e-01,-7.893438480833658843e-01,4.534250024201721407e-01,-9.256664006841935910e-01,6.473487609825255840e-01
-1.549245151979760649e-01,-1.549245151979607438e-01,6.620167704061524772e-01,-9.265188885992354795e-01,4.780774539828283598e-01,-7.935815634088831949e-01,2.752950600888291466e-01,-6.137824740013548830e-01,5.746757643843929814e-02,-4.075268543960255396e-01,-1.730571556562792157e-01,-1.730571556562224278e-01,-4.075268543960742229e-01,5.746757643848721120e-02,-6.137824740013879676e-01,2.752950600888670607e-01,-7.935815634089031789e-01,4.780774539828520631e-01,-9.265188885992403645e-01,6.620167704061549196e-01
-1.384446956577247978e-01,-1.384446956577140286e-01,6.795460202325752652e-01,-9.306082086441684886e-01,5.038708883685647510e-01,-7.981579165806178544e-01,2.951709357694741742e-01,-6.153627224482888236e-01,7.886306722958161264e-02,-4.012943907966521895e-01,-1.627278971752645909e-01,-1.627278971752066095e-01,-4.012943907967015944e-01,7.886306722963384863e-02,-6.153627224483212421e-01,2.951709357695115887e-01,-7.981579165806367282e-01,5.038708883685907303e-01,-9.306082086441731516e-01,6.795460202325779298e-01
-1.218821358509613317e-01,-1.218821358509560998e-01,7.004424945286616966e-01,-9.318263492135788750e-01,5.294694846723934090e-01,-8.033764499096338607e-01,3.187505873161790571e-01,-6.155938614502879380e-01,1.024403912995869720e-01,-3.921335072965673185e-01,-1.492375715700292871e-01,-1.492375715699713612e-01,-3.921335072966214419e-01,1.024403912996386390e-01,-6.155938614503244644e-01,3.187505873162144732e-01,-8.033764499096518463e-01,5.294694846724180559e-01,-9.318263492135828718e-01,7.004424945286655824e-01
-1.111653493097419648e-01,-1.111653493097421175e-01,7.224884256920430792e-01,-9.354301050832183329e-01,5.536781687235918792e-01,-8.084079031343633925e-01,3.457748703226075637e-01,-6.147698357624465926e-01,1.216421282275414600e-01,-3.861000718796815390e-01,-1.379200104437522945e-01,-1.379200104436934249e-01,-3.861000718797351627e-01,1.216421282275980537e-01,-6.147698357624816756e-01,3.457748703226452558e-01,-8.084079031343827104e-01,5.536781687236130844e-01,-9.354301050832231068e-01,7.224884256920478531e-01
-1.121893069584638941e-01,-1.121893069584697783e-01,7.443538358301619029e-01,-9.382416829536290859e-01,5.788441526226052458e-01,-8.131241123904318080e-01,3.737517557271226032e-01,-6.146964965334850151e-01,1.386982966605874446e-01,-3.793558668938264988e-01,-1.241389311942503182e-01,-1.241389311941902274e-01,-3.793558668938841749e-01,1.386982966606429279e-01,-6.146964965335262043e-01,3.737517557271591295e-01,-8.131241123904466850e-01,5.788441526226255629e-01,-9.382416829536317504e-01,7.443538358301677871e-01
-1.090294346749336590e-01,-1.090294346749451221e-01,7.668649390474130412e-01,-9.414802890540447944e-01,6.067463782161518493e-01,-8.158367625011269109e-01,4.047726126454526119e-01,-6.120330788414878320e-01,1.553903531567093488e-01,-3.719491922063605793e-01,-1.094204723715936078e-01,-1.094204723715315047e-01,-3.719491922064168676e-01,1.553903531567678020e-01,-6.120330788415278001e-01,4.047726126454928575e-01,-8.158367625011468949e-01,6.067463782161659491e-01,-9.414802890540486802e-01,7.668649390474173710e-01
-9.585514485631771442e-02,-9.585514485633502002e-02,7.903817180928780495e-01,-9.439027430118704931e-01,6.392259542623869306e-01,-8.175498112516171867e-01,4.328857241794352162e-01,-6.110363096338060629e-01,1.727212134283839240e-01,-3.640735665782873220e-01,-9.354616141980630351e-02,-9.354616141974325672e-02,-3.640735665783436104e-01,1.727212134284419054e-01,-6.110363096338492506e-01,4.328857241794767940e-01,-8.175498112516329519e-01,6.392259542624019186e-01,-9.439027430118734907e-01,7.903817180928811581e-01
-7.113461394677735028e-02,-7.113461394679984617e-02,8.167079575760360921e-01,-9.465612788789218301e-01,6.742490672046385081e-01,-8.168028180515020109e-01,4.607913464966260642e-01,-6.077464819465709933e-01,1.966964351148319523e-01,-3.518357115659372925e-01,-7.478513166423575442e-02,-7.478513166417161129e-02,-3.518357115659949685e-01,1.966964351148886847e-01,-6.077464819466148471e-01,4.607913464966674200e-01,-8.168028180515213288e-01,6.742490672046546063e-01,-9.465612788789250498e-01,8.167079575760378685e-01
