-1.000000000000000000e+00,-1.000000000000000000e+00,-1.000000000000000000e+00,-1.000000000000000000e+00,-1.000000000000000000e+00,-1.000000000000000000e+00,-1.000000000000000000e+00,-1.000000000000000000e+00,-1.000000000000000000e+00,-1.000000000000000000e+00,-1.000000000000000000e+00,-1.000000000000000000e+00,-1.000000000000000000e+00,-1.000000000000000000e+00,-1.000000000000000000e+00,-1.000000000000000000e+00,-1.000000000000000000e+00,-1.000000000000000000e+00,-1.000000000000000000e+00,-1.000000000000000000e+00
-9.974490201665288103e-01,-9.974499152824101156e-01,-9.974499289033624816e-01,-9.974499289033624816e-01,-9.974499152824101156e-01,-9.974490201665284772e-01,-9.974490201941496048e-01,-9.974499153698022091e-01,-9.974499292021467012e-01,-9.974499303859488686e-01,-9.974499305951807226e-01,-9.974499306495699935e-01,-9.974499306653821229e-01,-9.974499306653821229e-01,-9.974499306495699935e-01,-9.974499305951807226e-01,-9.974499303859485355e-01,-9.974499292021464791e-01,-9.974499153698019871e-01,-9.974490201941492717e-01
-9.904179739826509676e-01,-9.904454170692393866e-01,-9.904462875297767033e-01,-9.904462875297767033e-01,-9.904454170692391646e-01,-9.904179739826510787e-01,-9.904179758199856964e-01,-9.904454228661461190e-01,-9.904463072832947468e-01,-9.904463847108783137e-01,-9.904463985238980417e-01,-9.904464021282335384e-01,-9.904464031777645561e-01,-9.904464031777644450e-01,-9.904464021282337605e-01,-9.904463985238980417e-01,-9.904463847108784247e-01,-9.904463072832947468e-01,-9.904454228661463411e-01,-9.904179758199855854e-01
-9.904517465205560089e-01,-9.905580100363517992e-01,-9.905621529450903129e-01,-9.905621529450903129e-01,-9.905580100363515772e-01,-9.904517465205557869e-01,-9.904517557520593485e-01,-9.905580389130150820e-01,-9.905622504676840911e-01,-9.905626240008057470e-01,-9.905626919304527656e-01,-9.905627098340241687e-01,-9.905627150705036410e-01,-9.905627150705035300e-01,-9.905627098340240577e-01,-9.905626919304526545e-01,-9.905626240008058581e-01,-9.905622504676837581e-01,-9.905580389130149710e-01,-9.904517557520594595e-01
-9.950838689392853542e-01,-9.951566502767715816e-01,-9.951584574650303994e-01,-9.951584574650305104e-01,-9.951566502767714706e-01,-9.950838689392853542e-01,-9.950838741025958001e-01,-9.951566657042866249e-01,-9.951585074853689372e-01,-9.951586771742431115e-01,-9.951587113848455735e-01,-9.951587208257615114e-01,-9.951587236420633698e-01,-9.951587236420633698e-01,-9.951587208257615114e-01,-9.951587113848455735e-01,-9.951586771742430004e-01,-9.951585074853689372e-01,-9.951566657042869579e-01,-9.950838741025959111e-01
-9.884056760100349281e-01,-9.883311741263425265e-01,-9.883270964869315112e-01,-9.883270964869317332e-01,-9.883311741263424155e-01,-9.884056760100349281e-01,-9.884056668292596770e-01,-9.883311453346445008e-01,-9.883270006855580103e-01,-9.883266462014389520e-01,-9.883265799194398404e-01,-9.883265621421928326e-01,-9.883265569033857778e-01,-9.883265569033859999e-01,-9.883265621421929437e-01,-9.883265799194399515e-01,-9.883266462014391740e-01,-9.883270006855580103e-01,-9.883311453346443898e-01,-9.884056668292597880e-01
-9.784461922094602748e-01,-9.786502627918238773e-01,-9.786588884318548898e-01,-9.786588884318548898e-01,-9.786502627918238773e-01,-9.784461922094601638e-01,-9.784462070430766101e-01,-9.786503114878860599e-01,-9.786590627756300842e-01,-9.786598371265232688e-01,-9.786599615993920587e-01,-9.786599923617735897e-01,-9.786600010943469208e-01,-9.786600010943468098e-01,-9.786599923617735897e-01,-9.786599615993919477e-01,-9.786598371265230467e-01,-9.786590627756299732e-01,-9.786503114878861709e-01,-9.784462070430762770e-01
-9.831909155007800827e-01,-9.838319011204983422e-01,-9.838522633842630150e-01,-9.838522633842630150e-01,-9.838319011204980091e-01,-9.831909155007800827e-01,-9.831909663200315563e-01,-9.838320562487538057e-01,-9.838527744186024160e-01,-9.838546134083778760e-01,-9.838549654577893877e-01,-9.838550609055846108e-01,-9.838550891613921934e-01,-9.838550891613917493e-01,-9.838550609055844998e-01,-9.838549654577891657e-01,-9.838546134083778760e-01,-9.838527744186020829e-01,-9.838320562487539167e-01,-9.831909663200314453e-01
-9.884050807238216052e-01,-9.885178207467959499e-01,-9.885091205652546398e-01,-9.885091205652547508e-01,-9.885178207467961720e-01,-9.884050807238217162e-01,-9.884050801139440123e-01,-9.885178082297946256e-01,-9.885090511913776634e-01,-9.885084662283045720e-01,-9.885084096573023560e-01,-9.885084002591939534e-01,-9.885083982318182416e-01,-9.885083982318183526e-01,-9.885084002591940644e-01,-9.885084096573024670e-01,-9.885084662283045720e-01,-9.885090511913779965e-01,-9.885178082297948476e-01,-9.884050801139441234e-01
-9.765397808967135607e-01,-9.761566996951944741e-01,-9.761489891734640434e-01,-9.761489891734639324e-01,-9.761566996951946962e-01,-9.765397808967136717e-01,-9.765397474361271479e-01,-9.761566033203922244e-01,-9.761487149026758514e-01,-9.761481808683898365e-01,-9.761480055537026246e-01,-9.761479485613052676e-01,-9.761479305591512778e-01,-9.761479305591513889e-01,-9.761479485613052676e-01,-9.761480055537027356e-01,-9.761481808683899475e-01,-9.761487149026759624e-01,-9.761566033203923354e-01,-9.765397474361274810e-01
-9.685030234605024324e-01,-9.693976489914906125e-01,-9.694521393864667935e-01,-9.694521393864667935e-01,-9.693976489914901684e-01,-9.685030234605020993e-01,-9.685031037191964565e-01,-9.693979143985075320e-01,-9.694530820489322132e-01,-9.694574155891991785e-01,-9.694580865656114987e-01,-9.694582539554409406e-01,-9.694583016501677752e-01,-9.694583016501674422e-01,-9.694582539554407186e-01,-9.694580865656112767e-01,-9.694574155891989564e-01,-9.694530820489319911e-01,-9.693979143985078650e-01,-9.685031037191964565e-01
-9.786260888058774254e-01,-9.801619646460003610e-01,-9.801834387647755387e-01,-9.801834387647755387e-01,-9.801619646459998059e-01,-9.786260888058774254e-01,-9.786261905377531267e-01,-9.801622444490145636e-01,-9.801842376585111483e-01,-9.801858575924973227e-01,-9.801863696782097124e-01,-9.801865351577565555e-01,-9.801865872504073041e-01,-9.801865872504069710e-01,-9.801865351577564445e-01,-9.801863696782094904e-01,-9.801858575924972117e-01,-9.801842376585110372e-01,-9.801622444490148967e-01,-9.786261905377529047e-01
-9.796064339200154514e-01,-9.791330958733266421e-01,-9.790691070749453218e-01,-9.790691070749453218e-01,-9.791330958733270862e-01,-9.796064339200153404e-01,-9.796063676017234823e-01,-9.791328608248459631e-01,-9.790683153654166082e-01,-9.790647191455109644e-01,-9.790641683742090651e-01,-9.790640216352640701e-01,-9.790639788198478577e-01,-9.790639788198480797e-01,-9.790640216352641811e-01,-9.790641683742090651e-01,-9.790647191455109644e-01,-9.790683153654164972e-01,-9.791328608248457410e-01,-9.796063676017232602e-01
-9.633700623432466248e-01,-9.628056171023922083e-01,-9.628667302821107832e-01,-9.628667302821106722e-01,-9.628056171023926524e-01,-9.633700623432468468e-01,-9.633700562202911488e-01,-9.628056647083244046e-01,-9.628672106627730320e-01,-9.628731163258242853e-01,-9.628735489622997079e-01,-9.628735952375890861e-01,-9.628736009843530397e-01,-9.628736009843531507e-01,-9.628735952375890861e-01,-9.628735489622999300e-01,-9.628731163258246184e-01,-9.628672106627731431e-01,-9.628056647083242936e-01,-9.633700562202915929e-01
-9.621882104039739536e-01,-9.648429596956847876e-01,-9.649968614054496019e-01,-9.649968614054493798e-01,-9.648429596956838994e-01,-9.621882104039736205e-01,-9.621884359762030714e-01,-9.648436570265527257e-01,-9.649990079034641566e-01,-9.650071954102945604e-01,-9.650086284445644758e-01,-9.650090521326779580e-01,-9.650091806522370641e-01,-9.650091806522365090e-01,-9.650090521326776249e-01,-9.650086284445640317e-01,-9.650071954102944494e-01,-9.649990079034640456e-01,-9.648436570265533918e-01,-9.621884359762031824e-01
-9.749592609228058260e-01,-9.768669675976441313e-01,-9.767623879455791247e-01,-9.767623879455791247e-01,-9.768669675976437983e-01,-9.749592609228059370e-01,-9.749593099294777687e-01,-9.768669793116683264e-01,-9.767619573700304647e-01,-9.767532878631561832e-01,-9.767528457905785277e-01,-9.767528281418548231e-01,-9.767528334972115367e-01,-9.767528334972110926e-01,-9.767528281418548231e-01,-9.767528457905783057e-01,-9.767532878631561832e-01,-9.767619573700302427e-01,-9.768669793116686595e-01,-9.749593099294775467e-01
-9.672662188589439269e-01,-9.652128437884703871e-01,-9.651118606640403108e-01,-9.651118606640403108e-01,-9.652128437884711643e-01,-9.672662188589439269e-01,-9.672660673301696210e-01,-9.652124235546761799e-01,-9.651112181176457749e-01,-9.651148991392158871e-01,-9.651146884065368026e-01,-9.651144595238390078e-01,-9.651143762692054873e-01,-9.651143762692059314e-01,-9.651144595238392299e-01,-9.651146884065370246e-01,-9.651148991392159981e-01,-9.651112181176459970e-01,-9.652124235546759579e-01,-9.672660673301697321e-01
-9.515621045201276829e-01,-9.522418068419981063e-01,-9.525930544784970699e-01,-9.525930544784967369e-01,-9.522418068419977732e-01,-9.515621045201274608e-01,-9.515623083150224204e-01,-9.522425905248722566e-01,-9.525960108141977578e-01,-9.526210866858511039e-01,-9.526232424361066320e-01,-9.526237443754982381e-01,-9.526238866039862252e-01,-9.526238866039861142e-01,-9.526237443754980161e-01,-9.526232424361062989e-01,-9.526210866858508819e-01,-9.525960108141976468e-01,-9.522425905248721456e-01,-9.515623083150223094e-01
-9.602166770944866592e-01,-9.653889497730062663e-01,-9.655169871813739091e-01,-9.655169871813736870e-01,-9.653889497730049341e-01,-9.602166770944863261e-01,-9.602169748225409807e-01,-9.653896603693987721e-01,-9.655175928293399101e-01,-9.655050229901421810e-01,-9.655049051296378249e-01,-9.655052740466442129e-01,-9.655054157217739519e-01,-9.655054157217731747e-01,-9.655052740466436578e-01,-9.655049051296373808e-01,-9.655050229901416259e-01,-9.655175928293393550e-01,-9.653896603693994383e-01,-9.602169748225407586e-01
-9.687323744763490785e-01,-9.688397057832551784e-01,-9.683856098945219371e-01,-9.683856098945220481e-01,-9.688397057832556225e-01,-9.687323744763495226e-01,-9.687321966215979296e-01,-9.688390300931131183e-01,-9.683840964856309519e-01,-9.683666034680388224e-01,-9.683657875311927343e-01,-9.683653924906889809e-01,-9.683652565275983060e-01,-9.683652565275984170e-01,-9.683653924906890920e-01,-9.683657875311929564e-01,-9.683666034680391554e-01,-9.683840964856310629e-01,-9.688390300931130072e-01,-9.687321966215979296e-01
-9.519837665993808873e-01,-9.486037251363350631e-01,-9.488319232434692108e-01,-9.488319232434692108e-01,-9.486037251363359513e-01,-9.519837665993807763e-01,-9.519837629327861928e-01,-9.486040166805913554e-01,-9.488356079541697685e-01,-9.488933502731095038e-01,-9.488967345736178949e-01,-9.488969931580302219e-01,-9.488970369166643826e-01,-9.488970369166648267e-01,-9.488969931580303330e-01,-9.488967345736181169e-01,-9.488933502731096148e-01,-9.488356079541701016e-01,-9.486040166805909113e-01,-9.519837629327866368e-01
-9.365785805353392668e-01,-9.414903532214111692e-01,-9.423633101248412025e-01,-9.423633101248407584e-01,-9.414903532214105031e-01,-9.365785805353384896e-01,-9.365791188487389007e-01,-9.414918883396088400e-01,-9.423644584820586312e-01,-9.423834991725730248e-01,-9.423830765986942470e-01,-9.423838815888047060e-01,-9.423842051392611330e-01,-9.423842051392605779e-01,-9.423838815888037068e-01,-9.423830765986938029e-01,-9.423834991725723587e-01,-9.423644584820585202e-01,-9.414918883396096172e-01,-9.365791188487385677e-01
-9.291462726239866354e-01,-9.398468073711840898e-01,-9.395651854417009785e-01,-9.395651854417008675e-01,-9.398468073711823134e-01,-9.291462726239857473e-01,-9.291465383808280576e-01,-9.398471376358288332e-01,-9.395606031531043012e-01,-9.394543852044908716e-01,-9.394494893128029211e-01,-9.394495806527807247e-01,-9.394496398756803091e-01,-9.394496398756793099e-01,-9.394495806527799475e-01,-9.394494893128022550e-01,-9.394543852044907606e-01,-9.395606031531031910e-01,-9.398471376358296103e-01,-9.291465383808266143e-01
-9.095948178209394275e-01,-9.162134667679728839e-01,-9.145082036981136975e-01,-9.145082036981146967e-01,-9.162134667679731059e-01,-9.095948178209410928e-01,-9.095946315789373848e-01,-9.162131251903281592e-01,-9.145155285515618182e-01,-9.144712440824431798e-01,-9.144789372254956694e-01,-9.144790329511304217e-01,-9.144788442730437117e-01,-9.144788442730438227e-01,-9.144790329511308657e-01,-9.144789372254957804e-01,-9.144712440824438460e-01,-9.145155285515620402e-01,-9.162131251903279372e-01,-9.095946315789363856e-01
-8.748952680843714580e-01,-8.778224758332089372e-01,-8.765208083489289814e-01,-8.765208083489306468e-01,-8.778224758332116018e-01,-8.748952680843752328e-01,-8.748955402531735093e-01,-8.778236445358007511e-01,-8.765459868073417482e-01,-8.768001108881821049e-01,-8.768240120397707837e-01,-8.768249823712600532e-01,-8.768251533208698545e-01,-8.768251533208709647e-01,-8.768249823712614965e-01,-8.768240120397707837e-01,-8.768001108881826600e-01,-8.765459868073433025e-01,-8.778236445357996409e-01,-8.748955402531735093e-01
-8.374140725056626877e-01,-8.483121368947791341e-01,-8.489662899832380871e-01,-8.489662899832404186e-01,-8.483121368947832419e-01,-8.374140725056646861e-01,-8.374154733407707107e-01,-8.483142559326326548e-01,-8.489726827228298855e-01,-8.494418427515120218e-01,-8.494458534963360563e-01,-8.494462211341411439e-01,-8.494470443020785133e-01,-8.494470443020794015e-01,-8.494462211341421431e-01,-8.494458534963350571e-01,-8.494418427515109116e-01,-8.489726827228312178e-01,-8.483142559326317667e-01,-8.374154733407705997e-01
-8.063204728950935651e-01,-8.368531492814771378e-01,-8.385098010573374117e-01,-8.385098010573395211e-01,-8.368531492814796913e-01,-8.063204728950910116e-01,-8.063226451057110555e-01,-8.368553839619151669e-01,-8.384541224194466125e-01,-8.386936489615574031e-01,-8.386354467063030782e-01,-8.386350058810297936e-01,-8.386361789961266355e-01,-8.386361789961266355e-01,-8.386350058810301267e-01,-8.386354467063007467e-01,-8.386936489615541834e-01,-8.384541224194461684e-01,-8.368553839619149448e-01,-8.063226451057097233e-01
-7.801602307050402585e-01,-8.327868810312433201e-01,-8.319374934512997477e-01,-8.319374934513017461e-01,-8.327868810312438752e-01,-7.801602307050354845e-01,-7.801621286196336325e-01,-8.327926911075675953e-01,-8.318425464019778559e-01,-8.315078906139263815e-01,-8.314069035689097831e-01,-8.314108316654349462e-01,-8.314118003364547871e-01,-8.314118003364541210e-01,-8.314108316654351682e-01,-8.314069035689077847e-01,-8.315078906139232728e-01,-8.318425464019756355e-01,-8.327926911075682614e-01,-7.801621286196311900e-01
-7.528278841199271820e-01,-8.223979761855750859e-01,-8.147825922168572266e-01,-8.147825922168596691e-01,-8.223979761855740866e-01,-7.528278841199240734e-01,-7.528284703782633924e-01,-8.224136066731679851e-01,-8.147527481107719183e-01,-8.140937589874726044e-01,-8.140477742684314455e-01,-8.140639858337470613e-01,-8.140641400019381635e-01,-8.140641400019372753e-01,-8.140639858337479495e-01,-8.140477742684306683e-01,-8.140937589874723823e-01,-8.147527481107692537e-01,-8.224136066731686512e-01,-7.528284703782603948e-01
-7.188046837478522244e-01,-7.991646370015046408e-01,-7.827783910913770349e-01,-7.827783910913802545e-01,-7.991646370015037526e-01,-7.188046837478525575e-01,-7.188029907371045191e-01,-7.991873946942079643e-01,-7.829202473244128990e-01,-7.830837264925223362e-01,-7.832012295047494632e-01,-7.832275873081426809e-01,-7.832258074397375758e-01,-7.832258074397366876e-01,-7.832275873081451234e-01,-7.832012295047499073e-01,-7.830837264925248897e-01,-7.829202473244107896e-01,-7.991873946942086304e-01,-7.188029907371018545e-01
-6.764668158384483654e-01,-7.647984746489665531e-01,-7.410029402943816290e-01,-7.410029402943857368e-01,-7.647984746489673302e-01,-6.764668158384533614e-01,-6.764624664035782109e-01,-7.648070058401262861e-01,-7.412303949531147129e-01,-7.438002799416145727e-01,-7.440172053453242285e-01,-7.440311612705884370e-01,-7.440265472555037674e-01,-7.440265472555029902e-01,-7.440311612705922117e-01,-7.440172053453248946e-01,-7.438002799416183475e-01,-7.412303949531132696e-01,-7.648070058401266191e-01,-6.764624664035762125e-01
-6.314193464420592150e-01,-7.328738889361302578e-01,-7.040889608617981743e-01,-7.040889608618023932e-01,-7.328738889361322562e-01,-6.314193464420688739e-01,-6.314142656703408685e-01,-7.328458051850762489e-01,-7.040141003722604207e-01,-7.102681343759769117e-01,-7.102260049937370034e-01,-7.102014610473810219e-01,-7.101952585142268237e-01,-7.101952585142261576e-01,-7.102014610473849077e-01,-7.102260049937365594e-01,-7.102681343759811305e-01,-7.040141003722597546e-01,-7.328458051850761379e-01,-6.314142656703393142e-01
-5.886501392315461878e-01,-7.142296306385049753e-01,-6.837265180359396455e-01,-6.837265180359434202e-01,-7.142296306385074178e-01,-5.886501392315586223e-01,-5.886511606330994129e-01,-7.141936442766888549e-01,-6.827073561267581470e-01,-6.929422362646853184e-01,-6.919840005859726473e-01,-6.919436636707293475e-01,-6.919416384377377049e-01,-6.919416384377372609e-01,-6.919436636707331223e-01,-6.919840005859708709e-01,-6.929422362646879829e-01,-6.827073561267571478e-01,-7.141936442766894100e-01,-5.886511606330986357e-01
-5.498183731907534399e-01,-7.082954144553965659e-01,-6.759526474273241936e-01,-6.759526474273267471e-01,-7.082954144553965659e-01,-5.498183731907639871e-01,-5.498287014560232500e-01,-7.083762046038372118e-01,-6.734398499832622287e-01,-6.867512182316264369e-01,-6.842124197859189572e-01,-6.842852744140436316e-01,-6.842910740876013698e-01,-6.842910740876009257e-01,-6.842852744140467403e-01,-6.842124197859161816e-01,-6.867512182316271030e-01,-6.734398499832607854e-01,-7.083762046038382110e-01,-5.498287014560231389e-01
-5.162736791167041872e-01,-7.147543998066665516e-01,-6.763001827461156967e-01,-6.763001827461163629e-01,-7.147543998066621107e-01,-5.162736791167092942e-01,-5.162727883590787492e-01,-7.151680369980024654e-01,-6.720752029926817528e-01,-6.872723551555522947e-01,-6.827036399822801194e-01,-6.831489334354456933e-01,-6.831490912395912218e-01,-6.831490912395907777e-01,-6.831489334354469145e-01,-6.827036399822770107e-01,-6.872723551555524057e-01,-6.720752029926808646e-01,-7.151680369980035756e-01,-5.162727883590793043e-01
-4.820847546306948894e-01,-7.206709182791044555e-01,-6.703958483713159389e-01,-6.703958483713151617e-01,-7.206709182790969059e-01,-4.820847546306943898e-01,-4.819991809585297826e-01,-7.216593709438300364e-01,-6.648169059113404611e-01,-6.813657790550271542e-01,-6.748311735233278874e-01,-6.760022938998652142e-01,-6.759391172326894015e-01,-6.759391172326896235e-01,-6.760022938998659914e-01,-6.748311735233263331e-01,-6.813657790550267102e-01,-6.648169059113393509e-01,-7.216593709438311466e-01,-4.819991809585307818e-01
-4.460728524109024984e-01,-7.207022711493848988e-01,-6.498772294481056644e-01,-6.498772294481041101e-01,-7.207022711493766831e-01,-4.460728524108975579e-01,-4.457571837153564420e-01,-7.223987974820533786e-01,-6.435735395798350966e-01,-6.627626524260514795e-01,-6.546724074892035228e-01,-6.568906931160390927e-01,-6.566463435992714315e-01,-6.566463435992724307e-01,-6.568906931160387597e-01,-6.546724074892036338e-01,-6.627626524260529228e-01,-6.435735395798347636e-01,-7.223987974820533786e-01,-4.457571837153567751e-01
-4.062703068983601895e-01,-7.135557130645422408e-01,-6.180542948890377364e-01,-6.180542948890366262e-01,-7.135557130645373558e-01,-4.062703068983539723e-01,-4.055222878854006230e-01,-7.159499723509259450e-01,-6.114002177005621874e-01,-6.369011102473354224e-01,-6.275854221984051851e-01,-6.310454921777525206e-01,-6.304319019028998827e-01,-6.304319019029017701e-01,-6.310454921777521875e-01,-6.275854221984069614e-01,-6.369011102473376429e-01,-6.114002177005620764e-01,-7.159499723509257230e-01,-4.055222878854009005e-01
-3.644802088757581049e-01,-6.996037314268173102e-01,-5.775939848359032958e-01,-5.775939848359037398e-01,-6.996037314268180873e-01,-3.644802088757533309e-01,-3.630949993458774117e-01,-7.024947742854129595e-01,-5.700613352500059072e-01,-6.066808594692936207e-01,-5.958522518699964632e-01,-6.005185182701553437e-01,-5.993373698420418894e-01,-5.993373698420443318e-01,-6.005185182701542335e-01,-5.958522518699991277e-01,-6.066808594692969514e-01,-5.700613352500070175e-01,-7.024947742854121824e-01,-3.630949993458768565e-01
-3.257383584617252748e-01,-6.893578290084625415e-01,-5.449629134204092562e-01,-5.449629134204105885e-01,-6.893578290084688698e-01,-3.257383584617229433e-01,-3.235810736250974706e-01,-6.926216779659577494e-01,-5.345597676935260889e-01,-5.876003166658778643e-01,-5.736584775545113812e-01,-5.794508978327725934e-01,-5.775381062023489109e-01,-5.775381062023510204e-01,-5.794508978327701509e-01,-5.736584775545134907e-01,-5.876003166658811949e-01,-5.345597676935281983e-01,-6.926216779659569722e-01,-3.235810736250965824e-01
-2.910961380424954559e-01,-6.825004848567360893e-01,-5.232790591260563229e-01,-5.232790591260569890e-01,-6.825004848567455262e-01,-2.910961380424948453e-01,-2.881542176688485224e-01,-6.862554222305129459e-01,-5.070898183716294749e-01,-5.795771039848747197e-01,-5.598899635483022275e-01,-5.668944032972207392e-01,-5.642003474063777002e-01,-5.642003474063800317e-01,-5.668944032972182967e-01,-5.598899635483035597e-01,-5.795771039848754969e-01,-5.070898183716320284e-01,-6.862554222305128349e-01,-2.881542176688475232e-01
-2.645592089564722249e-01,-6.848892010886946657e-01,-5.175472408164961680e-01,-5.175472408164948357e-01,-6.848892010887031034e-01,-2.645592089564708926e-01,-2.608760223202175044e-01,-6.897873158342062716e-01,-4.922751064099247786e-01,-5.852416142775054286e-01,-5.563172922628552008e-01,-5.651809955625836102e-01,-5.617183609398478383e-01,-5.617183609398492816e-01,-5.651809955625799464e-01,-5.563172922628547568e-01,-5.852416142775047625e-01,-4.922751064099285534e-01,-6.897873158342070488e-01,-2.608760223202171158e-01
-2.416156263691188466e-01,-6.899920448326055666e-01,-5.212532975801404955e-01,-5.212532975801361657e-01,-6.899920448326108957e-01,-2.416156263691146555e-01,-2.371509581958161084e-01,-6.972107800247024922e-01,-4.848217691585451350e-01,-5.965575187820233438e-01,-5.551878028277333899e-01,-5.673302230396303214e-01,-5.630689788913449956e-01,-5.630689788913459948e-01,-5.673302230396279899e-01,-5.551878028277328347e-01,-5.965575187820187919e-01,-4.848217691585480216e-01,-6.972107800247053788e-01,-2.371509581958160529e-01
-2.222588695997917418e-01,-6.962273255894160240e-01,-5.249371220684532213e-01,-5.249371220684455608e-01,-6.962273255894173563e-01,-2.222588695997834429e-01,-2.165917470066961448e-01,-7.070738542283663275e-01,-4.768647244284655584e-01,-6.045910593805503552e-01,-5.485298439756438604e-01,-5.660533708217968529e-01,-5.607272653871601120e-01,-5.607272653871600010e-01,-5.660533708217945215e-01,-5.485298439756426392e-01,-6.045910593805452482e-01,-4.768647244284682785e-01,-7.070738542283702133e-01,-2.165917470066954509e-01
-2.005459550538684632e-01,-6.983696118280215970e-01,-5.234350334850992326e-01,-5.234350334850886854e-01,-6.983696118280207088e-01,-2.005459550538566393e-01,-1.927607283290235785e-01,-7.141477990979526735e-01,-4.653685241818455998e-01,-6.068279802276770329e-01,-5.353070093664792362e-01,-5.608427548334908863e-01,-5.537068127042625854e-01,-5.537068127042619192e-01,-5.608427548334906643e-01,-5.353070093664789031e-01,-6.068279802276708157e-01,-4.653685241818455998e-01,-7.141477990979576695e-01,-1.927607283290215523e-01
-1.773911918627918416e-01,-6.961122087012416859e-01,-5.089257182443410743e-01,-5.089257182443290839e-01,-6.961122087012401316e-01,-1.773911918627782969e-01,-1.659479889030558986e-01,-7.171410540039904191e-01,-4.435755039751361206e-01,-5.972357217357429082e-01,-5.113291884894408668e-01,-5.471148028509960071e-01,-5.369426292050976102e-01,-5.369426292050960559e-01,-5.471148028509964512e-01,-5.113291884894408668e-01,-5.972357217357395776e-01,-4.435755039751347883e-01,-7.171410540039948600e-01,-1.659479889030513466e-01
-1.510910879291150199e-01,-6.908887754682810911e-01,-4.883844805839129832e-01,-4.883844805839009373e-01,-6.908887754682813132e-01,-1.510910879291030851e-01,-1.342873586691071264e-01,-7.171705716810887754e-01,-4.185817033952426991e-01,-5.858064411233989688e-01,-4.873309300834673952e-01,-5.349902404071055217e-01,-5.200562245274037432e-01,-5.200562245274020778e-01,-5.349902404071074091e-01,-4.873309300834681723e-01,-5.858064411233976365e-01,-4.185817033952388133e-01,-7.171705716810929943e-01,-1.342873586691008536e-01
-1.253218418136869405e-01,-6.854566762777878353e-01,-4.613518620663945580e-01,-4.613518620663838998e-01,-6.854566762777909439e-01,-1.253218418136787249e-01,-1.015749242793079765e-01,-7.157160938072701928e-01,-3.886992556109151176e-01,-5.706562434173878540e-01,-4.621857566798319716e-01,-5.216677121971426967e-01,-5.003501063259065962e-01,-5.003501063259048198e-01,-5.216677121971450282e-01,-4.621857566798324157e-01,-5.706562434173902965e-01,-3.886992556109105657e-01,-7.157160938072738565e-01,-1.015749242793005380e-01
-1.010056176826419072e-01,-6.826596143466512334e-01,-4.400435857655098371e-01,-4.400435857655008443e-01,-6.826596143466574507e-01,-1.010056176826383961e-01,-6.976243933188086555e-02,-7.161787652106866853e-01,-3.640830879724934466e-01,-5.642836983520687077e-01,-4.469941725904819085e-01,-5.172961037680740004e-01,-4.883564480496780935e-01,-4.883564480496764837e-01,-5.172961037680763319e-01,-4.469941725904807983e-01,-5.642836983520735927e-01,-3.640830879724874514e-01,-7.161787652106907931e-01,-6.976243933187395441e-02
-8.065141059092553744e-02,-6.836541831561762095e-01,-4.229866776439470955e-01,-4.229866776439404341e-01,-6.836541831561839810e-01,-8.065141059092582887e-02,-4.240202240949692003e-02,-7.191805339432233435e-01,-3.414324856613680237e-01,-5.608398080597896129e-01,-4.353411593252303202e-01,-5.141859891274154215e-01,-4.775500339071206968e-01,-4.775500339071194755e-01,-5.141859891274178640e-01,-4.353411593252269896e-01,-5.608398080597962743e-01,-3.414324856613616399e-01,-7.191805339432275623e-01,-4.240202240949168810e-02
-6.349153811133131931e-02,-6.874095671182121059e-01,-4.164295672298897744e-01,-4.164295672298842788e-01,-6.874095671182198775e-01,-6.349153811133376180e-02,-2.018698313239430941e-02,-7.252178589123644548e-01,-3.253868037954262826e-01,-5.665401044193355551e-01,-4.310562122036690758e-01,-5.165798419350168258e-01,-4.731794673653126893e-01,-4.731794673653112460e-01,-5.165798419350184911e-01,-4.310562122036621369e-01,-5.665401044193434377e-01,-3.253868037954194548e-01,-7.252178589123691177e-01,-2.018698313239199876e-02
-4.880733159524403009e-02,-6.928875952323347853e-01,-4.135314683231679500e-01,-4.135314683231633426e-01,-6.928875952323403364e-01,-4.880733159524580644e-02,-2.863411539448856846e-03,-7.330679502048496055e-01,-3.096456122487110107e-01,-5.719292471298380587e-01,-4.246118725337168498e-01,-5.151533632979394817e-01,-4.670953224969485174e-01,-4.670953224969475737e-01,-5.151533632979422572e-01,-4.246118725337074129e-01,-5.719292471298451641e-01,-3.096456122487040163e-01,-7.330679502048539353e-01,-2.863411539447935708e-03
-3.445190856267780349e-02,-6.967629124758845105e-01,-4.145151454197668617e-01,-4.145151454197629759e-01,-6.967629124758866199e-01,-3.445190856267739410e-02,1.161717059345812597e-02,-7.406477625415209820e-01,-2.950244225383101826e-01,-5.798759938215580778e-01,-4.174279027630500849e-01,-5.129755770290892469e-01,-4.625929357294451538e-01,-4.625929357294437105e-01,-5.129755770290919115e-01,-4.174279027630379835e-01,-5.798759938215651832e-01,-2.950244225383035213e-01,-7.406477625415250898e-01,1.161717059345829424e-02
-1.925042598493986734e-02,-6.994930815411996017e-01,-4.125732623659791320e-01,-4.125732623659762455e-01,-6.994930815411979363e-01,-1.925042598493650198e-02,2.576995167494056105e-02,-7.476039802818000846e-01,-2.777358884060057154e-01,-5.840777247714823428e-01,-4.047053083105741633e-01,-5.058937600432069637e-01,-4.554099859178549758e-01,-4.554099859178535881e-01,-5.058937600432127368e-01,-4.047053083105620064e-01,-5.840777247714870057e-01,-2.777358884059986655e-01,-7.476039802818028601e-01,2.576995167494128269e-02
-2.854345758830062040e-03,-6.990424740790682767e-01,-4.087595855289049007e-01,-4.087595855289027913e-01,-6.990424740790636138e-01,-2.854345758824599830e-03,4.136770159872599217e-02,-7.519998523870176088e-01,-2.594666627533909198e-01,-5.883104963221754691e-01,-3.899572519849087704e-01,-4.986985478640533764e-01,-4.490722409333439136e-01,-4.490722409333408605e-01,-4.986985478640594827e-01,-3.899572519848968910e-01,-5.883104963221799100e-01,-2.594666627533853132e-01,-7.519998523870197182e-01,4.136770159872771302e-02
1.401512733007631573e-02,-6.987731773403331736e-01,-4.008382669993669767e-01,-4.008382669993656999e-01,-6.987731773403267344e-01,1.401512733008290421e-02,5.962697945846345826e-02,-7.559173120927248357e-01,-2.405712194035187768e-01,-5.907304773266692788e-01,-3.736980345399614212e-01,-4.917218784997036685e-01,-4.426262069589536052e-01,-4.426262069589492754e-01,-4.917218784997126613e-01,-3.736980345399524284e-01,-5.907304773266710551e-01,-2.405712194035133367e-01,-7.559173120927260570e-01,5.962697945846820446e-02
2.984631316641948862e-02,-6.977344048129511256e-01,-3.924451981603253037e-01,-3.924451981603246375e-01,-6.977344048129450194e-01,2.984631316642505361e-02,7.973489385464604950e-02,-7.581787303120587351e-01,-2.226037329333716563e-01,-5.941196537937871724e-01,-3.585682551737640056e-01,-4.877671406333959903e-01,-4.371627125319616503e-01,-4.371627125319544338e-01,-4.877671406334040394e-01,-3.585682551737567336e-01,-5.941196537937897260e-01,-2.226037329333689918e-01,-7.581787303120606225e-01,7.973489385465341861e-02
4.371319175022575498e-02,-6.994184776998180197e-01,-3.829080013115436776e-01,-3.829080013115432335e-01,-6.994184776998140229e-01,4.371319175022880810e-02,1.009210468681397410e-01,-7.618746086465499889e-01,-2.063080606498112202e-01,-5.975830854607737663e-01,-3.456809781877037135e-01,-4.871965176289752009e-01,-4.321461515745553816e-01,-4.321461515745463333e-01,-4.871965176289845822e-01,-3.456809781876997723e-01,-5.975830854607734333e-01,-2.063080606498085001e-01,-7.618746086465517653e-01,1.009210468681498302e-01
5.516525936876107844e-02,-7.015057958425001683e-01,-3.752201690197080053e-01,-3.752201690197072281e-01,-7.015057958425006124e-01,5.516525936876047476e-02,1.210584139597364883e-01,-7.653869201331862104e-01,-1.908494409089241117e-01,-6.009798632708565069e-01,-3.339769385898142540e-01,-4.886280494286633913e-01,-4.257431588777449982e-01,-4.257431588777331744e-01,-4.886280494286698306e-01,-3.339769385898115894e-01,-6.009798632708573951e-01,-1.908494409089237787e-01,-7.653869201331903183e-01,1.210584139597468689e-01
6.514026314424117836e-02,-7.049790944051455011e-01,-3.662934927076484382e-01,-3.662934927076469949e-01,-7.049790944051497199e-01,6.514026314423795871e-02,1.394801086553834613e-01,-7.708349438481527649e-01,-1.759212781331437880e-01,-6.038657206120972010e-01,-3.241498764453152326e-01,-4.923467925076632223e-01,-4.188478702057413794e-01,-4.188478702057287784e-01,-4.923467925076698837e-01,-3.241498764453146775e-01,-6.038657206120952026e-01,-1.759212781331417896e-01,-7.708349438481568727e-01,1.394801086553933422e-01
7.473496566833402743e-02,-7.061684285815595929e-01,-3.582516021669084338e-01,-3.582516021669062134e-01,-7.061684285815679196e-01,7.473496566833062738e-02,1.550566874907718939e-01,-7.757937370476035710e-01,-1.600014248316404264e-01,-6.051045969695151294e-01,-3.131558585840556463e-01,-4.950200468712410706e-01,-4.093413485681443587e-01,-4.093413485681309805e-01,-4.950200468712446789e-01,-3.131558585840549247e-01,-6.051045969695147964e-01,-1.600014248316397603e-01,-7.757937370476095662e-01,1.550566874907789716e-01
8.483448138516451464e-02,-7.052669449197758178e-01,-3.472913060189771195e-01,-3.472913060189729562e-01,-7.052669449197850327e-01,8.483448138516566650e-02,1.684699714948579286e-01,-7.813453872628774999e-01,-1.435805866794434837e-01,-6.062299552766685640e-01,-3.029477830774623959e-01,-4.986379736288308884e-01,-4.008532316466034695e-01,-4.008532316465917011e-01,-4.986379736288350517e-01,-3.029477830774627289e-01,-6.062299552766660105e-01,-1.435805866794396812e-01,-7.813453872628822738e-01,1.684699714948637850e-01
9.515015580952504437e-02,-7.012742858365170751e-01,-3.390544893179349151e-01,-3.390544893179285868e-01,-7.012742858365266230e-01,9.515015580953392615e-02,1.798369483335028884e-01,-7.856218911543111361e-01,-1.268625280373650299e-01,-6.065783621001319403e-01,-2.903517326088329575e-01,-4.994629296791685547e-01,-3.913713534967926955e-01,-3.913713534967823149e-01,-4.994629296791700535e-01,-2.903517326088320138e-01,-6.065783621001328285e-01,-1.268625280373621989e-01,-7.856218911543171313e-01,1.798369483335070518e-01
1.041903447221021461e-01,-6.966539593085190329e-01,-3.312542974290144104e-01,-3.312542974290040299e-01,-6.966539593085272486e-01,1.041903447221202150e-01,1.904010519909990484e-01,-7.895754673068824392e-01,-1.112727735717818911e-01,-6.089965176518119527e-01,-2.788521987305499494e-01,-5.009449161730801237e-01,-3.855119389180797773e-01,-3.855119389180730050e-01,-5.009449161730831213e-01,-2.788521987305492278e-01,-6.089965176518119527e-01,-1.112727735717757294e-01,-7.895754673068857699e-01,1.904010519910037114e-01
1.107113621377196211e-01,-6.934893199235926398e-01,-3.319800364949488936e-01,-3.319800364949340166e-01,-6.934893199236014105e-01,1.107113621377444346e-01,2.005242485237074823e-01,-7.925424220152095245e-01,-9.780187982939839153e-02,-6.121686926113139027e-01,-2.652964105580895016e-01,-4.989698744135040442e-01,-3.797317650312837523e-01,-3.797317650312796999e-01,-4.989698744135048214e-01,-2.652964105580867260e-01,-6.121686926113180105e-01,-9.780187982939383962e-02,-7.925424220152134103e-01,2.005242485237120897e-01
1.137106876283885404e-01,-6.936496487587364701e-01,-3.351762333410299721e-01,-3.351762333410098771e-01,-6.936496487587457960e-01,1.137106876284160184e-01,2.110124415718283575e-01,-7.950955791632361436e-01,-8.627975917706667830e-02,-6.180279292553800818e-01,-2.538401957643725004e-01,-4.978218763675705816e-01,-3.778404510508236447e-01,-3.778404510508236447e-01,-4.978218763675730796e-01,-2.538401957643690032e-01,-6.180279292553833015e-01,-8.627975917705911491e-02,-7.950955791632371428e-01,2.110124415718343527e-01
1.152094934603240944e-01,-6.973492314431057881e-01,-3.450732851583214744e-01,-3.450732851582969385e-01,-6.973492314431186667e-01,1.152094934603490051e-01,2.218577322804122787e-01,-7.973329059765086324e-01,-7.679762200994612320e-02,-6.236739948754237428e-01,-2.411833597124972139e-01,-4.934566887275018132e-01,-3.745793266928112430e-01,-3.745793266928138521e-01,-4.934566887275025349e-01,-2.411833597124910245e-01,-6.236739948754310703e-01,-7.679762200994025290e-02,-7.973329059765108529e-01,2.218577322804181073e-01
1.170793843311800503e-01,-7.026156538333876433e-01,-3.490379701166743120e-01,-3.490379701166453907e-01,-7.026156538334031865e-01,1.170793843311993265e-01,2.329990395668494751e-01,-7.992584447414377014e-01,-6.706309532786419725e-02,-6.300384356620516435e-01,-2.316854943320121041e-01,-4.909696722548064218e-01,-3.733486720501338896e-01,-3.733486720501391631e-01,-4.909696722548088088e-01,-2.316854943320057481e-01,-6.300384356620569726e-01,-6.706309532785485750e-02,-7.992584447414377014e-01,2.329990395668560810e-01
1.235579027176120642e-01,-7.071303304480068830e-01,-3.496601030360612095e-01,-3.496601030360286244e-01,-7.071303304480256458e-01,1.235579027176248595e-01,2.440619624555955269e-01,-8.016635352032328576e-01,-5.750089508818931328e-02,-6.342761073211504730e-01,-2.221507043825064198e-01,-4.867338446573120647e-01,-3.687633138997314930e-01,-3.687633138997373772e-01,-4.867338446573124533e-01,-2.221507043824990646e-01,-6.342761073211586886e-01,-5.750089508818075762e-02,-8.016635352032354112e-01,2.440619624556011891e-01
1.348884095342282874e-01,-7.087177267839619432e-01,-3.363627505638048243e-01,-3.363627505637687976e-01,-7.087177267839817052e-01,1.348884095342374190e-01,2.544135605642873776e-01,-8.041462717148912809e-01,-4.566826764789892051e-02,-6.377854529083764046e-01,-2.166522785736965107e-01,-4.859614384330577797e-01,-3.650940921418225349e-01,-3.650940921418286411e-01,-4.859614384330597781e-01,-2.166522785736913759e-01,-6.377854529083814006e-01,-4.566826764788606274e-02,-8.041462717148923911e-01,2.544135605642927067e-01
1.516561203253916357e-01,-7.073399453909159362e-01,-3.196798368748067221e-01,-3.196798368747686969e-01,-7.073399453909362533e-01,1.516561203254001844e-01,2.640906556885740386e-01,-8.078012531203260238e-01,-3.396714070690486781e-02,-6.390541780978624686e-01,-2.115701675699989959e-01,-4.845594261936729819e-01,-3.580262332687445537e-01,-3.580262332687486615e-01,-4.845594261936730929e-01,-2.115701675699945550e-01,-6.390541780978696851e-01,-3.396714070689254433e-02,-8.078012531203302427e-01,2.640906556885779244e-01
1.687030820180782098e-01,-7.047278264873149123e-01,-2.973474992410697348e-01,-2.973474992410310436e-01,-7.047278264873335640e-01,1.687030820180904778e-01,2.726975326110433473e-01,-8.115314264114887877e-01,-2.049488172808607012e-02,-6.397484816288383502e-01,-2.096013229459733340e-01,-4.865084310518224542e-01,-3.526849116696809672e-01,-3.526849116696828546e-01,-4.865084310518241750e-01,-2.096013229459720018e-01,-6.397484816288424581e-01,-2.049488172807074210e-02,-8.115314264114918963e-01,2.726975326110478437e-01
1.837419701804132721e-01,-7.030271499266061985e-01,-2.854549792489274873e-01,-2.854549792488901838e-01,-7.030271499266232960e-01,1.837419701804310357e-01,2.813210843123206129e-01,-8.160860741954198971e-01,-9.178506823551486893e-03,-6.394224904743573967e-01,-2.063693731705328327e-01,-4.868043141038113641e-01,-3.455406133163580473e-01,-3.455406133163566595e-01,-4.868043141038113641e-01,-2.063693731705321666e-01,-6.394224904743635030e-01,-9.178506823538986475e-03,-8.160860741954256703e-01,2.813210843123255533e-01
1.913909881160596460e-01,-7.043850653637296899e-01,-2.803851749153075112e-01,-2.803851749152736494e-01,-7.043850653637442338e-01,1.913909881160833493e-01,2.897386848061686004e-01,-8.198013895127161943e-01,2.411550598314042559e-03,-6.391538918696703098e-01,-2.035073339706929829e-01,-4.886158381635808401e-01,-3.415940190199431292e-01,-3.415940190199392434e-01,-4.886158381635830050e-01,-2.035073339706940099e-01,-6.391538918696735294e-01,2.411550598326671780e-03,-8.198013895127205242e-01,2.897386848061759279e-01
1.935386568407953256e-01,-7.078094059521568004e-01,-2.901938615147667266e-01,-2.901938615147374723e-01,-7.078094059521700121e-01,1.935386568408227481e-01,2.993294320430627264e-01,-8.233034274719650547e-01,1.008075575902439569e-02,-6.392466732480671654e-01,-1.973083098672389624e-01,-4.875372500705408840e-01,-3.373716183225641818e-01,-3.373716183225573539e-01,-4.875372500705417722e-01,-1.973083098672387126e-01,-6.392466732480723834e-01,1.008075575903270155e-02,-8.233034274719714940e-01,2.993294320430714972e-01
1.899145573408689280e-01,-7.128160311929593318e-01,-3.020230364146340163e-01,-3.020230364146102575e-01,-7.128160311929720994e-01,1.899145573408964616e-01,3.088772682419929638e-01,-8.253346507774124152e-01,1.773366858767224524e-02,-6.397765470728657977e-01,-1.898609305426858795e-01,-4.871832209831970517e-01,-3.366994135515571918e-01,-3.366994135515487541e-01,-4.871832209832005489e-01,-1.898609305426853244e-01,-6.397765470728687953e-01,1.773366858767983292e-02,-8.253346507774170782e-01,3.088772682420040661e-01
1.869161458460883718e-01,-7.158290991328061237e-01,-3.154945496526979642e-01,-3.154945496526801452e-01,-7.158290991328193353e-01,1.869161458461115477e-01,3.190288191326854372e-01,-8.268910254478104571e-01,2.150018519097136177e-02,-6.414335461157290030e-01,-1.795161376905193840e-01,-4.846229464098471551e-01,-3.354724821894727871e-01,-3.354724821894627951e-01,-4.846229464098503747e-01,-1.795161376905161921e-01,-6.414335461157334439e-01,2.150018519097563960e-02,-8.268910254478168964e-01,3.190288191326976497e-01
1.856497424379914274e-01,-7.172583818906519415e-01,-3.183360936745733283e-01,-3.183360936745618375e-01,-7.172583818906659303e-01,1.856497424380068040e-01,3.273500474535874227e-01,-8.275465959192004339e-01,2.680836951557953596e-02,-6.431714273038592333e-01,-1.691316681919461384e-01,-4.834819670605924324e-01,-3.360481645411315110e-01,-3.360481645411210749e-01,-4.834819670605989272e-01,-1.691316681919419751e-01,-6.431714273038615648e-01,2.680836951558421971e-02,-8.275465959192052079e-01,3.273500474536000793e-01
1.904692311586796971e-01,-7.150559166096781549e-01,-3.137963163571865222e-01,-3.137963163571807490e-01,-7.150559166096916996e-01,1.904692311586863585e-01,3.344670930611837734e-01,-8.282282637239086753e-01,2.991567210839531782e-02,-6.458725966937861607e-01,-1.587627402477984062e-01,-4.818640101334232817e-01,-3.344625525095331620e-01,-3.344625525095221708e-01,-4.818640101334302761e-01,-1.587627402477914396e-01,-6.458725966937894913e-01,2.991567210839954707e-02,-8.282282637239144485e-01,3.344670930611948756e-01
1.985798812083762743e-01,-7.123804910595361584e-01,-2.999941730192727807e-01,-2.999941730192729472e-01,-7.123804910595483708e-01,1.985798812083763298e-01,3.382439078751581230e-01,-8.287961425820993266e-01,3.683806996238977310e-02,-6.478993472887246696e-01,-1.507221756263661394e-01,-4.824098092422038908e-01,-3.328730568980838855e-01,-3.328730568980731719e-01,-4.824098092422142159e-01,-1.507221756263580348e-01,-6.478993472887273342e-01,3.683806996239602505e-02,-8.287961425821033234e-01,3.382439078751673378e-01
2.098852282529701796e-01,-7.087657331530118343e-01,-2.854622197995769217e-01,-2.854622197995825283e-01,-7.087657331530192728e-01,2.098852282529682367e-01,3.407570197670891088e-01,-8.296194325016115201e-01,4.298131814032116194e-02,-6.507033606327106146e-01,-1.452019314957669893e-01,-4.837326626657833528e-01,-3.289513951356779486e-01,-3.289513951356669574e-01,-4.837326626657942885e-01,-1.452019314957569418e-01,-6.507033606327148334e-01,4.298131814032937759e-02,-8.296194325016155169e-01,3.407570197670947709e-01
2.194598474500275009e-01,-7.074472556188726724e-01,-2.738371579361352226e-01,-2.738371579361465469e-01,-7.074472556188746708e-01,2.194598474500267793e-01,3.412061755495789384e-01,-8.305185187785144585e-01,5.344517639180700747e-02,-6.526954205564197142e-01,-1.423304538201539959e-01,-4.868501391821336011e-01,-3.251032701106346678e-01,-3.251032701106242317e-01,-4.868501391821470903e-01,-1.423304538201431990e-01,-6.526954205564252653e-01,5.344517639181736723e-02,-8.305185187785173451e-01,3.412061755495817694e-01
2.267331512851741282e-01,-7.069525020066246279e-01,-2.684791259704258359e-01,-2.684791259704414346e-01,-7.069525020066191878e-01,2.267331512851762931e-01,3.428716512114715065e-01,-8.316917075853447194e-01,6.215229724998370259e-02,-6.558939453456118507e-01,-1.413423547907622091e-01,-4.904527934633398090e-01,-3.204670945987785347e-01,-3.204670945987678210e-01,-4.904527934633533537e-01,-1.413423547907497468e-01,-6.558939453456186230e-01,6.215229724999647709e-02,-8.316917075853467178e-01,3.428716512114716175e-01
2.296294527270288932e-01,-7.081972629269364106e-01,-2.702675109666428654e-01,-2.702675109666623499e-01,-7.081972629269264186e-01,2.296294527270307251e-01,3.453274498933054382e-01,-8.330633044337747428e-01,7.304629565412602832e-02,-6.586573658946996979e-01,-1.401364712750177988e-01,-4.938684506047038569e-01,-3.164128173570392999e-01,-3.164128173570288638e-01,-4.938684506047187339e-01,-1.401364712750042818e-01,-6.586573658947090237e-01,7.304629565413914283e-02,-8.330633044337762971e-01,3.453274498933047720e-01
2.296557917639823476e-01,-7.089958472392501321e-01,-2.735988918209726894e-01,-2.735988918209947829e-01,-7.089958472392352551e-01,2.296557917639802660e-01,3.512300577340584096e-01,-8.352024100502426496e-01,7.992552877134234679e-02,-6.628583135341181709e-01,-1.379380652434697707e-01,-4.961284709207961496e-01,-3.125301671588291419e-01,-3.125301671588178176e-01,-4.961284709208108046e-01,-1.379380652434548660e-01,-6.628583135341279409e-01,7.992552877135737643e-02,-8.352024100502430937e-01,3.512300577340584651e-01
2.280804659355819275e-01,-7.093887766327410249e-01,-2.793923870317418512e-01,-2.793923870317667757e-01,-7.093887766327252598e-01,2.280804659355707698e-01,3.591740490969926869e-01,-8.377501984017368120e-01,8.740184674382593666e-02,-6.664591939470847493e-01,-1.322291556381613442e-01,-4.957847408653544563e-01,-3.084882394943108119e-01,-3.084882394942990436e-01,-4.957847408653696109e-01,-1.322291556381452460e-01,-6.664591939470974058e-01,8.740184674383925933e-02,-8.377501984017372560e-01,3.591740490969942967e-01
2.264728242528884494e-01,-7.085637628885974593e-01,-2.795621616680170618e-01,-2.795621616680438182e-01,-7.085637628885792516e-01,2.264728242528666058e-01,3.700677916491920127e-01,-8.413235576028212925e-01,9.162063524456950936e-02,-6.702823214529798346e-01,-1.240438034390684285e-01,-4.932716894115551365e-01,-3.044227086727625542e-01,-3.044227086727490095e-01,-4.932716894115700690e-01,-1.240438034390521083e-01,-6.702823214529911588e-01,9.162063524458485819e-02,-8.413235576028210705e-01,3.700677916491960096e-01
2.267065617079178919e-01,-7.067893744592279592e-01,-2.806165263916272079e-01,-2.806165263916568509e-01,-7.067893744592097516e-01,2.267065617078855011e-01,3.815459638291638367e-01,-8.445205060194723723e-01,9.861576236636887538e-02,-6.722639273857171638e-01,-1.119814215563842974e-01,-4.875956720520594478e-01,-2.992906070729730028e-01,-2.992906070729580703e-01,-4.875956720520741028e-01,-1.119814215563674775e-01,-6.722639273857311526e-01,9.861576236638200377e-02,-8.445205060194740376e-01,3.815459638291687772e-01
2.280729400191663092e-01,-7.054398515154619576e-01,-2.759331295012281138e-01,-2.759331295012603102e-01,-7.054398515154413074e-01,2.280729400191288392e-01,3.930313372711680131e-01,-8.482126132934535434e-01,1.059638672755988109e-01,-6.725195180612763002e-01,-9.970772217614977395e-02,-4.814730777205802892e-01,-2.946738765192326581e-01,-2.946738765192156162e-01,-4.814730777205949996e-01,-9.970772217613362021e-02,-6.725195180612868473e-01,1.059638672756148814e-01,-8.482126132934556528e-01,3.930313372711742304e-01
2.318601080938068881e-01,-7.050280912217216089e-01,-2.762113826381121240e-01,-2.762113826381483728e-01,-7.050280912217000706e-01,2.318601080937699177e-01,4.023153419520489882e-01,-8.503123712020380642e-01,1.175442375921089133e-01,-6.709017957296010692e-01,-8.723288068840377718e-02,-4.749361947221375502e-01,-2.900639098621095036e-01,-2.900639098620913514e-01,-4.749361947221516500e-01,-8.723288068838738751e-02,-6.709017957296143919e-01,1.175442375921227356e-01,-8.503123712020439484e-01,4.023153419520548169e-01
2.360177627620262120e-01,-7.073808955575813240e-01,-2.730768478602139115e-01,-2.730768478602538241e-01,-7.073808955575568991e-01,2.360177627619957641e-01,4.085253957537533509e-01,-8.530063474197181472e-01,1.288162505807096680e-01,-6.680800664240581499e-01,-7.977079836254362399e-02,-4.722461027875361483e-01,-2.884104947313967937e-01,-2.884104947313773648e-01,-4.722461027875510808e-01,-7.977079836252880252e-02,-6.680800664240666986e-01,1.288162505807271541e-01,-8.530063474197241424e-01,4.085253957537605118e-01
2.427070008152250602e-01,-7.107999196336646230e-01,-2.747893313720892738e-01,-2.747893313721330721e-01,-7.107999196336398651e-01,2.427070008152029668e-01,4.113191366205695143e-01,-8.537999197089553016e-01,1.393130778925582014e-01,-6.666021469532149579e-01,-7.683545205785520527e-02,-4.728899082665820597e-01,-2.888520925510718040e-01,-2.888520925510525417e-01,-4.728899082665968256e-01,-7.683545205783982868e-02,-6.666021469532263932e-01,1.393130778925724678e-01,-8.537999197089651826e-01,4.113191366205771748e-01
2.500420838466088647e-01,-7.151150538073012264e-01,-2.701960982993418248e-01,-2.701960982993878435e-01,-7.151150538072761353e-01,2.500420838465940432e-01,4.109015570444058962e-01,-8.563407787934617099e-01,1.440327925983029833e-01,-6.664100227513587438e-01,-8.129804053014499932e-02,-4.793700449434082356e-01,-2.932097941247860939e-01,-2.932097941247668871e-01,-4.793700449434246669e-01,-8.129804053013153786e-02,-6.664100227513655161e-01,1.440327925983205248e-01,-8.563407787934701476e-01,4.109015570444163323e-01
2.599728257979154189e-01,-7.174287900613456337e-01,-2.659629203518520946e-01,-2.659629203518993901e-01,-7.174287900613227631e-01,2.599728257979037616e-01,4.096321222804935602e-01,-8.569262884681068115e-01,1.428177071947206445e-01,-6.704648034127095313e-01,-8.909045587577532621e-02,-4.882538621791857603e-01,-2.980360761504566858e-01,-2.980360761504390332e-01,-4.882538621792018585e-01,-8.909045587576079617e-02,-6.704648034127203005e-01,1.428177071947338561e-01,-8.569262884681184689e-01,4.096321222805058282e-01
2.691803940420314234e-01,-7.176739701268511906e-01,-2.552234998884812534e-01,-2.552234998885278272e-01,-7.176739701268315397e-01,2.691803940420181007e-01,4.084483592532052176e-01,-8.598133612580561858e-01,1.363386084775728979e-01,-6.751458234777614198e-01,-9.815653317011226175e-02,-4.982272462397733248e-01,-3.026236514316126280e-01,-3.026236514315958637e-01,-4.982272462397911994e-01,-9.815653317009931378e-02,-6.751458234777690803e-01,1.363386084775889684e-01,-8.598133612580642904e-01,4.084483592532205387e-01
2.771822341579908144e-01,-7.158501832940404874e-01,-2.472019488411146826e-01,-2.472019488411591193e-01,-7.158501832940252774e-01,2.771822341579732174e-01,4.105282508986005663e-01,-8.595361897175900490e-01,1.287129481251844954e-01,-6.825188833787981801e-01,-1.023726592816371905e-01,-5.044955964744671784e-01,-3.024427889992975516e-01,-3.024427889992827301e-01,-5.044955964744839427e-01,-1.023726592816227854e-01,-6.825188833788110587e-01,1.287129481251963747e-01,-8.595361897176001520e-01,4.105282508986157763e-01
2.800668548919728051e-01,-7.134015750171356363e-01,-2.415018503857833398e-01,-2.415018503858235854e-01,-7.134015750171248671e-01,2.800668548919508227e-01,4.149128426717921814e-01,-8.609741978007258156e-01,1.254440383527966330e-01,-6.859678489806387836e-01,-9.911661597626966747e-02,-5.051166558303574750e-01,-2.976011024819656958e-01,-2.976011024819516515e-01,-5.051166558303751275e-01,-9.911661597625626152e-02,-6.859678489806495527e-01,1.254440383528116487e-01,-8.609741978007316998e-01,4.149128426718070028e-01
2.777403828062348645e-01,-7.132207694701176992e-01,-2.445409666011242600e-01,-2.445409666011587047e-01,-7.132207694701097056e-01,2.777403828062122715e-01,4.226489478953792123e-01,-8.583629635556518922e-01,1.293588529416519473e-01,-6.894013096345059655e-01,-8.747409773494102536e-02,-4.996756896485622379e-01,-2.876855880696468915e-01,-2.876855880696344570e-01,-4.996756896485777255e-01,-8.747409773492492713e-02,-6.894013096345211755e-01,1.293588529416652422e-01,-8.583629635556596638e-01,4.226489478953901480e-01
2.709944740538343666e-01,-7.142661893022643760e-01,-2.546011928609966390e-01,-2.546011928610243391e-01,-7.142661893022583808e-01,2.709944740538152708e-01,4.296829049763437047e-01,-8.580572741553664784e-01,1.423210507222665844e-01,-6.867883315564637936e-01,-7.025315160174655515e-02,-4.899751653908956950e-01,-2.767004104654845476e-01,-2.767004104654719465e-01,-4.899751653909110161e-01,-7.025315160173029039e-02,-6.867883315564772273e-01,1.423210507222843202e-01,-8.580572741553702532e-01,4.296829049763506991e-01
2.634361805719092064e-01,-7.183293560943013745e-01,-2.668073205471239162e-01,-2.668073205471443998e-01,-7.183293560942953793e-01,2.634361805718982152e-01,4.357840750982981959e-01,-8.553522863660938391e-01,1.595450986056665410e-01,-6.861169818481629434e-01,-5.398276933573359360e-02,-4.814875852154419378e-01,-2.686210907018924399e-01,-2.686210907018806160e-01,-4.814875852154557601e-01,-5.398276933571447000e-02,-6.861169818481784866e-01,1.595450986056845821e-01,-8.553522863660998343e-01,4.357840750982998612e-01
2.601381263300903135e-01,-7.195397885807892635e-01,-2.763608047650200072e-01,-2.763608047650332189e-01,-7.195397885807841565e-01,2.601381263300881486e-01,4.373330950224143532e-01,-8.567752528136087786e-01,1.777240521911106486e-01,-6.823668199314458782e-01,-4.238232860595532447e-02,-4.760500343169663529e-01,-2.661579511310275259e-01,-2.661579511310150914e-01,-4.760500343169801196e-01,-4.238232860593646456e-02,-6.823668199314598670e-01,1.777240521911319648e-01,-8.567752528136113321e-01,4.373330950224135760e-01
2.628935438166227767e-01,-7.206775566665073463e-01,-2.743342738931505154e-01,-2.743342738931569547e-01,-7.206775566665017951e-01,2.628935438166282168e-01,4.367937323364628477e-01,-8.576444512994221281e-01,1.895188755277389669e-01,-6.844597326541719262e-01,-4.085794810003248734e-02,-4.784283445030883541e-01,-2.708552293132778788e-01,-2.708552293132659439e-01,-4.784283445031020654e-01,-4.085794810001280863e-02,-6.844597326541850268e-01,1.895188755277595893e-01,-8.576444512994263469e-01,4.367937323364607383e-01
2.729474903428004140e-01,-7.163855015608620036e-01,-2.644928952613047612e-01,-2.644928952613049278e-01,-7.163855015608593391e-01,2.729474903428075194e-01,4.343263739944253632e-01,-8.620410299225249595e-01,1.947965163414667189e-01,-6.850937261249571142e-01,-4.445700989897045236e-02,-4.835169810297793580e-01,-2.777908771674714172e-01,-2.777908771674582056e-01,-4.835169810297932358e-01,-4.445700989895250144e-02,-6.850937261249699928e-01,1.947965163414862588e-01,-8.620410299225260697e-01,4.343263739944251411e-01
2.848404788582501457e-01,-7.139760656929157179e-01,-2.456906372468135036e-01,-2.456906372468073418e-01,-7.139760656929156069e-01,2.848404788582551417e-01,4.345704673410948349e-01,-8.649376012431225780e-01,1.919215855436166296e-01,-6.905531717809716419e-01,-5.284063971513839469e-02,-4.927420608960151882e-01,-2.851429085828606769e-01,-2.851429085828476873e-01,-4.927420608960303983e-01,-5.284063971512179686e-02,-6.905531717809815229e-01,1.919215855436334772e-01,-8.649376012431250205e-01,4.345704673410977770e-01
2.958391570385269231e-01,-7.095290626049542970e-01,-2.316723982190974362e-01,-2.316723982190856124e-01,-7.095290626049592930e-01,2.958391570385267011e-01,4.383643544419605353e-01,-8.681613651359736394e-01,1.868230862254545710e-01,-6.917387731907418402e-01,-5.551482513790101381e-02,-4.966719252053493072e-01,-2.851886621320073312e-01,-2.851886621319924542e-01,-4.966719252053645173e-01,-5.551482513788633805e-02,-6.917387731907527204e-01,1.868230862254663671e-01,-8.681613651359745276e-01,4.383643544419668636e-01
2.996152231195445825e-01,-7.104658602154834135e-01,-2.228463165954691072e-01,-2.228463165954529812e-01,-7.104658602154914071e-01,2.996152231195406412e-01,4.468690536957338200e-01,-8.688384850088306521e-01,1.811531560017767828e-01,-6.942753431891314220e-01,-5.473839956397864859e-02,-4.995965012933719085e-01,-2.809313400933292071e-01,-2.809313400933141081e-01,-4.995965012933888394e-01,-5.473839956396618633e-02,-6.942753431891374172e-01,1.811531560017860809e-01,-8.688384850088332056e-01,4.468690536957424242e-01
2.975389997105898909e-01,-7.109196558480482819e-01,-2.279230000826611424e-01,-2.279230000826432123e-01,-7.109196558480591621e-01,2.975389997105859496e-01,4.574271004435196408e-01,-8.682774353177052928e-01,1.798802974760322637e-01,-6.913250199061515833e-01,-4.471655600822968535e-02,-4.945764993373586993e-01,-2.693398081206575534e-01,-2.693398081206407335e-01,-4.945764993373738538e-01,-4.471655600821800719e-02,-6.913250199061597989e-01,1.798802974760366491e-01,-8.682774353177078464e-01,4.574271004435284116e-01
2.896952493322920708e-01,-7.145909774012374482e-01,-2.388169587720411213e-01,-2.388169587720232467e-01,-7.145909774012488835e-01,2.896952493322936251e-01,4.665729264051757808e-01,-8.673526864460205932e-01,1.814373549224450044e-01,-6.901253903544671831e-01,-3.578174812063132648e-02,-4.916207599681577944e-01,-2.605627290217893965e-01,-2.605627290217727432e-01,-4.916207599681745588e-01,-3.578174812062124427e-02,-6.901253903544694035e-01,1.814373549224501392e-01,-8.673526864460245900e-01,4.665729264051833858e-01
2.820572008081625448e-01,-7.152414266924047581e-01,-2.528686327512912890e-01,-2.528686327512754128e-01,-7.152414266924164155e-01,2.820572008081729809e-01,4.714398338063085503e-01,-8.659214361824472128e-01,1.862567733576254714e-01,-6.866748362465286970e-01,-2.582811013538662340e-02,-4.854790792239110919e-01,-2.526030205873805445e-01,-2.526030205873626144e-01,-4.854790792239240815e-01,-2.582811013537558709e-02,-6.866748362465340261e-01,1.862567733576278028e-01,-8.659214361824520978e-01,4.714398338063136018e-01
2.773278548728280724e-01,-7.153307184306015865e-01,-2.611638258435216020e-01,-2.611638258435083904e-01,-7.153307184306127997e-01,2.773278548728468906e-01,4.698466341512085309e-01,-8.671260556567332856e-01,1.911731182035439347e-01,-6.874020514252381364e-01,-2.558983489713773790e-02,-4.861917073860581584e-01,-2.544626757806215944e-01,-2.544626757806049966e-01,-4.861917073860724803e-01,-2.558983489712791590e-02,-6.874020514252374703e-01,1.911731182035498466e-01,-8.671260556567385036e-01,4.698466341512126387e-01
2.782185881290550333e-01,-7.132009896626638756e-01,-2.609135523865551698e-01,-2.609135523865456219e-01,-7.132009896626745338e-01,2.782185881290790141e-01,4.644873024237403669e-01,-8.672958675561013298e-01,1.960320880457845638e-01,-6.880907639087416872e-01,-2.781037171699577218e-02,-4.853215776784399749e-01,-2.577948620617557252e-01,-2.577948620617390718e-01,-4.853215776784494118e-01,-2.781037171698398994e-02,-6.880907639087460170e-01,1.960320880457889769e-01,-8.672958675561066588e-01,4.644873024237436976e-01
2.842234971683157974e-01,-7.112146160796362082e-01,-2.545495169001665281e-01,-2.545495169001590896e-01,-7.112146160796466443e-01,2.842234971683386680e-01,4.572410901179931320e-01,-8.703878112332470440e-01,2.003456755307882198e-01,-6.916317855022457994e-01,-3.655431062219040295e-02,-4.887668506121465306e-01,-2.663447264054270569e-01,-2.663447264054129571e-01,-4.887668506121572998e-01,-3.655431062218021665e-02,-6.916317855022464656e-01,2.003456755307967407e-01,-8.703878112332519290e-01,4.572410901179986831e-01
2.926233430778388822e-01,-7.110340757695156055e-01,-2.427777478958481061e-01,-2.427777478958427493e-01,-7.110340757695255975e-01,2.926233430778564237e-01,4.540791313252992012e-01,-8.699535139260223815e-01,2.046955108869524531e-01,-6.934966868891613290e-01,-4.059946478223559752e-02,-4.869294439355023041e-01,-2.690048895229126824e-01,-2.690048895228999148e-01,-4.869294439355084103e-01,-4.059946478222439120e-02,-6.934966868891677683e-01,2.046955108869596696e-01,-8.699535139260264893e-01,4.540791313253063066e-01
3.018562150249776144e-01,-7.116491982948206507e-01,-2.353615059480552718e-01,-2.353615059480512473e-01,-7.116491982948309758e-01,3.018562150249855525e-01,4.554225811373551203e-01,-8.714748170976994723e-01,2.094575081387963500e-01,-6.951735112799283245e-01,-4.283193664482042029e-02,-4.852804147710471083e-01,-2.706879324707275325e-01,-2.706879324707184287e-01,-4.852804147710556015e-01,-4.283193664481206586e-02,-6.951735112799327654e-01,2.094575081388064253e-01,-8.714748170977032471e-01,4.554225811373648902e-01
3.082585258733549494e-01,-7.154398508528394540e-01,-2.285162550678031812e-01,-2.285162550678017102e-01,-7.154398508528490019e-01,3.082585258733538391e-01,4.633457574886897246e-01,-8.687826559686138150e-01,2.133922859838771890e-01,-6.945059562574038559e-01,-3.739062954777254422e-02,-4.791177259866411520e-01,-2.655340660214284831e-01,-2.655340660214211557e-01,-4.791177259866463145e-01,-3.739062954776402325e-02,-6.945059562574129597e-01,2.133922859838867092e-01,-8.687826559686171457e-01,4.633457574886993280e-01
3.130357434636744651e-01,-7.178872858637492804e-01,-2.301331390653711673e-01,-2.301331390653723052e-01,-7.178872858637571630e-01,3.130357434636668046e-01,4.729174062209700047e-01,-8.691147443868206812e-01,2.159859509852195547e-01,-6.938080837986810856e-01,-3.124871762664475222e-02,-4.754299949414535487e-01,-2.620268179652405216e-01,-2.620268179652370244e-01,-4.754299949414612647e-01,-3.124871762663877783e-02,-6.938080837986895233e-01,2.159859509852312121e-01,-8.691147443868243450e-01,4.729174062209785534e-01
3.144014120577112159e-01,-7.216995322706138971e-01,-2.300635726200710718e-01,-2.300635726200762066e-01,-7.216995322706178939e-01,3.144014120577028892e-01,4.824010615404664692e-01,-8.671852431162987429e-01,2.158392473591534688e-01,-6.924771847100947841e-01,-2.413799069004778433e-02,-4.733114868865357927e-01,-2.577491933885243669e-01,-2.577491933885222575e-01,-4.733114868865406777e-01,-2.413799069004162259e-02,-6.924771847101043321e-01,2.158392473591668748e-01,-8.671852431163020736e-01,4.824010615404725200e-01
3.153738527607152231e-01,-7.215111006181645914e-01,-2.338206308509580833e-01,-2.338206308509667708e-01,-7.215111006181621489e-01,3.153738527607096165e-01,4.868151072696662585e-01,-8.691529015940302472e-01,2.143110491481158286e-01,-6.924835596297402862e-01,-2.117774508553266211e-02,-4.759161771242180761e-01,-2.577526560845107007e-01,-2.577526560845115888e-01,-4.759161771242245709e-01,-2.117774508552768345e-02,-6.924835596297505003e-01,2.143110491481298174e-01,-8.691529015940345770e-01,4.868151072696693671e-01
3.146218795194394846e-01,-7.213923750074621166e-01,-2.333416895014793213e-01,-2.333416895014921999e-01,-7.213923750074542340e-01,3.146218795194368201e-01,4.867031877242951055e-01,-8.695317202523391575e-01,2.124830437065026167e-01,-6.922322412097490218e-01,-2.086400879264294767e-02,-4.817127472326556692e-01,-2.583440171537497720e-01,-2.583440171537513819e-01,-4.817127472326601656e-01,-2.086400879263727512e-02,-6.922322412097575706e-01,2.124830437065189370e-01,-8.695317202523423772e-01,4.867031877242959381e-01
3.138879891372299280e-01,-7.181279155726617569e-01,-2.346039918227111332e-01,-2.346039918227274812e-01,-7.181279155726477681e-01,3.138879891372275965e-01,4.823761175363858733e-01,-8.719882894648554039e-01,2.127755023653649380e-01,-6.932830129928612140e-01,-2.199218390143792279e-02,-4.878376657697743313e-01,-2.588746870586357551e-01,-2.588746870586393078e-01,-4.878376657697793828e-01,-2.199218390143224677e-02,-6.932830129928719831e-01,2.127755023653785105e-01,-8.719882894648601779e-01,4.823761175363862619e-01
3.119203038270796924e-01,-7.163938412722498095e-01,-2.354167740591011915e-01,-2.354167740591214253e-01,-7.163938412722334892e-01,3.119203038270724204e-01,4.773112183569709344e-01,-8.722911675497757589e-01,2.158827912128872539e-01,-6.931532040270130812e-01,-2.219819240863146054e-02,-4.938118236182823528e-01,-2.576720040656351740e-01,-2.576720040656387267e-01,-4.938118236182865717e-01,-2.219819240862584003e-02,-6.931532040270194095e-01,2.158827912129024640e-01,-8.722911675497783124e-01,4.773112183569736544e-01
3.094824441424106620e-01,-7.150043852835942237e-01,-2.377773703212490430e-01,-2.377773703212724132e-01,-7.150043852835750169e-01,3.094824441423952299e-01,4.744211495473589224e-01,-8.727646772796665564e-01,2.210352637913312601e-01,-6.947287334531881964e-01,-1.877797776225148194e-02,-4.952213277904606303e-01,-2.534967957029158891e-01,-2.534967957029201080e-01,-4.952213277904645716e-01,-1.877797776224547285e-02,-6.947287334531981884e-01,2.210352637913400586e-01,-8.727646772796716634e-01,4.744211495473639184e-01
3.076641266392287077e-01,-7.162918108974325460e-01,-2.420299791078103779e-01,-2.420299791078378560e-01,-7.162918108974143383e-01,3.076641266392026730e-01,4.750577007040440725e-01,-8.720892367134061018e-01,2.269298542218192161e-01,-6.950385254894217990e-01,-1.317650236028392735e-02,-4.961635855736420964e-01,-2.504821068736770018e-01,-2.504821068736798328e-01,-4.961635855736462042e-01,-1.317650236027961830e-02,-6.950385254894255738e-01,2.269298542218287085e-01,-8.720892367134079892e-01,4.750577007040524546e-01
3.074744596882250658e-01,-7.187570866681500803e-01,-2.419340263761520504e-01,-2.419340263761837750e-01,-7.187570866681300963e-01,3.074744596881914260e-01,4.800679884214564819e-01,-8.716844847030795762e-01,2.307413959337191456e-01,-6.983144431174509448e-01,-4.767019280154497635e-03,-4.930038025594454254e-01,-2.469806543230352869e-01,-2.469806543230373408e-01,-4.930038025594483675e-01,-4.767019280149994293e-03,-6.983144431174586053e-01,2.307413959337217269e-01,-8.716844847030852383e-01,4.800679884214653637e-01
3.116103083788772654e-01,-7.206937454196535864e-01,-2.406830229279555144e-01,-2.406830229279927624e-01,-7.206937454196347126e-01,3.116103083788392403e-01,4.866929383590006264e-01,-8.723911305427403118e-01,2.333119658078423309e-01,-6.998061886740871707e-01,2.343900024364672929e-03,-4.922360997174769492e-01,-2.484934021977729668e-01,-2.484934021977725227e-01,-4.922360997174806130e-01,2.343900024366538624e-03,-6.998061886740878368e-01,2.333119658078477432e-01,-8.723911305427427543e-01,4.866929383590096192e-01
3.188725514905992320e-01,-7.206832597798213946e-01,-2.295118036561270003e-01,-2.295118036561692998e-01,-7.206832597797996343e-01,3.188725514905638714e-01,4.948627543821601527e-01,-8.736070166484100064e-01,2.343509118971477401e-01,-7.038956917102067168e-01,9.282127766434923599e-03,-4.888553436168351363e-01,-2.483244599923927209e-01,-2.483244599923906670e-01,-4.888553436168370792e-01,9.282127766437213434e-03,-7.038956917102110467e-01,2.343509118971490446e-01,-8.736070166484164456e-01,4.948627543821659258e-01
3.297963394627814182e-01,-7.172682651212334282e-01,-2.195023146233819333e-01,-2.195023146234301170e-01,-7.172682651212110017e-01,3.297963394627528855e-01,5.020668487487209841e-01,-8.760629626512862478e-01,2.390249996828808787e-01,-7.038246389309056328e-01,1.398807520413068023e-02,-4.876942184939382918e-01,-2.495539546029094113e-01,-2.495539546029048317e-01,-4.876942184939408453e-01,1.398807520413067676e-02,-7.038246389309039674e-01,2.390249996828864854e-01,-8.760629626512895785e-01,5.020668487487253140e-01
3.391926318720032696e-01,-7.124048507668873098e-01,-2.055146820102216609e-01,-2.055146820102741745e-01,-7.124048507668618857e-01,3.391926318719837852e-01,5.099904016442233790e-01,-8.779299159434617028e-01,2.472401782611437226e-01,-7.050971632536024991e-01,1.855723653805200352e-02,-4.834853075576677206e-01,-2.438607788630647033e-01,-2.438607788630590134e-01,-4.834853075576682757e-01,1.855723653805276332e-02,-7.050971632536036093e-01,2.472401782611469701e-01,-8.779299159434676980e-01,5.099904016442251553e-01
3.451141586781377724e-01,-7.084213398856522570e-01,-2.030317866158689033e-01,-2.030317866159248585e-01,-7.084213398856266108e-01,3.451141586781239501e-01,5.170162347321896057e-01,-8.798613682517886225e-01,2.614559714697868853e-01,-7.017469088361720786e-01,2.229176878172125370e-02,-4.802737920388754356e-01,-2.370412299151372637e-01,-2.370412299151304913e-01,-4.802737920388767123e-01,2.229176878172062573e-02,-7.017469088361703022e-01,2.614559714697921589e-01,-8.798613682517912871e-01,5.170162347321920482e-01
3.445799684893937620e-01,-7.070689746860168157e-01,-2.047347480739062087e-01,-2.047347480739628578e-01,-7.070689746859922797e-01,3.445799684893791071e-01,5.248051798049415684e-01,-8.814575245754476818e-01,2.764907782257532420e-01,-7.013041440359474299e-01,2.510180797788382281e-02,-4.759221313236872142e-01,-2.258565177210540287e-01,-2.258565177210477004e-01,-4.759221313236875472e-01,2.510180797788419751e-02,-7.013041440359470968e-01,2.764907782257558511e-01,-8.814575245754514565e-01,5.248051798049444550e-01
3.403883146987281005e-01,-7.101622288587617904e-01,-2.160610589168956985e-01,-2.160610589169509321e-01,-7.101622288587403631e-01,3.403883146987070618e-01,5.325225626260231548e-01,-8.823768795856822278e-01,2.913792990643113145e-01,-6.988250208746951131e-01,2.831836979462346027e-02,-4.728483094359314798e-01,-2.182339778219898885e-01,-2.182339778219839765e-01,-4.728483094359325900e-01,2.831836979462358864e-02,-6.988250208746953351e-01,2.913792990643122027e-01,-8.823768795856835601e-01,5.325225626260275957e-01
3.378585316054197873e-01,-7.131320703626220503e-01,-2.241069974216479133e-01,-2.241069974216989835e-01,-7.131320703626045088e-01,3.378585316053901999e-01,5.409120983433044483e-01,-8.844462752307675757e-01,3.008501379941426745e-01,-7.011061379255020265e-01,3.017479346405008145e-02,-4.712527374592936358e-01,-2.132841171323090756e-01,-2.132841171323048846e-01,-4.712527374592952456e-01,3.017479346405081350e-02,-7.011061379255010273e-01,3.008501379941429521e-01,-8.844462752307684639e-01,5.409120983433091112e-01
3.417473229939849144e-01,-7.175853946490010626e-01,-2.251047235535727498e-01,-2.251047235536185465e-01,-7.175853946489855195e-01,3.417473229939509416e-01,5.502810594488964924e-01,-8.849156280842194189e-01,3.069735392996468804e-01,-7.024658978638373963e-01,3.577627969417302572e-02,-4.698205365499685260e-01,-2.134959540153862911e-01,-2.134959540153835711e-01,-4.698205365499696917e-01,3.577627969417453146e-02,-7.024658978638398388e-01,3.069735392996446599e-01,-8.849156280842193079e-01,5.502810594488990459e-01
3.564501184983513982e-01,-7.167128785003074043e-01,-2.151662826235444803e-01,-2.151662826235840875e-01,-7.167128785002930824e-01,3.564501184983190907e-01,5.599400597429046167e-01,-8.882444455927397398e-01,3.100372875391454452e-01,-7.071021236167684965e-01,4.168573870701185874e-02,-4.704614261075577009e-01,-2.165971944894190537e-01,-2.165971944894179435e-01,-4.704614261075602544e-01,4.168573870701294121e-02,-7.071021236167669421e-01,3.100372875391471106e-01,-8.882444455927382965e-01,5.599400597429042836e-01
3.777127710119037030e-01,-7.177256882313293174e-01,-1.951385645143835224e-01,-1.951385645144173842e-01,-7.177256882313128861e-01,3.777127710118807213e-01,5.714243940330601124e-01,-8.888289002333875644e-01,3.156738271919670158e-01,-7.096076839671435765e-01,5.441578274968461582e-02,-4.691737512591728221e-01,-2.177266870262432596e-01,-2.177266870262436482e-01,-4.691737512591736547e-01,5.441578274968714157e-02,-7.096076839671469072e-01,3.156738271919667937e-01,-8.888289002333865652e-01,5.714243940330551164e-01
4.024070445186350709e-01,-7.156956373404153027e-01,-1.769758668194826856e-01,-1.769758668195112461e-01,-7.156956373403979832e-01,4.024070445186224143e-01,5.828654307442570071e-01,-8.936586274332152247e-01,3.260083185496567282e-01,-7.130767945182706624e-01,6.759053528439860903e-02,-4.700524627044492254e-01,-2.163179235310231374e-01,-2.163179235310248028e-01,-4.700524627044513903e-01,6.759053528439940006e-02,-7.130767945182687750e-01,3.260083185496613911e-01,-8.936586274332125601e-01,5.828654307442509008e-01
4.217338607803033934e-01,-7.191728954535823171e-01,-1.620589297677100249e-01,-1.620589297677332286e-01,-7.191728954535651086e-01,4.217338607802986195e-01,5.968743262745299649e-01,-8.950125818415787249e-01,3.437487001814845122e-01,-7.142832742681853864e-01,8.668233676769328266e-02,-4.684070040755345943e-01,-2.059712246549239290e-01,-2.059712246549269821e-01,-4.684070040755343722e-01,8.668233676769517004e-02,-7.142832742681881619e-01,3.437487001814861776e-01,-8.950125818415778367e-01,5.968743262745229705e-01
4.347635137077999756e-01,-7.216781644351668579e-01,-1.600290004639285391e-01,-1.600290004639451369e-01,-7.216781644351528691e-01,4.347635137077957568e-01,6.115206581916557971e-01,-9.010062610237148384e-01,3.673463964775836033e-01,-7.157482341157971328e-01,1.051230668694484727e-01,-4.684370521506088236e-01,-1.919733131222269851e-01,-1.919733131222308709e-01,-4.684370521506096563e-01,1.051230668694476400e-01,-7.157482341157965777e-01,3.673463964775870449e-01,-9.010062610237129510e-01,6.115206581916516893e-01
4.415425956304627753e-01,-7.262984058816265298e-01,-1.624286085650485101e-01,-1.624286085650573641e-01,-7.262984058816168709e-01,4.415425956304531163e-01,6.295767346129064190e-01,-9.034706715918212616e-01,3.947225174344173859e-01,-7.163023901728448051e-01,1.268638590043573711e-01,-4.663163467456996614e-01,-1.712804461793815125e-01,-1.712804461793868138e-01,-4.663163467456984956e-01,1.268638590043564551e-01,-7.163023901728455822e-01,3.947225174344182186e-01,-9.034706715918208175e-01,6.295767346129047537e-01
4.473133044168965955e-01,-7.282039647297873231e-01,-1.651898601831484348e-01,-1.651898601831483793e-01,-7.282039647297802176e-01,4.473133044168812744e-01,6.494948283816598389e-01,-9.090949305024131899e-01,4.221629884817619249e-01,-7.178904159282478714e-01,1.483873119049515243e-01,-4.634008194579721795e-01,-1.524814250684410344e-01,-1.524814250684469741e-01,-4.634008194579702367e-01,1.483873119049480827e-01,-7.178904159282487596e-01,4.221629884817603706e-01,-9.090949305024135230e-01,6.494948283816608381e-01
4.583891928325187215e-01,-7.278744504567363771e-01,-1.624475157824876170e-01,-1.624475157824789295e-01,-7.278744504567336016e-01,4.583891928325016241e-01,6.718589414454483322e-01,-9.119617192651618964e-01,4.478424270828429421e-01,-7.199329038255447566e-01,1.697233387121730996e-01,-4.600740944984836323e-01,-1.361139932938205122e-01,-1.361139932938273955e-01,-4.600740944984812453e-01,1.697233387121682979e-01,-7.199329038255425361e-01,4.478424270828428866e-01,-9.119617192651623405e-01,6.718589414454511077e-01
4.761693192411456943e-01,-7.270620989388111299e-01,-1.472355497714802897e-01,-1.472355497714641914e-01,-7.270620989388097977e-01,4.761693192411347586e-01,6.952716199933708374e-01,-9.152075802581601804e-01,4.706069004990458549e-01,-7.233543939463721317e-01,1.912981922707811533e-01,-4.540326258940752258e-01,-1.252310007132408920e-01,-1.252310007132481362e-01,-4.540326258940697857e-01,1.912981922707749638e-01,-7.233543939463747963e-01,4.706069004990420801e-01,-9.152075802581638442e-01,6.952716199933723917e-01
5.023444262174903141e-01,-7.257475254584000446e-01,-1.308690816617124053e-01,-1.308690816616914776e-01,-7.257475254584023761e-01,5.023444262174903141e-01,7.175479307702228304e-01,-9.171592375930401886e-01,4.927795840882918665e-01,-7.264495454136472574e-01,2.087982322370854349e-01,-4.512983986886826004e-01,-1.216462247558258297e-01,-1.216462247558345450e-01,-4.512983986886781596e-01,2.087982322370758870e-01,-7.264495454136435937e-01,4.927795840882933098e-01,-9.171592375930414098e-01,7.175479307702241627e-01
5.318152041386019491e-01,-7.255622279887691262e-01,-1.086497388719375595e-01,-1.086497388719134816e-01,-7.255622279887746773e-01,5.318152041386143836e-01,7.390622612987022277e-01,-9.182058845710737716e-01,5.157693803652162456e-01,-7.296487058326940334e-01,2.275320327278617105e-01,-4.457766367304981658e-01,-1.159367804732973906e-01,-1.159367804733068275e-01,-4.457766367304892285e-01,2.275320327278522459e-01,-7.296487058326958097e-01,5.157693803652146913e-01,-9.182058845710785455e-01,7.390622612987018947e-01
5.612406572593642284e-01,-7.267223453282383172e-01,-9.337385913051186870e-02,-9.337385913048530661e-02,-7.267223453282474210e-01,5.612406572593844345e-01,7.595965834866158506e-01,-9.193110129352377591e-01,5.432650686843734089e-01,-7.314037322824800125e-01,2.451215652798147959e-01,-4.435373130347507464e-01,-1.100816547433914327e-01,-1.100816547434031872e-01,-4.435373130347427528e-01,2.451215652798030276e-01,-7.314037322824783471e-01,5.432650686843737420e-01,-9.193110129352395354e-01,7.595965834866180710e-01
5.895700600947988423e-01,-7.241937488489679220e-01,-7.939378038280012206e-02,-7.939378038276952154e-02,-7.241937488489816888e-01,5.895700600948178272e-01,7.830387905943761995e-01,-9.213622439582016543e-01,5.760371701091016039e-01,-7.314485811846692664e-01,2.690291545556778297e-01,-4.378858155844238542e-01,-9.108416553906203972e-02,-9.108416553907465463e-02,-4.378858155844138067e-01,2.690291545556664499e-01,-7.314485811846670460e-01,5.760371701091022700e-01,-9.213622439582054291e-01,7.830387905943805293e-01
