-1.000000000000000000e+00,-1.000000000000000000e+00,-1.000000000000000000e+00,-1.000000000000000000e+00,-1.000000000000000000e+00,-1.000000000000000000e+00,-1.000000000000000000e+00,-1.000000000000000000e+00,-1.000000000000000000e+00,-1.000000000000000000e+00,-1.000000000000000000e+00,-1.000000000000000000e+00,-1.000000000000000000e+00,-1.000000000000000000e+00,-1.000000000000000000e+00,-1.000000000000000000e+00,-1.000000000000000000e+00,-1.000000000000000000e+00,-1.000000000000000000e+00,-1.000000000000000000e+00
-9.974490201941493828e-01,-9.974499153698022091e-01,-9.974499292021467012e-01,-9.974499303859488686e-01,-9.974499305951807226e-01,-9.974499306495698825e-01,-9.974499306653820119e-01,-9.974499306653820119e-01,-9.974499306495698825e-01,-9.974499305951807226e-01,-9.974499303859487576e-01,-9.974499292021465902e-01,-9.974499153698019871e-01,-9.974490201941493828e-01,-9.974490201665286992e-01,-9.974499152824101156e-01,-9.974499289033624816e-01,-9.974499289033624816e-01,-9.974499152824102266e-01,-9.974490201665286992e-01
-9.904179758199871397e-01,-9.904454228661475623e-01,-9.904463072832960790e-01,-9.904463847108795349e-01,-9.904463985238993740e-01,-9.904464021282348707e-01,-9.904464031777656663e-01,-9.904464031777656663e-01,-9.904464021282348707e-01,-9.904463985238992629e-01,-9.904463847108795349e-01,-9.904463072832960790e-01,-9.904454228661474513e-01,-9.904179758199869177e-01,-9.904179739826520779e-01,-9.904454170692403858e-01,-9.904462875297780355e-01,-9.904462875297780355e-01,-9.904454170692401638e-01,-9.904179739826521889e-01
-9.904517557520604587e-01,-9.905580389130165253e-01,-9.905622504676848683e-01,-9.905626240008067462e-01,-9.905626919304539868e-01,-9.905627098340249459e-01,-9.905627150705046402e-01,-9.905627150705046402e-01,-9.905627098340250569e-01,-9.905626919304536537e-01,-9.905626240008067462e-01,-9.905622504676849793e-01,-9.905580389130163033e-01,-9.904517557520603477e-01,-9.904517465205568971e-01,-9.905580100363524654e-01,-9.905621529450915341e-01,-9.905621529450915341e-01,-9.905580100363525764e-01,-9.904517465205571192e-01
-9.950838741025967993e-01,-9.951566657042876241e-01,-9.951585074853697144e-01,-9.951586771742437776e-01,-9.951587113848465727e-01,-9.951587208257622885e-01,-9.951587236420642579e-01,-9.951587236420642579e-01,-9.951587208257622885e-01,-9.951587113848464616e-01,-9.951586771742438886e-01,-9.951585074853697144e-01,-9.951566657042875130e-01,-9.950838741025966883e-01,-9.950838689392862424e-01,-9.951566502767723588e-01,-9.951584574650311765e-01,-9.951584574650312875e-01,-9.951566502767724698e-01,-9.950838689392862424e-01
-9.884056668292607872e-01,-9.883311453346456110e-01,-9.883270006855591205e-01,-9.883266462014400622e-01,-9.883265799194410617e-01,-9.883265621421940539e-01,-9.883265569033871101e-01,-9.883265569033869991e-01,-9.883265621421939429e-01,-9.883265799194410617e-01,-9.883266462014400622e-01,-9.883270006855591205e-01,-9.883311453346453890e-01,-9.884056668292606762e-01,-9.884056760100358163e-01,-9.883311741263436367e-01,-9.883270964869326214e-01,-9.883270964869326214e-01,-9.883311741263435257e-01,-9.884056760100360384e-01
-9.784462070430774983e-01,-9.786503114878871701e-01,-9.786590627756309724e-01,-9.786598371265239349e-01,-9.786599615993928358e-01,-9.786599923617743668e-01,-9.786600010943476979e-01,-9.786600010943478090e-01,-9.786599923617742558e-01,-9.786599615993928358e-01,-9.786598371265241569e-01,-9.786590627756311944e-01,-9.786503114878870591e-01,-9.784462070430773872e-01,-9.784461922094611630e-01,-9.786502627918248765e-01,-9.786588884318558890e-01,-9.786588884318558890e-01,-9.786502627918248765e-01,-9.784461922094612740e-01
-9.831909663200335547e-01,-9.838320562487563592e-01,-9.838527744186038593e-01,-9.838546134083796524e-01,-9.838549654577913861e-01,-9.838550609055861651e-01,-9.838550891613935256e-01,-9.838550891613936367e-01,-9.838550609055860541e-01,-9.838549654577909420e-01,-9.838546134083796524e-01,-9.838527744186041923e-01,-9.838320562487559151e-01,-9.831909663200333327e-01,-9.831909155007816370e-01,-9.838319011204996745e-01,-9.838522633842646803e-01,-9.838522633842647913e-01,-9.838319011204995634e-01,-9.831909155007817480e-01
-9.884050801139461218e-01,-9.885178082297966240e-01,-9.885090511913795508e-01,-9.885084662283064594e-01,-9.885084096573043544e-01,-9.885084002591958408e-01,-9.885083982318202400e-01,-9.885083982318202400e-01,-9.885084002591960628e-01,-9.885084096573044654e-01,-9.885084662283066814e-01,-9.885090511913795508e-01,-9.885178082297968460e-01,-9.884050801139460107e-01,-9.884050807238237146e-01,-9.885178207467980593e-01,-9.885091205652566382e-01,-9.885091205652565272e-01,-9.885178207467980593e-01,-9.884050807238234926e-01
-9.765397474361298125e-01,-9.761566033203943338e-01,-9.761487149026787380e-01,-9.761481808683926120e-01,-9.761480055537050671e-01,-9.761479485613079321e-01,-9.761479305591540534e-01,-9.761479305591539424e-01,-9.761479485613080431e-01,-9.761480055537054001e-01,-9.761481808683925010e-01,-9.761487149026786270e-01,-9.761566033203946668e-01,-9.765397474361299235e-01,-9.765397808967163362e-01,-9.761566996951972497e-01,-9.761489891734662638e-01,-9.761489891734662638e-01,-9.761566996951971387e-01,-9.765397808967163362e-01
-9.685031037191991210e-01,-9.693979143985108626e-01,-9.694530820489343226e-01,-9.694574155892015099e-01,-9.694580865656139412e-01,-9.694582539554431611e-01,-9.694583016501698847e-01,-9.694583016501698847e-01,-9.694582539554428280e-01,-9.694580865656134971e-01,-9.694574155892015099e-01,-9.694530820489346556e-01,-9.693979143985101965e-01,-9.685031037191988990e-01,-9.685030234605045418e-01,-9.693976489914924999e-01,-9.694521393864692360e-01,-9.694521393864692360e-01,-9.693976489914926109e-01,-9.685030234605046529e-01
-9.786261905377572345e-01,-9.801622444490193375e-01,-9.801842376585142569e-01,-9.801858575925006534e-01,-9.801863696782137092e-01,-9.801865351577597751e-01,-9.801865872504105237e-01,-9.801865872504106347e-01,-9.801865351577597751e-01,-9.801863696782133761e-01,-9.801858575925012085e-01,-9.801842376585147010e-01,-9.801622444490188935e-01,-9.786261905377570125e-01,-9.786260888058807561e-01,-9.801619646460032476e-01,-9.801834387647790914e-01,-9.801834387647790914e-01,-9.801619646460033586e-01,-9.786260888058807561e-01
-9.796063676017254807e-01,-9.791328608248475174e-01,-9.790683153654189397e-01,-9.790647191455131848e-01,-9.790641683742111745e-01,-9.790640216352664016e-01,-9.790639788198503002e-01,-9.790639788198501892e-01,-9.790640216352666236e-01,-9.790641683742113965e-01,-9.790647191455131848e-01,-9.790683153654187176e-01,-9.791328608248478504e-01,-9.796063676017255917e-01,-9.796064339200180049e-01,-9.791330958733293066e-01,-9.790691070749477642e-01,-9.790691070749476532e-01,-9.791330958733293066e-01,-9.796064339200177828e-01
-9.633700562202939244e-01,-9.628056647083269581e-01,-9.628672106627763627e-01,-9.628731163258275050e-01,-9.628735489623025945e-01,-9.628735952375921947e-01,-9.628736009843560373e-01,-9.628736009843560373e-01,-9.628735952375921947e-01,-9.628735489623027055e-01,-9.628731163258271719e-01,-9.628672106627761407e-01,-9.628056647083269581e-01,-9.633700562202940354e-01,-9.633700623432497334e-01,-9.628056171023954279e-01,-9.628667302821136698e-01,-9.628667302821136698e-01,-9.628056171023955390e-01,-9.633700623432497334e-01
-9.621884359762064021e-01,-9.648436570265571666e-01,-9.649990079034662660e-01,-9.650071954102967808e-01,-9.650086284445675844e-01,-9.650090521326799564e-01,-9.650091806522392845e-01,-9.650091806522395066e-01,-9.650090521326799564e-01,-9.650086284445670293e-01,-9.650071954102974470e-01,-9.649990079034671542e-01,-9.648436570265562784e-01,-9.621884359762059580e-01,-9.621882104039761741e-01,-9.648429596956864529e-01,-9.649968614054517113e-01,-9.649968614054516003e-01,-9.648429596956858978e-01,-9.621882104039759520e-01
-9.749593099294804333e-01,-9.768669793116715461e-01,-9.767619573700322411e-01,-9.767532878631581816e-01,-9.767528457905811923e-01,-9.767528281418570435e-01,-9.767528334972136461e-01,-9.767528334972136461e-01,-9.767528281418570435e-01,-9.767528457905809702e-01,-9.767532878631586257e-01,-9.767619573700327962e-01,-9.768669793116711020e-01,-9.749593099294801002e-01,-9.749592609228079354e-01,-9.768669675976460187e-01,-9.767623879455812341e-01,-9.767623879455812341e-01,-9.768669675976456857e-01,-9.749592609228081574e-01
-9.672660673301717305e-01,-9.652124235546772901e-01,-9.651112181176488836e-01,-9.651148991392186627e-01,-9.651146884065389120e-01,-9.651144595238418944e-01,-9.651143762692083738e-01,-9.651143762692082628e-01,-9.651144595238420054e-01,-9.651146884065393561e-01,-9.651148991392182186e-01,-9.651112181176483285e-01,-9.652124235546779563e-01,-9.672660673301720635e-01,-9.672662188589465915e-01,-9.652128437884733847e-01,-9.651118606640429753e-01,-9.651118606640428643e-01,-9.652128437884737178e-01,-9.672662188589464805e-01
-9.515623083150257511e-01,-9.522425905248758093e-01,-9.525960108142010885e-01,-9.526210866858539905e-01,-9.526232424361097406e-01,-9.526237443755012357e-01,-9.526238866039890008e-01,-9.526238866039890008e-01,-9.526237443755010137e-01,-9.526232424361095186e-01,-9.526210866858542126e-01,-9.525960108142011995e-01,-9.522425905248755873e-01,-9.515623083150255290e-01,-9.515621045201306805e-01,-9.522418068420008819e-01,-9.525930544785001786e-01,-9.525930544784998455e-01,-9.522418068420011039e-01,-9.515621045201307915e-01
-9.602169748225437562e-01,-9.653896603694029910e-01,-9.655175928293406873e-01,-9.655050229901434022e-01,-9.655049051296402673e-01,-9.655052740466452121e-01,-9.655054157217749511e-01,-9.655054157217751731e-01,-9.655052740466449901e-01,-9.655049051296393792e-01,-9.655050229901441794e-01,-9.655175928293416865e-01,-9.653896603694017697e-01,-9.602169748225430901e-01,-9.602166770944878804e-01,-9.653889497730068214e-01,-9.655169871813753524e-01,-9.655169871813753524e-01,-9.653889497730063773e-01,-9.602166770944879914e-01
-9.687321966215987068e-01,-9.688390300931136734e-01,-9.683840964856320621e-01,-9.683666034680403767e-01,-9.683657875311938446e-01,-9.683653924906902022e-01,-9.683652565275997492e-01,-9.683652565275997492e-01,-9.683653924906903132e-01,-9.683657875311940666e-01,-9.683666034680400436e-01,-9.683840964856317290e-01,-9.688390300931138954e-01,-9.687321966215989288e-01,-9.687323744763504108e-01,-9.688397057832567327e-01,-9.683856098945233803e-01,-9.683856098945233803e-01,-9.688397057832567327e-01,-9.687323744763504108e-01
-9.519837629327874140e-01,-9.486040166805914664e-01,-9.488356079541724331e-01,-9.488933502731115022e-01,-9.488967345736188941e-01,-9.488969931580323314e-01,-9.488970369166663810e-01,-9.488970369166662699e-01,-9.488969931580323314e-01,-9.488967345736196712e-01,-9.488933502731109471e-01,-9.488356079541717669e-01,-9.486040166805922436e-01,-9.519837629327878581e-01,-9.519837665993826636e-01,-9.486037251363373946e-01,-9.488319232434709871e-01,-9.488319232434709871e-01,-9.486037251363377276e-01,-9.519837665993826636e-01
-9.365791188487403440e-01,-9.414918883396113936e-01,-9.423644584820585202e-01,-9.423834991725731358e-01,-9.423830765986950242e-01,-9.423838815888047060e-01,-9.423842051392610220e-01,-9.423842051392612440e-01,-9.423838815888044840e-01,-9.423830765986945801e-01,-9.423834991725736909e-01,-9.423644584820595194e-01,-9.414918883396105054e-01,-9.365791188487395669e-01,-9.365785805353386007e-01,-9.414903532214108361e-01,-9.423633101248407584e-01,-9.423633101248408694e-01,-9.414903532214103921e-01,-9.365785805353383786e-01
-9.291465383808302780e-01,-9.398471376358326079e-01,-9.395606031531037461e-01,-9.394543852044919818e-01,-9.394494893128051416e-01,-9.394495806527816129e-01,-9.394496398756809752e-01,-9.394496398756813083e-01,-9.394495806527809467e-01,-9.394494893128040314e-01,-9.394543852044927590e-01,-9.395606031531051894e-01,-9.398471376358311646e-01,-9.291465383808292788e-01,-9.291462726239861913e-01,-9.398468073711842008e-01,-9.395651854417020887e-01,-9.395651854417020887e-01,-9.398468073711838677e-01,-9.291462726239859693e-01
-9.095946315789404935e-01,-9.162131251903308238e-01,-9.145155285515651489e-01,-9.144712440824471766e-01,-9.144789372254998883e-01,-9.144790329511336413e-01,-9.144788442730480416e-01,-9.144788442730480416e-01,-9.144790329511345295e-01,-9.144789372254995552e-01,-9.144712440824468436e-01,-9.145155285515645938e-01,-9.162131251903307128e-01,-9.095946315789402714e-01,-9.095948178209438684e-01,-9.162134667679774358e-01,-9.145082036981188045e-01,-9.145082036981189155e-01,-9.162134667679776578e-01,-9.095948178209438684e-01
-8.748955402531742864e-01,-8.778236445357996409e-01,-8.765459868073467442e-01,-8.768001108881851025e-01,-8.768240120397723381e-01,-8.768249823712632729e-01,-8.768251533208739623e-01,-8.768251533208736292e-01,-8.768249823712650493e-01,-8.768240120397734483e-01,-8.768001108881842143e-01,-8.765459868073451899e-01,-8.778236445358007511e-01,-8.748955402531750636e-01,-8.748952680843776752e-01,-8.778224758332140443e-01,-8.765208083489328672e-01,-8.765208083489328672e-01,-8.778224758332147104e-01,-8.748952680843774532e-01
-8.374154733407754847e-01,-8.483142559326368737e-01,-8.489726827228392114e-01,-8.494418427515180170e-01,-8.494458534963393870e-01,-8.494462211341498037e-01,-8.494470443020857298e-01,-8.494470443020851746e-01,-8.494462211341505808e-01,-8.494458534963416074e-01,-8.494418427515173509e-01,-8.489726827228385453e-01,-8.483142559326377619e-01,-8.374154733407759288e-01,-8.374140725056717915e-01,-8.483121368947875718e-01,-8.489662899832441934e-01,-8.489662899832445264e-01,-8.483121368947880159e-01,-8.374140725056717915e-01
-8.063226451057171618e-01,-8.368553839619232715e-01,-8.384541224194532738e-01,-8.386936489615623991e-01,-8.386354467063061868e-01,-8.386350058810397856e-01,-8.386361789961331858e-01,-8.386361789961326307e-01,-8.386350058810381203e-01,-8.386354467063070750e-01,-8.386936489615625101e-01,-8.384541224194550502e-01,-8.368553839619226054e-01,-8.063226451057159405e-01,-8.063204728950981170e-01,-8.368531492814832440e-01,-8.385098010573422966e-01,-8.385098010573424077e-01,-8.368531492814827999e-01,-8.063204728950981170e-01
-7.801621286196422922e-01,-8.327926911075786975e-01,-8.318425464019807425e-01,-8.315078906139328208e-01,-8.314069035689157783e-01,-8.314108316654449382e-01,-8.314118003364621146e-01,-8.314118003364614484e-01,-8.314108316654421627e-01,-8.314069035689136689e-01,-8.315078906139328208e-01,-8.318425464019845172e-01,-8.327926911075765881e-01,-7.801621286196389615e-01,-7.801602307050417018e-01,-8.327868810312486492e-01,-8.319374934513057429e-01,-8.319374934513059650e-01,-8.327868810312476500e-01,-7.801602307050413687e-01
-7.528284703782724963e-01,-8.224136066731776440e-01,-8.147527481107715852e-01,-8.140937589874812641e-01,-8.140477742684396611e-01,-8.140639858337552770e-01,-8.140641400019458240e-01,-8.140641400019452689e-01,-8.140639858337535006e-01,-8.140477742684355533e-01,-8.140937589874801539e-01,-8.147527481107759151e-01,-8.224136066731757566e-01,-7.528284703782686105e-01,-7.528278841199280702e-01,-8.223979761855806370e-01,-8.147825922168656643e-01,-8.147825922168659973e-01,-8.223979761855798598e-01,-7.528278841199275151e-01
-7.188029907371121796e-01,-7.991873946942138485e-01,-7.829202473244103455e-01,-7.830837264925318841e-01,-7.832012295047576789e-01,-7.832275873081471218e-01,-7.832258074397444592e-01,-7.832258074397443481e-01,-7.832275873081488982e-01,-7.832012295047532380e-01,-7.830837264925294416e-01,-7.829202473244141203e-01,-7.991873946942122942e-01,-7.188029907371082938e-01,-7.188046837478535567e-01,-7.991646370015101919e-01,-7.827783910913859167e-01,-7.827783910913859167e-01,-7.991646370015101919e-01,-7.188046837478527795e-01
-6.764624664035838730e-01,-7.648070058401283955e-01,-7.412303949531139358e-01,-7.438002799416251198e-01,-7.440172053453310008e-01,-7.440311612705903244e-01,-7.440265472555098736e-01,-7.440265472555096515e-01,-7.440311612705949873e-01,-7.440172053453286694e-01,-7.438002799416214561e-01,-7.412303949531154901e-01,-7.648070058401288396e-01,-6.764624664035808754e-01,-6.764668158384529173e-01,-7.647984746489739916e-01,-7.410029402943896226e-01,-7.410029402943892896e-01,-7.647984746489744357e-01,-6.764668158384522512e-01
-6.314142656703438661e-01,-7.328458051850748056e-01,-7.040141003722625301e-01,-7.102681343759870147e-01,-7.102260049937403341e-01,-7.102014610473821321e-01,-7.101952585142325969e-01,-7.101952585142315977e-01,-7.102014610473874612e-01,-7.102260049937417774e-01,-7.102681343759826849e-01,-7.040141003722621971e-01,-7.328458051850785804e-01,-6.314142656703424228e-01,-6.314193464420680968e-01,-7.328738889361383624e-01,-7.040889608618042805e-01,-7.040889608618037254e-01,-7.328738889361393616e-01,-6.314193464420676527e-01
-5.886511606331015223e-01,-7.141936442766867454e-01,-6.827073561267638091e-01,-6.929422362646938671e-01,-6.919840005859725363e-01,-6.919436636707323451e-01,-6.919416384377430340e-01,-6.919416384377410356e-01,-6.919436636707350097e-01,-6.919840005859773102e-01,-6.929422362646894262e-01,-6.827073561267622548e-01,-7.141936442766934068e-01,-5.886511606331003010e-01,-5.886501392315592884e-01,-7.142296306385135241e-01,-6.837265180359434202e-01,-6.837265180359424210e-01,-7.142296306385141902e-01,-5.886501392315588443e-01
-5.498287014560259145e-01,-7.083762046038371007e-01,-6.734398499832709994e-01,-6.867512182316327651e-01,-6.842124197859171808e-01,-6.842852744140501819e-01,-6.842910740876062547e-01,-6.842910740876037012e-01,-6.842852744140480725e-01,-6.842124197859233981e-01,-6.867512182316293234e-01,-6.734398499832690010e-01,-7.083762046038452054e-01,-5.498287014560238051e-01,-5.498183731907666516e-01,-7.082954144554028941e-01,-6.759526474273266361e-01,-6.759526474273254149e-01,-7.082954144554030051e-01,-5.498183731907664296e-01
-5.162727883590845224e-01,-7.151680369980076835e-01,-6.720752029926932991e-01,-6.872723551555574018e-01,-6.827036399822792312e-01,-6.831489334354559073e-01,-6.831490912395967730e-01,-6.831490912395946635e-01,-6.831489334354494680e-01,-6.827036399822852264e-01,-6.872723551555558474e-01,-6.720752029926913007e-01,-7.151680369980134566e-01,-5.162727883590798594e-01,-5.162736791167144013e-01,-7.147543998066689941e-01,-6.763001827461190274e-01,-6.763001827461179172e-01,-7.147543998066685500e-01,-5.162736791167141792e-01
-4.819991809585391640e-01,-7.216593709438399173e-01,-6.648169059113516743e-01,-6.813657790550310400e-01,-6.748311735233299968e-01,-6.760022938998779818e-01,-6.759391172326955077e-01,-6.759391172326947306e-01,-6.760022938998682118e-01,-6.748311735233337716e-01,-6.813657790550318172e-01,-6.648169059113503421e-01,-7.216593709438415827e-01,-4.819991809585308928e-01,-4.820847546307005516e-01,-7.206709182791040114e-01,-6.703958483713206018e-01,-6.703958483713193806e-01,-7.206709182791031232e-01,-4.820847546307008846e-01
-4.457571837153674332e-01,-7.223987974820630376e-01,-6.435735395798424241e-01,-6.627626524260545882e-01,-6.546724074892079637e-01,-6.568906931160504170e-01,-6.566463435992759834e-01,-6.566463435992773157e-01,-6.568906931160406470e-01,-6.546724074892087408e-01,-6.627626524260566976e-01,-6.435735395798422021e-01,-7.223987974820620384e-01,-4.457571837153562200e-01,-4.460728524109022208e-01,-7.207022711493814571e-01,-6.498772294481114375e-01,-6.498772294481107714e-01,-7.207022711493804579e-01,-4.460728524109035531e-01
-4.055222878854127244e-01,-7.159499723509346047e-01,-6.114002177005659622e-01,-6.369011102473394192e-01,-6.275854221984120684e-01,-6.310454921777611803e-01,-6.304319019029038795e-01,-6.304319019029072102e-01,-6.310454921777542969e-01,-6.275854221984109582e-01,-6.369011102473421948e-01,-6.114002177005666283e-01,-7.159499723509321623e-01,-4.055222878854006230e-01,-4.062703068983569699e-01,-7.135557130645412416e-01,-6.180542948890452859e-01,-6.180542948890447308e-01,-7.135557130645400203e-01,-4.062703068983589683e-01
-3.630949993458869041e-01,-7.024947742854185107e-01,-5.700613352500070175e-01,-6.066808594692996159e-01,-5.958522518700044568e-01,-6.005185182701595625e-01,-5.993373698420451090e-01,-5.993373698420502160e-01,-6.005185182701571200e-01,-5.958522518700025694e-01,-6.066808594693018364e-01,-5.700613352500083497e-01,-7.024947742854164012e-01,-3.630949993458780778e-01,-3.644802088757538860e-01,-6.996037314268210849e-01,-5.775939848359115114e-01,-5.775939848359111783e-01,-6.996037314268200857e-01,-3.644802088757561620e-01
-3.235810736251034658e-01,-6.926216779659611911e-01,-5.345597676935267550e-01,-5.876003166658865240e-01,-5.736584775545191528e-01,-5.794508978327721493e-01,-5.775381062023519085e-01,-5.775381062023572376e-01,-5.794508978327748139e-01,-5.736584775545174875e-01,-5.876003166658869681e-01,-5.345597676935280873e-01,-6.926216779659599698e-01,-3.235810736251001352e-01,-3.257383584617218886e-01,-6.893578290084725335e-01,-5.449629134204163616e-01,-5.449629134204165837e-01,-6.893578290084717564e-01,-3.257383584617237759e-01
-2.881542176688507984e-01,-6.862554222305146112e-01,-5.070898183716321395e-01,-5.795771039848844897e-01,-5.598899635483087778e-01,-5.668944032972177416e-01,-5.642003474063812529e-01,-5.642003474063848056e-01,-5.668944032972231817e-01,-5.598899635483073345e-01,-5.795771039848836015e-01,-5.070898183716326946e-01,-6.862554222305153884e-01,-2.881542176688539070e-01,-2.910961380424926248e-01,-6.825004848567508553e-01,-5.232790591260594315e-01,-5.232790591260602087e-01,-6.825004848567501892e-01,-2.910961380424936795e-01
-2.608760223202177819e-01,-6.897873158342078259e-01,-4.922751064099298857e-01,-5.852416142775145325e-01,-5.563172922628594197e-01,-5.651809955625779480e-01,-5.617183609398512800e-01,-5.617183609398519462e-01,-5.651809955625856086e-01,-5.563172922628585315e-01,-5.852416142775125341e-01,-4.922751064099295526e-01,-6.897873158342091582e-01,-2.608760223202254980e-01,-2.645592089564685057e-01,-6.848892010887098758e-01,-5.175472408164940585e-01,-5.175472408164958349e-01,-6.848892010887095427e-01,-2.645592089564682836e-01
-2.371509581958163859e-01,-6.972107800247060450e-01,-4.848217691585530731e-01,-5.965575187820294500e-01,-5.551878028277360544e-01,-5.673302230396251034e-01,-5.630689788913492144e-01,-5.630689788913466609e-01,-5.673302230396318757e-01,-5.551878028277352772e-01,-5.965575187820282288e-01,-4.848217691585517963e-01,-6.972107800247069331e-01,-2.371509581958253787e-01,-2.416156263691128236e-01,-6.899920448326198885e-01,-5.212532975801328350e-01,-5.212532975801349444e-01,-6.899920448326197775e-01,-2.416156263691115746e-01
-2.165917470066968942e-01,-7.070738542283718786e-01,-4.768647244284746067e-01,-6.045910593805520206e-01,-5.485298439756447486e-01,-5.660533708217927451e-01,-5.607272653871641088e-01,-5.607272653871588908e-01,-5.660533708217982962e-01,-5.485298439756446376e-01,-6.045910593805526867e-01,-4.768647244284726083e-01,-7.070738542283714345e-01,-2.165917470067042772e-01,-2.222588695997823327e-01,-6.962273255894271262e-01,-5.249371220684435624e-01,-5.249371220684462269e-01,-6.962273255894275703e-01,-2.222588695997804176e-01
-1.927607283290253271e-01,-7.141477990979605561e-01,-4.653685241818540930e-01,-6.068279802276743684e-01,-5.353070093664800133e-01,-5.608427548334904422e-01,-5.537068127042670262e-01,-5.537068127042604759e-01,-5.608427548334933288e-01,-5.353070093664799023e-01,-6.068279802276781432e-01,-4.653685241818519835e-01,-7.141477990979581136e-01,-1.927607283290284357e-01,-2.005459550538565838e-01,-6.983696118280311449e-01,-5.234350334850892406e-01,-5.234350334850916830e-01,-6.983696118280318110e-01,-2.005459550538542524e-01
-1.659479889030575916e-01,-7.171410540039988568e-01,-4.435755039751430040e-01,-5.972357217357380232e-01,-5.113291884894426431e-01,-5.471148028509992267e-01,-5.369426292051018290e-01,-5.369426292050961669e-01,-5.471148028510003369e-01,-5.113291884894427541e-01,-5.972357217357444625e-01,-4.435755039751411166e-01,-7.171410540039959702e-01,-1.659479889030560373e-01,-1.773911918627785744e-01,-6.961122087012497905e-01,-5.089257182443356342e-01,-5.089257182443375216e-01,-6.961122087012510118e-01,-1.773911918627762985e-01
-1.342873586691087362e-01,-7.171705716810952147e-01,-4.185817033952465849e-01,-5.858064411233920854e-01,-4.873309300834701152e-01,-5.349902404071107398e-01,-5.200562245274056306e-01,-5.200562245274031881e-01,-5.349902404071105178e-01,-4.873309300834697266e-01,-5.858064411233996349e-01,-4.185817033952446420e-01,-7.171705716810921061e-01,-1.342873586691023524e-01,-1.510910879291026965e-01,-6.908887754682864202e-01,-4.883844805839093195e-01,-4.883844805839102077e-01,-6.908887754682880855e-01,-1.510910879291005871e-01
-1.015749242793093365e-01,-7.157160938072741896e-01,-3.886992556109178931e-01,-5.706562434173828580e-01,-4.621857566798369676e-01,-5.216677121971495801e-01,-5.003501063259062631e-01,-5.003501063259090387e-01,-5.216677121971489139e-01,-4.621857566798363015e-01,-5.706562434173898524e-01,-3.886992556109154506e-01,-7.157160938072737455e-01,-1.015749242793006213e-01,-1.253218418136778922e-01,-6.854566762777928313e-01,-4.613518620663957792e-01,-4.613518620663951686e-01,-6.854566762777947186e-01,-1.253218418136762269e-01
-6.976243933188258639e-02,-7.161787652106876845e-01,-3.640830879724947788e-01,-5.642836983520658212e-01,-4.469941725904872376e-01,-5.172961037680798846e-01,-4.883564480496739857e-01,-4.883564480496829785e-01,-5.172961037680792185e-01,-4.469941725904866270e-01,-5.642836983520709282e-01,-3.640830879724917812e-01,-7.161787652106899049e-01,-6.976243933187291357e-02,-1.010056176826379798e-01,-6.826596143466545641e-01,-4.400435857655113359e-01,-4.400435857655093930e-01,-6.826596143466568956e-01,-1.010056176826364671e-01
-4.240202240950007029e-02,-7.191805339432213451e-01,-3.414324856613683568e-01,-5.608398080597899460e-01,-4.353411593252349832e-01,-5.141859891274196404e-01,-4.775500339071131473e-01,-4.775500339071281353e-01,-5.141859891274184191e-01,-4.353411593252346501e-01,-5.608398080597927216e-01,-3.414324856613653036e-01,-7.191805339432275623e-01,-4.240202240949164647e-02,-8.065141059092723053e-02,-6.836541831561790961e-01,-4.229866776439498155e-01,-4.229866776439462073e-01,-6.836541831561814275e-01,-8.065141059092574560e-02
-2.018698313240008257e-02,-7.252178589123623453e-01,-3.253868037954263381e-01,-5.665401044193398850e-01,-4.310562122036711297e-01,-5.165798419350188242e-01,-4.731794673653030858e-01,-4.731794673653225147e-01,-5.165798419350173809e-01,-4.310562122036725730e-01,-5.665401044193403290e-01,-3.253868037954232850e-01,-7.252178589123705610e-01,-2.018698313239284184e-02,-6.349153811133793901e-02,-6.874095671182153255e-01,-4.164295672298912177e-01,-4.164295672298866657e-01,-6.874095671182177680e-01,-6.349153811133620429e-02
-2.863411539455955335e-03,-7.330679502048476071e-01,-3.096456122487113993e-01,-5.719292471298449421e-01,-4.246118725337151845e-01,-5.151533632979415911e-01,-4.670953224969396911e-01,-4.670953224969611184e-01,-5.151533632979379274e-01,-4.246118725337191258e-01,-5.719292471298444980e-01,-3.096456122487080131e-01,-7.330679502048575991e-01,-2.863411539450301004e-03,-4.880733159525247472e-02,-6.928875952323385601e-01,-4.135314683231695598e-01,-4.135314683231638977e-01,-6.928875952323410026e-01,-4.880733159525056652e-02
1.161717059344955470e-02,-7.406477625415192056e-01,-2.950244225383099050e-01,-5.798759938215658494e-01,-4.174279027630428685e-01,-5.129755770290909123e-01,-4.625929357294370492e-01,-4.625929357294582545e-01,-5.129755770290854722e-01,-4.174279027630505845e-01,-5.798759938215647392e-01,-2.950244225383064078e-01,-7.406477625415281985e-01,1.161717059345581012e-02,-3.445190856268560281e-02,-6.967629124758867309e-01,-4.145151454197675833e-01,-4.145151454197616991e-01,-6.967629124758892845e-01,-3.445190856268331991e-02
2.576995167493105823e-02,-7.476039802817976421e-01,-2.777358884060046607e-01,-5.840777247714894482e-01,-4.047053083105626725e-01,-5.058937600432118487e-01,-4.554099859178488141e-01,-4.554099859178679099e-01,-5.058937600432026338e-01,-4.047053083105736082e-01,-5.840777247714883380e-01,-2.777358884060013300e-01,-7.476039802818056357e-01,2.576995167493846550e-02,-1.925042598494419027e-02,-6.994930815411998237e-01,-4.125732623659799092e-01,-4.125732623659741360e-01,-6.994930815412023772e-01,-1.925042598494149798e-02
4.136770159871648589e-02,-7.519998523870169427e-01,-2.594666627533893655e-01,-5.883104963221821304e-01,-3.899572519848938379e-01,-4.986985478640615921e-01,-4.490722409333385290e-01,-4.490722409333548493e-01,-4.986985478640503233e-01,-3.899572519849087149e-01,-5.883104963221809092e-01,-2.594666627533866454e-01,-7.519998523870214946e-01,4.136770159872618646e-02,-2.854345758829774076e-03,-6.990424740790673885e-01,-4.087595855289069546e-01,-4.087595855289020141e-01,-6.990424740790700531e-01,-2.854345758826574379e-03
5.962697945845727571e-02,-7.559173120927269451e-01,-2.405712194035176665e-01,-5.907304773266754960e-01,-3.736980345399462666e-01,-4.917218784997189340e-01,-4.426262069589493309e-01,-4.426262069589628756e-01,-4.917218784997035574e-01,-3.736980345399628090e-01,-5.907304773266750519e-01,-2.405712194035156681e-01,-7.559173120927294987e-01,5.962697945846735792e-02,1.401512733008207154e-02,-6.987731773403329516e-01,-4.008382669993706404e-01,-4.008382669993667546e-01,-6.987731773403357272e-01,1.401512733008551670e-02
7.973489385464480050e-02,-7.581787303120637311e-01,-2.226037329333701575e-01,-5.941196537937928346e-01,-3.585682551737483514e-01,-4.877671406334149751e-01,-4.371627125319552665e-01,-4.371627125319673679e-01,-4.877671406333987658e-01,-3.585682551737664481e-01,-5.941196537937926125e-01,-2.226037329333698800e-01,-7.581787303120636201e-01,7.973489385465407087e-02,2.984631316642901919e-02,-6.977344048129531240e-01,-3.924451981603310768e-01,-3.924451981603285788e-01,-6.977344048129557885e-01,2.984631316643262394e-02
1.009210468681449313e-01,-7.618746086465546519e-01,-2.063080606498085001e-01,-5.975830854607768750e-01,-3.456809781876885035e-01,-4.871965176289974608e-01,-4.321461515745454451e-01,-4.321461515745573245e-01,-4.871965176289793087e-01,-3.456809781877056009e-01,-5.975830854607767639e-01,-2.063080606498099434e-01,-7.618746086465539857e-01,1.009210468681503436e-01,4.371319175023718334e-02,-6.994184776998202402e-01,-3.829080013115473413e-01,-3.829080013115463421e-01,-6.994184776998231268e-01,4.371319175024063891e-02
1.210584139597472575e-01,-7.653869201331944261e-01,-1.908494409089199761e-01,-6.009798632708611699e-01,-3.339769385898003207e-01,-4.886280494286857623e-01,-4.257431588777316755e-01,-4.257431588777445541e-01,-4.886280494286705522e-01,-3.339769385898165854e-01,-6.009798632708593935e-01,-1.908494409089238064e-01,-7.653869201331930938e-01,1.210584139597481318e-01,5.516525936877156311e-02,-7.015057958425090501e-01,-3.752201690197115580e-01,-3.752201690197119466e-01,-7.015057958425112705e-01,5.516525936877477582e-02
1.394801086553978386e-01,-7.708349438481620908e-01,-1.759212781331373487e-01,-6.038657206121033072e-01,-3.241498764453034642e-01,-4.923467925076859819e-01,-4.188478702057257808e-01,-4.188478702057405467e-01,-4.923467925076726037e-01,-3.241498764453163983e-01,-6.038657206120994214e-01,-1.759212781331430664e-01,-7.708349438481613136e-01,1.394801086553938418e-01,6.514026314425008790e-02,-7.049790944051579356e-01,-3.662934927076479941e-01,-3.662934927076495484e-01,-7.049790944051601560e-01,6.514026314425264141e-02
1.550566874907858550e-01,-7.757937370476135630e-01,-1.600014248316304899e-01,-6.051045969695223459e-01,-3.131558585840437114e-01,-4.950200468712590562e-01,-4.093413485681262065e-01,-4.093413485681428599e-01,-4.950200468712512292e-01,-3.131558585840543696e-01,-6.051045969695161286e-01,-1.600014248316382615e-01,-7.757937370476117867e-01,1.550566874907794990e-01,7.473496566834135491e-02,-7.061684285815764683e-01,-3.582516021669056583e-01,-3.582516021669077677e-01,-7.061684285815774675e-01,7.473496566834307575e-02
1.684699714948708071e-01,-7.813453872628878250e-01,-1.435805866794301611e-01,-6.062299552766780009e-01,-3.029477830774523484e-01,-4.986379736288473752e-01,-4.008532316465866496e-01,-4.008532316466049683e-01,-4.986379736288417130e-01,-3.029477830774588432e-01,-6.062299552766703403e-01,-1.435805866794392371e-01,-7.813453872628861596e-01,1.684699714948634242e-01,8.483448138517379888e-02,-7.052669449197939144e-01,-3.472913060189704026e-01,-3.472913060189730672e-01,-7.052669449197941365e-01,8.483448138517435400e-02
1.798369483335128249e-01,-7.856218911543229044e-01,-1.268625280373485986e-01,-6.065783621001445969e-01,-2.903517326088229655e-01,-4.994629296791806006e-01,-3.913713534967773189e-01,-3.913713534967965257e-01,-4.994629296791792683e-01,-2.903517326088274064e-01,-6.065783621001363812e-01,-1.268625280373590625e-01,-7.856218911543195738e-01,1.798369483335070518e-01,9.515015580953833929e-02,-7.012742858365375032e-01,-3.390544893179290309e-01,-3.390544893179314734e-01,-7.012742858365361709e-01,9.515015580953772867e-02
1.904010519910068477e-01,-7.895754673068930973e-01,-1.112727735717629618e-01,-6.089965176518271628e-01,-2.788521987305412342e-01,-5.009449161730911149e-01,-3.855119389180685641e-01,-3.855119389180873268e-01,-5.009449161730896716e-01,-2.788521987305426775e-01,-6.089965176518192802e-01,-1.112727735717737032e-01,-7.895754673068894336e-01,1.904010519910028509e-01,1.041903447221217277e-01,-6.966539593085365745e-01,-3.312542974290068609e-01,-3.312542974290091369e-01,-6.966539593085347981e-01,1.041903447221197848e-01
2.005242485237128947e-01,-7.925424220152194055e-01,-9.780187982937793567e-02,-6.121686926113307781e-01,-2.652964105580797316e-01,-4.989698744135113717e-01,-3.797317650312755366e-01,-3.797317650312923010e-01,-4.989698744135113162e-01,-2.652964105580810084e-01,-6.121686926113245608e-01,-9.780187982938889912e-02,-7.925424220152146315e-01,2.005242485237115346e-01,1.107113621377439072e-01,-6.934893199236094041e-01,-3.319800364949425653e-01,-3.319800364949442306e-01,-6.934893199236064065e-01,1.107113621377408125e-01
2.110124415718333535e-01,-7.950955791632439151e-01,-8.627975917704597264e-02,-6.180279292553980675e-01,-2.538401957643632301e-01,-4.978218763675786862e-01,-3.778404510508201475e-01,-3.778404510508338032e-01,-4.978218763675754666e-01,-2.538401957643630080e-01,-6.180279292553938486e-01,-8.627975917705563158e-02,-7.950955791632399183e-01,2.110124415718329094e-01,1.137106876284155466e-01,-6.936496487587492377e-01,-3.351762333410213124e-01,-3.351762333410228112e-01,-6.936496487587463511e-01,1.137106876284113971e-01
2.218577322804168028e-01,-7.973329059765139615e-01,-7.679762200992638899e-02,-6.236739948754403962e-01,-2.411833597124853901e-01,-4.934566887275072533e-01,-3.745793266928101883e-01,-3.745793266928196252e-01,-4.934566887275038116e-01,-2.411833597124872774e-01,-6.236739948754390639e-01,-7.679762200993386911e-02,-7.973329059765101867e-01,2.218577322804166641e-01,1.152094934603484777e-01,-6.973492314431174455e-01,-3.450732851583109273e-01,-3.450732851583119820e-01,-6.973492314431140038e-01,1.152094934603438842e-01
2.329990395668551650e-01,-7.992584447414408100e-01,-6.706309532784726635e-02,-6.300384356620668536e-01,-2.316854943320002524e-01,-4.909696722548142489e-01,-3.733486720501364431e-01,-3.733486720501411060e-01,-4.909696722548070880e-01,-2.316854943320028060e-01,-6.300384356620676307e-01,-6.706309532785015293e-02,-7.992584447414392557e-01,2.329990395668539993e-01,1.170793843311988686e-01,-7.026156538333971913e-01,-3.490379701166599347e-01,-3.490379701166610449e-01,-7.026156538333940826e-01,1.170793843311941640e-01
2.440619624556011336e-01,-8.016635352032340789e-01,-5.750089508817549100e-02,-6.342761073211609091e-01,-2.221507043824922922e-01,-4.867338446573177824e-01,-3.687633138997342686e-01,-3.687633138997344906e-01,-4.867338446573112876e-01,-2.221507043824990646e-01,-6.342761073211641287e-01,-5.750089508817333994e-02,-8.016635352032335238e-01,2.440619624555996903e-01,1.235579027176220979e-01,-7.071303304480162089e-01,-3.496601030360433904e-01,-3.496601030360444451e-01,-7.071303304480132113e-01,1.235579027176179484e-01
2.544135605642935394e-01,-8.041462717148907258e-01,-4.566826764788838033e-02,-6.377854529083826218e-01,-2.166522785736842982e-01,-4.859614384330658288e-01,-3.650940921418263096e-01,-3.650940921418230900e-01,-4.859614384330575021e-01,-2.166522785736919587e-01,-6.377854529083871737e-01,-4.566826764788066428e-02,-8.041462717148928352e-01,2.544135605642914300e-01,1.348884095342314238e-01,-7.087177267839699368e-01,-3.363627505637841741e-01,-3.363627505637855064e-01,-7.087177267839677164e-01,1.348884095342282874e-01
2.640906556885799783e-01,-8.078012531203269120e-01,-3.396714070689687420e-02,-6.390541780978653552e-01,-2.115701675699879214e-01,-4.845594261936804759e-01,-3.580262332687469962e-01,-3.580262332687423332e-01,-4.845594261936753688e-01,-2.115701675699974693e-01,-6.390541780978715725e-01,-3.396714070688550829e-02,-8.078012531203300206e-01,2.640906556885794232e-01,1.516561203253900536e-01,-7.073399453909260393e-01,-3.196798368747855168e-01,-3.196798368747868491e-01,-7.073399453909243739e-01,1.516561203253885548e-01
2.726975326110481213e-01,-8.115314264114866782e-01,-2.049488172808000552e-02,-6.397484816288366849e-01,-2.096013229459669780e-01,-4.865084310518308364e-01,-3.526849116696813558e-01,-3.526849116696770259e-01,-4.865084310518262845e-01,-2.096013229459723348e-01,-6.397484816288434573e-01,-2.049488172806689101e-02,-8.115314264114925624e-01,2.726975326110498421e-01,1.687030820180768775e-01,-7.047278264873220177e-01,-2.973474992410491957e-01,-2.973474992410506390e-01,-7.047278264873215736e-01,1.687030820180770996e-01
2.813210843123233884e-01,-8.160860741954190090e-01,-9.178506823546671300e-03,-6.394224904743537330e-01,-2.063693731705296963e-01,-4.868043141038173593e-01,-3.455406133163554938e-01,-3.455406133163531623e-01,-4.868043141038180810e-01,-2.063693731705316114e-01,-6.394224904743612825e-01,-9.178506823535104164e-03,-8.160860741954255593e-01,2.813210843123301608e-01,1.837419701804158811e-01,-7.030271499266135260e-01,-2.854549792489080584e-01,-2.854549792489093907e-01,-7.030271499266140811e-01,1.837419701804178240e-01
2.897386848061691000e-01,-8.198013895127143069e-01,2.411550598317635172e-03,-6.391538918696656468e-01,-2.035073339706955919e-01,-4.886158381635868353e-01,-3.415940190199391879e-01,-3.415940190199392990e-01,-4.886158381635892223e-01,-2.035073339706889306e-01,-6.391538918696729743e-01,2.411550598326407668e-03,-8.198013895127223005e-01,2.897386848061805353e-01,1.913909881160692217e-01,-7.043850653637350190e-01,-2.803851749152926343e-01,-2.803851749152936335e-01,-7.043850653637366843e-01,1.913909881160725801e-01
2.993294320430606725e-01,-8.233034274719628343e-01,1.008075575902696308e-02,-6.392466732480615033e-01,-1.973083098672428204e-01,-4.875372500705414947e-01,-3.373716183225579091e-01,-3.373716183225600185e-01,-4.875372500705496548e-01,-1.973083098672312741e-01,-6.392466732480693858e-01,1.008075575903184806e-02,-8.233034274719703838e-01,2.993294320430761046e-01,1.935386568408110630e-01,-7.078094059521610193e-01,-2.901938615147526823e-01,-2.901938615147529044e-01,-7.078094059521639059e-01,1.935386568408153929e-01
3.088772682419900772e-01,-8.253346507774084184e-01,1.773366858767336240e-02,-6.397765470728602466e-01,-1.898609305426924299e-01,-4.871832209831958860e-01,-3.366994135515515296e-01,-3.366994135515538611e-01,-4.871832209832051008e-01,-1.898609305426741944e-01,-6.397765470728677961e-01,1.773366858767589510e-02,-8.253346507774167451e-01,3.088772682420061755e-01,1.899145573408889121e-01,-7.128160311929638837e-01,-3.020230364146259117e-01,-3.020230364146246349e-01,-7.128160311929675474e-01,1.899145573408938525e-01
3.190288191326828837e-01,-8.268910254478066824e-01,2.150018519097096625e-02,-6.414335461157235629e-01,-1.795161376905243522e-01,-4.846229464098409379e-01,-3.354724821894678466e-01,-3.354724821894687348e-01,-4.846229464098546491e-01,-1.795161376905053952e-01,-6.414335461157321117e-01,2.150018519097263159e-02,-8.268910254478136768e-01,3.190288191326977607e-01,1.869161458461084391e-01,-7.158290991328128960e-01,-3.154945496526893600e-01,-3.154945496526863624e-01,-7.158290991328173369e-01,1.869161458461137681e-01
3.273500474535853133e-01,-8.275465959191954379e-01,2.680836951557703102e-02,-6.431714273038544594e-01,-1.691316681919522447e-01,-4.834819670605862152e-01,-3.360481645411300677e-01,-3.360481645411272922e-01,-4.834819670605993158e-01,-1.691316681919312059e-01,-6.431714273038631191e-01,2.680836951558104170e-02,-8.275465959192022103e-01,3.273500474535963045e-01,1.856497424380080252e-01,-7.172583818906624886e-01,-3.183360936745704972e-01,-3.183360936745650016e-01,-7.172583818906670405e-01,1.856497424380136319e-01
3.344670930611821635e-01,-8.282282637239049006e-01,2.991567210839151877e-02,-6.458725966937820528e-01,-1.587627402478028193e-01,-4.818640101334156212e-01,-3.344625525095345497e-01,-3.344625525095270002e-01,-4.818640101334310533e-01,-1.587627402477846950e-01,-6.458725966937923779e-01,2.991567210839926605e-02,-8.282282637239100076e-01,3.344670930611888804e-01,1.904692311586911879e-01,-7.150559166096919217e-01,-3.137963163571820813e-01,-3.137963163571743652e-01,-7.150559166096969177e-01,1.904692311586969333e-01
3.382439078751567352e-01,-8.287961425820947747e-01,3.683806996238549181e-02,-6.478993472887206728e-01,-1.507221756263719403e-01,-4.824098092421992279e-01,-3.328730568980887705e-01,-3.328730568980754478e-01,-4.824098092422127726e-01,-1.507221756263542878e-01,-6.478993472887317751e-01,3.683806996239767650e-02,-8.287961425820989936e-01,3.382439078751585115e-01,1.985798812083836018e-01,-7.123804910595523676e-01,-2.999941730192758338e-01,-2.999941730192656197e-01,-7.123804910595571416e-01,1.985798812083894027e-01
3.407570197670874990e-01,-8.296194325016070792e-01,4.298131814031844189e-02,-6.507033606327055075e-01,-1.452019314957714025e-01,-4.837326626657790785e-01,-3.289513951356837218e-01,-3.289513951356649590e-01,-4.837326626657940110e-01,-1.452019314957576634e-01,-6.507033606327190522e-01,4.298131814033330500e-02,-8.296194325016097437e-01,3.407570197670855006e-01,2.098852282529770075e-01,-7.087657331530251570e-01,-2.854622197995798083e-01,-2.854622197995678734e-01,-7.087657331530303750e-01,2.098852282529825031e-01
3.412061755495777726e-01,-8.305185187785106837e-01,5.344517639180627194e-02,-6.526954205564153844e-01,-1.423304538201599079e-01,-4.868501391821336011e-01,-3.251032701106427725e-01,-3.251032701106184586e-01,-4.868501391821468127e-01,-1.423304538201463076e-01,-6.526954205564292621e-01,5.344517639182212038e-02,-8.305185187785125711e-01,3.412061755495732207e-01,2.194598474500364382e-01,-7.074472556188843297e-01,-2.738371579361488783e-01,-2.738371579361351116e-01,-7.074472556188893257e-01,2.194598474500417395e-01
3.428716512114706738e-01,-8.316917075853420549e-01,6.215229724998541649e-02,-6.558939453456075208e-01,-1.413423547907665667e-01,-4.904527934633405861e-01,-3.204670945987869168e-01,-3.204670945987582731e-01,-4.904527934633556296e-01,-1.413423547907548816e-01,-6.558939453456226198e-01,6.215229725000012695e-02,-8.316917075853432761e-01,3.428716512114658999e-01,2.267331512851870623e-01,-7.069525020066291798e-01,-2.684791259704399913e-01,-2.684791259704255584e-01,-7.069525020066349530e-01,2.267331512851920028e-01
3.453274498933039949e-01,-8.330633044337727444e-01,7.304629565412894265e-02,-6.586573658946963672e-01,-1.401364712750227115e-01,-4.938684506047072986e-01,-3.164128173570494029e-01,-3.164128173570172065e-01,-4.938684506047216760e-01,-1.401364712750086672e-01,-6.586573658947105780e-01,7.304629565414136327e-02,-8.330633044337735216e-01,3.453274498933015524e-01,2.296294527270415775e-01,-7.081972629269375208e-01,-2.702675109666654585e-01,-2.702675109666504150e-01,-7.081972629269428499e-01,2.296294527270468233e-01
3.512300577340566887e-01,-8.352024100502408732e-01,7.992552877134610767e-02,-6.628583135341157284e-01,-1.379380652434723797e-01,-4.961284709207988142e-01,-3.125301671588399111e-01,-3.125301671588053831e-01,-4.961284709208154675e-01,-1.379380652434571142e-01,-6.628583135341292731e-01,7.992552877135558620e-02,-8.352024100502415394e-01,3.512300577340581875e-01,2.296557917639917012e-01,-7.089958472392434707e-01,-2.735988918209920628e-01,-2.735988918209774634e-01,-7.089958472392494659e-01,2.296557917639973079e-01
3.591740490969913546e-01,-8.377501984017353687e-01,8.740184674382933672e-02,-6.664591939470837501e-01,-1.322291556381628708e-01,-4.957847408653575094e-01,-3.084882394943226913e-01,-3.084882394942876083e-01,-4.957847408653753840e-01,-1.322291556381441080e-01,-6.664591939470954074e-01,8.740184674383624785e-02,-8.377501984017358128e-01,3.591740490969965727e-01,2.280804659355812891e-01,-7.093887766327333644e-01,-2.793923870317647218e-01,-2.793923870317507330e-01,-7.093887766327386935e-01,2.280804659355876729e-01
3.700677916491932895e-01,-8.413235576028211815e-01,9.162063524457292329e-02,-6.702823214529813889e-01,-1.240438034390677347e-01,-4.932716894115570794e-01,-3.044227086727745446e-01,-3.044227086727400167e-01,-4.932716894115779516e-01,-1.240438034390469041e-01,-6.702823214529920470e-01,9.162063524457844665e-02,-8.413235576028227358e-01,3.700677916492003949e-01,2.264728242528770141e-01,-7.085637628885854689e-01,-2.795621616680347143e-01,-2.795621616680225574e-01,-7.085637628885915751e-01,2.264728242528838975e-01
3.815459638291664457e-01,-8.445205060194729274e-01,9.861576236637198400e-02,-6.722639273857207165e-01,-1.119814215563827986e-01,-4.875956720520605581e-01,-2.992906070729842161e-01,-2.992906070729514645e-01,-4.875956720520835952e-01,-1.119814215563589010e-01,-6.722639273857291542e-01,9.861576236637747961e-02,-8.445205060194753699e-01,3.815459638291743838e-01,2.267065617078933837e-01,-7.067893744592168570e-01,-2.806165263916464148e-01,-2.806165263916359232e-01,-7.067893744592227412e-01,2.267065617079007112e-01
3.930313372711725095e-01,-8.482126132934534324e-01,1.059638672756031685e-01,-6.725195180612806301e-01,-9.970772217614727595e-02,-4.814730777205795120e-01,-2.946738765192414289e-01,-2.946738765192110088e-01,-4.814730777206046031e-01,-9.970772217612085264e-02,-6.725195180612875134e-01,1.059638672756092193e-01,-8.482126132934582063e-01,3.930313372711790043e-01,2.280729400191350842e-01,-7.054398515154450822e-01,-2.759331295012443230e-01,-2.759331295012361074e-01,-7.054398515154517435e-01,2.280729400191423561e-01
4.023153419520540952e-01,-8.503123712020391745e-01,1.175442375921154359e-01,-6.709017957296065093e-01,-8.723288068840132081e-02,-4.749361947221359959e-01,-2.900639098621157763e-01,-2.900639098620881318e-01,-4.749361947221628633e-01,-8.723288068837317666e-02,-6.709017957296122825e-01,1.175442375921224719e-01,-8.503123712020443925e-01,4.023153419520593133e-01,2.318601080937736092e-01,-7.050280912217045115e-01,-2.762113826381319415e-01,-2.762113826381252801e-01,-7.050280912217106177e-01,2.318601080937807424e-01
4.085253957537595126e-01,-8.530063474197179252e-01,1.288162505807189662e-01,-6.680800664240627018e-01,-7.977079836254180600e-02,-4.722461027875346495e-01,-2.884104947314001244e-01,-2.884104947313747003e-01,-4.722461027875610728e-01,-7.977079836251199652e-02,-6.680800664240685860e-01,1.288162505807272651e-01,-8.530063474197249196e-01,4.085253957537627323e-01,2.360177627619985397e-01,-7.073808955575573432e-01,-2.730768478602359495e-01,-2.730768478602310090e-01,-7.073808955575633384e-01,2.360177627620052565e-01
4.113191366205755095e-01,-8.537999197089570780e-01,1.393130778925700808e-01,-6.666021469532197319e-01,-7.683545205785308196e-02,-4.728899082665815046e-01,-2.888520925510736914e-01,-2.888520925510492665e-01,-4.728899082666079279e-01,-7.683545205782464638e-02,-6.666021469532266153e-01,1.393130778925795177e-01,-8.537999197089629622e-01,4.113191366205790622e-01,2.427070008152043823e-01,-7.107999196336414194e-01,-2.747893313721139763e-01,-2.747893313721098130e-01,-7.107999196336460823e-01,2.427070008152104608e-01
4.109015570444118914e-01,-8.563407787934634863e-01,1.440327925983168611e-01,-6.664100227513634067e-01,-8.129804053014390297e-02,-4.793700449434112887e-01,-2.932097941247877593e-01,-2.932097941247632233e-01,-4.793700449434336042e-01,-8.129804053011624454e-02,-6.664100227513726216e-01,1.440327925983276025e-01,-8.563407787934693705e-01,4.109015570444163878e-01,2.500420838465960971e-01,-7.151150538072755802e-01,-2.701960982993694138e-01,-2.701960982993662497e-01,-7.151150538072794660e-01,2.500420838466009266e-01
4.096321222805002771e-01,-8.569262884681121406e-01,1.428177071947358545e-01,-6.704648034127156375e-01,-8.909045587577224534e-02,-4.882538621791914224e-01,-2.980360761504589617e-01,-2.980360761504337597e-01,-4.882538621792118505e-01,-8.909045587574988823e-02,-6.704648034127278500e-01,1.428177071947471510e-01,-8.569262884681159154e-01,4.096321222805070494e-01,2.599728257979063151e-01,-7.174287900613249835e-01,-2.659629203518774632e-01,-2.659629203518746321e-01,-7.174287900613277591e-01,2.599728257979095902e-01
4.084483592532118790e-01,-8.598133612580598495e-01,1.363386084775880247e-01,-6.751458234777670819e-01,-9.815653317010880619e-02,-4.982272462397830948e-01,-3.026236514316158477e-01,-3.026236514315894244e-01,-4.982272462397969170e-01,-9.815653317008904422e-02,-6.751458234777825140e-01,1.363386084776003759e-01,-8.598133612580631802e-01,4.084483592532195950e-01,2.691803940420216534e-01,-7.176739701268332050e-01,-2.552234998885076767e-01,-2.552234998885053452e-01,-7.176739701268350924e-01,2.691803940420232077e-01
4.105282508986071166e-01,-8.595361897175941568e-01,1.287129481251982621e-01,-6.825188833788047305e-01,-1.023726592816294467e-01,-5.044955964744769483e-01,-3.024427889993008822e-01,-3.024427889992743479e-01,-5.044955964744894938e-01,-1.023726592816161934e-01,-6.825188833788223830e-01,1.287129481252115570e-01,-8.595361897175958221e-01,4.105282508986152212e-01,2.771822341579778248e-01,-7.158501832940289411e-01,-2.472019488411339727e-01,-2.472019488411318910e-01,-7.158501832940293852e-01,2.771822341579778803e-01
4.149128426718001750e-01,-8.609741978007285912e-01,1.254440383528088454e-01,-6.859678489806469992e-01,-9.911661597626070241e-02,-5.051166558303705756e-01,-2.976011024819699702e-01,-2.976011024819442130e-01,-5.051166558303776810e-01,-9.911661597624905895e-02,-6.859678489806650958e-01,1.254440383528234171e-01,-8.609741978007313667e-01,4.149128426718056151e-01,2.800668548919572620e-01,-7.134015750171307513e-01,-2.415018503858042676e-01,-2.415018503858025190e-01,-7.134015750171300851e-01,2.800668548919561518e-01
4.226489478953870393e-01,-8.583629635556524473e-01,1.293588529416631050e-01,-6.894013096345140701e-01,-8.747409773492646756e-02,-4.996756896485717858e-01,-2.876855880696502776e-01,-2.876855880696262968e-01,-4.996756896485807231e-01,-8.747409773491959806e-02,-6.894013096345313896e-01,1.293588529416783428e-01,-8.583629635556555559e-01,4.226489478953891488e-01,2.777403828062202651e-01,-7.132207694701153677e-01,-2.445409666011360006e-01,-2.445409666011344463e-01,-7.132207694701138134e-01,2.777403828062182667e-01
4.296829049763513098e-01,-8.580572741553647020e-01,1.423210507222777144e-01,-6.867883315564727864e-01,-7.025315160173185858e-02,-4.899751653909069082e-01,-2.767004104654884333e-01,-2.767004104654675611e-01,-4.899751653909135696e-01,-7.025315160172330986e-02,-6.867883315564877744e-01,1.423210507222936461e-01,-8.580572741553698091e-01,4.296829049763499775e-01,2.709944740538252073e-01,-7.142661893022657082e-01,-2.546011928610109054e-01,-2.546011928610094621e-01,-7.142661893022634878e-01,2.709944740538225982e-01
4.357840750983038580e-01,-8.553522863660913966e-01,1.595450986056786702e-01,-6.861169818481717142e-01,-5.398276933571515696e-02,-4.814875852154498204e-01,-2.686210907018954930e-01,-2.686210907018779515e-01,-4.814875852154606450e-01,-5.398276933570828051e-02,-6.861169818481840377e-01,1.595450986056938525e-01,-8.553522863660971698e-01,4.357840750983015821e-01,2.634361805719107053e-01,-7.183293560943013745e-01,-2.668073205471303555e-01,-2.668073205471291898e-01,-7.183293560942985989e-01,2.634361805719075411e-01
4.373330950224167402e-01,-8.567752528136052259e-01,1.777240521911237214e-01,-6.823668199314542049e-01,-4.238232860593955931e-02,-4.760500343169759008e-01,-2.661579511310301904e-01,-2.661579511310165347e-01,-4.760500343169853377e-01,-4.238232860592811707e-02,-6.823668199314629756e-01,1.777240521911375160e-01,-8.567752528136108880e-01,4.373330950224164626e-01,2.601381263301009161e-01,-7.195397885807905958e-01,-2.763608047650278898e-01,-2.763608047650272792e-01,-7.195397885807879312e-01,2.601381263300976965e-01
4.367937323364616820e-01,-8.576444512994187974e-01,1.895188755277531500e-01,-6.844597326541788096e-01,-4.085794810001640298e-02,-4.784283445030956816e-01,-2.708552293132782118e-01,-2.708552293132676647e-01,-4.784283445031084492e-01,-4.085794810000459298e-02,-6.844597326541850268e-01,1.895188755277632531e-01,-8.576444512994239044e-01,4.367937323364657898e-01,2.628935438166415395e-01,-7.206775566665053478e-01,-2.743342738931506819e-01,-2.743342738931511260e-01,-7.206775566665034605e-01,2.628935438166383198e-01
4.343263739944211999e-01,-8.620410299225215178e-01,1.947965163414813183e-01,-6.850937261249629984e-01,-4.445700989895942645e-02,-4.835169810297884063e-01,-2.777908771674693078e-01,-2.777908771674617583e-01,-4.835169810297987869e-01,-4.445700989894330046e-02,-6.850937261249665511e-01,1.947965163414871193e-01,-8.620410299225250705e-01,4.343263739944306367e-01,2.729474903428179000e-01,-7.163855015608637800e-01,-2.644928952613034845e-01,-2.644928952613049278e-01,-7.163855015608622256e-01,2.729474903428152355e-01
4.345704673410893948e-01,-8.649376012431170269e-01,1.919215855436307572e-01,-6.905531717809744174e-01,-5.284063971512865249e-02,-4.927420608960218495e-01,-2.851429085828544041e-01,-2.851429085828485199e-01,-4.927420608960333959e-01,-5.284063971511276242e-02,-6.905531717809764158e-01,1.919215855436312568e-01,-8.649376012431206906e-01,4.345704673411020513e-01,2.848404788582628022e-01,-7.139760656929152738e-01,-2.456906372468047328e-01,-2.456906372468072308e-01,-7.139760656929146077e-01,2.848404788582611369e-01
4.383643544419562610e-01,-8.681613651359678663e-01,1.868230862254672275e-01,-6.917387731907433945e-01,-5.551482513789500473e-02,-4.966719252053569122e-01,-2.851886621319983384e-01,-2.851886621319931203e-01,-4.966719252053661271e-01,-5.551482513787810158e-02,-6.917387731907438386e-01,1.868230862254637026e-01,-8.681613651359700867e-01,4.383643544419696392e-01,2.958391570385295877e-01,-7.095290626049599592e-01,-2.316723982190846964e-01,-2.316723982190877495e-01,-7.095290626049595151e-01,2.958391570385293101e-01
4.468690536957325987e-01,-8.688384850088225475e-01,1.811531560017867193e-01,-6.942753431891309779e-01,-5.473839956397307666e-02,-4.995965012933774041e-01,-2.809313400933178828e-01,-2.809313400933122207e-01,-4.995965012933863969e-01,-5.473839956395867151e-02,-6.942753431891299787e-01,1.811531560017808073e-01,-8.688384850088259892e-01,4.468690536957420911e-01,2.996152231195410853e-01,-7.104658602154865221e-01,-2.228463165954538416e-01,-2.228463165954573111e-01,-7.104658602154869662e-01,2.996152231195421956e-01
4.574271004435214172e-01,-8.682774353176969662e-01,1.798802974760384532e-01,-6.913250199061511392e-01,-4.471655600822482812e-02,-4.945764993373630847e-01,-2.693398081206465067e-01,-2.693398081206395123e-01,-4.945764993373703011e-01,-4.471655600821341364e-02,-6.913250199061486967e-01,1.798802974760332352e-01,-8.682774353176988535e-01,4.574271004435255250e-01,2.975389997105828410e-01,-7.109196558480527228e-01,-2.279230000826438507e-01,-2.279230000826469593e-01,-7.109196558480535000e-01,2.975389997105850615e-01
4.665729264051794445e-01,-8.673526864460104902e-01,1.814373549224471693e-01,-6.901253903544658508e-01,-3.578174812062637211e-02,-4.916207599681609586e-01,-2.605627290217805703e-01,-2.605627290217712444e-01,-4.916207599681659546e-01,-3.578174812061828830e-02,-6.901253903544627422e-01,1.814373549224443938e-01,-8.673526864460125996e-01,4.665729264051765579e-01,2.896952493322884625e-01,-7.145909774012356719e-01,-2.388169587720292975e-01,-2.388169587720320453e-01,-7.145909774012373372e-01,2.896952493322911271e-01
4.714398338063124361e-01,-8.659214361824389972e-01,1.862567733576250273e-01,-6.866748362465273647e-01,-2.582811013538106881e-02,-4.854790792239119801e-01,-2.526030205873750489e-01,-2.526030205873636136e-01,-4.854790792239161989e-01,-2.582811013537783529e-02,-6.866748362465242561e-01,1.862567733576253048e-01,-8.659214361824377759e-01,4.714398338063052751e-01,2.820572008081650428e-01,-7.152414266924012054e-01,-2.528686327512795762e-01,-2.528686327512811305e-01,-7.152414266924027597e-01,2.820572008081674298e-01
4.698466341512110289e-01,-8.671260556567252920e-01,1.911731182035428800e-01,-6.874020514252358049e-01,-2.558983489713336293e-02,-4.861917073860596572e-01,-2.544626757806204842e-01,-2.544626757806066064e-01,-4.861917073860595462e-01,-2.558983489713260312e-02,-6.874020514252335845e-01,1.911731182035449061e-01,-8.671260556567235156e-01,4.698466341512014255e-01,2.773278548728358439e-01,-7.153307184305935928e-01,-2.611638258435181048e-01,-2.611638258435186599e-01,-7.153307184305961464e-01,2.773278548728376203e-01
4.644873024237397008e-01,-8.672958675560955566e-01,1.960320880457852299e-01,-6.880907639087384675e-01,-2.781037171698990534e-02,-4.853215776784379210e-01,-2.577948620617568909e-01,-2.577948620617414588e-01,-4.853215776784385316e-01,-2.781037171699430460e-02,-6.880907639087378014e-01,1.960320880457872283e-01,-8.672958675560905606e-01,4.644873024237318737e-01,2.782185881290645257e-01,-7.132009896626554379e-01,-2.609135523865487860e-01,-2.609135523865472317e-01,-7.132009896626578804e-01,2.782185881290653584e-01
4.572410901179909670e-01,-8.703878112332431582e-01,2.003456755307918002e-01,-6.916317855022423577e-01,-3.655431062218718330e-02,-4.887668506121463641e-01,-2.663447264054306096e-01,-2.663447264054144004e-01,-4.887668506121427558e-01,-3.655431062219098581e-02,-6.916317855022426908e-01,2.003456755307919113e-01,-8.703878112332372741e-01,4.572410901179855824e-01,2.842234971683206823e-01,-7.112146160796284367e-01,-2.545495169001653624e-01,-2.545495169001621982e-01,-7.112146160796311012e-01,2.842234971683210709e-01
4.540791313252957040e-01,-8.699535139260178296e-01,2.046955108869581430e-01,-6.934966868891556668e-01,-4.059946478223136479e-02,-4.869294439354961979e-01,-2.690048895229140702e-01,-2.690048895228991932e-01,-4.869294439354960868e-01,-4.059946478223751265e-02,-6.934966868891565550e-01,2.046955108869555895e-01,-8.699535139260102801e-01,4.540791313252932060e-01,2.926233430778370503e-01,-7.110340757695070568e-01,-2.427777478958415003e-01,-2.427777478958358937e-01,-7.110340757695088332e-01,2.926233430778376610e-01
4.554225811373536215e-01,-8.714748170976945874e-01,2.094575081388029281e-01,-6.951735112799219962e-01,-4.283193664482119051e-02,-4.852804147710436666e-01,-2.706879324707279211e-01,-2.706879324707157086e-01,-4.852804147710405580e-01,-4.283193664482192603e-02,-6.951735112799216632e-01,2.094575081387980153e-01,-8.714748170976875929e-01,4.554225811373516231e-01,3.018562150249661791e-01,-7.116491982948136563e-01,-2.353615059480527738e-01,-2.353615059480456129e-01,-7.116491982948154327e-01,3.018562150249673448e-01
4.633457574886922781e-01,-8.687826559686093741e-01,2.133922859838837671e-01,-6.945059562573991929e-01,-3.739062954777280789e-02,-4.791177259866342686e-01,-2.655340660214264292e-01,-2.655340660214176585e-01,-4.791177259866370441e-01,-3.739062954777283565e-02,-6.945059562573978607e-01,2.133922859838772723e-01,-8.687826559686037120e-01,4.633457574886894470e-01,3.082585258733400169e-01,-7.154398508528325706e-01,-2.285162550678002669e-01,-2.285162550677911353e-01,-7.154398508528337919e-01,3.082585258733418487e-01
4.729174062209755558e-01,-8.691147443868150191e-01,2.159859509852242176e-01,-6.938080837986770888e-01,-3.124871762664999109e-02,-4.754299949414504955e-01,-2.620268179652388008e-01,-2.620268179652333607e-01,-4.754299949414514947e-01,-3.124871762664242769e-02,-6.938080837986736471e-01,2.159859509852176951e-01,-8.691147443868115774e-01,4.729174062209707818e-01,3.130357434636570346e-01,-7.178872858637425081e-01,-2.301331390653725273e-01,-2.301331390653626463e-01,-7.178872858637443954e-01,3.130357434636592551e-01
4.824010615404751845e-01,-8.671852431162925257e-01,2.158392473591564387e-01,-6.924771847100916755e-01,-2.413799069005097275e-02,-4.733114868865290759e-01,-2.577491933885211473e-01,-2.577491933885193709e-01,-4.733114868865361258e-01,-2.413799069004335385e-02,-6.924771847100873456e-01,2.158392473591505545e-01,-8.671852431162917485e-01,4.824010615404683566e-01,3.144014120577000027e-01,-7.216995322706043492e-01,-2.300635726200769837e-01,-2.300635726200665476e-01,-7.216995322706061256e-01,3.144014120577022786e-01
4.868151072696734194e-01,-8.691529015940235858e-01,2.143110491481165503e-01,-6.924835596297375107e-01,-2.117774508553833118e-02,-4.759161771242150785e-01,-2.577526560845093129e-01,-2.577526560845094239e-01,-4.759161771242199079e-01,-2.117774508552611179e-02,-6.924835596297320706e-01,2.143110491481127755e-01,-8.691529015940239189e-01,4.868151072696674242e-01,3.153738527607091169e-01,-7.215111006181520459e-01,-2.338206308509652165e-01,-2.338206308509552522e-01,-7.215111006181550435e-01,3.153738527607111153e-01
4.867031877242981031e-01,-8.695317202523309419e-01,2.124830437065030608e-01,-6.922322412097459132e-01,-2.086400879264450892e-02,-4.817127472326495630e-01,-2.583440171537479402e-01,-2.583440171537489394e-01,-4.817127472326576676e-01,-2.086400879263452385e-02,-6.922322412097415834e-01,2.124830437065008404e-01,-8.695317202523334954e-01,4.867031877242948834e-01,3.146218795194389295e-01,-7.213923750074474617e-01,-2.333416895014923664e-01,-2.333416895014826520e-01,-7.213923750074504593e-01,3.146218795194409834e-01
4.823761175363826537e-01,-8.719882894648474103e-01,2.127755023653655486e-01,-6.932830129928579943e-01,-2.199218390143932444e-02,-4.878376657697714447e-01,-2.588746870586364213e-01,-2.588746870586360882e-01,-4.878376657697761631e-01,-2.199218390142920754e-02,-6.932830129928542195e-01,2.127755023653653266e-01,-8.719882894648491867e-01,4.823761175363852627e-01,3.138879891372290953e-01,-7.181279155726453256e-01,-2.346039918227192933e-01,-2.346039918227109666e-01,-7.181279155726494334e-01,3.138879891372313713e-01
4.773112183569634959e-01,-8.722911675497662110e-01,2.158827912128896964e-01,-6.931532040270091954e-01,-2.219819240862949683e-02,-4.938118236182778564e-01,-2.576720040656360067e-01,-2.576720040656332311e-01,-4.938118236182830745e-01,-2.219819240862236365e-02,-6.931532040270076411e-01,2.158827912128907234e-01,-8.722911675497692086e-01,4.773112183569703793e-01,3.119203038270749739e-01,-7.163938412722357096e-01,-2.354167740591154856e-01,-2.354167740591081304e-01,-7.163938412722397064e-01,3.119203038270780826e-01
4.744211495473499296e-01,-8.727646772796594510e-01,2.210352637913346741e-01,-6.947287334531857539e-01,-1.877797776224852250e-02,-4.952213277904592426e-01,-2.534967957029193308e-01,-2.534967957029134467e-01,-4.952213277904626287e-01,-1.877797776224343629e-02,-6.947287334531864200e-01,2.210352637913377272e-01,-8.727646772796613384e-01,4.744211495473605877e-01,3.094824441424012251e-01,-7.150043852835813452e-01,-2.377773703212553158e-01,-2.377773703212499590e-01,-7.150043852835861191e-01,3.094824441424051109e-01
4.750577007040370781e-01,-8.720892367133977752e-01,2.269298542218236014e-01,-6.950385254894195786e-01,-1.317650236028047525e-02,-4.961635855736412637e-01,-2.504821068736807765e-01,-2.504821068736716727e-01,-4.961635855736438727e-01,-1.317650236027621824e-02,-6.950385254894229092e-01,2.269298542218278758e-01,-8.720892367134009948e-01,4.750577007040468480e-01,3.076641266392136087e-01,-7.162918108974249964e-01,-2.420299791078242557e-01,-2.420299791078201479e-01,-7.162918108974292153e-01,3.076641266392186047e-01
4.800679884214545945e-01,-8.716844847030749133e-01,2.307413959337235587e-01,-6.983144431174512778e-01,-4.767019280150192051e-03,-4.930038025594464246e-01,-2.469806543230414486e-01,-2.469806543230290141e-01,-4.930038025594496442e-01,-4.767019280147707927e-03,-6.983144431174570510e-01,2.307413959337297482e-01,-8.716844847030771337e-01,4.800679884214616999e-01,3.074744596882104108e-01,-7.187570866681409765e-01,-2.419340263761596554e-01,-2.419340263761575183e-01,-7.187570866681456394e-01,3.074744596882160730e-01
4.866929383590035130e-01,-8.723911305427350937e-01,2.333119658078469660e-01,-6.998061886740878368e-01,2.343900024367202156e-03,-4.922360997174801689e-01,-2.484934021977798779e-01,-2.484934021977645568e-01,-4.922360997174807795e-01,2.343900024372042035e-03,-6.998061886740951643e-01,2.333119658078545711e-01,-8.723911305427385354e-01,4.866929383590055114e-01,3.116103083788623329e-01,-7.206937454196478132e-01,-2.406830229279726119e-01,-2.406830229279712796e-01,-7.206937454196518100e-01,3.116103083788680506e-01
4.948627543821667585e-01,-8.736070166484077859e-01,2.343509118971519867e-01,-7.038956917102081601e-01,9.282127766439551841e-03,-4.888553436168371347e-01,-2.483244599924005480e-01,-2.483244599923826734e-01,-4.888553436168406874e-01,9.282127766442493932e-03,-7.038956917102173749e-01,2.343509118971620342e-01,-8.736070166484100064e-01,4.948627543821652042e-01,3.188725514905911274e-01,-7.206832597798091822e-01,-2.295118036561424324e-01,-2.295118036561420438e-01,-7.206832597798130680e-01,3.188725514905956793e-01
5.020668487487298659e-01,-8.760629626512845824e-01,2.390249996828856249e-01,-7.038246389309074091e-01,1.398807520413251210e-02,-4.876942184939427882e-01,-2.495539546029172939e-01,-2.495539546028977540e-01,-4.876942184939441205e-01,1.398807520414021427e-02,-7.038246389309166240e-01,2.390249996828976986e-01,-8.760629626512865809e-01,5.020668487487254250e-01,3.297963394627759781e-01,-7.172682651212237692e-01,-2.195023146234062472e-01,-2.195023146234058031e-01,-7.172682651212265448e-01,3.297963394627788092e-01
5.099904016442329269e-01,-8.779299159434615918e-01,2.472401782611491350e-01,-7.050971632536038314e-01,1.855723653805708973e-02,-4.834853075576678871e-01,-2.438607788630711704e-01,-2.438607788630510753e-01,-4.834853075576756587e-01,1.855723653806297391e-02,-7.050971632536140454e-01,2.472401782611622356e-01,-8.779299159434630351e-01,5.099904016442281529e-01,3.391926318720027700e-01,-7.124048507668717667e-01,-2.055146820102480010e-01,-2.055146820102477512e-01,-7.124048507668738761e-01,3.391926318720035471e-01
5.170162347321982654e-01,-8.798613682517892887e-01,2.614559714697934911e-01,-7.017469088361738550e-01,2.229176878172225984e-02,-4.802737920388778781e-01,-2.370412299151430369e-01,-2.370412299151229418e-01,-4.802737920388852055e-01,2.229176878173512455e-02,-7.017469088361832918e-01,2.614559714698065918e-01,-8.798613682517897328e-01,5.170162347321951568e-01,3.451141586781336645e-01,-7.084213398856407107e-01,-2.030317866158968254e-01,-2.030317866158964091e-01,-7.084213398856409327e-01,3.451141586781324433e-01
5.248051798049480077e-01,-8.814575245754479038e-01,2.764907782257609026e-01,-7.013041440359479850e-01,2.510180797788726104e-02,-4.759221313236833284e-01,-2.258565177210569430e-01,-2.258565177210380692e-01,-4.759221313236998707e-01,2.510180797790009105e-02,-7.013041440359581991e-01,2.764907782257717273e-01,-8.814575245754487920e-01,5.248051798049477856e-01,3.445799684893849912e-01,-7.070689746860027158e-01,-2.047347480739355463e-01,-2.047347480739356573e-01,-7.070689746860014946e-01,3.445799684893820491e-01
5.325225626260278178e-01,-8.823768795856847813e-01,2.913792990643203629e-01,-6.988250208746986658e-01,2.831836979462107329e-02,-4.728483094359303696e-01,-2.182339778219930804e-01,-2.182339778219753168e-01,-4.728483094359480221e-01,2.831836979464315285e-02,-6.988250208747064374e-01,2.913792990643286895e-01,-8.823768795856845593e-01,5.325225626260319256e-01,3.403883146987116137e-01,-7.101622288587516874e-01,-2.160610589169171813e-01,-2.160610589169177642e-01,-7.101622288587489118e-01,3.403883146987071728e-01
5.409120983433073349e-01,-8.844462752307680198e-01,3.008501379941523335e-01,-7.011061379255048021e-01,3.017479346404881163e-02,-4.712527374592870300e-01,-2.132841171323111573e-01,-2.132841171322945040e-01,-4.712527374593128426e-01,3.017479346407259816e-02,-7.011061379255131287e-01,3.008501379941571074e-01,-8.844462752307700182e-01,5.409120983433135521e-01,3.378585316053978049e-01,-7.131320703626115032e-01,-2.241069974216708394e-01,-2.241069974216730321e-01,-7.131320703626075064e-01,3.378585316053924203e-01
5.502810594488987128e-01,-8.849156280842204181e-01,3.069735392996555956e-01,-7.024658978638427254e-01,3.577627969416690562e-02,-4.698205365499634745e-01,-2.134959540153916757e-01,-2.134959540153745783e-01,-4.698205365499905639e-01,3.577627969419822085e-02,-7.024658978638482765e-01,3.069735392996602585e-01,-8.849156280842219724e-01,5.502810594489059293e-01,3.417473229939635981e-01,-7.175853946489889612e-01,-2.251047235535852398e-01,-2.251047235535886815e-01,-7.175853946489832991e-01,3.417473229939571588e-01
5.599400597429082804e-01,-8.882444455927389626e-01,3.100372875391536609e-01,-7.071021236167728263e-01,4.168573870700592598e-02,-4.704614261075500958e-01,-2.165971944894267698e-01,-2.165971944894073409e-01,-4.704614261075806270e-01,4.168573870703904533e-02,-7.071021236167799318e-01,3.100372875391587679e-01,-8.882444455927430704e-01,5.599400597429130544e-01,3.564501184983333570e-01,-7.167128785002960800e-01,-2.151662826235617720e-01,-2.151662826235671289e-01,-7.167128785002894187e-01,3.564501184983255300e-01
5.714243940330649973e-01,-8.888289002333874533e-01,3.156738271919730110e-01,-7.096076839671496828e-01,5.441578274967672629e-02,-4.691737512591658277e-01,-2.177266870262562493e-01,-2.177266870262324905e-01,-4.691737512591961923e-01,5.441578274971196200e-02,-7.096076839671547898e-01,3.156738271919817262e-01,-8.888289002333907840e-01,5.714243940330677729e-01,3.777127710118957093e-01,-7.177256882313127750e-01,-1.951385645143930980e-01,-1.951385645144003700e-01,-7.177256882313050035e-01,3.777127710118862169e-01
5.828654307442633353e-01,-8.936586274332143365e-01,3.260083185496612801e-01,-7.130767945182736600e-01,6.759053528438956071e-02,-4.700524627044424530e-01,-2.163179235310394022e-01,-2.163179235310097592e-01,-4.700524627044709303e-01,6.759053528442598990e-02,-7.130767945182823198e-01,3.260083185496731595e-01,-8.936586274332183333e-01,5.828654307442631133e-01,4.024070445186305189e-01,-7.156956373404028682e-01,-1.769758668194945928e-01,-1.769758668195045570e-01,-7.156956373403944305e-01,4.024070445186196388e-01
5.968743262745364042e-01,-8.950125818415792800e-01,3.437487001814869547e-01,-7.142832742681890501e-01,8.668233676768484497e-02,-4.684070040755257125e-01,-2.059712246549447456e-01,-2.059712246549079973e-01,-4.684070040755560771e-01,8.668233676771766594e-02,-7.142832742681980429e-01,3.437487001815027199e-01,-8.950125818415821666e-01,5.968743262745358491e-01,4.217338607803031714e-01,-7.191728954535675511e-01,-1.620589297677156870e-01,-1.620589297677282881e-01,-7.191728954535584473e-01,4.217338607802910699e-01
6.115206581916622364e-01,-9.010062610237187242e-01,3.673463964775863233e-01,-7.157482341158002415e-01,1.051230668694364268e-01,-4.684370521506037721e-01,-1.919733131222513822e-01,-1.919733131222077505e-01,-4.684370521506296958e-01,1.051230668694703996e-01,-7.157482341158131200e-01,3.673463964776036428e-01,-9.010062610237208336e-01,6.115206581916631245e-01,4.347635137077952017e-01,-7.216781644351617508e-01,-1.600290004639265684e-01,-1.600290004639421948e-01,-7.216781644351526470e-01,4.347635137077825451e-01
6.295767346129106379e-01,-9.034706715918252584e-01,3.947225174344195509e-01,-7.163023901728475806e-01,1.268638590043468239e-01,-4.663163467456897804e-01,-1.712804461794081579e-01,-1.712804461793585309e-01,-4.663163467457200895e-01,1.268638590043755232e-01,-7.163023901728615694e-01,3.947225174344374254e-01,-9.034706715918268127e-01,6.295767346129135245e-01,4.415425956304545041e-01,-7.262984058816226440e-01,-1.624286085650436529e-01,-1.624286085650621103e-01,-7.262984058816130961e-01,4.415425956304420141e-01
6.494948283816615042e-01,-9.090949305024179639e-01,4.221629884817638123e-01,-7.178904159282483155e-01,1.483873119049365363e-01,-4.634008194579642970e-01,-1.524814250684710104e-01,-1.524814250684162764e-01,-4.634008194579909423e-01,1.483873119049677336e-01,-7.178904159282657460e-01,4.221629884817819089e-01,-9.090949305024179639e-01,6.494948283816668333e-01,4.473133044168867700e-01,-7.282039647297863239e-01,-1.651898601831306435e-01,-1.651898601831519042e-01,-7.282039647297764429e-01,4.473133044168744465e-01
6.718589414454509967e-01,-9.119617192651653381e-01,4.478424270828458842e-01,-7.199329038255448676e-01,1.697233387121600545e-01,-4.600740944984709202e-01,-1.361139932938512931e-01,-1.361139932937932284e-01,-4.600740944985016179e-01,1.697233387121886150e-01,-7.199329038255634083e-01,4.478424270828633147e-01,-9.119617192651668924e-01,6.718589414454554376e-01,4.583891928325127818e-01,-7.278744504567401519e-01,-1.624475157824737948e-01,-1.624475157824977201e-01,-7.278744504567289386e-01,4.583891928325003473e-01
6.952716199933750563e-01,-9.152075802581642883e-01,4.706069004990472981e-01,-7.233543939463717987e-01,1.912981922707668314e-01,-4.540326258940620696e-01,-1.252310007132744207e-01,-1.252310007132152458e-01,-4.540326258940923787e-01,1.912981922707967797e-01,-7.233543939463916717e-01,4.706069004990670601e-01,-9.152075802581647324e-01,6.952716199933777208e-01,4.761693192411514675e-01,-7.270620989388133504e-01,-1.472355497714567252e-01,-1.472355497714828709e-01,-7.270620989388014710e-01,4.761693192411385889e-01
7.175479307702283815e-01,-9.171592375930416319e-01,4.927795840882917000e-01,-7.264495454136450370e-01,2.087982322370702526e-01,-4.512983986886672794e-01,-1.216462247558595666e-01,-1.216462247558006138e-01,-4.512983986886981436e-01,2.087982322371026711e-01,-7.264495454136659092e-01,4.927795840883138490e-01,-9.171592375930437413e-01,7.175479307702273823e-01,5.023444262175028596e-01,-7.257475254584099256e-01,-1.308690816616899233e-01,-1.308690816617182340e-01,-7.257475254583972690e-01,5.023444262174887598e-01
7.390622612987060025e-01,-9.182058845710743267e-01,5.157693803652123599e-01,-7.296487058326902586e-01,2.275320327278482213e-01,-4.457766367304777932e-01,-1.159367804733310026e-01,-1.159367804732748253e-01,-4.457766367305137645e-01,2.275320327278792798e-01,-7.296487058327123520e-01,5.157693803652375619e-01,-9.182058845710767692e-01,7.390622612987044482e-01,5.318152041386228213e-01,-7.255622279887787851e-01,-1.086497388719116636e-01,-1.086497388719420698e-01,-7.255622279887652404e-01,5.318152041386081663e-01
7.595965834866158506e-01,-9.193110129352375370e-01,5.432650686843664145e-01,-7.314037322824749054e-01,2.451215652797938960e-01,-4.435373130347340931e-01,-1.100816547434251558e-01,-1.100816547433716430e-01,-4.435373130347673998e-01,2.451215652798331979e-01,-7.314037322824974430e-01,5.432650686843926158e-01,-9.193110129352405346e-01,7.595965834866167388e-01,5.612406572593845455e-01,-7.267223453282548595e-01,-9.337385913047692443e-02,-9.337385913050821884e-02,-7.267223453282405377e-01,5.612406572593698906e-01
7.830387905943724247e-01,-9.213622439582003221e-01,5.760371701090932772e-01,-7.314485811846607177e-01,2.690291545556568464e-01,-4.378858155844014277e-01,-9.108416553909264024e-02,-9.108416553904301327e-02,-4.378858155844430611e-01,2.690291545556963149e-01,-7.314485811846861418e-01,5.760371701091172580e-01,-9.213622439582055401e-01,7.830387905943773097e-01,5.895700600948152736e-01,-7.241937488489903485e-01,-7.939378038277147831e-02,-7.939378038280292538e-02,-7.241937488489758046e-01,5.895700600948015069e-01
