-1.000000000000000000e+00,-1.000000000000000000e+00,-1.000000000000000000e+00,-1.000000000000000000e+00,-1.000000000000000000e+00,-1.000000000000000000e+00,-1.000000000000000000e+00,-1.000000000000000000e+00,-1.000000000000000000e+00,-1.000000000000000000e+00,-1.000000000000000000e+00,-1.000000000000000000e+00,-1.000000000000000000e+00,-1.000000000000000000e+00,-1.000000000000000000e+00,-1.000000000000000000e+00,-1.000000000000000000e+00,-1.000000000000000000e+00,-1.000000000000000000e+00,-1.000000000000000000e+00
-9.974490201995340755e-01,-9.974499153719610378e-01,-9.974499292021458130e-01,-9.974499303837883746e-01,-9.974499305897963630e-01,-9.974499306377612173e-01,-9.974499306377613284e-01,-9.974499305897963630e-01,-9.974499303837883746e-01,-9.974499292021459240e-01,-9.974499153719611488e-01,-9.974490201995342975e-01,-9.974490201941504930e-01,-9.974499153579936550e-01,-9.974499291691423242e-01,-9.974499302963955039e-01,-9.974499302963955039e-01,-9.974499291691422131e-01,-9.974499153579935440e-01,-9.974490201941503820e-01
-9.904179761792816228e-01,-9.904454230098321821e-01,-9.904463072832927484e-01,-9.904463845672105693e-01,-9.904463981658651051e-01,-9.904464013433265102e-01,-9.904464013433266212e-01,-9.904463981658651051e-01,-9.904463845672106803e-01,-9.904463072832929704e-01,-9.904454230098320711e-01,-9.904179761792815118e-01,-9.904179758206862472e-01,-9.904454220812479726e-01,-9.904463050908263178e-01,-9.904463787704105293e-01,-9.904463787704106403e-01,-9.904463050908265398e-01,-9.904454220812480836e-01,-9.904179758206860251e-01
-9.904517575714812949e-01,-9.905580396350029959e-01,-9.905622504677346063e-01,-9.905626232795504693e-01,-9.905626901341660906e-01,-9.905627059012163116e-01,-9.905627059012164226e-01,-9.905626901341660906e-01,-9.905626232795503583e-01,-9.905622504677346063e-01,-9.905580396350031069e-01,-9.904517575714811839e-01,-9.904517557630049263e-01,-9.905580349797299400e-01,-9.905622395018832682e-01,-9.905625944102592895e-01,-9.905625944102594005e-01,-9.905622395018832682e-01,-9.905580349797300510e-01,-9.904517557630047042e-01
-9.950838751604678123e-01,-9.951566661047602791e-01,-9.951585074854801816e-01,-9.951586767755270513e-01,-9.951587103947191482e-01,-9.951587186704914378e-01,-9.951587186704914378e-01,-9.951587103947190371e-01,-9.951586767755270513e-01,-9.951585074854800705e-01,-9.951566661047602791e-01,-9.950838751604678123e-01,-9.950838741325904735e-01,-9.951566635467512523e-01,-9.951585015228456843e-01,-9.951586613724032748e-01,-9.951586613724032748e-01,-9.951585015228457953e-01,-9.951566635467510302e-01,-9.950838741325901404e-01
-9.884056649969692465e-01,-9.883311446041957993e-01,-9.883270006853951406e-01,-9.883266469301144053e-01,-9.883265817324392577e-01,-9.883265661035283145e-01,-9.883265661035280925e-01,-9.883265817324390357e-01,-9.883266469301140722e-01,-9.883270006853950296e-01,-9.883311446041955772e-01,-9.884056649969693575e-01,-9.884056668059372219e-01,-9.883311492944844012e-01,-9.883270116985871656e-01,-9.883266757205162456e-01,-9.883266757205163566e-01,-9.883270116985872766e-01,-9.883311492944846233e-01,-9.884056668059374440e-01
-9.784462097666115632e-01,-9.786503126331079772e-01,-9.786590627752695948e-01,-9.786598359768169386e-01,-9.786599587218656193e-01,-9.786599859998631468e-01,-9.786599859998632578e-01,-9.786599587218653973e-01,-9.786598359768171607e-01,-9.786590627752695948e-01,-9.786503126331079772e-01,-9.784462097666111191e-01,-9.784462069407536822e-01,-9.786503051277681831e-01,-9.786590448047779445e-01,-9.786597872432913903e-01,-9.786597872432913903e-01,-9.786590448047778334e-01,-9.786503051277680720e-01,-9.784462069407534601e-01
-9.831909765319895023e-01,-9.838320602158800998e-01,-9.838527744195713076e-01,-9.838546094553973775e-01,-9.838549556283948672e-01,-9.838550394543316147e-01,-9.838550394543317257e-01,-9.838549556283950892e-01,-9.838546094553979326e-01,-9.838527744195716407e-01,-9.838320602158803219e-01,-9.831909765319890582e-01,-9.831909664837737983e-01,-9.838320347881335248e-01,-9.838527148777413966e-01,-9.838544544682924498e-01,-9.838544544682924498e-01,-9.838527148777413966e-01,-9.838320347881336358e-01,-9.831909664837734653e-01
-9.884050805980109100e-01,-9.885178081139673889e-01,-9.885090511921802436e-01,-9.885084663566625629e-01,-9.885084100182911504e-01,-9.885084012269564901e-01,-9.885084012269563791e-01,-9.885084100182911504e-01,-9.885084663566625629e-01,-9.885090511921801326e-01,-9.885178081139672779e-01,-9.884050805980107990e-01,-9.884050804823568681e-01,-9.885178091717672366e-01,-9.885090545391690409e-01,-9.885084791054565834e-01,-9.885084791054564723e-01,-9.885090545391689298e-01,-9.885178091717671256e-01,-9.884050804823566461e-01
-9.765397399945284773e-01,-9.761566005527707590e-01,-9.761487148997651797e-01,-9.761481835944192387e-01,-9.761480122795099801e-01,-9.761479630049417766e-01,-9.761479630049417766e-01,-9.761480122795100911e-01,-9.761481835944187946e-01,-9.761487148997648466e-01,-9.761566005527705370e-01,-9.765397399945288104e-01,-9.765397469144382336e-01,-9.761566177585390136e-01,-9.761487540789974826e-01,-9.761482797620936180e-01,-9.761482797620940621e-01,-9.761487540789974826e-01,-9.761566177585389026e-01,-9.765397469144385667e-01
-9.685031181847688631e-01,-9.693979206590891406e-01,-9.694530820489470901e-01,-9.694574093307709584e-01,-9.694580708886306741e-01,-9.694582192545447841e-01,-9.694582192545450061e-01,-9.694580708886306741e-01,-9.694574093307716245e-01,-9.694530820489474232e-01,-9.693979206590893627e-01,-9.685031181847685300e-01,-9.685031029410338110e-01,-9.693978797095605948e-01,-9.694529839810896998e-01,-9.694571438723906809e-01,-9.694571438723905699e-01,-9.694529839810894778e-01,-9.693978797095609279e-01,-9.685031029410332559e-01
-9.786262129185786529e-01,-9.801622524291898619e-01,-9.801842376660486744e-01,-9.801858497395110614e-01,-9.801863502950878271e-01,-9.801864934952072561e-01,-9.801864934952072561e-01,-9.801863502950878271e-01,-9.801858497395117276e-01,-9.801842376660490075e-01,-9.801622524291901950e-01,-9.786262129185778758e-01,-9.786261919476282323e-01,-9.801622027184322405e-01,-9.801841244893549909e-01,-9.801855711009278549e-01,-9.801855711009277439e-01,-9.801841244893552130e-01,-9.801622027184324626e-01,-9.786261919476277882e-01
-9.796063559545863386e-01,-9.791328550466131819e-01,-9.790683153596587696e-01,-9.790647248435034866e-01,-9.790641826399939518e-01,-9.790640531460698126e-01,-9.790640531460699236e-01,-9.790641826399939518e-01,-9.790647248435030425e-01,-9.790683153596584365e-01,-9.791328550466130709e-01,-9.796063559545864496e-01,-9.796063685613720651e-01,-9.791328922196811391e-01,-9.790684039420477491e-01,-9.790649601632730459e-01,-9.790649601632730459e-01,-9.790684039420474161e-01,-9.791328922196812501e-01,-9.796063685613719541e-01
-9.633700490927612492e-01,-9.628056636840994775e-01,-9.628672106522800922e-01,-9.628731171215055840e-01,-9.628735505133374506e-01,-9.628735967701159693e-01,-9.628735967701158582e-01,-9.628735505133376726e-01,-9.628731171215052509e-01,-9.628672106522800922e-01,-9.628056636840994775e-01,-9.633700490927618043e-01,-9.633700526696615807e-01,-9.628056662492185946e-01,-9.628672080385969334e-01,-9.628730682103889826e-01,-9.628730682103887606e-01,-9.628672080385964893e-01,-9.628056662492184836e-01,-9.633700526696618027e-01
-9.621884797673961875e-01,-9.648436754013522965e-01,-9.649990079282011468e-01,-9.650071774150874582e-01,-9.650085836377120252e-01,-9.650089542257165309e-01,-9.650089542257164199e-01,-9.650085836377121362e-01,-9.650071774150885684e-01,-9.649990079282018129e-01,-9.648436754013525185e-01,-9.621884797673951883e-01,-9.621884351985823258e-01,-9.648435590996785605e-01,-9.649987366387735577e-01,-9.650064824767967675e-01,-9.650064824767968785e-01,-9.649987366387736687e-01,-9.648435590996786715e-01,-9.621884351985815487e-01
-9.749593294919260966e-01,-9.768669827687616047e-01,-9.767619573744866779e-01,-9.767532847325592904e-01,-9.767528386751245240e-01,-9.767528154414277797e-01,-9.767528154414276687e-01,-9.767528386751245240e-01,-9.767532847325597345e-01,-9.767619573744868999e-01,-9.768669827687617158e-01,-9.749593294919255415e-01,-9.749593160250094037e-01,-9.768669662513994600e-01,-9.767619321137339661e-01,-9.767532771488843801e-01,-9.767532771488842691e-01,-9.767619321137338551e-01,-9.768669662513996821e-01,-9.749593160250087376e-01
-9.672660320519945731e-01,-9.652124088573426075e-01,-9.651112180681238328e-01,-9.651149128962732693e-01,-9.651147221413047816e-01,-9.651145308965618508e-01,-9.651145308965619618e-01,-9.651147221413046706e-01,-9.651149128962723811e-01,-9.651112180681231667e-01,-9.652124088573423855e-01,-9.672660320519954613e-01,-9.672660648148284634e-01,-9.652124945634388276e-01,-9.651114065442659706e-01,-9.651153301729215039e-01,-9.651153301729215039e-01,-9.651114065442657486e-01,-9.652124945634387165e-01,-9.672660648148291296e-01
-9.515623333643208337e-01,-9.522426072093252980e-01,-9.525960108651799763e-01,-9.526210700330787207e-01,-9.526231999618597346e-01,-9.526236474697512557e-01,-9.526236474697513668e-01,-9.526231999618599566e-01,-9.526210700330792758e-01,-9.525960108651805314e-01,-9.522426072093254090e-01,-9.515623333643208337e-01,-9.515622980337324899e-01,-9.522424936762381442e-01,-9.525957292536154641e-01,-9.526202865268157405e-01,-9.526202865268156295e-01,-9.525957292536155752e-01,-9.522424936762379222e-01,-9.515622980337321568e-01
-9.602170486741581357e-01,-9.653896869738199937e-01,-9.655175929150939806e-01,-9.655049984297212617e-01,-9.655048452201575593e-01,-9.655051485683463497e-01,-9.655051485683462387e-01,-9.655048452201575593e-01,-9.655049984297225940e-01,-9.655175929150948688e-01,-9.653896869738203268e-01,-9.602170486741565814e-01,-9.602169826010608089e-01,-9.653895344025749115e-01,-9.655172655609999266e-01,-9.655043023384625167e-01,-9.655043023384624057e-01,-9.655172655610003707e-01,-9.653895344025753555e-01,-9.602169826010598097e-01
-9.687321742086135723e-01,-9.688390108454532079e-01,-9.683840963342691399e-01,-9.683666216582405006e-01,-9.683658333686354647e-01,-9.683654943812243232e-01,-9.683654943812243232e-01,-9.683658333686351316e-01,-9.683666216582401676e-01,-9.683840963342688068e-01,-9.688390108454530969e-01,-9.687321742086133503e-01,-9.687322068876601522e-01,-9.688391304688396266e-01,-9.683843802016699476e-01,-9.683673003705569604e-01,-9.683673003705568494e-01,-9.683843802016698366e-01,-9.688391304688394046e-01,-9.687322068876599301e-01
-9.519837303418527963e-01,-9.486040116636739183e-01,-9.488356079627411344e-01,-9.488933525288113513e-01,-9.488967376264532128e-01,-9.488969892984908672e-01,-9.488969892984908672e-01,-9.488967376264534348e-01,-9.488933525288103521e-01,-9.488356079627408013e-01,-9.486040116636738073e-01,-9.519837303418544616e-01,-9.519837430780017096e-01,-9.486040121570759043e-01,-9.488355636524461456e-01,-9.488930495098695239e-01,-9.488930495098695239e-01,-9.488355636524457015e-01,-9.486040121570754602e-01,-9.519837430780022647e-01
-9.365792213237482677e-01,-9.414919414589469904e-01,-9.423644589027413421e-01,-9.423834502637806754e-01,-9.423829551681088823e-01,-9.423836188886334231e-01,-9.423836188886334231e-01,-9.423829551681093264e-01,-9.423834502637817856e-01,-9.423644589027421192e-01,-9.414919414589478786e-01,-9.365792213237479347e-01,-9.365791101684854958e-01,-9.414916256675989192e-01,-9.423637504308689516e-01,-9.423819374958095629e-01,-9.423819374958096740e-01,-9.423637504308692847e-01,-9.414916256675986972e-01,-9.365791101684849407e-01
-9.291466503508928332e-01,-9.398471648169550718e-01,-9.395606030465932790e-01,-9.394543640261477924e-01,-9.394494411605999185e-01,-9.394494933487897992e-01,-9.394494933487895771e-01,-9.394494411605994744e-01,-9.394543640261482365e-01,-9.395606030465933900e-01,-9.398471648169560710e-01,-9.291466503508911678e-01,-9.291465769281954667e-01,-9.398470477471553286e-01,-9.395604080327405461e-01,-9.394540778792135338e-01,-9.394540778792137559e-01,-9.395604080327412122e-01,-9.398470477471556617e-01,-9.291465769281943565e-01
-9.095946300094630566e-01,-9.162130886844849220e-01,-9.145155274703563597e-01,-9.144712738329249246e-01,-9.144790121151693540e-01,-9.144791973326528156e-01,-9.144791973326522605e-01,-9.144790121151689100e-01,-9.144712738329235924e-01,-9.145155274703554715e-01,-9.162130886844851441e-01,-9.095946300094623904e-01,-9.095946676376537310e-01,-9.162132833909222285e-01,-9.145159573073492476e-01,-9.144716062182023375e-01,-9.144716062182017824e-01,-9.145159573073491366e-01,-9.162132833909224505e-01,-9.095946676376532869e-01
-8.748955479755471387e-01,-8.778236346493853981e-01,-8.765459864158128278e-01,-8.768001012099183589e-01,-8.768239813905309710e-01,-8.768248909936280366e-01,-8.768248909936273705e-01,-8.768239813905320812e-01,-8.768001012099169156e-01,-8.765459864158128278e-01,-8.778236346493852871e-01,-8.748955479755486930e-01,-8.748955128052430252e-01,-8.778235486349579286e-01,-8.765456950155237070e-01,-8.767988380162787809e-01,-8.767988380162782258e-01,-8.765456950155229299e-01,-8.778235486349575956e-01,-8.748955128052439134e-01
-8.374157092297812577e-01,-8.483143723646112688e-01,-8.489726854681325374e-01,-8.494417160373047837e-01,-8.494455339838073993e-01,-8.494455135791112443e-01,-8.494455135791112443e-01,-8.494455339838087315e-01,-8.494417160373045617e-01,-8.489726854681347579e-01,-8.483143723646116019e-01,-8.374157092297842553e-01,-8.374154170766257010e-01,-8.483135529378464934e-01,-8.489708310945152103e-01,-8.494394975941665926e-01,-8.494394975941665926e-01,-8.489708310945148773e-01,-8.483135529378462714e-01,-8.374154170766273664e-01
-8.063231513134816453e-01,-8.368556003905128771e-01,-8.384541275490016154e-01,-8.386934520840461094e-01,-8.386349685679411747e-01,-8.386340038125317253e-01,-8.386340038125322804e-01,-8.386349685679420629e-01,-8.386934520840469975e-01,-8.384541275490051682e-01,-8.368556003905138763e-01,-8.063231513134838657e-01,-8.063226785427588528e-01,-8.368543947622987256e-01,-8.384514629051875723e-01,-8.386912391891483409e-01,-8.386912391891485630e-01,-8.384514629051877943e-01,-8.368543947622987256e-01,-8.063226785427595189e-01
-7.801627028735940161e-01,-8.327928604520594691e-01,-8.318425486587550655e-01,-8.315077561570425324e-01,-8.314065964389074637e-01,-8.314102465276725917e-01,-8.314102465276729248e-01,-8.314065964389077967e-01,-8.315077561570429765e-01,-8.318425486587579520e-01,-8.327928604520591360e-01,-7.801627028735934610e-01,-7.801623324960880179e-01,-8.327921111521978670e-01,-8.318406766102881544e-01,-8.315019700532835234e-01,-8.315019700532833014e-01,-8.318406766102885985e-01,-8.327921111521979780e-01,-7.801623324960865746e-01
-7.528288678830618030e-01,-8.224135946207618009e-01,-8.147527419261462178e-01,-8.140937716004659208e-01,-8.140478300868796424e-01,-8.140642060216070064e-01,-8.140642060216066733e-01,-8.140478300868798645e-01,-8.140937716004652547e-01,-8.147527419261471060e-01,-8.224135946207595804e-01,-7.528288678830576952e-01,-7.528287920200471550e-01,-8.224137944368864472e-01,-8.147528638317403926e-01,-8.140776851524645918e-01,-8.140776851524637037e-01,-8.147528638317410588e-01,-8.224137944368870023e-01,-7.528287920200438244e-01
-7.188031886914201252e-01,-7.991872319918038592e-01,-7.829202351760164991e-01,-7.830838100422983228e-01,-7.832014332414465319e-01,-7.832281238629740239e-01,-7.832281238629734688e-01,-7.832014332414469759e-01,-7.830838100422961023e-01,-7.829202351760158329e-01,-7.991872319918014167e-01,-7.188031886914150181e-01,-7.188032287922254682e-01,-7.991878476641171014e-01,-7.829227803521277007e-01,-7.830599737912951053e-01,-7.830599737912937730e-01,-7.829227803521278117e-01,-7.991878476641175455e-01,-7.188032287922214714e-01
-6.764627077994416204e-01,-7.648068653083732737e-01,-7.412303911114000998e-01,-7.438002577488742606e-01,-7.440171081310258394e-01,-7.440308876122412318e-01,-7.440308876122410098e-01,-7.440171081310266166e-01,-7.438002577488715961e-01,-7.412303911113995447e-01,-7.648068653083734958e-01,-6.764627077994390669e-01,-6.764624634241710455e-01,-7.648066528495142125e-01,-7.412346971051270161e-01,-7.437905392562237372e-01,-7.437905392562219609e-01,-7.412346971051257949e-01,-7.648066528495147676e-01,-6.764624634241676038e-01
-6.314148841990991912e-01,-7.328458534118346135e-01,-7.040141248990615663e-01,-7.102678980828686095e-01,-7.102253724842602089e-01,-7.101994698844913412e-01,-7.101994698844915632e-01,-7.102253724842613192e-01,-7.102678980828656119e-01,-7.040141248990620104e-01,-7.328458534118369450e-01,-6.314148841990996353e-01,-6.314141077309555206e-01,-7.328438399870867981e-01,-7.040177583869675626e-01,-7.102959463569914478e-01,-7.102959463569904486e-01,-7.040177583869662303e-01,-7.328438399870871311e-01,-6.314141077309536332e-01
-5.886523453095472425e-01,-7.141939313726192173e-01,-6.827074197940559142e-01,-6.929418197331898011e-01,-6.919830345329244237e-01,-6.919399106388208764e-01,-6.919399106388216536e-01,-6.919830345329259780e-01,-6.929418197331870255e-01,-6.827074197940571354e-01,-7.141939313726208827e-01,-5.886523453095484637e-01,-5.886512206950340609e-01,-7.141901023604846355e-01,-6.827046398061424881e-01,-6.929794112487981383e-01,-6.929794112487972502e-01,-6.827046398061408228e-01,-7.141901023604846355e-01,-5.886512206950346160e-01
-5.498302451418981551e-01,-7.083765505155688036e-01,-6.734399421072662095e-01,-6.867508029005457981e-01,-6.842117543841619298e-01,-6.842813639580374030e-01,-6.842813639580384022e-01,-6.842117543841634841e-01,-6.867508029005430226e-01,-6.734399421072673197e-01,-7.083765505155670272e-01,-5.498302451418979331e-01,-5.498294646165937660e-01,-7.083726673749122238e-01,-6.734292690476330057e-01,-6.866686836553561601e-01,-6.866686836553557161e-01,-6.734292690476314514e-01,-7.083726673749112246e-01,-5.498294646165962085e-01
-5.162741680780859044e-01,-7.151681590120969600e-01,-6.720752971567932610e-01,-6.872721445660782136e-01,-6.827039366459621839e-01,-6.831473903734557318e-01,-6.831473903734562869e-01,-6.827039366459629610e-01,-6.872721445660762152e-01,-6.720752971567940381e-01,-7.151681590120910759e-01,-5.162741680780836839e-01,-5.162744181162399748e-01,-7.151667254619713532e-01,-6.720735687528203162e-01,-6.868308447081731272e-01,-6.868308447081739043e-01,-6.720735687528200941e-01,-7.151667254619694658e-01,-5.162744181162435275e-01
-4.819999559914056597e-01,-7.216591044940132704e-01,-6.648169826635987878e-01,-6.813657799462794484e-01,-6.748323963861501129e-01,-6.760029052581534303e-01,-6.760029052581539855e-01,-6.748323963861494468e-01,-6.813657799462777831e-01,-6.648169826635992319e-01,-7.216591044940052768e-01,-4.819999559914021625e-01,-4.820012735401753012e-01,-7.216598846360852137e-01,-6.648825040542092335e-01,-6.802732152835165857e-01,-6.802732152835166968e-01,-6.648825040542092335e-01,-7.216598846360822161e-01,-4.820012735401786874e-01
-4.457577935966894889e-01,-7.223981823585832185e-01,-6.435736170427222014e-01,-6.627627370496408377e-01,-6.546741459505676097e-01,-6.568840336202481645e-01,-6.568840336202496077e-01,-6.546741459505647232e-01,-6.627627370496405046e-01,-6.435736170427230896e-01,-7.223981823585746698e-01,-4.457577935966865468e-01,-4.457597438216731600e-01,-7.223930792971017256e-01,-6.438180348263431441e-01,-6.608086704361798569e-01,-6.608086704361799679e-01,-6.438180348263449204e-01,-7.223930792970977288e-01,-4.457597438216753249e-01
-4.055253089567726899e-01,-7.159493166635471084e-01,-6.114003687067577353e-01,-6.369010039316773675e-01,-6.275883174879439697e-01,-6.310007603124262454e-01,-6.310007603124292430e-01,-6.275883174879397508e-01,-6.369010039316774785e-01,-6.114003687067595116e-01,-7.159493166635413353e-01,-4.055253089567718572e-01,-4.055287068383005566e-01,-7.159126791602326012e-01,-6.119923118089354297e-01,-6.340493217906361112e-01,-6.340493217906346679e-01,-6.119923118089376501e-01,-7.159126791602286044e-01,-4.055287068383015003e-01
-3.631061156373675547e-01,-7.024941561587836336e-01,-5.700616819187425133e-01,-6.066801160331702913e-01,-5.958623045542452701e-01,-6.003773534809782042e-01,-6.003773534809819790e-01,-5.958623045542410512e-01,-6.066801160331700693e-01,-5.700616819187457329e-01,-7.024941561587823013e-01,-3.631061156373692200e-01,-3.631178550526375504e-01,-7.023791891271040644e-01,-5.711678330063276743e-01,-6.031134142106435725e-01,-6.031134142106407969e-01,-5.711678330063301168e-01,-7.023791891271006227e-01,-3.631178550526371618e-01
-3.236095576213529057e-01,-6.926203751117461227e-01,-5.345605560899463482e-01,-5.875975178261227949e-01,-5.736930739029667548e-01,-5.791273556883816953e-01,-5.791273556883861362e-01,-5.736930739029637571e-01,-5.875975178261217957e-01,-5.345605560899501230e-01,-6.926203751117485652e-01,-3.236095576213558478e-01,-3.236511866555646932e-01,-6.923577446399351576e-01,-5.363045899475229472e-01,-5.834963029127659961e-01,-5.834963029127619993e-01,-5.363045899475260558e-01,-6.923577446399336033e-01,-3.236511866555638051e-01
-2.882115784813877868e-01,-6.862512136960570164e-01,-5.070918128895393062e-01,-5.795678083771471645e-01,-5.599830934590948051e-01,-5.662981710347896325e-01,-5.662981710347936293e-01,-5.599830934590944720e-01,-5.795678083771442779e-01,-5.070918128895430810e-01,-6.862512136960623454e-01,-2.882115784813898962e-01,-2.883264432320894466e-01,-6.857682750740359268e-01,-5.094898461000361145e-01,-5.748602470486288141e-01,-5.748602470486227078e-01,-5.094898461000382239e-01,-6.857682750740358157e-01,-2.883264432320882253e-01
-2.609734454873738341e-01,-6.897759105457008655e-01,-4.922804510810673273e-01,-5.852160529498307007e-01,-5.565195908347113640e-01,-5.642425621101205824e-01,-5.642425621101228028e-01,-5.565195908347139175e-01,-5.852160529498275920e-01,-4.922804510810704359e-01,-6.897759105457059725e-01,-2.609734454873730014e-01,-2.612338292433077358e-01,-6.890151751301917260e-01,-4.953136519255014747e-01,-5.792901244442338893e-01,-5.792901244442278941e-01,-4.953136519255043613e-01,-6.890151751301935024e-01,-2.612338292433060705e-01
-2.372960161288008574e-01,-6.971863818074957031e-01,-4.848358545788563623e-01,-5.964969091203961016e-01,-5.555630154003557974e-01,-5.660191223153672180e-01,-5.660191223153666629e-01,-5.555630154003611265e-01,-5.964969091203921048e-01,-4.848358545788575835e-01,-6.971863818075001440e-01,-2.372960161287955283e-01,-2.377914449526056517e-01,-6.961123134636163501e-01,-4.885582894069337989e-01,-5.881208392599053258e-01,-5.881208392598982204e-01,-4.885582894069346316e-01,-6.961123134636189036e-01,-2.377914449526030150e-01
-2.167869581167421733e-01,-7.070288748151440927e-01,-4.768979368835940535e-01,-6.044677342154527455e-01,-5.491406708893367128e-01,-5.643686843212953885e-01,-5.643686843212918358e-01,-5.491406708893431521e-01,-6.044677342154498589e-01,-4.768979368835933319e-01,-7.070288748151467573e-01,-2.167869581167329029e-01,-2.176177341880408400e-01,-7.056265795357605786e-01,-4.816313955269478919e-01,-5.920624826181404288e-01,-5.920624826181350997e-01,-4.816313955269494462e-01,-7.056265795357635762e-01,-2.176177341880370097e-01
-1.930075592433770082e-01,-7.140753265466597277e-01,-4.654397688325069282e-01,-6.066020597411685422e-01,-5.362112102781609879e-01,-5.587461274755560758e-01,-5.587461274755499696e-01,-5.362112102781672052e-01,-6.066020597411656556e-01,-4.654397688325038196e-01,-7.140753265466618371e-01,-1.930075592433658227e-01,-1.942546833121428507e-01,-7.122792746140422793e-01,-4.719458327604619807e-01,-5.884593728814027092e-01,-5.884593728813978242e-01,-4.719458327604618697e-01,-7.122792746140449438e-01,-1.942546833121380212e-01
-1.662551443611764435e-01,-7.170329836151272396e-01,-4.437126349224895794e-01,-5.968635401557422782e-01,-5.125700276082749696e-01,-5.444561235002158828e-01,-5.444561235002074451e-01,-5.125700276082796325e-01,-5.968635401557413900e-01,-4.437126349224858601e-01,-7.170329836151292380e-01,-1.662551443611658963e-01,-1.679934238995330897e-01,-7.147169574271359238e-01,-4.531869883311536729e-01,-5.719702449481146589e-01,-5.719702449481128825e-01,-4.531869883311540059e-01,-7.147169574271379222e-01,-1.679934238995275664e-01
-1.346858941987151836e-01,-7.170195964545431622e-01,-4.188245235292337165e-01,-5.852378408913107011e-01,-4.889736478948527032e-01,-5.313791219637479246e-01,-5.313791219637378216e-01,-4.889736478948568110e-01,-5.852378408913112562e-01,-4.188245235292297752e-01,-7.170195964545456047e-01,-1.346858941987073566e-01,-1.369864427328425505e-01,-7.138506478292898638e-01,-4.328057394391018331e-01,-5.532575845548503013e-01,-5.532575845548501903e-01,-4.328057394391010004e-01,-7.138506478292917512e-01,-1.369864427328376100e-01
-1.021252995832419019e-01,-7.155078412899507079e-01,-3.890942774490123157e-01,-5.698459041022014837e-01,-4.643523351220549822e-01,-5.164951119703713456e-01,-5.164951119703604654e-01,-4.643523351220593121e-01,-5.698459041022041482e-01,-3.890942774490103173e-01,-7.155078412899542606e-01,-1.021252995832381549e-01,-1.051434492031987633e-01,-7.110613437425754579e-01,-4.089624338422699901e-01,-5.317589690151858228e-01,-5.317589690151887094e-01,-4.089624338422686578e-01,-7.110613437425765682e-01,-1.051434492031948220e-01
-7.055919622290951487e-02,-7.158915077379515157e-01,-3.646856837656925476e-01,-5.631707768223196409e-01,-4.499471797567466402e-01,-5.097544108962434040e-01,-5.097544108962324128e-01,-4.499471797567516362e-01,-5.631707768223234156e-01,-3.646856837656911043e-01,-7.158915077379546243e-01,-7.055919622291011162e-02,-7.459085895100621422e-02,-7.095306374497656332e-01,-3.913448628734628176e-01,-5.202944715394735020e-01,-5.202944715394779429e-01,-3.913448628734600976e-01,-7.095306374497672985e-01,-7.459085895100439623e-02
-4.354924262468062163e-02,-7.187733150148080119e-01,-3.423029416777909617e-01,-5.593375983139734497e-01,-4.395004546082154073e-01,-5.035455895627681810e-01,-5.035455895627578560e-01,-4.395004546082221797e-01,-5.593375983139774466e-01,-3.423029416777915168e-01,-7.187733150148110095e-01,-4.354924262468435475e-02,-4.913341184941477646e-02,-7.100293732471144592e-01,-3.756620999627916513e-01,-5.134700209373651569e-01,-5.134700209373710411e-01,-3.756620999627872104e-01,-7.100293732471152364e-01,-4.913341184941447115e-02
-2.177840553016988784e-02,-7.246364944421836984e-01,-3.266063399521201838e-01,-5.644954091601679380e-01,-4.370140246372208326e-01,-5.023394777195611116e-01,-5.023394777195517857e-01,-4.370140246372294923e-01,-5.644954091601706025e-01,-3.266063399521218491e-01,-7.246364944421844756e-01,-2.177840553017466180e-02,-2.965763758819413634e-02,-7.130389190293275892e-01,-3.657436214333888991e-01,-5.165498411429512160e-01,-5.165498411429578773e-01,-3.657436214333833480e-01,-7.130389190293292545e-01,-2.965763758819560739e-02
-4.929748715771578582e-03,-7.322372188388246439e-01,-3.113302800537652848e-01,-5.691024459723620366e-01,-4.330164765941920679e-01,-4.973477631521955322e-01,-4.973477631521880382e-01,-4.330164765942025595e-01,-5.691024459723622586e-01,-3.113302800537690596e-01,-7.322372188388248659e-01,-4.929748715775218032e-03,-1.597590733335622210e-02,-7.177814370450592563e-01,-3.545206520383631377e-01,-5.195460338900984576e-01,-5.195460338901044528e-01,-3.545206520383558102e-01,-7.177814370450602555e-01,-1.597590733335793947e-02
9.113271907587421061e-03,-7.394936388647408432e-01,-2.973612232586143600e-01,-5.759387161075044670e-01,-4.288645115006450848e-01,-4.921593454367720888e-01,-4.921593454367662601e-01,-4.288645115006572417e-01,-5.759387161075025796e-01,-2.973612232586198001e-01,-7.394936388647392889e-01,9.113271907586210224e-03,-5.842348938647777372e-03,-7.222162646977507983e-01,-3.429036099504924606e-01,-5.240291767435790726e-01,-5.240291767435852899e-01,-3.429036099504855217e-01,-7.222162646977529077e-01,-5.842348938649205917e-03
2.295875374933573770e-02,-7.460492293772926775e-01,-2.809991594049320307e-01,-5.786247927211074504e-01,-4.194525833846151075e-01,-4.831843183933800523e-01,-4.831843183933746122e-01,-4.194525833846292073e-01,-5.786247927211026765e-01,-2.809991594049402464e-01,-7.460492293772910122e-01,2.295875374933738916e-02,3.680355493004527564e-03,-7.264674421325021392e-01,-3.274357449788223295e-01,-5.233952995903876637e-01,-5.233952995903918826e-01,-3.274357449788148355e-01,-7.264674421325034714e-01,3.680355493005358497e-03
3.840451860678259499e-02,-7.499975859457480576e-01,-2.640379967706538711e-01,-5.809747703758398885e-01,-4.078626194901053825e-01,-4.753699109167350834e-01,-4.753699109167292547e-01,-4.078626194901208701e-01,-5.809747703758336712e-01,-2.640379967706645292e-01,-7.499975859457461702e-01,3.840451860678622403e-02,1.499851207502298292e-02,-7.285183462684621247e-01,-3.111325065370529885e-01,-5.212266469479451825e-01,-5.212266469479495123e-01,-3.111325065370481591e-01,-7.285183462684644562e-01,1.499851207502599613e-02
5.665419312341739289e-02,-7.534258890182560231e-01,-2.468824208695068745e-01,-5.812290715050201229e-01,-3.940357437986313771e-01,-4.689256012012916752e-01,-4.689256012012845143e-01,-3.940357437986475309e-01,-5.812290715050110190e-01,-2.468824208695181710e-01,-7.534258890182552459e-01,5.665419312342149377e-02,2.992354305297713693e-02,-7.307219996188538680e-01,-2.951778629524888786e-01,-5.162928842530452034e-01,-5.162928842530469797e-01,-2.951778629524848263e-01,-7.307219996188556443e-01,2.992354305298327438e-02
7.676479398826294154e-02,-7.551877559851072341e-01,-2.310858032711997911e-01,-5.824531113421227424e-01,-3.802391576619649216e-01,-4.659774529250039210e-01,-4.659774529249948727e-01,-3.802391576619808533e-01,-5.824531113421130835e-01,-2.310858032712113097e-01,-7.551877559851074562e-01,7.676479398826593914e-02,4.814278225700737573e-02,-7.315806832576534635e-01,-2.824544487573630303e-01,-5.122789925031272507e-01,-5.122789925031288050e-01,-2.824544487573626417e-01,-7.315806832576565721e-01,4.814278225701516811e-02
9.780501573955265038e-02,-7.583471206752566696e-01,-2.172096114389580890e-01,-5.839727813295485515e-01,-3.674116919042952345e-01,-4.660705904062819593e-01,-4.660705904062704685e-01,-3.674116919043106111e-01,-5.839727813295370051e-01,-2.172096114389674426e-01,-7.583471206752580018e-01,9.780501573955355243e-02,6.890687126236998139e-02,-7.341077611249888779e-01,-2.733416206116913716e-01,-5.086188242364449996e-01,-5.086188242364433343e-01,-2.733416206116918712e-01,-7.341077611249918755e-01,6.890687126237915461e-02
1.174420561592682682e-01,-7.612947888275154451e-01,-2.041973013711466667e-01,-5.859837033163981523e-01,-3.548567977207831570e-01,-4.669701876888209813e-01,-4.669701876888068259e-01,-3.548567977207982560e-01,-5.859837033163879383e-01,-2.041973013711554374e-01,-7.612947888275178876e-01,1.174420561592668388e-01,8.980674879420853796e-02,-7.363662440198341930e-01,-2.671806979976106278e-01,-5.058925649079637488e-01,-5.058925649079616393e-01,-2.671806979976140139e-01,-7.363662440198384118e-01,8.980674879421686463e-02
1.348934168524850430e-01,-7.661033264915295682e-01,-1.913230858722351768e-01,-5.881141531972817749e-01,-3.439034620422575239e-01,-4.684329591854083374e-01,-4.684329591853915176e-01,-3.439034620422731781e-01,-5.881141531972715608e-01,-1.913230858722415606e-01,-7.661033264915310115e-01,1.348934168524826005e-01,1.092869610636238581e-01,-7.404273395046747641e-01,-2.618467702110897077e-01,-5.027063162866781676e-01,-5.027063162866726165e-01,-2.618467702110927053e-01,-7.404273395046787609e-01,1.092869610636311301e-01
1.490122090116244580e-01,-7.703590459873439489e-01,-1.768130240534496189e-01,-5.892933579086018225e-01,-3.324987507515499430e-01,-4.671883832877342657e-01,-4.671883832877153364e-01,-3.324987507515670404e-01,-5.892933579085950502e-01,-1.768130240534569464e-01,-7.703590459873452811e-01,1.490122090116222653e-01,1.254039397819889656e-01,-7.439564958507112191e-01,-2.556840998935665521e-01,-4.985077958192208891e-01,-4.985077958192152825e-01,-2.556840998935714926e-01,-7.439564958507154380e-01,1.254039397819935453e-01
1.606519297775169663e-01,-7.751333340939512428e-01,-1.608142093997034228e-01,-5.907579249978803793e-01,-3.233767959005041659e-01,-4.655653197975176405e-01,-4.655653197974970459e-01,-3.233767959005225956e-01,-5.907579249978751612e-01,-1.608142093997089461e-01,-7.751333340939503547e-01,1.606519297775161614e-01,1.379087718705429566e-01,-7.480989106390754095e-01,-2.471872436429706221e-01,-4.932524687546901432e-01,-4.932524687546814279e-01,-2.471872436429743414e-01,-7.480989106390781851e-01,1.379087718705457322e-01
1.702094689583110998e-01,-7.786143853150032657e-01,-1.436416743137450824e-01,-5.915723102055424620e-01,-3.139325541989772539e-01,-4.608220939448877673e-01,-4.608220939448660625e-01,-3.139325541989971269e-01,-5.915723102055411298e-01,-1.436416743137522156e-01,-7.786143853150025995e-01,1.702094689583112663e-01,1.467978131097082695e-01,-7.510902678117234998e-01,-2.373564663161888966e-01,-4.877051000240227863e-01,-4.877051000240154033e-01,-2.373564663161941979e-01,-7.510902678117250542e-01,1.467978131097084915e-01
1.792871575621663438e-01,-7.818420555290898077e-01,-1.268391240273955833e-01,-5.940449684299083932e-01,-3.074977186719267674e-01,-4.569563586762303009e-01,-4.569563586762080964e-01,-3.074977186719477507e-01,-5.940449684299065058e-01,-1.268391240274006349e-01,-7.818420555290874763e-01,1.792871575621668989e-01,1.534047968635273707e-01,-7.536110906152533317e-01,-2.260071673391555458e-01,-4.830590782570451935e-01,-4.830590782570362007e-01,-2.260071673391598202e-01,-7.536110906152519995e-01,1.534047968635265657e-01
1.885308329762521717e-01,-7.842703985144701129e-01,-1.120915602742752482e-01,-5.966791228920045320e-01,-3.004333645385978135e-01,-4.508162313188395220e-01,-4.508162313188179837e-01,-3.004333645386196849e-01,-5.966791228920040879e-01,-1.120915602742816042e-01,-7.842703985144697798e-01,1.885308329762518387e-01,1.590544806358582530e-01,-7.546217644659150015e-01,-2.159160727559501780e-01,-4.802022342298164492e-01,-4.802022342298099544e-01,-2.159160727559566451e-01,-7.546217644659121149e-01,1.590544806358555052e-01
1.988851231946233977e-01,-7.865939193094929616e-01,-9.976400653760081338e-02,-6.010362582618387073e-01,-2.958072899286183222e-01,-4.465238512099412582e-01,-4.465238512099209411e-01,-2.958072899286400825e-01,-6.010362582618348215e-01,-9.976400653760449100e-02,-7.865939193094921844e-01,1.988851231946222875e-01,1.650895369165980564e-01,-7.542618352640222401e-01,-2.054596514344330660e-01,-4.787015389072359905e-01,-4.787015389072287741e-01,-2.054596514344390334e-01,-7.542618352640169110e-01,1.650895369165943927e-01
2.103058507322998205e-01,-7.889311494619791754e-01,-9.076359675396669657e-02,-6.045693235040852098e-01,-2.894256493278944964e-01,-4.403750598332136779e-01,-4.403750598331956922e-01,-2.894256493279159237e-01,-6.045693235040814351e-01,-9.076359675397195625e-02,-7.889311494619810627e-01,2.103058507322976278e-01,1.722377687006935998e-01,-7.524244316476712546e-01,-1.977342849959228821e-01,-4.786307208578801653e-01,-4.786307208578755579e-01,-1.977342849959308757e-01,-7.524244316476653704e-01,1.722377687006875768e-01
2.224886905770219747e-01,-7.912323753048885466e-01,-8.299570953307314203e-02,-6.080243985729236744e-01,-2.845270415594705060e-01,-4.366507587068303442e-01,-4.366507587068145790e-01,-2.845270415594906011e-01,-6.080243985729165690e-01,-8.299570953307640331e-02,-7.912323753048893238e-01,2.224886905770200873e-01,1.799662995614784711e-01,-7.496838213207992485e-01,-1.897411733090966224e-01,-4.785871943003524587e-01,-4.785871943003465745e-01,-1.897411733091036723e-01,-7.496838213207920321e-01,1.799662995614711158e-01
2.347976208869258230e-01,-7.940835855253427500e-01,-7.704657649265961306e-02,-6.093016365094264808e-01,-2.775661307957297264e-01,-4.318624199118572538e-01,-4.318624199118439866e-01,-2.775661307957482671e-01,-6.093016365094198195e-01,-7.704657649266577479e-02,-7.940835855253454145e-01,2.347976208869248516e-01,1.877691507606079058e-01,-7.475512978908958051e-01,-1.860721283480554489e-01,-4.803648454899863141e-01,-4.803648454899819287e-01,-1.860721283480631649e-01,-7.475512978908890327e-01,1.877691507605983023e-01
2.462278991742009038e-01,-7.969098061685584433e-01,-6.981853163982729149e-02,-6.094821716270701906e-01,-2.720868320689796560e-01,-4.304245550243943619e-01,-4.304245550243830376e-01,-2.720868320689954212e-01,-6.094821716270613088e-01,-6.981853163983330057e-02,-7.969098061685595535e-01,2.462278991742024858e-01,1.940536126021192298e-01,-7.470057579009871107e-01,-1.826864347465878557e-01,-4.823812054070267252e-01,-4.823812054070201194e-01,-1.826864347465937399e-01,-7.470057579009797832e-01,1.940536126021094043e-01
2.566292747570991795e-01,-8.005590508129899474e-01,-6.327509991393182043e-02,-6.078605409502215728e-01,-2.651281283526657484e-01,-4.286140628452387302e-01,-4.286140628452291823e-01,-2.651281283526785160e-01,-6.078605409502140233e-01,-6.327509991394293654e-02,-8.005590508129927230e-01,2.566292747571031763e-01,1.995352959847010166e-01,-7.493744749183592901e-01,-1.840502581189079612e-01,-4.868448036812801916e-01,-4.868448036812739743e-01,-1.840502581189137066e-01,-7.493744749183534060e-01,1.995352959846908303e-01
2.653596240379071380e-01,-8.039391376334127370e-01,-5.442586806571211161e-02,-6.056195327690414576e-01,-2.596421364640407736e-01,-4.297906501679522595e-01,-4.297906501679435998e-01,-2.596421364640488783e-01,-6.056195327690325758e-01,-5.442586806572421998e-02,-8.039391376334136252e-01,2.653596240379136328e-01,2.040582214565309360e-01,-7.539497324790005450e-01,-1.827972460026319190e-01,-4.890150415694439756e-01,-4.890150415694358710e-01,-1.827972460026364432e-01,-7.539497324789947719e-01,2.040582214565229702e-01
2.734926394621287615e-01,-8.076324762540416646e-01,-4.686790091259442070e-02,-6.031198180536121445e-01,-2.529634473879945888e-01,-4.296456820872533999e-01,-4.296456820872461835e-01,-2.529634473879990297e-01,-6.031198180536052611e-01,-4.686790091260975566e-02,-8.076324762540436630e-01,2.734926394621359225e-01,2.108062864536612568e-01,-7.598341178189810252e-01,-1.818468270711159906e-01,-4.899246125301093269e-01,-4.899246125301013888e-01,-1.818468270711213197e-01,-7.598341178189775835e-01,2.108062864536553449e-01
2.806783625129346538e-01,-8.101907906287733052e-01,-3.724155926528363580e-02,-6.010481122390139985e-01,-2.475240317987647820e-01,-4.307810154198982167e-01,-4.307810154198924990e-01,-2.475240317987656424e-01,-6.010481122390061159e-01,-3.724155926529618132e-02,-8.101907906287726391e-01,2.806783625129408155e-01,2.199155626673893471e-01,-7.648764927284757986e-01,-1.725896438129395916e-01,-4.833971028962514849e-01,-4.833971028962429362e-01,-1.725896438129454480e-01,-7.648764927284731341e-01,2.199155626673873209e-01
2.883739365570251456e-01,-8.120212440410606858e-01,-2.994472114336882776e-02,-6.005538050875360856e-01,-2.414849378163769766e-01,-4.297689365945436268e-01,-4.297689365945407403e-01,-2.414849378163769211e-01,-6.005538050875300904e-01,-2.994472114337921875e-02,-8.120212440410605748e-01,2.883739365570275881e-01,2.335890565807287600e-01,-7.678546301708581989e-01,-1.610580390734809852e-01,-4.738634410635033656e-01,-4.738634410634950944e-01,-1.610580390734881184e-01,-7.678546301708578659e-01,2.335890565807292596e-01
2.952698364409747644e-01,-8.122031850772450934e-01,-2.064403026574230041e-02,-6.013693205273655806e-01,-2.369684860143678462e-01,-4.293715337193652615e-01,-4.293715337193655390e-01,-2.369684860143682625e-01,-6.013693205273600295e-01,-2.064403026574648803e-02,-8.122031850772432060e-01,2.952698364409730991e-01,2.484585105669284699e-01,-7.685653766700194511e-01,-1.431488517120830806e-01,-4.591110818728217913e-01,-4.591110818728140197e-01,-1.431488517120909632e-01,-7.685653766700197842e-01,2.484585105669318561e-01
3.022186504303923105e-01,-8.116399423552452808e-01,-1.420381558107959574e-02,-6.048802512862301306e-01,-2.327229752651247541e-01,-4.275813844980716483e-01,-4.275813844980758671e-01,-2.327229752651269190e-01,-6.048802512862283542e-01,-1.420381558108048392e-02,-8.116399423552445036e-01,3.022186504303862042e-01,2.635948995522854332e-01,-7.678466188266825920e-01,-1.305657657501075875e-01,-4.491674745240039623e-01,-4.491674745239963018e-01,-1.305657657501146096e-01,-7.678466188266848125e-01,2.635948995522897076e-01
3.068777079842125444e-01,-8.105823851711261296e-01,-5.625695642498318438e-03,-6.093609394906362997e-01,-2.298295136592907184e-01,-4.266686040102051214e-01,-4.266686040102115052e-01,-2.298295136592932164e-01,-6.093609394906372989e-01,-5.625695642495168181e-03,-8.105823851711242423e-01,3.068777079842043287e-01,2.734824555782766620e-01,-7.676747345006520451e-01,-1.209826364359557899e-01,-4.430978394768492756e-01,-4.430978394768428918e-01,-1.209826364359622292e-01,-7.676747345006540435e-01,2.734824555782813249e-01
3.105442351637478504e-01,-8.102919848293839156e-01,-3.377822320968608405e-04,-6.160734998371054649e-01,-2.272105560392620738e-01,-4.253979552134974917e-01,-4.253979552135056519e-01,-2.272105560392637669e-01,-6.160734998371113491e-01,-3.377822320925899513e-04,-8.102919848293825833e-01,3.105442351637397458e-01,2.784693008697473049e-01,-7.685923438474964176e-01,-1.237505068898723387e-01,-4.489994120006332023e-01,-4.489994120006263190e-01,-1.237505068898753224e-01,-7.685923438474990821e-01,2.784693008697505245e-01
3.117342539988635641e-01,-8.113541084632204248e-01,7.207680073966679299e-03,-6.219998685588017384e-01,-2.244859229268945100e-01,-4.246106347975370232e-01,-4.246106347975449613e-01,-2.244859229268924561e-01,-6.219998685588107312e-01,7.207680073972086432e-03,-8.113541084632184264e-01,3.117342539988580685e-01,2.765899700503839931e-01,-7.712900781808182948e-01,-1.297786798193680258e-01,-4.591237272009172088e-01,-4.591237272009130455e-01,-1.297786798193702740e-01,-7.712900781808206263e-01,2.765899700503856584e-01
3.137775050443087910e-01,-8.141529807923255646e-01,1.182324339053771045e-02,-6.283099469315994723e-01,-2.209272539621899845e-01,-4.233124349561873112e-01,-4.233124349561949717e-01,-2.209272539621833786e-01,-6.283099469316109076e-01,1.182324339054366402e-02,-8.141529807923244544e-01,3.137775050443065705e-01,2.728506821443654751e-01,-7.738798791216291439e-01,-1.404978231280188672e-01,-4.744367738651533162e-01,-4.744367738651486532e-01,-1.404978231280171186e-01,-7.738798791216312534e-01,2.728506821443651420e-01
3.166967743915751754e-01,-8.182528416405634442e-01,2.006075498974401600e-02,-6.312949149440336694e-01,-2.148438803651829265e-01,-4.207149176535072144e-01,-4.207149176535142643e-01,-2.148438803651708251e-01,-6.312949149440467700e-01,2.006075498975017080e-02,-8.182528416405643323e-01,3.166967743915765077e-01,2.687975628895737379e-01,-7.758019907020170525e-01,-1.430686072919161722e-01,-4.829467416462830398e-01,-4.829467416462831508e-01,-1.430686072919152563e-01,-7.758019907020181627e-01,2.687975628895719060e-01
3.242963459549372818e-01,-8.228244267662314648e-01,2.735408939358568992e-02,-6.324500132557715482e-01,-2.068018311159025568e-01,-4.166976828382806253e-01,-4.166976828382887854e-01,-2.068018311158867917e-01,-6.324500132557845378e-01,2.735408939359307290e-02,-8.228244267662347955e-01,3.242963459549413896e-01,2.696323756993135312e-01,-7.755172075383285346e-01,-1.395370794041420892e-01,-4.864684240005828220e-01,-4.864684240005822113e-01,-1.395370794041378149e-01,-7.755172075383283126e-01,2.696323756993111442e-01
3.353465766061259901e-01,-8.267776129025296017e-01,3.968073798466753566e-02,-6.290439634012325865e-01,-1.954052618142345099e-01,-4.104377259259866517e-01,-4.104377259259962551e-01,-1.954052618142164688e-01,-6.290439634012460202e-01,3.968073798467527946e-02,-8.267776129025361520e-01,3.353465766061327624e-01,2.747018808075592511e-01,-7.737600628367256039e-01,-1.246420152326824793e-01,-4.795000198056662555e-01,-4.795000198056714180e-01,-1.246420152326805642e-01,-7.737600628367244937e-01,2.747018808075565310e-01
3.505457255447892995e-01,-8.297429795495172566e-01,5.104677795464306056e-02,-6.242753630788234753e-01,-1.843809774380542055e-01,-4.045571358038887455e-01,-4.045571358039018461e-01,-1.843809774380362754e-01,-6.242753630788345776e-01,5.104677795465385748e-02,-8.297429795495254723e-01,3.505457255447986253e-01,2.845110735708861749e-01,-7.714156054715350930e-01,-1.078307975002076591e-01,-4.704627663261440329e-01,-4.704627663261473636e-01,-1.078307975002021357e-01,-7.714156054715332056e-01,2.845110735708840655e-01
3.655224567691850446e-01,-8.313716118077459916e-01,6.431154314982147346e-02,-6.178864270439833328e-01,-1.739090460894464618e-01,-3.994103707930566904e-01,-3.994103707930730107e-01,-1.739090460894289758e-01,-6.178864270439943240e-01,6.431154314983361653e-02,-8.313716118077568717e-01,3.655224567691962023e-01,2.950630232100752703e-01,-7.698474842961257059e-01,-9.103452350508506319e-02,-4.598876424155625697e-01,-4.598876424155707299e-01,-9.103452350508189905e-02,-7.698474842961240405e-01,2.950630232100728279e-01
3.782638959478964447e-01,-8.328863210778207904e-01,7.191242586452493979e-02,-6.141833023003098191e-01,-1.696512757009997208e-01,-3.994057808616733873e-01,-3.994057808616937044e-01,-1.696512757009836503e-01,-6.141833023003181458e-01,7.191242586454113517e-02,-8.328863210778316706e-01,3.782638959479090457e-01,3.044140220100348126e-01,-7.707536960164906858e-01,-8.301283450582543078e-02,-4.549881698589101631e-01,-4.549881698589141044e-01,-8.301283450581772860e-02,-7.707536960164884654e-01,3.044140220100331473e-01
3.848952967473318054e-01,-8.340980628807893593e-01,7.575174997468367422e-02,-6.135802588662667700e-01,-1.702215022720210136e-01,-4.031306063069048373e-01,-4.031306063069279300e-01,-1.702215022720051096e-01,-6.135802588662768731e-01,7.575174997469921734e-02,-8.340980628808015718e-01,3.848952967473448505e-01,3.104078157593677112e-01,-7.732255677837281960e-01,-8.266296508558468314e-02,-4.541632983542395197e-01,-4.541632983542466251e-01,-8.266296508557918754e-02,-7.732255677837278629e-01,3.104078157593653242e-01
3.854981093798917069e-01,-8.366918969256984528e-01,7.169463541113244021e-02,-6.178917788730380334e-01,-1.779869186546355064e-01,-4.122184858639340588e-01,-4.122184858639588168e-01,-1.779869186546184645e-01,-6.178917788730466931e-01,7.169463541115038419e-02,-8.366918969257081118e-01,3.854981093799045855e-01,3.131906122512643220e-01,-7.778519936424738157e-01,-8.935514391492030417e-02,-4.570305769042461441e-01,-4.570305769042479760e-01,-8.935514391491092279e-02,-7.778519936424733716e-01,3.131906122512629342e-01
3.812498161666397767e-01,-8.385978853698600188e-01,6.531561789650353056e-02,-6.254110849493140778e-01,-1.864728367643501694e-01,-4.206205500553810150e-01,-4.206205500554054399e-01,-1.864728367643303519e-01,-6.254110849493272895e-01,6.531561789651818550e-02,-8.385978853698694557e-01,3.812498161666509899e-01,3.148884420638469184e-01,-7.808329344766025137e-01,-9.763086931117626044e-02,-4.596975056430681605e-01,-4.596975056430726569e-01,-9.763086931117022360e-02,-7.808329344766047342e-01,3.148884420638455306e-01
3.756862786198630899e-01,-8.413112658068170324e-01,5.841642093243563927e-02,-6.335498907046559491e-01,-1.938684274328953128e-01,-4.268763146247238627e-01,-4.268763146247468998e-01,-1.938684274328718593e-01,-6.335498907046694939e-01,5.841642093245158485e-02,-8.413112658068224725e-01,3.756862786198720272e-01,3.164488373803603372e-01,-7.833097223395296682e-01,-1.023943931534080642e-01,-4.588593228476872676e-01,-4.588593228476875452e-01,-1.023943931534007645e-01,-7.833097223395316666e-01,3.164488373803613364e-01
3.727666281843925455e-01,-8.410067353522123756e-01,5.769722472364193638e-02,-6.401275343167897036e-01,-1.930706966746063846e-01,-4.251608301044732530e-01,-4.251608301044947913e-01,-1.930706966745805442e-01,-6.401275343168091325e-01,5.769722472365344801e-02,-8.410067353522184819e-01,3.727666281843980411e-01,3.202802322894673370e-01,-7.814661065036303533e-01,-1.028534314476112488e-01,-4.552227942063518662e-01,-4.552227942063541977e-01,-1.028534314476084316e-01,-7.814661065036345722e-01,3.202802322894691689e-01
3.742725220494063643e-01,-8.408719738352092854e-01,6.444347191739786818e-02,-6.416971860764362212e-01,-1.853740522438586114e-01,-4.174041553614362132e-01,-4.174041553614568634e-01,-1.853740522438314664e-01,-6.416971860764553170e-01,6.444347191741076064e-02,-8.408719738352118389e-01,3.742725220494094729e-01,3.241216813194742752e-01,-7.795092388824096385e-01,-9.730404183448397581e-02,-4.484485426192444391e-01,-4.484485426192438839e-01,-9.730404183448179700e-02,-7.795092388824134133e-01,3.241216813194789381e-01
3.811600931391023739e-01,-8.372583622781979429e-01,7.873530051474054992e-02,-6.407098832097823937e-01,-1.707229122181614656e-01,-4.045286690247745787e-01,-4.045286690247958949e-01,-1.707229122181356251e-01,-6.407098832098054864e-01,7.873530051475116642e-02,-8.372583622782023838e-01,3.811600931391032621e-01,3.284233256395933664e-01,-7.749718410131105628e-01,-9.217590581760957968e-02,-4.446124460461909900e-01,-4.446124460461913230e-01,-9.217590581761042623e-02,-7.749718410131158919e-01,3.284233256395988065e-01
3.900518915080963822e-01,-8.361099155982665287e-01,9.638969342131124829e-02,-6.358786954134152403e-01,-1.563491760798801367e-01,-3.931420744005750256e-01,-3.931420744005971746e-01,-1.563491760798559338e-01,-6.358786954134354463e-01,9.638969342132687468e-02,-8.361099155982677500e-01,3.900518915080971594e-01,3.291934383553463128e-01,-7.735938962026015497e-01,-8.615520359489972635e-02,-4.425917965780501451e-01,-4.425917965780489238e-01,-8.615520359490118352e-02,-7.735938962026059906e-01,3.291934383553533072e-01
3.994512078941027666e-01,-8.337612934802476339e-01,1.117321178864582459e-01,-6.338625822913385166e-01,-1.461699156943557509e-01,-3.871239094493229005e-01,-3.871239094493468813e-01,-1.461699156943346289e-01,-6.338625822913592778e-01,1.117321178864740250e-01,-8.337612934802518527e-01,3.994512078941040434e-01,3.284658982306703501e-01,-7.722924308053934483e-01,-8.559950782284418691e-02,-4.471793830182927421e-01,-4.471793830182901330e-01,-8.559950782284522774e-02,-7.722924308053976672e-01,3.284658982306762898e-01
4.050518881363336932e-01,-8.364503104172754666e-01,1.214757782166784178e-01,-6.316941031476864810e-01,-1.437456635200855537e-01,-3.888602926880576072e-01,-3.888602926880816990e-01,-1.437456635200654032e-01,-6.316941031477022461e-01,1.214757782166990957e-01,-8.364503104172773540e-01,4.050518881363378010e-01,3.249874454114681788e-01,-7.747407179485183981e-01,-8.408329339431418192e-02,-4.520845648797700567e-01,-4.520845648797670591e-01,-8.408329339431590277e-02,-7.747407179485217288e-01,3.249874454114728417e-01
4.084358351387509245e-01,-8.383794981837763283e-01,1.230308427924129977e-01,-6.350331587649418186e-01,-1.480491832047876044e-01,-3.973135840383532624e-01,-3.973135840383775763e-01,-1.480491832047697853e-01,-6.350331587649566956e-01,1.230308427924323850e-01,-8.383794981837825455e-01,4.084358351387571973e-01,3.237608632989706914e-01,-7.765392463738503004e-01,-8.479332294109252766e-02,-4.593321518776463663e-01,-4.593321518776405932e-01,-8.479332294109122314e-02,-7.765392463738522988e-01,3.237608632989725788e-01
4.086236428274345744e-01,-8.439347133302392834e-01,1.203080514174839633e-01,-6.365798483810660713e-01,-1.536501416425561373e-01,-4.065660864882483239e-01,-4.065660864882698622e-01,-1.536501416425384292e-01,-6.365798483810771735e-01,1.203080514175036142e-01,-8.439347133302443904e-01,4.086236428274435672e-01,3.251157548790675200e-01,-7.790398048703992551e-01,-7.972629263630379159e-02,-4.615721754065891247e-01,-4.615721754065860161e-01,-7.972629263630481855e-02,-7.790398048704005873e-01,3.251157548790665208e-01
4.102278418320721154e-01,-8.461832343610748985e-01,1.148825214192624594e-01,-6.407797805373888211e-01,-1.573710003716333183e-01,-4.140816337007214298e-01,-4.140816337007410253e-01,-1.573710003716169981e-01,-6.407797805373987021e-01,1.148825214192769617e-01,-8.461832343610853346e-01,4.102278418320817188e-01,3.319948010949478889e-01,-7.798998651417468064e-01,-7.371353186579977790e-02,-4.623966152616095782e-01,-4.623966152616033609e-01,-7.371353186579759909e-02,-7.798998651417456962e-01,3.319948010949446138e-01
4.127677019522454915e-01,-8.492019718551364615e-01,1.129400837645216649e-01,-6.395770685860517890e-01,-1.531866281294898546e-01,-4.135000661372491559e-01,-4.135000661372643660e-01,-1.531866281294726462e-01,-6.395770685860597826e-01,1.129400837645327532e-01,-8.492019718551454543e-01,4.127677019522561497e-01,3.419695522718641523e-01,-7.801494207791472846e-01,-6.295803297213858896e-02,-4.584805758910495133e-01,-4.584805758910485141e-01,-6.295803297214150329e-02,-7.801494207791461744e-01,3.419695522718587677e-01
4.185949612898883787e-01,-8.481211970961837210e-01,1.132430640782952913e-01,-6.394993683258134443e-01,-1.451790263336103226e-01,-4.095133908313726701e-01,-4.095133908313856597e-01,-1.451790263335940856e-01,-6.394993683258203276e-01,1.132430640783021192e-01,-8.481211970961954894e-01,4.185949612898989258e-01,3.532450982774826831e-01,-7.812128175130097496e-01,-5.466962743430038574e-02,-4.546594802751584563e-01,-4.546594802751534603e-01,-5.466962743430026084e-02,-7.812128175130049756e-01,3.532450982774772430e-01
4.245123473904504618e-01,-8.476822590371944077e-01,1.180727963224390276e-01,-6.349731955450832466e-01,-1.327006093702687850e-01,-3.998459228693954648e-01,-3.998459228694049572e-01,-1.327006093702527978e-01,-6.349731955450901300e-01,1.180727963224441346e-01,-8.476822590372017352e-01,4.245123473904618416e-01,3.625690444617636343e-01,-7.819452051745977572e-01,-4.715064626576129930e-02,-4.500674359036225258e-01,-4.500674359036230809e-01,-4.715064626576715573e-02,-7.819452051745943155e-01,3.625690444617566954e-01
4.298357475118477766e-01,-8.458777082861987928e-01,1.222617478423272813e-01,-6.343195137412156459e-01,-1.260330482790133488e-01,-3.948326728305751043e-01,-3.948326728305833755e-01,-1.260330482790000262e-01,-6.343195137412207529e-01,1.222617478423309451e-01,-8.458777082862066754e-01,4.298357475118584903e-01,3.675010626782038714e-01,-7.854644191339297254e-01,-4.479448972922939198e-02,-4.464122293940673281e-01,-4.464122293940624986e-01,-4.479448972923101568e-02,-7.854644191339228421e-01,3.675010626781979317e-01
4.318269788574325418e-01,-8.458220101253597356e-01,1.267576564935871120e-01,-6.324770384185640637e-01,-1.226538507918950166e-01,-3.897935969167891646e-01,-3.897935969167954928e-01,-1.226538507918845111e-01,-6.324770384185705030e-01,1.267576564935893879e-01,-8.458220101253628442e-01,4.318269788574416457e-01,3.688518070868002097e-01,-7.865929284242170194e-01,-4.533447262049349058e-02,-4.442130409605358765e-01,-4.442130409605349328e-01,-4.533447262049955517e-02,-7.865929284242128006e-01,3.688518070867928822e-01
4.309744983286853959e-01,-8.467868857528835225e-01,1.284688670736567340e-01,-6.354618151968469686e-01,-1.294349114943960100e-01,-3.926382565848912098e-01,-3.926382565848975936e-01,-1.294349114943902368e-01,-6.354618151968511874e-01,1.284688670736589544e-01,-8.467868857528875193e-01,4.309744983286907249e-01,3.662097598368645457e-01,-7.903663096519369935e-01,-4.945977115017349823e-02,-4.419340575479991373e-01,-4.419340575479922539e-01,-4.945977115017483744e-02,-7.903663096519301101e-01,3.662097598368584395e-01
4.287140834596077088e-01,-8.478680261189417422e-01,1.306028388241761429e-01,-6.367535511169329920e-01,-1.360893902542665013e-01,-3.926472584873924587e-01,-3.926472584873978988e-01,-1.360893902542650302e-01,-6.367535511169390983e-01,1.306028388241769478e-01,-8.478680261189424083e-01,4.287140834596080974e-01,3.639456237147171147e-01,-7.894099714636392262e-01,-5.591874439147316578e-02,-4.432351724010041294e-01,-4.432351724009993554e-01,-5.591874439147781484e-02,-7.894099714636364507e-01,3.639456237147097317e-01
4.270030369425749650e-01,-8.497211222875695746e-01,1.329574838126805769e-01,-6.396782809050790553e-01,-1.456369116763774618e-01,-3.957243191352980416e-01,-3.957243191353023160e-01,-1.456369116763794325e-01,-6.396782809050809426e-01,1.329574838126821590e-01,-8.497211222875710179e-01,4.270030369425708017e-01,3.614971690781932923e-01,-7.917838480618777375e-01,-6.293506427668617287e-02,-4.441645327005618316e-01,-4.441645327005525057e-01,-6.293506427668865699e-02,-7.917838480618732966e-01,3.614971690781874081e-01
4.286047760532045725e-01,-8.488532583722858682e-01,1.375056488541059330e-01,-6.392634582868168547e-01,-1.469825066465964558e-01,-3.916691306453620736e-01,-3.916691306453646271e-01,-1.469825066466002306e-01,-6.392634582868198523e-01,1.375056488541057942e-01,-8.488532583722842029e-01,4.286047760531977446e-01,3.629993766468944671e-01,-7.893370191153070703e-01,-7.006213049575299445e-02,-4.501044690502943313e-01,-4.501044690502855605e-01,-7.006213049575871210e-02,-7.893370191153064042e-01,3.629993766468885275e-01
4.325275395796809308e-01,-8.493088157883009748e-01,1.426616641014677445e-01,-6.389359181250273689e-01,-1.467256738018799800e-01,-3.898814280441083024e-01,-3.898814280441079694e-01,-1.467256738018832829e-01,-6.389359181250250375e-01,1.426616641014681885e-01,-8.493088157882995315e-01,4.325275395796738809e-01,3.656980201341468728e-01,-7.913935856955659487e-01,-7.250112144359757704e-02,-4.527864691916365092e-01,-4.527864691916266282e-01,-7.250112144360468247e-02,-7.913935856955640613e-01,3.656980201341434311e-01
4.392792504776098506e-01,-8.467858052581213046e-01,1.470516610121571088e-01,-6.372302494061395928e-01,-1.392813880763457690e-01,-3.845188838677487397e-01,-3.845188838677464638e-01,-1.392813880763491552e-01,-6.372302494061383715e-01,1.470516610121553047e-01,-8.467858052581169748e-01,4.392792504776037443e-01,3.717999336555345424e-01,-7.889492882295190412e-01,-7.012499317969124457e-02,-4.568756694061523183e-01,-4.568756694061413270e-01,-7.012499317969990431e-02,-7.889492882295191523e-01,3.717999336555323775e-01
4.446163202071307108e-01,-8.478600258372205323e-01,1.491733199017016287e-01,-6.370328766986832481e-01,-1.341355401182587892e-01,-3.857621467355414890e-01,-3.857621467355358824e-01,-1.341355401182606766e-01,-6.370328766986778080e-01,1.491733199016995193e-01,-8.478600258372166465e-01,4.446163202071272136e-01,3.771478149900967525e-01,-7.902642789699125814e-01,-5.874190825166991647e-02,-4.527731499739937604e-01,-4.527731499739846566e-01,-5.874190825168175423e-02,-7.902642789699121373e-01,3.771478149900968635e-01
4.490467845346285403e-01,-8.466029916111845743e-01,1.485192944175690588e-01,-6.378397938115258903e-01,-1.273739346097375602e-01,-3.875751808305958890e-01,-3.875751808305892276e-01,-1.273739346097408354e-01,-6.378397938115217825e-01,1.485192944175642571e-01,-8.466029916111788012e-01,4.490467845346260978e-01,3.824983742495007832e-01,-7.873932361152378157e-01,-4.310090044993156178e-02,-4.485596505397765887e-01,-4.485596505397637657e-01,-4.310090044994106806e-02,-7.873932361152371495e-01,3.824983742495019490e-01
4.494370255064592534e-01,-8.497041657747033128e-01,1.472615410894235199e-01,-6.399996750401236723e-01,-1.244668519016420838e-01,-3.946103569039599024e-01,-3.946103569039506320e-01,-1.244668519016454145e-01,-6.399996750401168999e-01,1.472615410894168031e-01,-8.497041657746986498e-01,4.494370255064566999e-01,3.844969500038205590e-01,-7.875547925513797232e-01,-2.517766805880028783e-02,-4.396872881363020902e-01,-4.396872881362935415e-01,-2.517766805881276396e-02,-7.875547925513797232e-01,3.844969500038214472e-01
4.490157155141915046e-01,-8.498168792089187962e-01,1.468010936690333224e-01,-6.424084200216795271e-01,-1.203872314516343245e-01,-3.996022881282006445e-01,-3.996022881281923178e-01,-1.203872314516406528e-01,-6.424084200216725327e-01,1.468010936690240797e-01,-8.498168792089132451e-01,4.490157155141873968e-01,3.839797851691654218e-01,-7.856414494124182024e-01,-1.358174469910331666e-02,-4.368654482222742441e-01,-4.368654482222604774e-01,-1.358174469911006474e-02,-7.856414494124168701e-01,3.839797851691654773e-01
4.472431145318839230e-01,-8.531632538959361689e-01,1.499016355806876977e-01,-6.443827032498720131e-01,-1.164882738067994639e-01,-4.031556886314564547e-01,-4.031556886314467958e-01,-1.164882738068062640e-01,-6.443827032498625762e-01,1.499016355806757350e-01,-8.531632538959327272e-01,4.472431145318787049e-01,3.810581003099010600e-01,-7.864063584176930188e-01,-1.098530833828396079e-02,-4.366259298736671068e-01,-4.366259298736593908e-01,-1.098530833829427025e-02,-7.864063584176937960e-01,3.810581003098978958e-01
4.479466269242126653e-01,-8.530998439026866720e-01,1.558111007208108356e-01,-6.453611152333726952e-01,-1.105974447363705093e-01,-4.023427683011736589e-01,-4.023427683011659428e-01,-1.105974447363795021e-01,-6.453611152333607048e-01,1.558111007207986232e-01,-8.530998439026827862e-01,4.479466269242069476e-01,3.773647065072360807e-01,-7.866134928347126021e-01,-1.893806560119103144e-02,-4.435040938084403028e-01,-4.435040938084275908e-01,-1.893806560119498661e-02,-7.866134928347099375e-01,3.773647065072319728e-01
4.505972138298942609e-01,-8.553422206509406767e-01,1.640258376066380808e-01,-6.459449260316709740e-01,-1.038523595668210120e-01,-3.980220240806141008e-01,-3.980220240806058296e-01,-1.038523595668292554e-01,-6.459449260316580954e-01,1.640258376066236479e-01,-8.553422206509396775e-01,4.505972138298898200e-01,3.759056254482955328e-01,-7.874813265585148825e-01,-3.375284580761149511e-02,-4.508730637130435315e-01,-4.508730637130378138e-01,-3.375284580761978709e-02,-7.874813265585145494e-01,3.759056254482884829e-01
4.562362652166821464e-01,-8.553595365300576958e-01,1.718035167996871393e-01,-6.458178050089020683e-01,-9.855184723130197555e-02,-3.931530672557896899e-01,-3.931530672557828621e-01,-9.855184723131155122e-02,-6.458178050088860811e-01,1.718035167996739554e-01,-8.553595365300552533e-01,4.562362652166795929e-01,3.764959793540290645e-01,-7.878627406310508841e-01,-4.750186952366773629e-02,-4.560863527890211544e-01,-4.560863527890117730e-01,-4.750186952367101145e-02,-7.878627406310461101e-01,3.764959793540232913e-01
4.631165231927341086e-01,-8.571699798178438190e-01,1.777803232307972603e-01,-6.464737223295766722e-01,-9.454754465392846419e-02,-3.871074110221249254e-01,-3.871074110221174314e-01,-9.454754465393819252e-02,-6.464737223295631274e-01,1.777803232307817172e-01,-8.571699798178435969e-01,4.631165231927336645e-01,3.812511353207694298e-01,-7.869578885332380036e-01,-5.647853935637783818e-02,-4.551458922369920335e-01,-4.551458922369882032e-01,-5.647853935638453421e-02,-7.869578885332355611e-01,3.812511353207623799e-01
4.696658215562089511e-01,-8.580487279971412695e-01,1.815171603305520964e-01,-6.461125950032786669e-01,-9.522447406461428954e-02,-3.843671470907691345e-01,-3.843671470907613630e-01,-9.522447406462519748e-02,-6.461125950032640120e-01,1.815171603305394954e-01,-8.580487279971387160e-01,4.696658215562105054e-01,3.862393114550922713e-01,-7.863880277730413981e-01,-5.439278612377210220e-02,-4.472029566821790758e-01,-4.472029566821733026e-01,-5.439278612377530103e-02,-7.863880277730344037e-01,3.862393114550871087e-01
4.748719081716318846e-01,-8.592803894832902190e-01,1.829557144160189330e-01,-6.470898096921507969e-01,-9.735198883588602747e-02,-3.809352906672994199e-01,-3.809352906672903716e-01,-9.735198883589843422e-02,-6.470898096921422482e-01,1.829557144160043614e-01,-8.592803894832899969e-01,4.748719081716326063e-01,3.918874843667806696e-01,-7.851913027993300265e-01,-4.761793967148528206e-02,-4.377043603869409938e-01,-4.377043603869372745e-01,-4.761793967148970214e-02,-7.851913027993256966e-01,3.918874843667741747e-01
4.767920954456843496e-01,-8.599712428759086480e-01,1.838931989886624652e-01,-6.463166465026838337e-01,-1.037696037013356581e-01,-3.811719463341460834e-01,-3.811719463341348146e-01,-1.037696037013486339e-01,-6.463166465026759511e-01,1.838931989886527507e-01,-8.599712428759062055e-01,4.767920954456841276e-01,3.938776653489544088e-01,-7.860200261143809319e-01,-3.569887219645211107e-02,-4.287085840111681811e-01,-4.287085840111645174e-01,-3.569887219645560134e-02,-7.860200261143741596e-01,3.938776653489483026e-01
4.767365686604698727e-01,-8.599150904840840992e-01,1.831725521229147780e-01,-6.479072369685752175e-01,-1.098859117704035354e-01,-3.804431798407108545e-01,-3.804431798406985865e-01,-1.098859117704175659e-01,-6.479072369685742183e-01,1.831725521229055353e-01,-8.599150904840847653e-01,4.767365686604674302e-01,3.942257759673644113e-01,-7.879146318467580290e-01,-2.973344385152029701e-02,-4.274323700443807827e-01,-4.274323700443752871e-01,-2.973344385152257296e-02,-7.879146318467538102e-01,3.942257759673566397e-01
4.736896591663488643e-01,-8.601974683568114344e-01,1.826500074129397411e-01,-6.475802844768451250e-01,-1.176290565464089000e-01,-3.831887437290232290e-01,-3.831887437290083520e-01,-1.176290565464211957e-01,-6.475802844768434596e-01,1.826500074129379092e-01,-8.601974683568092139e-01,4.736896591663457001e-01,3.926172284962344272e-01,-7.910495052433106355e-01,-2.577944752276467577e-02,-4.303142516250958449e-01,-4.303142516250928473e-01,-2.577944752276959545e-02,-7.910495052433064167e-01,3.926172284962262116e-01
4.714691841953016493e-01,-8.598747409408572517e-01,1.801469804480511083e-01,-6.503813580202939537e-01,-1.224568501228652517e-01,-3.854658223976677456e-01,-3.854658223976538123e-01,-1.224568501228775474e-01,-6.503813580202966182e-01,1.801469804480524961e-01,-8.598747409408580289e-01,4.714691841952970974e-01,3.930786308530228035e-01,-7.948987193947740781e-01,-2.853091480487077863e-02,-4.383190780832052491e-01,-4.383190780831973665e-01,-2.853091480487234335e-02,-7.948987193947710805e-01,3.930786308530150874e-01
4.708172006571114121e-01,-8.601663650252233673e-01,1.797850792222183691e-01,-6.498791130506593738e-01,-1.233198180370277952e-01,-3.888712101056411852e-01,-3.888712101056263637e-01,-1.233198180370357888e-01,-6.498791130506600400e-01,1.797850792222266680e-01,-8.601663650252220350e-01,4.708172006571075263e-01,3.982925294779903203e-01,-7.959227961743247093e-01,-2.759578335747050332e-02,-4.432064327487628130e-01,-4.432064327487595379e-01,-2.759578335747740058e-02,-7.959227961743233770e-01,3.982925294779835479e-01
4.756026729169861023e-01,-8.601992283141465245e-01,1.804544762283965265e-01,-6.512474530025998964e-01,-1.176436146092671720e-01,-3.901129474327470481e-01,-3.901129474327361124e-01,-1.176436146092736945e-01,-6.512474530026020059e-01,1.804544762284059356e-01,-8.601992283141483009e-01,4.756026729169827716e-01,4.086898493692219247e-01,-7.966560911567217573e-01,-2.370051784720519916e-02,-4.442586846702982761e-01,-4.442586846702880066e-01,-2.370051784720785329e-02,-7.966560911567194259e-01,4.086898493692190382e-01
4.846926090419673150e-01,-8.604944858697149979e-01,1.869717048915225943e-01,-6.477351666117006079e-01,-1.038455973077446748e-01,-3.880859844321751795e-01,-3.880859844321661867e-01,-1.038455973077458405e-01,-6.477351666117019402e-01,1.869717048915327529e-01,-8.604944858697156640e-01,4.846926090419669819e-01,4.233492428087487491e-01,-7.922234737402615856e-01,-1.167583337959315383e-02,-4.396080991955659822e-01,-4.396080991955610973e-01,-1.167583337960235654e-02,-7.922234737402620297e-01,4.233492428087473614e-01
4.978722905524526343e-01,-8.617858299457844540e-01,1.968952178997208924e-01,-6.460454350702047321e-01,-8.633251579592854386e-02,-3.837402690586548260e-01,-3.837402690586523279e-01,-8.633251579592807201e-02,-6.460454350702065085e-01,1.968952178997281921e-01,-8.617858299457874516e-01,4.978722905524555209e-01,4.356324636166323261e-01,-7.905031087657226063e-01,2.969775142241362804e-03,-4.324975626887091473e-01,-4.324975626886970459e-01,2.969775142235796944e-03,-7.905031087657208300e-01,4.356324636166349906e-01
5.121670101550984677e-01,-8.623298370064956808e-01,2.125181721386403821e-01,-6.410445010253638110e-01,-6.473605539904037087e-02,-3.749595648327028741e-01,-3.749595648327044284e-01,-6.473605539903526385e-02,-6.410445010253671416e-01,2.125181721386441569e-01,-8.623298370064976792e-01,5.121670101551047960e-01,4.440369951073425692e-01,-7.861096715736629603e-01,1.676181130123293936e-02,-4.283027249277291948e-01,-4.283027249277215898e-01,1.676181130122171223e-02,-7.861096715736645146e-01,4.440369951073440680e-01
5.249968825950253049e-01,-8.651841546064963362e-01,2.290962777386837124e-01,-6.398089223537638537e-01,-4.910934572498078243e-02,-3.683496176889985430e-01,-3.683496176890069806e-01,-4.910934572497419048e-02,-6.398089223537655190e-01,2.290962777386857385e-01,-8.651841546064991118e-01,5.249968825950326323e-01,4.438389836073736716e-01,-7.885680857463189808e-01,2.538438155310059063e-02,-4.264604489388529873e-01,-4.264604489388406083e-01,2.538438155309125782e-02,-7.885680857463182036e-01,4.438389836073757255e-01
5.356610765876693714e-01,-8.656788080070492164e-01,2.462990899620688956e-01,-6.379115433794777523e-01,-3.598311783943248382e-02,-3.599151867151078599e-01,-3.599151867151210715e-01,-3.598311783942204078e-02,-6.379115433794814161e-01,2.462990899620681184e-01,-8.656788080070517699e-01,5.356610765876755886e-01,4.413151241692120919e-01,-7.897798486431035769e-01,2.661728931315967758e-02,-4.311563184255615688e-01,-4.311563184255500225e-01,2.661728931314841229e-02,-7.897798486431052423e-01,4.413151241692105931e-01
5.427234370153832810e-01,-8.697806131943885966e-01,2.600175389069369625e-01,-6.404549413910237687e-01,-3.434290751408745901e-02,-3.587760717594715154e-01,-3.587760717594895565e-01,-3.434290751407273468e-02,-6.404549413910245459e-01,2.600175389069380172e-01,-8.697806131943909280e-01,5.427234370153874998e-01,4.394011997551299231e-01,-7.961225439524097780e-01,2.544536414830944268e-02,-4.331435369161006355e-01,-4.331435369160883675e-01,2.544536414829688328e-02,-7.961225439524096670e-01,4.394011997551265924e-01
5.499880967093193629e-01,-8.700029246742467803e-01,2.709724120555752069e-01,-6.429891886724388161e-01,-3.386302828998914716e-02,-3.567495070225890075e-01,-3.567495070226116560e-01,-3.386302828996989867e-02,-6.429891886724430350e-01,2.709724120555748739e-01,-8.700029246742497779e-01,5.499880967093202511e-01,4.469128373617680117e-01,-7.992209220444039808e-01,2.358454378500051546e-02,-4.356998915004909323e-01,-4.356998915004750006e-01,2.358454378498960058e-02,-7.992209220444029816e-01,4.469128373617622940e-01
5.572684242906205121e-01,-8.742647632496198806e-01,2.793200436380659513e-01,-6.479833343482598318e-01,-3.871211721171390063e-02,-3.603339699780115368e-01,-3.603339699780361838e-01,-3.871211721168760223e-02,-6.479833343482621633e-01,2.793200436380687823e-01,-8.742647632496226562e-01,5.572684242906195129e-01,4.652380017834740200e-01,-8.027932099616246209e-01,2.885071068477702144e-02,-4.295371337723423166e-01,-4.295371337723301042e-01,2.885071068475995176e-02,-8.027932099616233996e-01,4.652380017834670811e-01
5.692357691520746332e-01,-8.738454646366404788e-01,2.884398442508749882e-01,-6.510881700320094723e-01,-3.608242560076134475e-02,-3.589960323724868951e-01,-3.589960323725164271e-01,-3.608242560073157690e-02,-6.510881700320156895e-01,2.884398442508784854e-01,-8.738454646366440315e-01,5.692357691520723018e-01,4.923971979691098566e-01,-8.041964522379321245e-01,3.963910260140229846e-02,-4.225150766649693468e-01,-4.225150766649496958e-01,3.963910260138892722e-02,-8.041964522379262403e-01,4.923971979691039724e-01
5.838762631688432236e-01,-8.769806721932282834e-01,3.006220768229216356e-01,-6.539203244000588722e-01,-2.894045641580863387e-02,-3.558840412829002986e-01,-3.558840412829307742e-01,-2.894045641577241978e-02,-6.539203244000657556e-01,3.006220768229289630e-01,-8.769806721932310589e-01,5.838762631688436677e-01,5.223533486492391020e-01,-8.049958613353430659e-01,5.731462698149964591e-02,-4.114942715177531407e-01,-4.114942715177391519e-01,5.731462698147749002e-02,-8.049958613353394021e-01,5.223533486492314415e-01
6.021704786705800450e-01,-8.766129729771655610e-01,3.181895431836564425e-01,-6.536245835646596891e-01,-1.227412158602374584e-02,-3.461126921679996693e-01,-3.461126921680348634e-01,-1.227412158598709113e-02,-6.536245835646697921e-01,3.181895431836678778e-01,-8.766129729771687806e-01,6.021704786705841528e-01,5.455473106440638098e-01,-8.085697612270537071e-01,7.714737369946740586e-02,-4.035837274758189430e-01,-4.035837274757962945e-01,7.714737369944946188e-02,-8.085697612270433821e-01,5.455473106440571485e-01
6.209477877962344960e-01,-8.791046395860766527e-01,3.400196041866527241e-01,-6.534010662489669885e-01,8.896051539762443380e-03,-3.321397644769930046e-01,-3.321397644770290869e-01,8.896051539801885788e-03,-6.534010662489808663e-01,3.400196041866677121e-01,-8.791046395860795393e-01,6.209477877962421566e-01,5.608215470287825077e-01,-8.111428131737571379e-01,9.580364675121819107e-02,-3.981377231664332550e-01,-3.981377231664134930e-01,9.580364675119384943e-02,-8.111428131737504765e-01,5.608215470287714055e-01
6.390738506558617527e-01,-8.812310318046367996e-01,3.650282816081366621e-01,-6.512939139512726738e-01,2.922599711038294593e-02,-3.195246976291418184e-01,-3.195246976291813978e-01,2.922599711042206394e-02,-6.512939139512881059e-01,3.650282816081583115e-01,-8.812310318046383539e-01,6.390738506558708565e-01,5.672552198516551680e-01,-8.163161924779280820e-01,1.132707734007130096e-01,-3.942024638503775491e-01,-3.942024638503530687e-01,1.132707734006895423e-01,-8.163161924779155365e-01,5.672552198516424005e-01
6.576638142549254828e-01,-8.849822111829986904e-01,3.891438846840403198e-01,-6.514028681502779250e-01,4.778417085419146143e-02,-3.074923099816840866e-01,-3.074923099817254979e-01,4.778417085423028454e-02,-6.514028681502993523e-01,3.891438846840633570e-01,-8.849822111830015769e-01,6.576638142549322552e-01,5.746943685393627321e-01,-8.182556663170459377e-01,1.258459541513111124e-01,-3.926342637928780244e-01,-3.926342637928498247e-01,1.258459541512874647e-01,-8.182556663170350575e-01,5.746943685393460788e-01
6.775930468130149098e-01,-8.899092310497729308e-01,4.125417073788865685e-01,-6.507284729044912064e-01,5.876220323445707078e-02,-3.046332585572977258e-01,-3.046332585573385821e-01,5.876220323449787841e-02,-6.507284729045120786e-01,4.125417073789156563e-01,-8.899092310497737079e-01,6.775930468130176854e-01,5.895921372072616684e-01,-8.181098770442298829e-01,1.392162087423840233e-01,-3.883145550259400891e-01,-3.883145550259141654e-01,1.392162087423535477e-01,-8.181098770442170043e-01,5.895921372072430167e-01
7.033515240719846462e-01,-8.944458923255075300e-01,4.345826980671805284e-01,-6.520612705278379106e-01,7.097068973446853113e-02,-3.022382362048467996e-01,-3.022382362048899318e-01,7.097068973450842977e-02,-6.520612705278646670e-01,4.345826980672092832e-01,-8.944458923255113048e-01,7.033515240719824257e-01,6.153727947015978916e-01,-8.179162962947468252e-01,1.514434107073659996e-01,-3.847782302569545121e-01,-3.847782302569192070e-01,1.514434107073386881e-01,-8.179162962947302828e-01,6.153727947015802391e-01
7.348955658806122226e-01,-8.983186573351222837e-01,4.599179503194342766e-01,-6.516805070527573740e-01,8.706753495593608227e-02,-3.008619702391174267e-01,-3.008619702391584494e-01,8.706753495598146264e-02,-6.516805070527864618e-01,4.599179503194648078e-01,-8.983186573351237270e-01,7.348955658806100022e-01,6.509737249706684104e-01,-8.142266558130537568e-01,1.697709086931496469e-01,-3.792500407010700458e-01,-3.792500407010400143e-01,1.697709086931130928e-01,-8.142266558130392129e-01,6.509737249706495366e-01
7.700096568447253320e-01,-9.025619543482471530e-01,4.912709484311192920e-01,-6.505980228712545665e-01,1.129343044153484632e-01,-2.934360966210066146e-01,-2.934360966210499133e-01,1.129343044153932468e-01,-6.505980228712854307e-01,4.912709484311507668e-01,-9.025619543482508167e-01,7.700096568447265533e-01,6.853938045659668798e-01,-8.163582601957418694e-01,1.973489348258835874e-01,-3.704841628521993724e-01,-3.704841628521635677e-01,1.973489348258475884e-01,-8.163582601957227736e-01,6.853938045659511147e-01
