-1.000000000000000000e+00,-1.000000000000000000e+00,-1.000000000000000000e+00,-1.000000000000000000e+00,-1.000000000000000000e+00,-1.000000000000000000e+00,-1.000000000000000000e+00,-1.000000000000000000e+00,-1.000000000000000000e+00,-1.000000000000000000e+00,-1.000000000000000000e+00,-1.000000000000000000e+00,-1.000000000000000000e+00,-1.000000000000000000e+00,-1.000000000000000000e+00,-1.000000000000000000e+00,-1.000000000000000000e+00,-1.000000000000000000e+00
-9.974490208014797910e-01,-9.974499157670816407e-01,-9.974499297386720809e-01,-9.974499309327129470e-01,-9.974499310924217488e-01,-9.974499309327128360e-01,-9.974499297386720809e-01,-9.974499157670817517e-01,-9.974490208014796799e-01,-9.974490208014797910e-01,-9.974499157670817517e-01,-9.974499297386721919e-01,-9.974499309327128360e-01,-9.974499310924216378e-01,-9.974499309327127250e-01,-9.974499297386719698e-01,-9.974499157670817517e-01,-9.974490208014799020e-01
-9.904180154899615562e-01,-9.904454488981805360e-01,-9.904463421940001844e-01,-9.904464202869630585e-01,-9.904464308174144582e-01,-9.904464202869630585e-01,-9.904463421940005174e-01,-9.904454488981807581e-01,-9.904180154899616673e-01,-9.904180154899617783e-01,-9.904454488981807581e-01,-9.904463421940005174e-01,-9.904464202869633915e-01,-9.904464308174144582e-01,-9.904464202869632805e-01,-9.904463421940005174e-01,-9.904454488981805360e-01,-9.904180154899615562e-01
-9.904519533296225475e-01,-9.905581683372601809e-01,-9.905624230300915656e-01,-9.905627998040243964e-01,-9.905628514249228411e-01,-9.905627998040242854e-01,-9.905624230300915656e-01,-9.905581683372605140e-01,-9.904519533296226586e-01,-9.904519533296228806e-01,-9.905581683372606250e-01,-9.905624230300916766e-01,-9.905627998040245075e-01,-9.905628514249230632e-01,-9.905627998040245075e-01,-9.905624230300916766e-01,-9.905581683372604029e-01,-9.904519533296225475e-01
-9.950839910419264633e-01,-9.951567387483463145e-01,-9.951586057836434573e-01,-9.951587771122628601e-01,-9.951588027200326536e-01,-9.951587771122629711e-01,-9.951586057836434573e-01,-9.951567387483464255e-01,-9.950839910419265744e-01,-9.950839910419265744e-01,-9.951567387483465366e-01,-9.951586057836435684e-01,-9.951587771122629711e-01,-9.951588027200326536e-01,-9.951587771122628601e-01,-9.951586057836435684e-01,-9.951567387483464255e-01,-9.950839910419265744e-01
-9.884054689045640441e-01,-9.883310146282165976e-01,-9.883268266261628909e-01,-9.883264688924464636e-01,-9.883264188008913376e-01,-9.883264688924465746e-01,-9.883268266261626689e-01,-9.883310146282163755e-01,-9.884054689045639330e-01,-9.884054689045638220e-01,-9.883310146282162645e-01,-9.883268266261624468e-01,-9.883264688924464636e-01,-9.883264188008911155e-01,-9.883264688924464636e-01,-9.883268266261625579e-01,-9.883310146282162645e-01,-9.884054689045640441e-01
-9.784464968158828047e-01,-9.786505133761072006e-01,-9.786593283835384183e-01,-9.786601087125123000e-01,-9.786602051856012618e-01,-9.786601087125124110e-01,-9.786593283835384183e-01,-9.786505133761075337e-01,-9.784464968158831377e-01,-9.784464968158832487e-01,-9.786505133761078667e-01,-9.786593283835385293e-01,-9.786601087125125220e-01,-9.786602051856015949e-01,-9.786601087125124110e-01,-9.786593283835385293e-01,-9.786505133761077557e-01,-9.784464968158831377e-01
-9.831920974663436175e-01,-9.838327818915985068e-01,-9.838537481312470412e-01,-9.838556043743974522e-01,-9.838558694953106754e-01,-9.838556043743973412e-01,-9.838537481312472632e-01,-9.838327818915992840e-01,-9.831920974663438395e-01,-9.831920974663442836e-01,-9.838327818915998391e-01,-9.838537481312475963e-01,-9.838556043743977853e-01,-9.838558694953113415e-01,-9.838556043743977853e-01,-9.838537481312474853e-01,-9.838327818915997280e-01,-9.831920974663440616e-01
-9.884051859559020992e-01,-9.885178148499403905e-01,-9.885090811790488985e-01,-9.885084928368614854e-01,-9.885084447340888314e-01,-9.885084928368613744e-01,-9.885090811790487875e-01,-9.885178148499403905e-01,-9.884051859559022102e-01,-9.884051859559020992e-01,-9.885178148499402795e-01,-9.885090811790486764e-01,-9.885084928368613744e-01,-9.885084447340884983e-01,-9.885084928368613744e-01,-9.885090811790487875e-01,-9.885178148499403905e-01,-9.884051859559020992e-01
-9.765388770790388584e-01,-9.761560697779684270e-01,-9.761479811388218408e-01,-9.761474367208559100e-01,-9.761473132991359547e-01,-9.761474367208560210e-01,-9.761479811388216188e-01,-9.761560697779679829e-01,-9.765388770790386364e-01,-9.765388770790383033e-01,-9.761560697779676499e-01,-9.761479811388215078e-01,-9.761474367208555769e-01,-9.761473132991353996e-01,-9.761474367208557990e-01,-9.761479811388216188e-01,-9.761560697779679829e-01,-9.765388770790388584e-01
-9.685045743258203776e-01,-9.693989897285061330e-01,-9.694544671905159783e-01,-9.694588375008821313e-01,-9.694593564621891701e-01,-9.694588375008820202e-01,-9.694544671905163113e-01,-9.693989897285067991e-01,-9.685045743258207107e-01,-9.685045743258211548e-01,-9.693989897285073543e-01,-9.694544671905166444e-01,-9.694588375008829084e-01,-9.694593564621899473e-01,-9.694588375008829084e-01,-9.694544671905164224e-01,-9.693989897285067991e-01,-9.685045743258204887e-01
-9.786288276119957663e-01,-9.801637973750065846e-01,-9.801863706513846974e-01,-9.801880209303867053e-01,-9.801883823004066132e-01,-9.801880209303867053e-01,-9.801863706513850305e-01,-9.801637973750072508e-01,-9.786288276119960994e-01,-9.786288276119967655e-01,-9.801637973750080279e-01,-9.801863706513854746e-01,-9.801880209303873714e-01,-9.801883823004077234e-01,-9.801880209303872604e-01,-9.801863706513851415e-01,-9.801637973750074728e-01,-9.786288276119962104e-01
-9.796052774229235816e-01,-9.791318939110464914e-01,-9.790671100509775737e-01,-9.790634717470210191e-01,-9.790630535498504594e-01,-9.790634717470210191e-01,-9.790671100509772407e-01,-9.791318939110460473e-01,-9.796052774229233595e-01,-9.796052774229231375e-01,-9.791318939110456032e-01,-9.790671100509770186e-01,-9.790634717470204640e-01,-9.790630535498496823e-01,-9.790634717470205750e-01,-9.790671100509772407e-01,-9.791318939110461583e-01,-9.796052774229234705e-01
-9.633687860304307460e-01,-9.628052088626182226e-01,-9.628664195659517588e-01,-9.628723414501350053e-01,-9.628727331867380501e-01,-9.628723414501350053e-01,-9.628664195659517588e-01,-9.628052088626181115e-01,-9.633687860304306350e-01,-9.633687860304304129e-01,-9.628052088626177785e-01,-9.628664195659517588e-01,-9.628723414501348943e-01,-9.628727331867380501e-01,-9.628723414501347833e-01,-9.628664195659515368e-01,-9.628052088626181115e-01,-9.633687860304306350e-01
-9.621930131317084633e-01,-9.648469120521372400e-01,-9.650032062936064747e-01,-9.650115131362513310e-01,-9.650125634588453405e-01,-9.650115131362511089e-01,-9.650032062936070298e-01,-9.648469120521386833e-01,-9.621930131317087964e-01,-9.621930131317097956e-01,-9.648469120521399045e-01,-9.650032062936076960e-01,-9.650115131362525522e-01,-9.650125634588468948e-01,-9.650115131362522192e-01,-9.650032062936073629e-01,-9.648469120521390163e-01,-9.621930131317090185e-01
-9.749623763557655476e-01,-9.768680919631771431e-01,-9.767637657004963891e-01,-9.767550715110431270e-01,-9.767546418146502152e-01,-9.767550715110433490e-01,-9.767637657004963891e-01,-9.768680919631776982e-01,-9.749623763557656586e-01,-9.749623763557663247e-01,-9.768680919631782533e-01,-9.767637657004965002e-01,-9.767550715110437931e-01,-9.767546418146507703e-01,-9.767550715110435711e-01,-9.767637657004966112e-01,-9.768680919631774762e-01,-9.749623763557657696e-01
-9.672620771084086133e-01,-9.652095864486318622e-01,-9.651074915944829469e-01,-9.651110625428807044e-01,-9.651110575855950113e-01,-9.651110625428808154e-01,-9.651074915944827248e-01,-9.652095864486306409e-01,-9.672620771084083913e-01,-9.672620771084077251e-01,-9.652095864486296417e-01,-9.651074915944822807e-01,-9.651110625428800383e-01,-9.651110575855939011e-01,-9.651110625428801493e-01,-9.651074915944823918e-01,-9.652095864486304189e-01,-9.672620771084082802e-01
-9.515633597102262087e-01,-9.522447563927317615e-01,-9.525981981952565958e-01,-9.526234631574383993e-01,-9.526251770577756073e-01,-9.526234631574381773e-01,-9.525981981952569289e-01,-9.522447563927320946e-01,-9.515633597102266528e-01,-9.515633597102267638e-01,-9.522447563927326497e-01,-9.525981981952574840e-01,-9.526234631574389544e-01,-9.526251770577761624e-01,-9.526234631574388434e-01,-9.525981981952571509e-01,-9.522447563927322056e-01,-9.515633597102266528e-01
-9.602257926766918361e-01,-9.653950323824055380e-01,-9.655247560265366458e-01,-9.655123733274977305e-01,-9.655119214258703897e-01,-9.655123733274972864e-01,-9.655247560265370899e-01,-9.653950323824074253e-01,-9.602257926766925022e-01,-9.602257926766938345e-01,-9.653950323824089796e-01,-9.655247560265379780e-01,-9.655123733274988407e-01,-9.655119214258721660e-01,-9.655123733274985076e-01,-9.655247560265374229e-01,-9.653950323824076474e-01,-9.602257926766925022e-01
-9.687317928844978443e-01,-9.688364093902961383e-01,-9.683815142238667573e-01,-9.683637480728611857e-01,-9.683632656397956895e-01,-9.683637480728615188e-01,-9.683815142238664242e-01,-9.688364093902954721e-01,-9.687317928844976223e-01,-9.687317928844976223e-01,-9.688364093902950280e-01,-9.683815142238658691e-01,-9.683637480728606306e-01,-9.683632656397948013e-01,-9.683637480728607416e-01,-9.683815142238663132e-01,-9.688364093902954721e-01,-9.687317928844978443e-01
-9.519777303456843365e-01,-9.486015457777574600e-01,-9.488316861806166402e-01,-9.488894113269470409e-01,-9.488925893928540356e-01,-9.488894113269472630e-01,-9.488316861806161961e-01,-9.486015457777563498e-01,-9.519777303456840034e-01,-9.519777303456831152e-01,-9.486015457777554616e-01,-9.488316861806161961e-01,-9.488894113269465969e-01,-9.488925893928533695e-01,-9.488894113269467079e-01,-9.488316861806161961e-01,-9.486015457777564608e-01,-9.519777303456837814e-01
-9.365876279695077855e-01,-9.415004927202098584e-01,-9.423743108130351320e-01,-9.423939864093421326e-01,-9.423928934723617701e-01,-9.423939864093419105e-01,-9.423743108130355761e-01,-9.415004927202115237e-01,-9.365876279695091178e-01,-9.365876279695100060e-01,-9.415004927202135221e-01,-9.423743108130376855e-01,-9.423939864093440200e-01,-9.423928934723638795e-01,-9.423939864093437979e-01,-9.423743108130367974e-01,-9.415004927202120788e-01,-9.365876279695090068e-01
-9.291637616059930105e-01,-9.398550997766830228e-01,-9.395721154316458712e-01,-9.394660485068239142e-01,-9.394609957719685100e-01,-9.394660485068239142e-01,-9.395721154316460932e-01,-9.398550997766843551e-01,-9.291637616059951199e-01,-9.291637616059957860e-01,-9.398550997766861315e-01,-9.395721154316475365e-01,-9.394660485068250244e-01,-9.394609957719701754e-01,-9.394660485068252465e-01,-9.395721154316472035e-01,-9.398550997766849102e-01,-9.291637616059943428e-01
-9.096036081354513803e-01,-9.162103255019253822e-01,-9.145158024739425962e-01,-9.144704861284504993e-01,-9.144779111048981779e-01,-9.144704861284509434e-01,-9.145158024739429292e-01,-9.162103255019247161e-01,-9.096036081354516023e-01,-9.096036081354499370e-01,-9.162103255019228287e-01,-9.145158024739405977e-01,-9.144704861284489450e-01,-9.144779111048965126e-01,-9.144704861284497222e-01,-9.145158024739415970e-01,-9.162103255019249382e-01,-9.096036081354510472e-01
-8.748990928560195224e-01,-8.778211765895920227e-01,-8.765466232397152169e-01,-8.767994593105400414e-01,-8.768225685116323165e-01,-8.767994593105412626e-01,-8.765466232397171042e-01,-8.778211765895909124e-01,-8.748990928560168578e-01,-8.748990928560147484e-01,-8.778211765895864716e-01,-8.765466232397129964e-01,-8.767994593105384871e-01,-8.768225685116294299e-01,-8.767994593105390422e-01,-8.765466232397142177e-01,-8.778211765895900243e-01,-8.748990928560177460e-01
-8.374360855794491520e-01,-8.483318376558601770e-01,-8.489971210594398077e-01,-8.494662057041617587e-01,-8.494705971556217872e-01,-8.494662057041635350e-01,-8.489971210594433604e-01,-8.483318376558610652e-01,-8.374360855794455993e-01,-8.374360855794452663e-01,-8.483318376558581786e-01,-8.489971210594413620e-01,-8.494662057041630909e-01,-8.494705971556221202e-01,-8.494662057041628689e-01,-8.489971210594410289e-01,-8.483318376558597329e-01,-8.374360855794473757e-01
-8.063813163027779840e-01,-8.368985972114150185e-01,-8.385119005828889360e-01,-8.387523242750538621e-01,-8.386954189054690589e-01,-8.387523242750558605e-01,-8.385119005828924887e-01,-8.368985972114184602e-01,-8.063813163027759856e-01,-8.063813163027778730e-01,-8.368985972114187932e-01,-8.385119005828935990e-01,-8.387523242750583030e-01,-8.386954189054733888e-01,-8.387523242750574148e-01,-8.385119005828919336e-01,-8.368985972114173499e-01,-8.063813163027777620e-01
-7.802613731712013667e-01,-8.328453750381623610e-01,-8.319199008920733496e-01,-8.315843052705990113e-01,-8.314795737471925019e-01,-8.315843052706002325e-01,-8.319199008920741267e-01,-8.328453750381659138e-01,-7.802613731712018108e-01,-7.802613731712044753e-01,-8.328453750381685783e-01,-8.319199008920766802e-01,-8.315843052706026750e-01,-8.314795737471973869e-01,-8.315843052706024530e-01,-8.319199008920752370e-01,-8.328453750381662468e-01,-7.802613731712031431e-01
-7.529544525824798384e-01,-8.224497168332792763e-01,-8.148254443879989761e-01,-8.141599020873726555e-01,-8.140970098452713355e-01,-8.141599020873732107e-01,-8.148254443879973108e-01,-8.224497168332818298e-01,-7.529544525824827250e-01,-7.529544525824841683e-01,-8.224497168332834951e-01,-8.148254443879978659e-01,-8.141599020873724335e-01,-8.140970098452728898e-01,-8.141599020873733217e-01,-8.148254443879980879e-01,-8.224497168332829400e-01,-7.529544525824831691e-01
-7.189444670380698010e-01,-7.991958230313050970e-01,-7.829811691993030509e-01,-7.831307581142493701e-01,-7.832215706337888328e-01,-7.831307581142495922e-01,-7.829811691993004974e-01,-7.991958230313053191e-01,-7.189444670380729097e-01,-7.189444670380720215e-01,-7.991958230313042089e-01,-7.829811691992976108e-01,-7.831307581142454843e-01,-7.832215706337859462e-01,-7.831307581142472607e-01,-7.829811691992994982e-01,-7.991958230313063183e-01,-7.189444670380726876e-01
-6.766234434880330495e-01,-7.648018559788378745e-01,-7.413025108817303810e-01,-7.438513567816510408e-01,-7.440570764783422941e-01,-7.438513567816515959e-01,-7.413025108817299369e-01,-7.648018559788349879e-01,-6.766234434880349369e-01,-6.766234434880320503e-01,-7.648018559788321014e-01,-7.413025108817248299e-01,-7.438513567816471550e-01,-7.440570764783378532e-01,-7.438513567816490424e-01,-7.413025108817268283e-01,-7.648018559788359871e-01,-6.766234434880344928e-01
-6.316141733352161891e-01,-7.328534650690943231e-01,-7.041341559790089688e-01,-7.103572601084051641e-01,-7.103491537779484943e-01,-7.103572601084070515e-01,-7.041341559790126325e-01,-7.328534650690898822e-01,-6.316141733352167442e-01,-6.316141733352133025e-01,-7.328534650690867736e-01,-7.041341559790073035e-01,-7.103572601084048310e-01,-7.103491537779456078e-01,-7.103572601084058302e-01,-7.041341559790081917e-01,-7.328534650690906593e-01,-6.316141733352165222e-01
-5.889195338742037045e-01,-7.142419600703102667e-01,-6.829100171924304963e-01,-6.930950855939966848e-01,-6.921971185070584509e-01,-6.930950855939993493e-01,-6.829100171924381568e-01,-7.142419600703060478e-01,-5.889195338742035934e-01,-5.889195338742018171e-01,-7.142419600703051596e-01,-6.829100171924353813e-01,-6.930950855940013478e-01,-6.921971185070587840e-01,-6.930950855940009037e-01,-6.829100171924338269e-01,-7.142419600703071580e-01,-5.889195338742043706e-01
-5.501808223559554456e-01,-7.084631313722148382e-01,-6.737291299200728334e-01,-6.869613751851995076e-01,-6.843828295159304353e-01,-6.869613751852016170e-01,-6.737291299200821593e-01,-7.084631313722125068e-01,-5.501808223559561117e-01,-5.501808223559565558e-01,-7.084631313722143942e-01,-6.737291299200823813e-01,-6.869613751852070571e-01,-6.843828295159335440e-01,-6.869613751852056138e-01,-6.737291299200790506e-01,-7.084631313722138390e-01,-5.501808223559576660e-01
-5.167064248209916055e-01,-7.152606302374355796e-01,-6.724172640152672464e-01,-6.875079550561706832e-01,-6.825424269095072827e-01,-6.875079550561707942e-01,-6.724172640152747960e-01,-7.152606302374358016e-01,-5.167064248209936039e-01,-5.167064248209962685e-01,-7.152606302374394653e-01,-6.724172640152767944e-01,-6.875079550561772335e-01,-6.825424269095112795e-01,-6.875079550561753461e-01,-6.724172640152730196e-01,-7.152606302374371339e-01,-5.167064248209962685e-01
-4.824984637948258048e-01,-7.217163624776762321e-01,-6.651710610978143201e-01,-6.816328705333283278e-01,-6.739929372639579253e-01,-6.816328705333258853e-01,-6.651710610978174287e-01,-7.217163624776783415e-01,-4.824984637948281918e-01,-4.824984637948322441e-01,-7.217163624776818942e-01,-6.651710610978198712e-01,-6.816328705333305482e-01,-6.739929372639603677e-01,-6.816328705333293270e-01,-6.651710610978169846e-01,-7.217163624776795627e-01,-4.824984637948318555e-01
-4.462995338246109611e-01,-7.223752989667705515e-01,-6.438918261820495426e-01,-6.631199241971984515e-01,-6.528989074155356898e-01,-6.631199241971933445e-01,-6.438918261820471001e-01,-7.223752989667741042e-01,-4.462995338246131816e-01,-4.462995338246171784e-01,-7.223752989667746593e-01,-6.438918261820475442e-01,-6.631199241971944547e-01,-6.528989074155353567e-01,-6.631199241971945657e-01,-6.438918261820473221e-01,-7.223752989667738822e-01,-4.462995338246175114e-01
-4.061115164213223716e-01,-7.158477531851468179e-01,-6.116648158595420215e-01,-6.375140048490555156e-01,-6.248572791508344437e-01,-6.375140048490499645e-01,-6.116648158595355822e-01,-7.158477531851510367e-01,-4.061115164213233708e-01,-4.061115164213267015e-01,-7.158477531851479281e-01,-6.116648158595340279e-01,-6.375140048490479661e-01,-6.248572791508324453e-01,-6.375140048490491873e-01,-6.116648158595362483e-01,-7.158477531851488163e-01,-4.061115164213280337e-01
-3.637470314588764353e-01,-7.023385665556078905e-01,-5.702599490975861496e-01,-6.077386540382161417e-01,-5.924109274934890035e-01,-6.077386540382125890e-01,-5.702599490975780450e-01,-7.023385665556121094e-01,-3.637470314588752140e-01,-3.637470314588775455e-01,-7.023385665556065582e-01,-5.702599490975759355e-01,-6.077386540382085922e-01,-5.924109274934873381e-01,-6.077386540382102575e-01,-5.702599490975794883e-01,-7.023385665556083346e-01,-3.637470314588798770e-01
-3.243394998004282548e-01,-6.924733704441277116e-01,-5.346615129966522106e-01,-5.892471431791084235e-01,-5.697544468410052909e-01,-5.892471431791092007e-01,-5.346615129966445501e-01,-6.924733704441313753e-01,-3.243394998004248686e-01,-3.243394998004266450e-01,-6.924733704441250470e-01,-5.346615129966441060e-01,-5.892471431791048708e-01,-5.697544468410058460e-01,-5.892471431791059810e-01,-5.346615129966474367e-01,-6.924733704441266013e-01,-3.243394998004294205e-01
-2.890470761536492184e-01,-6.861769264106807320e-01,-5.070487632300512137e-01,-5.818456967523819579e-01,-5.554951674804801121e-01,-5.818456967523880641e-01,-5.070487632300456626e-01,-6.861769264106838406e-01,-2.890470761536440003e-01,-2.890470761536464428e-01,-6.861769264106790667e-01,-5.070487632300498815e-01,-5.818456967523850665e-01,-5.554951674804839978e-01,-5.818456967523848444e-01,-5.070487632300508807e-01,-6.861769264106791777e-01,-2.890470761536488298e-01
-2.619081529690758803e-01,-6.898197653372801774e-01,-4.919925478916075123e-01,-5.880552924022381944e-01,-5.507233170748643269e-01,-5.880552924022486305e-01,-4.919925478916035155e-01,-6.898197653372832860e-01,-2.619081529690701071e-01,-2.619081529690734378e-01,-6.898197653372801774e-01,-4.919925478916118422e-01,-5.880552924022466321e-01,-5.507233170748706552e-01,-5.880552924022450778e-01,-4.919925478916107875e-01,-6.898197653372788452e-01,-2.619081529690750476e-01
-2.382812600110688905e-01,-6.973792960230187354e-01,-4.842204571216695008e-01,-5.999162558611970120e-01,-5.469470671731195832e-01,-5.999162558612094465e-01,-4.842204571216660591e-01,-6.973792960230222882e-01,-2.382812600110640888e-01,-2.382812600110678636e-01,-6.973792960230214000e-01,-4.842204571216780495e-01,-5.999162558612082252e-01,-5.469470671731269107e-01,-5.999162558612058938e-01,-4.842204571216751630e-01,-6.973792960230187354e-01,-2.382812600110686130e-01
-2.177368032945689591e-01,-7.073584373816659276e-01,-4.758333186203493326e-01,-6.086730223679008844e-01,-5.356337623267464210e-01,-6.086730223679115426e-01,-4.758333186203447251e-01,-7.073584373816699244e-01,-2.177368032945662113e-01,-2.177368032945696530e-01,-7.073584373816699244e-01,-4.758333186203571596e-01,-6.086730223679093221e-01,-5.356337623267526382e-01,-6.086730223679073237e-01,-4.758333186203542731e-01,-7.073584373816672599e-01,-2.177368032945699028e-01
-1.938330761104321565e-01,-7.145515964462805236e-01,-4.637969536296626671e-01,-6.122866542490834618e-01,-5.156234889111381836e-01,-6.122866542490899011e-01,-4.637969536296564499e-01,-7.145515964462846314e-01,-1.938330761104316846e-01,-1.938330761104342104e-01,-7.145515964462847425e-01,-4.637969536296675521e-01,-6.122866542490865704e-01,-5.156234889111421804e-01,-6.122866542490856823e-01,-4.637969536296655537e-01,-7.145515964462828551e-01,-1.938330761104343214e-01
-1.668688733250095479e-01,-7.176468980068257952e-01,-4.412229179239801624e-01,-6.050660723941745367e-01,-4.834385614482655802e-01,-6.050660723941756469e-01,-4.412229179239721688e-01,-7.176468980068295700e-01,-1.668688733250108802e-01,-1.668688733250120737e-01,-7.176468980068290149e-01,-4.412229179239797183e-01,-6.050660723941704289e-01,-4.834385614482675786e-01,-6.050660723941715391e-01,-4.412229179239798849e-01,-7.176468980068282377e-01,-1.668688733250122125e-01
-1.350545830917951329e-01,-7.178575448714488161e-01,-4.149906263683531549e-01,-5.973835609626244603e-01,-4.508498457278983240e-01,-5.973835609626221288e-01,-4.149906263683451613e-01,-7.178575448714509255e-01,-1.350545830917969092e-01,-1.350545830917967427e-01,-7.178575448714497043e-01,-4.149906263683490470e-01,-5.973835609626163556e-01,-4.508498457278995453e-01,-5.973835609626190202e-01,-4.149906263683507124e-01,-7.178575448714499263e-01,-1.350545830917971313e-01
-1.022213347256331895e-01,-7.166811879782365446e-01,-3.831127574384278756e-01,-5.870991744409743696e-01,-4.182689660301412982e-01,-5.870991744409708168e-01,-3.831127574384218804e-01,-7.166811879782368777e-01,-1.022213347256346466e-01,-1.022213347256334531e-01,-7.166811879782357675e-01,-3.831127574384226575e-01,-5.870991744409650437e-01,-4.182689660301428525e-01,-5.870991744409687074e-01,-3.831127574384246559e-01,-7.166811879782366557e-01,-1.022213347256340082e-01
-7.037861716791020406e-02,-7.176812389318161234e-01,-3.554251933187110302e-01,-5.862988451283390745e-01,-3.974718888776064274e-01,-5.862988451283370761e-01,-3.554251933187086987e-01,-7.176812389318144580e-01,-7.037861716791074529e-02,-7.037861716790907995e-02,-7.176812389318136809e-01,-3.554251933187076995e-01,-5.862988451283321911e-01,-3.974718888776095360e-01,-5.862988451283358549e-01,-3.554251933187089207e-01,-7.176812389318147911e-01,-7.037861716790953792e-02
-4.299039090778112443e-02,-7.214913746211335521e-01,-3.285755838500581949e-01,-5.881711272367000642e-01,-3.823966583236845240e-01,-5.881711272367005083e-01,-3.285755838500599157e-01,-7.214913746211305545e-01,-4.299039090778093708e-02,-4.299039090777929950e-02,-7.214913746211308876e-01,-3.285755838500586945e-01,-5.881711272366975107e-01,-3.823966583236896311e-01,-5.881711272367001753e-01,-3.285755838500583059e-01,-7.214913746211317758e-01,-4.299039090777947991e-02
-2.063910484017054264e-02,-7.287638631353112739e-01,-3.073163621124643252e-01,-5.983287706168451958e-01,-3.757157525720782321e-01,-5.983287706168479714e-01,-3.073163621124694878e-01,-7.287638631353077212e-01,-2.063910484017006386e-02,-2.063910484016875588e-02,-7.287638631353086094e-01,-3.073163621124688216e-01,-5.983287706168467501e-01,-3.757157525720844493e-01,-5.983287706168483044e-01,-3.073163621124667677e-01,-7.287638631353090535e-01,-2.063910484016878710e-02
-2.792121671246658790e-03,-7.381803120510423977e-01,-2.859868462601902195e-01,-6.068528655102121139e-01,-3.668432948994591047e-01,-6.068528655102162217e-01,-2.859868462601975470e-01,-7.381803120510389560e-01,-2.792121671247316250e-03,-2.792121671246321386e-03,-7.381803120510409544e-01,-2.859868462601987682e-01,-6.068528655102165548e-01,-3.668432948994644338e-01,-6.068528655102171099e-01,-2.859868462601949934e-01,-7.381803120510408434e-01,-2.792121671245973574e-03
1.281058838511535923e-02,-7.477213760782090990e-01,-2.659910131138809586e-01,-6.169295714970808309e-01,-3.552866629979233859e-01,-6.169295714970848277e-01,-2.659910131138884526e-01,-7.477213760782062124e-01,1.281058838511343889e-02,1.281058838511438952e-02,-7.477213760782082108e-01,-2.659910131138912837e-01,-6.169295714970856048e-01,-3.552866629979265500e-01,-6.169295714970858269e-01,-2.659910131138870648e-01,-7.477213760782080998e-01,1.281058838511501749e-02
2.891993604971248785e-02,-7.567599783570687633e-01,-2.444359092380745113e-01,-6.228648195530768206e-01,-3.355785494027749838e-01,-6.228648195530794851e-01,-2.444359092380806175e-01,-7.567599783570669869e-01,2.891993604970916065e-02,2.891993604971040965e-02,-7.567599783570689853e-01,-2.444359092380851972e-01,-6.228648195530808174e-01,-3.355785494027753169e-01,-6.228648195530808174e-01,-2.444359092380812559e-01,-7.567599783570690963e-01,2.891993604971099252e-02
4.726848081700086440e-02,-7.633241646805746239e-01,-2.231701961932752443e-01,-6.292960108067393588e-01,-3.103444070595622328e-01,-6.292960108067396918e-01,-2.231701961932780476e-01,-7.633241646805745129e-01,4.726848081699679127e-02,4.726848081699885906e-02,-7.633241646805752900e-01,-2.231701961932830436e-01,-6.292960108067406910e-01,-3.103444070595599014e-01,-6.292960108067411351e-01,-2.231701961932805178e-01,-7.633241646805757341e-01,4.726848081699892845e-02
6.889148967079319896e-02,-7.691260661248344732e-01,-2.026934582852919775e-01,-6.351345852596879116e-01,-2.809157903306811477e-01,-6.351345852596863573e-01,-2.026934582852911726e-01,-7.691260661248359165e-01,6.889148967078884134e-02,6.889148967079150587e-02,-7.691260661248362496e-01,-2.026934582852967792e-01,-6.351345852596871344e-01,-2.809157903306774284e-01,-6.351345852596879116e-01,-2.026934582852955580e-01,-7.691260661248366937e-01,6.889148967079114505e-02
9.241935257931874204e-02,-7.730479154458784752e-01,-1.835528938401637944e-01,-6.433486199972099362e-01,-2.503750300032490661e-01,-6.433486199972062725e-01,-1.835528938401598253e-01,-7.730479154458808067e-01,9.241935257931561953e-02,9.241935257931838121e-02,-7.730479154458800295e-01,-1.835528938401647103e-01,-6.433486199972066055e-01,-2.503750300032460130e-01,-6.433486199972076047e-01,-1.835528938401649324e-01,-7.730479154458809177e-01,9.241935257931771508e-02
1.165229657973078370e-01,-7.779772887455005392e-01,-1.658279021871489900e-01,-6.533753888132620702e-01,-2.217170218442834351e-01,-6.533753888132585175e-01,-1.658279021871436609e-01,-7.779772887455036479e-01,1.165229657973069072e-01,1.165229657973091137e-01,-7.779772887455025376e-01,-1.658279021871481296e-01,-6.533753888132587395e-01,-2.217170218442826024e-01,-6.533753888132596277e-01,-1.658279021871489900e-01,-7.779772887455029817e-01,1.165229657973083366e-01
1.383947056608060278e-01,-7.825854592816993138e-01,-1.471009376240056121e-01,-6.644090625086052082e-01,-1.948392643478790154e-01,-6.644090625086023216e-01,-1.471009376239998390e-01,-7.825854592817016453e-01,1.383947056608088033e-01,1.383947056608099691e-01,-7.825854592817005351e-01,-1.471009376240028921e-01,-6.644090625086016555e-01,-1.948392643478817354e-01,-6.644090625086025437e-01,-1.471009376240045019e-01,-7.825854592817005351e-01,1.383947056608089143e-01
1.571857010653769926e-01,-7.889553861194575912e-01,-1.267042178760099391e-01,-6.763048464908720803e-01,-1.721902572639051332e-01,-6.763048464908718582e-01,-1.267042178760051652e-01,-7.889553861194598117e-01,1.571857010653830433e-01,1.571857010653827658e-01,-7.889553861194584794e-01,-1.267042178760072468e-01,-6.763048464908699708e-01,-1.721902572639114892e-01,-6.763048464908705260e-01,-1.267042178760089677e-01,-7.889553861194581463e-01,1.571857010653816000e-01
1.717762857506692220e-01,-7.949823836183029790e-01,-1.020902559330215120e-01,-6.865385703744582013e-01,-1.507560193108865576e-01,-6.865385703744601997e-01,-1.020902559330181814e-01,-7.949823836183046444e-01,1.717762857506766605e-01,1.717762857506750784e-01,-7.949823836183034231e-01,-1.020902559330191250e-01,-6.865385703744563139e-01,-1.507560193108958280e-01,-6.865385703744568691e-01,-1.020902559330208598e-01,-7.949823836183029790e-01,1.717762857506740515e-01
1.836315444098882976e-01,-8.017716068810798458e-01,-7.480067896374996417e-02,-6.969843774446726758e-01,-1.328020710400525939e-01,-6.969843774446772278e-01,-7.480067896374875680e-02,-8.017716068810816221e-01,1.836315444098944039e-01,1.836315444098918781e-01,-8.017716068810802899e-01,-7.480067896374970049e-02,-6.969843774446718987e-01,-1.328020710400632798e-01,-6.969843774446720097e-01,-7.480067896375106051e-02,-8.017716068810799568e-01,1.836315444098912675e-01
1.936254835965143806e-01,-8.077984735940726413e-01,-4.520521081749747511e-02,-7.050082443808836086e-01,-1.136332023881133357e-01,-7.050082443808891597e-01,-4.520521081749645509e-02,-8.077984735940744176e-01,1.936254835965174337e-01,1.936254835965149912e-01,-8.077984735940730854e-01,-4.520521081749860615e-02,-7.050082443808822763e-01,-1.136332023881241327e-01,-7.050082443808820543e-01,-4.520521081749948739e-02,-8.077984735940726413e-01,1.936254835965146026e-01
2.042438656943225406e-01,-8.140933386570221586e-01,-1.742701504033581164e-02,-7.143622035027832329e-01,-9.601033308231368690e-02,-7.143622035027892281e-01,-1.742701504033389304e-02,-8.140933386570243790e-01,2.042438656943211805e-01,2.042438656943193487e-01,-8.140933386570226027e-01,-1.742701504033890986e-02,-7.143622035027821227e-01,-9.601033308232326258e-02,-7.143622035027814565e-01,-1.742701504033904517e-02,-8.140933386570223806e-01,2.042438656943192932e-01
2.164217528653611111e-01,-8.202142945704331556e-01,7.024331731865514350e-03,-7.219213282291931932e-01,-7.478934375264997825e-02,-7.219213282291978562e-01,7.024331731869337681e-03,-8.202142945704357091e-01,2.164217528653560874e-01,2.164217528653552269e-01,-8.202142945704334887e-01,7.024331731860982385e-03,-7.219213282291905287e-01,-7.478934375265786083e-02,-7.219213282291898626e-01,7.024331731861338003e-03,-8.202142945704333776e-01,2.164217528653550326e-01
2.315743673314714646e-01,-8.263689162730269988e-01,2.563958310173189079e-02,-7.316145157845544977e-01,-5.369303531919662753e-02,-7.316145157845576064e-01,2.563958310173664046e-02,-8.263689162730305515e-01,2.315743673314633599e-01,2.315743673314634710e-01,-8.263689162730273319e-01,2.563958310172490679e-02,-7.316145157845513891e-01,-5.369303531920292111e-02,-7.316145157845506120e-01,2.563958310172579497e-02,-8.263689162730273319e-01,2.315743673314633044e-01
2.490589991155961469e-01,-8.324641010800870600e-01,3.958672158408622910e-02,-7.389882229920848866e-01,-2.822987826601412731e-02,-7.389882229920856638e-01,3.958672158409087816e-02,-8.324641010800901686e-01,2.490589991155877647e-01,2.490589991155880978e-01,-8.324641010800868379e-01,3.958672158407715302e-02,-7.389882229920797796e-01,-2.822987826601955352e-02,-7.389882229920794465e-01,3.958672158407827713e-02,-8.324641010800866159e-01,2.490589991155880423e-01
2.681298195223733027e-01,-8.376343359144253764e-01,5.007483783188214355e-02,-7.479612648416571474e-01,-4.075789227838008677e-03,-7.479612648416573695e-01,5.007483783188476645e-02,-8.376343359144280409e-01,2.681298195223671410e-01,2.681298195223669745e-01,-8.376343359144242662e-01,5.007483783187059723e-02,-7.479612648416523735e-01,-4.075789227843791378e-03,-7.479612648416522624e-01,5.007483783187205439e-02,-8.376343359144240441e-01,2.681298195223670300e-01
2.864526268633067474e-01,-8.427220841822287145e-01,5.987860122627136628e-02,-7.540324092680130708e-01,2.132510954358497746e-02,-7.540324092680120716e-01,5.987860122627192139e-02,-8.427220841822293806e-01,2.864526268633049155e-01,2.864526268633036388e-01,-8.427220841822260500e-01,5.987860122625900117e-02,-7.540324092680070756e-01,2.132510954357795877e-02,-7.540324092680078527e-01,5.987860122626051385e-02,-8.427220841822258279e-01,2.864526268633035277e-01
3.022066147999429297e-01,-8.466080870216501353e-01,7.095052522566515363e-02,-7.621700880894415331e-01,4.054053449235479889e-02,-7.621700880894407559e-01,7.095052522566314135e-02,-8.466080870216499132e-01,3.022066147999454833e-01,3.022066147999425967e-01,-8.466080870216468046e-01,7.095052522565262199e-02,-7.621700880894362040e-01,4.054053449234589629e-02,-7.621700880894373142e-01,7.095052522565405140e-02,-8.466080870216463605e-01,3.022066147999421526e-01
3.136236531559776219e-01,-8.513237375929517681e-01,8.418560852386766657e-02,-7.681095531121240327e-01,5.639789443048610906e-02,-7.681095531121224784e-01,8.418560852386447468e-02,-8.513237375929502138e-01,3.136236531559834506e-01,3.136236531559791763e-01,-8.513237375929479933e-01,8.418560852385695292e-02,-7.681095531121179265e-01,5.639789443047527051e-02,-7.681095531121192588e-01,8.418560852385797988e-02,-8.513237375929476602e-01,3.136236531559780660e-01
3.206155418464177176e-01,-8.553570517737675294e-01,9.988668331036112957e-02,-7.769100678624927259e-01,6.353147951564823426e-02,-7.769100678624917267e-01,9.988668331035677195e-02,-8.553570517737661971e-01,3.206155418464233797e-01,3.206155418464183837e-01,-8.553570517737643097e-01,9.988668331035219228e-02,-7.769100678624873968e-01,6.353147951563546669e-02,-7.769100678624887291e-01,9.988668331035252534e-02,-8.553570517737640877e-01,3.206155418464168849e-01
3.243469263013044612e-01,-8.610125471642056105e-01,1.164934859564841774e-01,-7.837887483773966490e-01,6.850739736929351009e-02,-7.837887483773946506e-01,1.164934859564806802e-01,-8.610125471642038342e-01,3.243469263013072368e-01,3.243469263013029069e-01,-8.610125471642026129e-01,1.164934859564781405e-01,-7.837887483773904318e-01,6.850739736927963230e-02,-7.837887483773919861e-01,1.164934859564776548e-01,-8.610125471642030570e-01,3.243469263013012416e-01
3.273222209999654964e-01,-8.656974999016597838e-01,1.338408723951003965e-01,-7.930800548942694705e-01,6.988922113258079494e-02,-7.930800548942682493e-01,1.338408723950975099e-01,-8.656974999016586736e-01,3.273222209999634424e-01,3.273222209999607779e-01,-8.656974999016575634e-01,1.338408723950963441e-01,-7.930800548942646966e-01,6.988922113256761104e-02,-7.930800548942658068e-01,1.338408723950952617e-01,-8.656974999016582295e-01,3.273222209999597787e-01
3.323872253777505614e-01,-8.711710403250807477e-01,1.503615186788685165e-01,-7.994447765808396777e-01,7.703688388623708416e-02,-7.994447765808381234e-01,1.503615186788668234e-01,-8.711710403250799706e-01,3.323872253777433450e-01,3.323872253777433450e-01,-8.711710403250787493e-01,1.503615186788662406e-01,-7.994447765808341266e-01,7.703688388622656480e-02,-7.994447765808353479e-01,1.503615186788650193e-01,-8.711710403250797485e-01,3.323872253777434560e-01
3.414011109509783592e-01,-8.741380381740546657e-01,1.672675484860832174e-01,-8.062452832239735967e-01,8.916984186555695913e-02,-8.062452832239732636e-01,1.672675484860818851e-01,-8.741380381740551098e-01,3.414011109509673125e-01,3.414011109509694775e-01,-8.741380381740535555e-01,1.672675484860809136e-01,-8.062452832239694889e-01,8.916984186555090841e-02,-8.062452832239699330e-01,1.672675484860803030e-01,-8.741380381740543326e-01,3.414011109509711428e-01
3.547070994050973702e-01,-8.767688297814232312e-01,1.832553557426994106e-01,-8.085501638184935391e-01,1.126460711646893320e-01,-8.085501638184933171e-01,1.832553557426992441e-01,-8.767688297814236753e-01,3.547070994050856019e-01,3.547070994050889325e-01,-8.767688297814217879e-01,1.832553557426969126e-01,-8.085501638184890982e-01,1.126460711646881802e-01,-8.085501638184890982e-01,1.832553557426973012e-01,-8.767688297814224541e-01,3.547070994050917081e-01
3.701421022839644914e-01,-8.767940366008282194e-01,1.991282700141367989e-01,-8.103767655728175701e-01,1.408612931004166180e-01,-8.103767655728192354e-01,1.991282700141364104e-01,-8.767940366008286635e-01,3.701421022839547770e-01,3.701421022839578301e-01,-8.767940366008268871e-01,1.991282700141325523e-01,-8.103767655728149055e-01,1.408612931004191993e-01,-8.103767655728140173e-01,1.991282700141342732e-01,-8.767940366008271091e-01,3.701421022839609387e-01
3.848513455044300091e-01,-8.775143687822194449e-01,2.118086871927705728e-01,-8.090956004014897562e-01,1.727903859584560831e-01,-8.090956004014919767e-01,2.118086871927704617e-01,-8.775143687822187788e-01,3.848513455044253462e-01,3.848513455044267895e-01,-8.775143687822175576e-01,2.118086871927649106e-01,-8.090956004014873137e-01,1.727903859584601354e-01,-8.090956004014862035e-01,2.118086871927674086e-01,-8.775143687822173355e-01,3.848513455044292320e-01
3.950456794374073155e-01,-8.775374274914660155e-01,2.212012154643385742e-01,-8.102253163424661953e-01,1.965151305105693469e-01,-8.102253163424693039e-01,2.212012154643380191e-01,-8.775374274914654604e-01,3.950456794374080371e-01,3.950456794374070935e-01,-8.775374274914645722e-01,2.212012154643308026e-01,-8.102253163424657512e-01,1.965151305105719559e-01,-8.102253163424644189e-01,2.212012154643334949e-01,-8.775374274914640171e-01,3.950456794374078706e-01
3.996355896513408834e-01,-8.798588162883618224e-01,2.242743192601968638e-01,-8.119830477228382470e-01,2.104624699852430669e-01,-8.119830477228403565e-01,2.242743192601972524e-01,-8.798588162883617114e-01,3.996355896513461570e-01,3.996355896513427708e-01,-8.798588162883610453e-01,2.242743192601889257e-01,-8.119830477228380250e-01,2.104624699852421232e-01,-8.119830477228375809e-01,2.242743192601904245e-01,-8.798588162883606012e-01,3.996355896513414940e-01
3.983767672665347592e-01,-8.825341126811288017e-01,2.238488482504983890e-01,-8.185757071677369767e-01,2.081000945330082341e-01,-8.185757071677388641e-01,2.238488482504998878e-01,-8.825341126811299119e-01,3.983767672665414761e-01,3.983767672665365356e-01,-8.825341126811295789e-01,2.238488482504914501e-01,-8.185757071677384200e-01,2.081000945330027108e-01,-8.185757071677384200e-01,2.238488482504910615e-01,-8.825341126811288017e-01,3.983767672665335380e-01
3.951111464053409517e-01,-8.870049668129842413e-01,2.204789155889017582e-01,-8.256993506949078521e-01,1.972721262811255316e-01,-8.256993506949077410e-01,2.204789155889054220e-01,-8.870049668129857956e-01,3.951111464053467248e-01,3.951111464053417288e-01,-8.870049668129852405e-01,2.204789155888987051e-01,-8.256993506949084072e-01,1.972721262811165666e-01,-8.256993506949095174e-01,2.204789155888959851e-01,-8.870049668129849074e-01,3.951111464053376765e-01
3.928735552079204441e-01,-8.905000261035077580e-01,2.208903091213113845e-01,-8.344190264445170424e-01,1.814366192492205543e-01,-8.344190264445162653e-01,2.208903091213160197e-01,-8.905000261035106446e-01,3.928735552079227755e-01,3.928735552079193338e-01,-8.905000261035096454e-01,2.208903091213124947e-01,-8.344190264445181526e-01,1.814366192492103402e-01,-8.344190264445197069e-01,2.208903091213080816e-01,-8.905000261035090903e-01,3.928735552079155591e-01
3.962352837752500800e-01,-8.935929620708376042e-01,2.263123209198018571e-01,-8.392807234012042983e-01,1.736744691761645532e-01,-8.392807234012025219e-01,2.263123209198070751e-01,-8.935929620708402688e-01,3.962352837752487478e-01,3.962352837752476375e-01,-8.935929620708387144e-01,2.263123209198074637e-01,-8.392807234012041873e-01,1.736744691761561987e-01,-8.392807234012058526e-01,2.263123209198022734e-01,-8.935929620708384924e-01,3.962352837752454171e-01
4.054133822932384223e-01,-8.944148532067057733e-01,2.406905358961782815e-01,-8.418109558186254171e-01,1.760245614282525684e-01,-8.418109558186243069e-01,2.406905358961825003e-01,-8.944148532067085489e-01,4.054133822932340925e-01,4.054133822932350362e-01,-8.944148532067068835e-01,2.406905358961859420e-01,-8.418109558186255281e-01,1.760245614282490156e-01,-8.418109558186265273e-01,2.406905358961817232e-01,-8.944148532067063284e-01,4.054133822932349251e-01
4.200174151524426192e-01,-8.945935336425057116e-01,2.593687116090639400e-01,-8.400506362794896154e-01,1.934898186784501095e-01,-8.400506362794888382e-01,2.593687116090667710e-01,-8.945935336425072659e-01,4.200174151524372901e-01,4.200174151524395660e-01,-8.945935336425061557e-01,2.593687116090719336e-01,-8.400506362794888382e-01,1.934898186784532181e-01,-8.400506362794890602e-01,2.593687116090698797e-01,-8.945935336425057116e-01,4.200174151524414534e-01
4.351201737123233104e-01,-8.942468215404258958e-01,2.802711849385013387e-01,-8.381852254076838094e-01,2.173014089650216196e-01,-8.381852254076849196e-01,2.802711849385017273e-01,-8.942468215404266729e-01,4.351201737123189250e-01,4.351201737123213675e-01,-8.942468215404266729e-01,2.802711849385064458e-01,-8.381852254076842534e-01,2.173014089650304737e-01,-8.381852254076833653e-01,2.802711849385071119e-01,-8.942468215404261178e-01,4.351201737123244206e-01
4.477599606344470629e-01,-8.955145376259734391e-01,2.955084951968133256e-01,-8.368433717360345137e-01,2.441657562385381453e-01,-8.368433717360361790e-01,2.955084951968115492e-01,-8.955145376259726619e-01,4.477599606344451200e-01,4.477599606344474514e-01,-8.955145376259734391e-01,2.955084951968146023e-01,-8.368433717360352908e-01,2.441657562385506908e-01,-8.368433717360335145e-01,2.955084951968172113e-01,-8.955145376259736612e-01,4.477599606344502270e-01
4.539249359544801354e-01,-8.982851973922965083e-01,3.046035031757109990e-01,-8.393713038873636956e-01,2.629580309001465221e-01,-8.393713038873671373e-01,3.046035031757068356e-01,-8.982851973922951760e-01,4.539249359544800799e-01,4.539249359544817453e-01,-8.982851973922965083e-01,3.046035031757071687e-01,-8.393713038873663601e-01,2.629580309001591787e-01,-8.393713038873644727e-01,3.046035031757107214e-01,-8.982851973922968414e-01,4.539249359544835771e-01
4.549391225499910818e-01,-9.027557474319216624e-01,3.051451484368065126e-01,-8.444888619075594516e-01,2.746286510827728455e-01,-8.444888619075625602e-01,3.051451484368015721e-01,-9.027557474319201081e-01,4.549391225499920810e-01,4.549391225499931357e-01,-9.027557474319216624e-01,3.051451484368000178e-01,-8.444888619075623382e-01,2.746286510827827820e-01,-8.444888619075610059e-01,3.051451484368026268e-01,-9.027557474319225506e-01,4.549391225499934133e-01
4.521071554574822571e-01,-9.070838503190736812e-01,3.036083694223388196e-01,-8.522222270759218787e-01,2.771015764583538155e-01,-8.522222270759243212e-01,3.036083694223349894e-01,-9.070838503190723490e-01,4.521071554574827012e-01,4.521071554574834783e-01,-9.070838503190736812e-01,3.036083694223321583e-01,-8.522222270759249874e-01,2.771015764583590335e-01,-8.522222270759243212e-01,3.036083694223331020e-01,-9.070838503190749025e-01,4.521071554574828122e-01
4.504172002257633700e-01,-9.104315834018641418e-01,3.023042675282829883e-01,-8.591240310245904510e-01,2.788087378060654098e-01,-8.591240310245904510e-01,3.023042675282825997e-01,-9.104315834018639197e-01,4.504172002257624818e-01,4.504172002257634810e-01,-9.104315834018643638e-01,3.023042675282797687e-01,-8.591240310245915612e-01,2.788087378060654653e-01,-8.591240310245917833e-01,3.023042675282787140e-01,-9.104315834018653630e-01,4.504172002257622598e-01
4.517694463565661289e-01,-9.113996598757474477e-01,3.078153920449344105e-01,-8.646615770775234466e-01,2.818645498361975199e-01,-8.646615770775218923e-01,3.078153920449379632e-01,-9.113996598757483358e-01,4.517694463565637975e-01,4.517694463565650187e-01,-9.113996598757482248e-01,3.078153920449357983e-01,-8.646615770775230025e-01,2.818645498361934676e-01,-8.646615770775243348e-01,3.078153920449331338e-01,-9.113996598757483358e-01,4.517694463565639085e-01
4.581415954633379362e-01,-9.108980413731246895e-01,3.182529523706147945e-01,-8.670472211912622074e-01,2.917512908911184533e-01,-8.670472211912588767e-01,3.182529523706207897e-01,-9.108980413731260217e-01,4.581415954633350496e-01,4.581415954633359933e-01,-9.108980413731250225e-01,3.182529523706201235e-01,-8.670472211912599869e-01,2.917512908911118474e-01,-8.670472211912617633e-01,3.182529523706169039e-01,-9.108980413731244674e-01,4.581415954633355492e-01
4.670641906294594747e-01,-9.091189487565288774e-01,3.337301348777733101e-01,-8.681416854945172012e-01,3.040450059080780920e-01,-8.681416854945136485e-01,3.337301348777803600e-01,-9.091189487565298766e-01,4.670641906294575874e-01,4.670641906294576429e-01,-9.091189487565287664e-01,3.337301348777802490e-01,-8.681416854945140926e-01,3.040450059080708756e-01,-8.681416854945158690e-01,3.337301348777774734e-01,-9.091189487565278782e-01,4.670641906294573653e-01
4.765002574960436332e-01,-9.084483270073739902e-01,3.473610946975368985e-01,-8.686662789670127616e-01,3.175323192669217143e-01,-8.686662789670098750e-01,3.473610946975416169e-01,-9.084483270073747674e-01,4.765002574960438553e-01,4.765002574960425230e-01,-9.084483270073737682e-01,3.473610946975422831e-01,-8.686662789670095419e-01,3.175323192669159411e-01,-8.686662789670106521e-01,3.473610946975403957e-01,-9.084483270073726580e-01,4.765002574960421344e-01
4.829180828877419618e-01,-9.086846753627256801e-01,3.580388378851941944e-01,-8.707403017999149064e-01,3.247357162300789635e-01,-8.707403017999143513e-01,3.580388378851946940e-01,-9.086846753627257911e-01,4.829180828877441822e-01,4.829180828877416287e-01,-9.086846753627253470e-01,3.580388378851952491e-01,-8.707403017999126860e-01,3.247357162300756883e-01,-8.707403017999135741e-01,3.580388378851947495e-01,-9.086846753627247919e-01,4.829180828877405740e-01
4.857488589228388665e-01,-9.114598772876995048e-01,3.620190694794975239e-01,-8.742262256932690212e-01,3.271066629379227875e-01,-8.742262256932702424e-01,3.620190694794933606e-01,-9.114598772877001709e-01,4.857488589228413089e-01,4.857488589228386444e-01,-9.114598772876993937e-01,3.620190694794932496e-01,-8.742262256932684661e-01,3.271066629379221213e-01,-8.742262256932678000e-01,3.620190694794940267e-01,-9.114598772876993937e-01,4.857488589228369236e-01
4.855037024454741390e-01,-9.144833863533181617e-01,3.632530966352421897e-01,-8.789200920780163573e-01,3.236096487693514434e-01,-8.789200920780191328e-01,3.632530966352358059e-01,-9.144833863533186058e-01,4.855037024454763039e-01,4.855037024454738614e-01,-9.144833863533179397e-01,3.632530966352336965e-01,-8.789200920780169124e-01,3.236096487693526091e-01,-8.789200920780159132e-01,3.632530966352350288e-01,-9.144833863533181617e-01,4.855037024454720296e-01
4.848152994136134541e-01,-9.186907910150736711e-01,3.625381251169890184e-01,-8.832454940135678889e-01,3.214769641077430129e-01,-8.832454940135709975e-01,3.625381251169826902e-01,-9.186907910150744483e-01,4.848152994136136762e-01,4.848152994136125105e-01,-9.186907910150733381e-01,3.625381251169790264e-01,-8.832454940135694432e-01,3.214769641077453444e-01,-8.832454940135674448e-01,3.625381251169802477e-01,-9.186907910150738932e-01,4.848152994136114557e-01
4.862394147471404415e-01,-9.210674360319242027e-01,3.648257477576785091e-01,-8.865783699227003378e-01,3.229604540196826523e-01,-8.865783699227028913e-01,3.648257477576748453e-01,-9.210674360319239806e-01,4.862394147471386097e-01,4.862394147471386097e-01,-9.210674360319230924e-01,3.648257477576699048e-01,-8.865783699227014480e-01,3.229604540196855389e-01,-8.865783699227001158e-01,3.648257477576702379e-01,-9.210674360319237586e-01,4.862394147471387207e-01
4.911315306633691202e-01,-9.239828632732439706e-01,3.691969614675868483e-01,-8.880797434903834331e-01,3.326159738998856197e-01,-8.880797434903854315e-01,3.691969614675872369e-01,-9.239828632732445257e-01,4.911315306633650124e-01,4.911315306633657896e-01,-9.239828632732429714e-01,3.691969614675820188e-01,-8.880797434903842102e-01,3.326159738998882287e-01,-8.880797434903828780e-01,3.691969614675812972e-01,-9.239828632732431934e-01,4.911315306633677324e-01
4.994914185621484037e-01,-9.247143638624941708e-01,3.770030461417139822e-01,-8.885898910971876674e-01,3.476229913957314399e-01,-8.885898910971880005e-01,3.770030461417192558e-01,-9.247143638624946149e-01,4.994914185621436298e-01,4.994914185621442959e-01,-9.247143638624935047e-01,3.770030461417147039e-01,-8.885898910971863351e-01,3.476229913957331608e-01,-8.885898910971862241e-01,3.770030461417128165e-01,-9.247143638624933937e-01,4.994914185621472935e-01
5.092068807901843908e-01,-9.270155650621443311e-01,3.847472411797349112e-01,-8.883855914287414057e-01,3.659193582181164972e-01,-8.883855914287409616e-01,3.847472411797433489e-01,-9.270155650621458854e-01,5.092068807901801719e-01,5.092068807901799499e-01,-9.270155650621441090e-01,3.847472411797404623e-01,-8.883855914287394073e-01,3.659193582181163862e-01,-8.883855914287392963e-01,3.847472411797377978e-01,-9.270155650621436649e-01,5.092068807901830585e-01
5.183775342642813477e-01,-9.272443594555230817e-01,3.930162352841248263e-01,-8.888819105828509315e-01,3.809491838548613174e-01,-8.888819105828493772e-01,3.930162352841342077e-01,-9.272443594555233037e-01,5.183775342642793493e-01,5.183775342642775730e-01,-9.272443594555224156e-01,3.930162352841331530e-01,-8.888819105828472678e-01,3.809491838548589859e-01,-8.888819105828481559e-01,3.930162352841302664e-01,-9.272443594555217494e-01,5.183775342642792383e-01
5.243123782726137883e-01,-9.293722533055643886e-01,3.997622468643465821e-01,-8.898842424674640039e-01,3.905721103232601132e-01,-8.898842424674627827e-01,3.997622468643529103e-01,-9.293722533055647217e-01,5.243123782726142323e-01,5.243123782726116788e-01,-9.293722533055635004e-01,3.997622468643535765e-01,-8.898842424674608953e-01,3.905721103232558944e-01,-8.898842424674614504e-01,3.997622468643511340e-01,-9.293722533055630564e-01,5.243123782726110127e-01
5.267510113034054031e-01,-9.284644146325122804e-01,4.069006233172819953e-01,-8.916824682511760303e-01,3.920543879898819029e-01,-8.916824682511751421e-01,4.069006233172834941e-01,-9.284644146325113923e-01,5.267510113034075125e-01,5.267510113034048480e-01,-9.284644146325106151e-01,4.069006233172852705e-01,-8.916824682511723665e-01,3.920543879898762962e-01,-8.916824682511734768e-01,4.069006233172836051e-01,-9.284644146325107261e-01,5.267510113034020724e-01
5.248809158442282463e-01,-9.290295923976985559e-01,4.131569560850987255e-01,-8.931944180402444644e-01,3.882930999178907938e-01,-8.931944180402449085e-01,4.131569560850949507e-01,-9.290295923976986670e-01,5.248809158442304668e-01,5.248809158442282463e-01,-9.290295923976972237e-01,4.131569560850961720e-01,-8.931944180402426881e-01,3.882930999178842990e-01,-8.931944180402425770e-01,4.131569560850954503e-01,-9.290295923976976677e-01,5.248809158442240275e-01
5.209805633713506801e-01,-9.261119877977043169e-01,4.186924301561296136e-01,-8.944839973178622117e-01,3.810327740447835287e-01,-8.944839973178622117e-01,4.186924301561228412e-01,-9.261119877977030956e-01,5.209805633713515682e-01,5.209805633713502360e-01,-9.261119877977020964e-01,4.186924301561220085e-01,-8.944839973178597692e-01,3.810327740447774225e-01,-8.944839973178602133e-01,4.186924301561222861e-01,-9.261119877977026515e-01,5.209805633713461281e-01
5.154337678263525291e-01,-9.256191698767927134e-01,4.205735228177200913e-01,-8.950221006381855471e-01,3.747016786748694206e-01,-8.950221006381861022e-01,4.205735228177115981e-01,-9.256191698767917142e-01,5.154337678263506417e-01,5.154337678263503086e-01,-9.256191698767901599e-01,4.205735228177082119e-01,-8.950221006381849920e-01,3.747016786748640915e-01,-8.950221006381842148e-01,4.205735228177088780e-01,-9.256191698767912701e-01,5.154337678263479772e-01
5.115539587499167151e-01,-9.230238070478162804e-01,4.179329267819212324e-01,-8.957795468606253309e-01,3.708337737262136224e-01,-8.957795468606251088e-01,4.179329267819143490e-01,-9.230238070478147261e-01,5.115539587499126073e-01,5.115539587499127183e-01,-9.230238070478140600e-01,4.179329267819079097e-01,-8.957795468606237765e-01,3.708337737262100142e-01,-8.957795468606239986e-01,4.179329267819086868e-01,-9.230238070478147261e-01,5.115539587499131624e-01
5.095441062472705340e-01,-9.246435594678494851e-01,4.100737740973029455e-01,-8.962826176937245259e-01,3.715362282394314430e-01,-8.962826176937245259e-01,4.100737740972983936e-01,-9.246435594678488190e-01,5.095441062472640947e-01,5.095441062472644278e-01,-9.246435594678480419e-01,4.100737740972907330e-01,-8.962826176937244149e-01,3.715362282394298332e-01,-8.962826176937237488e-01,4.100737740972912326e-01,-9.246435594678483749e-01,5.095441062472676474e-01
5.122402055747161675e-01,-9.248537119621300651e-01,4.003904131955234313e-01,-8.973471958997686349e-01,3.764350814408711776e-01,-8.973471958997676357e-01,4.003904131955218770e-01,-9.248537119621291769e-01,5.122402055747095062e-01,5.122402055747092842e-01,-9.248537119621291769e-01,4.003904131955150492e-01,-8.973471958997671916e-01,3.764350814408717327e-01,-8.973471958997674136e-01,4.003904131955151047e-01,-9.248537119621290659e-01,5.122402055747139471e-01
5.184604042452407580e-01,-9.289136107658895192e-01,3.929520167875777403e-01,-8.978615006724787184e-01,3.847896487247842723e-01,-8.978615006724781633e-01,3.929520167875779624e-01,-9.289136107658890751e-01,5.184604042452355399e-01,5.184604042452352068e-01,-9.289136107658890751e-01,3.929520167875739656e-01,-8.978615006724787184e-01,3.847896487247859376e-01,-8.978615006724781633e-01,3.929520167875737435e-01,-9.289136107658889641e-01,5.184604042452390926e-01
5.288484379042659445e-01,-9.300841101927228571e-01,3.930717522800977193e-01,-8.984078975965547054e-01,3.945958076918710811e-01,-8.984078975965532621e-01,3.930717522800996622e-01,-9.300841101927219690e-01,5.288484379042642791e-01,5.288484379042639461e-01,-9.300841101927230792e-01,3.930717522801000507e-01,-8.984078975965528180e-01,3.945958076918736346e-01,-8.984078975965532621e-01,3.930717522800992181e-01,-9.300841101927230792e-01,5.288484379042653893e-01
5.397208278009478777e-01,-9.333367780561265814e-01,4.028208849878357478e-01,-8.982128425402328142e-01,4.034681002921230442e-01,-8.982128425402329253e-01,4.028208849878378017e-01,-9.333367780561265814e-01,5.397208278009495430e-01,5.397208278009497651e-01,-9.333367780561268034e-01,4.028208849878426867e-01,-8.982128425402328142e-01,4.034681002921257642e-01,-8.982128425402322591e-01,4.028208849878417430e-01,-9.333367780561268034e-01,5.397208278009478777e-01
5.495475236718225798e-01,-9.330045282599379597e-01,4.211320407583131753e-01,-8.979298591980673372e-01,4.100206500491329620e-01,-8.979298591980670041e-01,4.211320407583157288e-01,-9.330045282599379597e-01,5.495475236718265766e-01,5.495475236718274648e-01,-9.330045282599382928e-01,4.211320407583238890e-01,-8.979298591980662270e-01,4.100206500491350714e-01,-8.979298591980661159e-01,4.211320407583222791e-01,-9.330045282599381817e-01,5.495475236718230239e-01
5.542412250498207626e-01,-9.345570337073471068e-01,4.428340366850520016e-01,-8.975857195789596066e-01,4.129332262318508029e-01,-8.975857195789602727e-01,4.428340366850539445e-01,-9.345570337073475509e-01,5.542412250498249815e-01,5.542412250498264248e-01,-9.345570337073469958e-01,4.428340366850626042e-01,-8.975857195789602727e-01,4.129332262318510249e-01,-8.975857195789594956e-01,4.428340366850608278e-01,-9.345570337073467737e-01,5.542412250498212067e-01
5.539905455173110838e-01,-9.340154811009707680e-01,4.609323055175930106e-01,-8.981009386666329863e-01,4.135499312659071669e-01,-8.981009386666330974e-01,4.609323055175948980e-01,-9.340154811009712121e-01,5.539905455173135262e-01,5.539905455173148585e-01,-9.340154811009708791e-01,4.609323055176013373e-01,-8.981009386666323202e-01,4.135499312659062232e-01,-8.981009386666325423e-01,4.609323055175990058e-01,-9.340154811009705460e-01,5.539905455173105286e-01
5.486347330221204022e-01,-9.358539072310545492e-01,4.698480488359093599e-01,-8.998010061554231331e-01,4.123198788147748872e-01,-8.998010061554244654e-01,4.698480488359102480e-01,-9.358539072310552154e-01,5.486347330221197360e-01,5.486347330221202911e-01,-9.358539072310544382e-01,4.698480488359122464e-01,-8.998010061554247985e-01,4.123198788147734439e-01,-8.998010061554244654e-01,4.698480488359098040e-01,-9.358539072310543272e-01,5.486347330221184038e-01
5.423469822086212089e-01,-9.364491796743572571e-01,4.670835280464774586e-01,-9.030069555798129199e-01,4.127469372678425064e-01,-9.030069555798139191e-01,4.670835280464779027e-01,-9.364491796743578123e-01,5.423469822086167680e-01,5.423469822086157688e-01,-9.364491796743579233e-01,4.670835280464745165e-01,-9.030069555798134751e-01,4.127469372678417847e-01,-9.030069555798138081e-01,4.670835280464722405e-01,-9.364491796743574792e-01,5.423469822086171011e-01
5.380215575215641088e-01,-9.381405061823228086e-01,4.557432302881211372e-01,-9.069646608711631197e-01,4.152784680437124898e-01,-9.069646608711644520e-01,4.557432302881210262e-01,-9.381405061823233638e-01,5.380215575215573365e-01,5.380215575215553381e-01,-9.381405061823229197e-01,4.557432302881126995e-01,-9.069646608711647850e-01,4.152784680437129339e-01,-9.069646608711643410e-01,4.557432302881113673e-01,-9.381405061823230307e-01,5.380215575215585577e-01
5.390386622112056658e-01,-9.379004959184689127e-01,4.413982517859164623e-01,-9.107964379594930548e-01,4.225499198063640272e-01,-9.107964379594932769e-01,4.413982517859164623e-01,-9.379004959184689127e-01,5.390386622111986714e-01,5.390386622111961179e-01,-9.379004959184690238e-01,4.413982517859058596e-01,-9.107964379594928328e-01,4.225499198063652484e-01,-9.107964379594930548e-01,4.413982517859056376e-01,-9.379004959184691348e-01,5.390386622111997816e-01
5.451534487494903436e-01,-9.372517381643504786e-01,4.316511346470704447e-01,-9.138918425491743269e-01,4.320488384327490494e-01,-9.138918425491747710e-01,4.316511346470693344e-01,-9.372517381643499235e-01,5.451534487494853476e-01,5.451534487494829051e-01,-9.372517381643491463e-01,4.316511346470601196e-01,-9.138918425491746600e-01,4.320488384327501041e-01,-9.138918425491743269e-01,4.316511346470612853e-01,-9.372517381643497014e-01,5.451534487494856807e-01
5.546125780961936869e-01,-9.354331907995363515e-01,4.311627370022953487e-01,-9.153064675577908815e-01,4.439247474781184977e-01,-9.153064675577903264e-01,4.311627370022927397e-01,-9.354331907995361295e-01,5.546125780961915774e-01,5.546125780961895790e-01,-9.354331907995354634e-01,4.311627370022880212e-01,-9.153064675577895493e-01,4.439247474781188307e-01,-9.153064675577896603e-01,4.311627370022901862e-01,-9.354331907995356854e-01,5.546125780961908003e-01
5.644268219404683373e-01,-9.336484573484252758e-01,4.425319758786385171e-01,-9.160701222989540149e-01,4.542635677626608581e-01,-9.160701222989537928e-01,4.425319758786342428e-01,-9.336484573484250538e-01,5.644268219404693365e-01,5.644268219404681153e-01,-9.336484573484231664e-01,4.425319758786349089e-01,-9.160701222989531267e-01,4.542635677626594148e-01,-9.160701222989525716e-01,4.425319758786375179e-01,-9.336484573484239435e-01,5.644268219404674491e-01
5.717039914551339530e-01,-9.335018964484100845e-01,4.626059822156238788e-01,-9.153023685790850905e-01,4.635677108162652993e-01,-9.153023685790839803e-01,4.626059822156187717e-01,-9.335018964484101955e-01,5.717039914551365065e-01,5.717039914551357294e-01,-9.335018964484089743e-01,4.626059822156241008e-01,-9.153023685790825370e-01,4.635677108162623572e-01,-9.153023685790826480e-01,4.626059822156259882e-01,-9.335018964484093074e-01,5.717039914551339530e-01
5.758760107349552015e-01,-9.346281935136852015e-01,4.863569172209952773e-01,-9.155684977421836290e-01,4.685225518358513974e-01,-9.155684977421822968e-01,4.863569172209905034e-01,-9.346281935136852015e-01,5.758760107349577551e-01,5.758760107349570889e-01,-9.346281935136835362e-01,4.863569172209976088e-01,-9.155684977421815196e-01,4.685225518358466235e-01,-9.155684977421814086e-01,4.863569172209981084e-01,-9.346281935136840913e-01,5.758760107349549795e-01
5.779040928250018805e-01,-9.393987804316122903e-01,5.070594880851507780e-01,-9.157014732909174448e-01,4.723782547978413460e-01,-9.157014732909156685e-01,5.070594880851485575e-01,-9.393987804316122903e-01,5.779040928250029907e-01,5.779040928250021025e-01,-9.393987804316119572e-01,5.070594880851541086e-01,-9.157014732909147803e-01,4.723782547978361279e-01,-9.157014732909152244e-01,5.070594880851527764e-01,-9.393987804316119572e-01,5.779040928250006592e-01
5.823999657823061282e-01,-9.442561608393555961e-01,5.215401151307034189e-01,-9.186552867095161279e-01,4.745673925286789663e-01,-9.186552867095141295e-01,5.215401151307049732e-01,-9.442561608393555961e-01,5.823999657823047960e-01,5.823999657823036857e-01,-9.442561608393550410e-01,5.215401151307066385e-01,-9.186552867095137964e-01,4.745673925286739703e-01,-9.186552867095143515e-01,5.215401151307038630e-01,-9.442561608393549299e-01,5.823999657823035747e-01
5.922841160007339401e-01,-9.511632090291645136e-01,5.298799019904867347e-01,-9.218950147761710845e-01,4.819435314990814234e-01,-9.218950147761694192e-01,5.298799019904913976e-01,-9.511632090291644026e-01,5.922841160007306094e-01,5.922841160007294992e-01,-9.511632090291650687e-01,5.298799019904882890e-01,-9.218950147761686420e-01,4.819435314990782593e-01,-9.218950147761690861e-01,5.298799019904846253e-01,-9.511632090291641806e-01,5.922841160007301653e-01
6.103914793273834682e-01,-9.548424908084007789e-01,5.362491382296199482e-01,-9.278021501376911839e-01,4.952486133329547791e-01,-9.278021501376896296e-01,5.362491382296254994e-01,-9.548424908083998908e-01,6.103914793273785833e-01,6.103914793273780282e-01,-9.548424908083998908e-01,5.362491382296192821e-01,-9.278021501376887414e-01,4.952486133329538909e-01,-9.278021501376891855e-01,5.362491382296163955e-01,-9.548424908083997797e-01,6.103914793273793604e-01
6.334481246933778564e-01,-9.587706958599168106e-01,5.456437424475738540e-01,-9.321751644368941880e-01,5.196968551773288869e-01,-9.321751644368940770e-01,5.456437424475770737e-01,-9.587706958599153673e-01,6.334481246933725274e-01,6.334481246933731935e-01,-9.587706958599160334e-01,5.456437424475703013e-01,-9.321751644368927447e-01,5.196968551773299971e-01,-9.321751644368921896e-01,5.456437424475687470e-01,-9.587706958599160334e-01,6.334481246933740817e-01
6.572974180236538233e-01,-9.587500045740345866e-01,5.616867375359743120e-01,-9.380845230692209658e-01,5.512739381234322833e-01,-9.380845230692214098e-01,5.616867375359739789e-01,-9.587500045740340315e-01,6.572974180236493824e-01,6.572974180236507147e-01,-9.587500045740328103e-01,5.616867375359695380e-01,-9.380845230692197445e-01,5.512739381234346148e-01,-9.380845230692190784e-01,5.616867375359694270e-01,-9.587500045740330323e-01,6.572974180236510477e-01
6.745177172537381027e-01,-9.603235531259786129e-01,5.844983543088629885e-01,-9.412058790593469393e-01,5.877729582632820193e-01,-9.412058790593487156e-01,5.844983543088597688e-01,-9.603235531259782798e-01,6.745177172537363264e-01,6.745177172537369925e-01,-9.603235531259768365e-01,5.844983543088575484e-01,-9.412058790593467172e-01,5.877729582632832406e-01,-9.412058790593452740e-01,5.844983543088589917e-01,-9.603235531259771696e-01,6.745177172537367705e-01
6.828168074597390502e-01,-9.600576228243619115e-01,6.107970607650212713e-01,-9.466207785343982994e-01,6.197705228425942625e-01,-9.466207785343992986e-01,6.107970607650176076e-01,-9.600576228243624666e-01,6.828168074597407156e-01,6.828168074597391612e-01,-9.600576228243602461e-01,6.107970607650173855e-01,-9.466207785343969672e-01,6.197705228425929302e-01,-9.466207785343963010e-01,6.107970607650189399e-01,-9.600576228243605792e-01,6.828168074597389392e-01
6.828475863967189419e-01,-9.631256814112230114e-01,6.364566518968675091e-01,-9.502618049064907035e-01,6.437859170670727771e-01,-9.502618049064923689e-01,6.364566518968657327e-01,-9.631256814112238995e-01,6.828475863967231607e-01,6.828475863967187198e-01,-9.631256814112225673e-01,6.364566518968651776e-01,-9.502618049064903705e-01,6.437859170670674480e-01,-9.502618049064892602e-01,6.364566518968663988e-01,-9.631256814112225673e-01,6.828475863967188308e-01
6.824344260155671416e-01,-9.654972848347895820e-01,6.580131984483384988e-01,-9.573746672657325041e-01,6.565311815950467533e-01,-9.573746672657326151e-01,6.580131984483407193e-01,-9.654972848347919134e-01,6.824344260155722486e-01,6.824344260155659203e-01,-9.654972848347902481e-01,6.580131984483386098e-01,-9.573746672657309498e-01,6.565311815950388707e-01,-9.573746672657311718e-01,6.580131984483389429e-01,-9.654972848347900261e-01,6.824344260155668085e-01
6.900156217346146148e-01,-9.699020634302770727e-01,6.766726861685130601e-01,-9.625745814520433319e-01,6.648903550941929197e-01,-9.625745814520441090e-01,6.766726861685202765e-01,-9.699020634302791821e-01,6.900156217346196108e-01,6.900156217346133936e-01,-9.699020634302784050e-01,6.766726861685155026e-01,-9.625745814520432209e-01,6.648903550941850371e-01,-9.625745814520431098e-01,6.766726861685150585e-01,-9.699020634302778499e-01,6.900156217346145038e-01
7.119754220589630256e-01,-9.732912700058491406e-01,6.949577613681837684e-01,-9.701406688909257614e-01,6.764267540562967085e-01,-9.701406688909248732e-01,6.949577613681945376e-01,-9.732912700058518052e-01,7.119754220589669114e-01,7.119754220589633587e-01,-9.732912700058508060e-01,6.949577613681883204e-01,-9.701406688909244291e-01,6.764267540562917125e-01,-9.701406688909253173e-01,6.949577613681873212e-01,-9.732912700058499178e-01,7.119754220589634697e-01
7.473913605459374665e-01,-9.770103165474773865e-01,7.181534271196339247e-01,-9.745191324599996596e-01,7.008590147860176423e-01,-9.745191324599997706e-01,7.181534271196439168e-01,-9.770103165474781637e-01,7.473913605459401310e-01,7.473913605459397980e-01,-9.770103165474783857e-01,7.181534271196379215e-01,-9.745191324600002147e-01,7.008590147860169761e-01,-9.745191324600003258e-01,7.181534271196374775e-01,-9.770103165474781637e-01,7.473913605459393539e-01
7.879292538564796056e-01,-9.808040986990268495e-01,7.480262241496686837e-01,-9.801945793572605092e-01,7.402006512930612292e-01,-9.801945793572597321e-01,7.480262241496729025e-01,-9.808040986990278487e-01,7.879292538564804937e-01,7.879292538564836024e-01,-9.808040986990277377e-01,7.480262241496711262e-01,-9.801945793572600651e-01,7.402006512930653370e-01,-9.801945793572609533e-01,7.480262241496709041e-01,-9.808040986990274046e-01,7.879292538564828252e-01
8.227384268365697251e-01,-9.842378341086041038e-01,7.846417539171258726e-01,-9.829130445343249312e-01,7.891365532951040151e-01,-9.829130445343259304e-01,7.846417539171238742e-01,-9.842378341086037707e-01,8.227384268365691700e-01,8.227384268365733888e-01,-9.842378341086043259e-01,7.846417539171257616e-01,-9.829130445343264855e-01,7.891365532951100104e-01,-9.829130445343263744e-01,7.846417539171257616e-01,-9.842378341086043259e-01,8.227384268365730557e-01
8.446484346216827088e-01,-9.883267450987777147e-01,8.230216864417170264e-01,-9.866107036371101202e-01,8.351928091477395233e-01,-9.866107036371103423e-01,8.230216864417103650e-01,-9.883267450987772706e-01,8.446484346216809325e-01,8.446484346216835970e-01,-9.883267450987773817e-01,8.230216864417152500e-01,-9.866107036371104533e-01,8.351928091477441862e-01,-9.866107036371107863e-01,8.230216864417158051e-01,-9.883267450987778258e-01,8.446484346216847072e-01
8.575473549979106824e-01,-9.900151346225961602e-01,8.586709228742538391e-01,-9.884298788145498005e-01,8.674203090716594566e-01,-9.884298788145500225e-01,8.586709228742480660e-01,-9.900151346225949389e-01,8.575473549979083510e-01,8.575473549979077958e-01,-9.900151346225957161e-01,8.586709228742521738e-01,-9.884298788145503556e-01,8.674203090716601228e-01,-9.884298788145502446e-01,8.586709228742529509e-01,-9.900151346225960491e-01,8.575473549979106824e-01
