-1.000000000000000000e+00,-1.000000000000000000e+00,-1.000000000000000000e+00,-1.000000000000000000e+00,-1.000000000000000000e+00,-1.000000000000000000e+00,-1.000000000000000000e+00,-1.000000000000000000e+00,-1.000000000000000000e+00,-1.000000000000000000e+00,-1.000000000000000000e+00,-1.000000000000000000e+00,-1.000000000000000000e+00,-1.000000000000000000e+00,-1.000000000000000000e+00,-1.000000000000000000e+00,-1.000000000000000000e+00,-1.000000000000000000e+00,-1.000000000000000000e+00,-1.000000000000000000e+00
-9.974490199005342506e-01,-9.974499152824105597e-01,-9.974499291691454328e-01,-9.974499303719839283e-01,-9.974499305897999157e-01,-9.974499306495727691e-01,-9.974499306707683699e-01,-9.974499306793523923e-01,-9.974499306825762579e-01,-9.974499306825762579e-01,-9.974499306793525033e-01,-9.974499306707682589e-01,-9.974499306495725470e-01,-9.974499305897998047e-01,-9.974499303719839283e-01,-9.974499291691455438e-01,-9.974499152824106707e-01,-9.974490199005342506e-01,-9.974490048860750191e-01,-9.974490048860751301e-01
-9.904179563070854009e-01,-9.904454170662704282e-01,-9.904463050905281118e-01,-9.904463837822456984e-01,-9.904463981658462313e-01,-9.904464021282224362e-01,-9.904464035357862794e-01,-9.904464041063255619e-01,-9.904464043206913093e-01,-9.904464043206913093e-01,-9.904464041063255619e-01,-9.904464035357861684e-01,-9.904464021282223252e-01,-9.904463981658462313e-01,-9.904463837822458094e-01,-9.904463050905281118e-01,-9.904454170662703172e-01,-9.904179563070852899e-01,-9.904169930959392243e-01,-9.904169930959392243e-01
-9.904516580616760102e-01,-9.905580099694814011e-01,-9.905622394949732401e-01,-9.905626193452284900e-01,-9.905626901336612722e-01,-9.905627098337905778e-01,-9.905627168666499838e-01,-9.905627197244674109e-01,-9.905627207995066907e-01,-9.905627207995068018e-01,-9.905627197244676330e-01,-9.905627168666502058e-01,-9.905627098337905778e-01,-9.905626901336614942e-01,-9.905626193452286010e-01,-9.905622394949734622e-01,-9.905580099694817342e-01,-9.904516580616763433e-01,-9.904470426639264691e-01,-9.904470426639264691e-01
-9.950838196500020327e-01,-9.951566501399398135e-01,-9.951585015084520869e-01,-9.951586746169949205e-01,-9.951587103936327949e-01,-9.951587208252606898e-01,-9.951587246318905899e-01,-9.951587261958383390e-01,-9.951587267872664677e-01,-9.951587267872664677e-01,-9.951587261958383390e-01,-9.951587246318905899e-01,-9.951587208252609118e-01,-9.951587103936327949e-01,-9.951586746169949205e-01,-9.951585015084521979e-01,-9.951566501399399245e-01,-9.950838196500021438e-01,-9.950817165401292241e-01,-9.950817165401291131e-01
-9.884057638088983300e-01,-9.883311743259648452e-01,-9.883270117182156866e-01,-9.883266508955942387e-01,-9.883265817338372505e-01,-9.883265621428285463e-01,-9.883265550907385233e-01,-9.883265522135847858e-01,-9.883265511292403938e-01,-9.883265511292402827e-01,-9.883265522135847858e-01,-9.883265550907384123e-01,-9.883265621428283243e-01,-9.883265817338370285e-01,-9.883266508955940166e-01,-9.883270117182154646e-01,-9.883311743259648452e-01,-9.884057638088985520e-01,-9.884102601405010402e-01,-9.884102601405012622e-01
-9.784460490761479612e-01,-9.786502631646978312e-01,-9.786590448438555745e-01,-9.786598296243985695e-01,-9.786599587251519905e-01,-9.786599923632830489e-01,-9.786600039727298972e-01,-9.786600086065024851e-01,-9.786600103342755208e-01,-9.786600103342755208e-01,-9.786600086065025961e-01,-9.786600039727300082e-01,-9.786599923632829379e-01,-9.786599587251517685e-01,-9.786598296243986805e-01,-9.786590448438557965e-01,-9.786502631646978312e-01,-9.784460490761481832e-01,-9.784366417614051015e-01,-9.784366417614048794e-01
-9.831904316110751108e-01,-9.838318998128688930e-01,-9.838527147469366962e-01,-9.838545879767159885e-01,-9.838549556193804113e-01,-9.838550609014683479e-01,-9.838550989883865228e-01,-9.838551145640055395e-01,-9.838551204405699968e-01,-9.838551204405701078e-01,-9.838551145640058726e-01,-9.838550989883866338e-01,-9.838550609014685699e-01,-9.838549556193804113e-01,-9.838545879767164326e-01,-9.838527147469372514e-01,-9.838318998128693371e-01,-9.831904316110755548e-01,-9.831673413518372540e-01,-9.831673413518369209e-01
-9.884050897047875761e-01,-9.885178200596625997e-01,-9.885090544574659521e-01,-9.885084673018440515e-01,-9.885084100105395732e-01,-9.885084002556736582e-01,-9.885083978687922990e-01,-9.885083971343292530e-01,-9.885083969018115813e-01,-9.885083969018115813e-01,-9.885083971343292530e-01,-9.885083978687924100e-01,-9.885084002556736582e-01,-9.885084100105394622e-01,-9.885084673018440515e-01,-9.885090544574659521e-01,-9.885178200596625997e-01,-9.884050897047877982e-01,-9.884134485272972892e-01,-9.884134485272972892e-01
-9.765400958767389561e-01,-9.761567035964283656e-01,-9.761487544388844917e-01,-9.761481981160506916e-01,-9.761480123061339054e-01,-9.761479485736389572e-01,-9.761479238404722203e-01,-9.761479133941312059e-01,-9.761479093939267049e-01,-9.761479093939265939e-01,-9.761479133941309838e-01,-9.761479238404719982e-01,-9.761479485736386241e-01,-9.761480123061337943e-01,-9.761481981160503585e-01,-9.761487544388842696e-01,-9.761567035964282546e-01,-9.765400958767388451e-01,-9.765491753705473066e-01,-9.765491753705473066e-01
-9.685022468952969588e-01,-9.693976473177151609e-01,-9.694529838422418777e-01,-9.694573746246818446e-01,-9.694580708892771570e-01,-9.694582539558745937e-01,-9.694583173272693921e-01,-9.694583426093358325e-01,-9.694583520279805855e-01,-9.694583520279806965e-01,-9.694583426093361656e-01,-9.694583173272698362e-01,-9.694582539558748158e-01,-9.694580708892774901e-01,-9.694573746246821777e-01,-9.694529838422423218e-01,-9.693976473177153830e-01,-9.685022468952972918e-01,-9.684432993634918274e-01,-9.684432993634918274e-01
-9.786251429942037783e-01,-9.801619541887320874e-01,-9.801841235570891708e-01,-9.801858078714990041e-01,-9.801863502249587023e-01,-9.801865351253264969e-01,-9.801866066146306400e-01,-9.801866367532988678e-01,-9.801866482846245399e-01,-9.801866482846246509e-01,-9.801866367532992008e-01,-9.801866066146310841e-01,-9.801865351253269409e-01,-9.801863502249590354e-01,-9.801858078714996703e-01,-9.801841235570897259e-01,-9.801619541887323095e-01,-9.786251429942042224e-01,-9.785976321545385437e-01,-9.785976321545383216e-01
-9.796070774624520139e-01,-9.791331070557492966e-01,-9.790684048807660744e-01,-9.790647565024651611e-01,-9.790641826872129583e-01,-9.790640216573243126e-01,-9.790639645670986546e-01,-9.790639416198836376e-01,-9.790639330511133887e-01,-9.790639330511131666e-01,-9.790639416198834155e-01,-9.790639645670985436e-01,-9.790640216573237575e-01,-9.790641826872128473e-01,-9.790647565024647170e-01,-9.790684048807656303e-01,-9.791331070557492966e-01,-9.796070774624519029e-01,-9.796733492107989605e-01,-9.796733492107990715e-01
-9.633700575792413234e-01,-9.628056301608007850e-01,-9.628672088747187718e-01,-9.628731189220181008e-01,-9.628735506171582914e-01,-9.628735952872389259e-01,-9.628735994621825389e-01,-9.628735986748997444e-01,-9.628735979178941751e-01,-9.628735979178941751e-01,-9.628735986748996334e-01,-9.628735994621824279e-01,-9.628735952872389259e-01,-9.628735506171585135e-01,-9.628731189220179898e-01,-9.628672088747184388e-01,-9.628056301608006740e-01,-9.633700575792411014e-01,-9.633078413686554375e-01,-9.633078413686556596e-01
-9.621860587338462167e-01,-9.648429171971470986e-01,-9.649987329343494569e-01,-9.650070788601724514e-01,-9.650085834244911398e-01,-9.650090520331446875e-01,-9.650092254000727232e-01,-9.650092965136779499e-01,-9.650093233297071249e-01,-9.650093233297073470e-01,-9.650092965136785050e-01,-9.650092254000732783e-01,-9.650090520331453536e-01,-9.650085834244915839e-01,-9.650070788601733396e-01,-9.649987329343503450e-01,-9.648429171971475427e-01,-9.621860587338471049e-01,-9.620182996684559784e-01,-9.620182996684558674e-01
-9.749589521707863193e-01,-9.768669638344592565e-01,-9.767619327689437414e-01,-9.767532719285754172e-01,-9.767528386093163872e-01,-9.767528281085713360e-01,-9.767528405933078028e-01,-9.767528493158512681e-01,-9.767528533015192860e-01,-9.767528533015193970e-01,-9.767528493158514902e-01,-9.767528405933080249e-01,-9.767528281085716690e-01,-9.767528386093166093e-01,-9.767532719285757503e-01,-9.767619327689441855e-01,-9.768669638344592565e-01,-9.749589521707866524e-01,-9.750592094070430482e-01,-9.750592094070431592e-01
-9.672675699521651183e-01,-9.652129226150427677e-01,-9.651114119878115849e-01,-9.651149854072313961e-01,-9.651147225642527916e-01,-9.651144597283930482e-01,-9.651143426560319094e-01,-9.651142912221521986e-01,-9.651142712356661768e-01,-9.651142712356659548e-01,-9.651142912221519765e-01,-9.651143426560315763e-01,-9.651144597283924931e-01,-9.651147225642523475e-01,-9.651149854072307299e-01,-9.651114119878110298e-01,-9.652129226150425456e-01,-9.672675699521647852e-01,-9.673741249036357237e-01,-9.673741249036358347e-01
-9.515598131052487307e-01,-9.522417254338447767e-01,-9.525957192348913916e-01,-9.526209718379455849e-01,-9.526231996017663350e-01,-9.526237442125147226e-01,-9.526239289808545729e-01,-9.526240000932706398e-01,-9.526240259228900831e-01,-9.526240259228901941e-01,-9.526240000932709728e-01,-9.526239289808549060e-01,-9.526237442125150556e-01,-9.526231996017664461e-01,-9.526209718379458069e-01,-9.525957192348917246e-01,-9.522417254338449988e-01,-9.515598131052490638e-01,-9.511907947374984573e-01,-9.511907947374984573e-01
-9.602142267401184705e-01,-9.653888205493341701e-01,-9.655172588109270926e-01,-9.655048712453478954e-01,-9.655048444965534937e-01,-9.655052736845197714e-01,-9.655054754128978844e-01,-9.655055656092976779e-01,-9.655056009746652013e-01,-9.655056009746656454e-01,-9.655055656092982330e-01,-9.655054754128986616e-01,-9.655052736845209926e-01,-9.655048444965541599e-01,-9.655048712453491166e-01,-9.655172588109282028e-01,-9.653888205493343921e-01,-9.602142267401196918e-01,-9.600642045873277741e-01,-9.600642045873274411e-01
-9.687345196261497593e-01,-9.688399198385811983e-01,-9.683844009769362327e-01,-9.683667267819418001e-01,-9.683658344626039360e-01,-9.683653930173178326e-01,-9.683652110066245378e-01,-9.683651366678149852e-01,-9.683651089952346469e-01,-9.683651089952345359e-01,-9.683651366678146521e-01,-9.683652110066242047e-01,-9.683653930173177216e-01,-9.683658344626032699e-01,-9.683667267819412450e-01,-9.683844009769360106e-01,-9.688399198385808653e-01,-9.687345196261498703e-01,-9.691976778132396220e-01,-9.691976778132396220e-01
-9.519826442864620653e-01,-9.486036962965884722e-01,-9.488355469485642013e-01,-9.488933474578373772e-01,-9.488967376530570430e-01,-9.488969932261387408e-01,-9.488970339125076814e-01,-9.488970385570976163e-01,-9.488970377537494505e-01,-9.488970377537493395e-01,-9.488970385570973942e-01,-9.488970339125073483e-01,-9.488969932261384077e-01,-9.488967376530571540e-01,-9.488933474578369331e-01,-9.488355469485637572e-01,-9.486036962965885833e-01,-9.519826442864612881e-01,-9.517427433679861437e-01,-9.517427433679864768e-01
-9.365728762339158298e-01,-9.414897917855827858e-01,-9.423637045174954041e-01,-9.423831796306826325e-01,-9.423829521031347189e-01,-9.423838800531092463e-01,-9.423843256340878050e-01,-9.423845160874025906e-01,-9.423845886848634112e-01,-9.423845886848639664e-01,-9.423845160874037008e-01,-9.423843256340890262e-01,-9.423838800531099125e-01,-9.423829521031349410e-01,-9.423831796306832986e-01,-9.423637045174961813e-01,-9.414897917855837850e-01,-9.365728762339156077e-01,-9.356466292033087662e-01,-9.356466292033087662e-01
-9.291470068469236399e-01,-9.398470484383476542e-01,-9.395604637740011533e-01,-9.394542824207474663e-01,-9.394494419850130118e-01,-9.394495809113150298e-01,-9.394496881578834335e-01,-9.394497484334572990e-01,-9.394497754051597260e-01,-9.394497754051605032e-01,-9.394497484334585202e-01,-9.394496881578842107e-01,-9.394495809113156959e-01,-9.394494419850122346e-01,-9.394542824207474663e-01,-9.395604637740021525e-01,-9.398470484383485424e-01,-9.291470068469231958e-01,-9.294229925076641363e-01,-9.294229925076640253e-01
-9.095995976860012933e-01,-9.162147644321634310e-01,-9.145160634808555677e-01,-9.144714563112691375e-01,-9.144790195389673748e-01,-9.144790367794802810e-01,-9.144787717420758133e-01,-9.144786518260775710e-01,-9.144786064861410990e-01,-9.144786064861409880e-01,-9.144786518260779040e-01,-9.144787717420743700e-01,-9.144790367794791708e-01,-9.144790195389655985e-01,-9.144714563112674721e-01,-9.145160634808551237e-01,-9.162147644321627649e-01,-9.095995976860008492e-01,-9.113789596075365651e-01,-9.113789596075366761e-01
-8.748854104743092330e-01,-8.778221378911060802e-01,-8.765455586171636559e-01,-8.767999980252202397e-01,-8.768239819087610964e-01,-8.768249832542270861e-01,-8.768251846428539720e-01,-8.768252549629077519e-01,-8.768252758174848172e-01,-8.768252758174842620e-01,-8.768252549629073078e-01,-8.768251846428511964e-01,-8.768249832542253097e-01,-8.768239819087606524e-01,-8.767999980252187964e-01,-8.765455586171624347e-01,-8.778221378911047479e-01,-8.748854104743089000e-01,-8.761979020586183609e-01,-8.761979020586183609e-01
-8.373804991239390816e-01,-8.483079067621969171e-01,-8.489703876459046006e-01,-8.494409416936838930e-01,-8.494455105104816717e-01,-8.494462093144330428e-01,-8.494473565906185408e-01,-8.494478735106504308e-01,-8.494480668380044452e-01,-8.494480668380042232e-01,-8.494478735106500977e-01,-8.494473565906170975e-01,-8.494462093144318215e-01,-8.494455105104838921e-01,-8.494409416936850032e-01,-8.489703876459042675e-01,-8.483079067621952518e-01,-8.373804991239377493e-01,-8.365182540011417700e-01,-8.365182540011419920e-01
-8.062853379479630878e-01,-8.368497680105688730e-01,-8.384513208860678857e-01,-8.386923913010422282e-01,-8.386349315307070063e-01,-8.386349849243927013e-01,-8.386366437280898811e-01,-8.386373680124069585e-01,-8.386376505228272382e-01,-8.386376505228276823e-01,-8.386373680124076246e-01,-8.386366437280908803e-01,-8.386349849243921462e-01,-8.386349315307097818e-01,-8.386923913010448928e-01,-8.384513208860688849e-01,-8.368497680105692060e-01,-8.062853379479616445e-01,-8.044028474866933287e-01,-8.044028474866932177e-01
-7.801607990900958356e-01,-8.327948968101654970e-01,-8.318414360679657893e-01,-8.315072161005110374e-01,-8.314065879607529519e-01,-8.314108240218264223e-01,-8.314121016711877310e-01,-8.314125147153427209e-01,-8.314126883788818256e-01,-8.314126883788824918e-01,-8.314125147153434980e-01,-8.314121016711896184e-01,-8.314108240218267554e-01,-8.314065879607541731e-01,-8.315072161005130358e-01,-8.318414360679677877e-01,-8.327948968101678284e-01,-7.801607990900945033e-01,-7.813998144381890665e-01,-7.813998144381888444e-01
-7.528670286940830625e-01,-8.224224316521163702e-01,-8.147537058420446510e-01,-8.140941084110735471e-01,-8.140478757569313828e-01,-8.140640095284679134e-01,-8.140640979921333065e-01,-8.140639157210430854e-01,-8.140638721030327707e-01,-8.140638721030327707e-01,-8.140639157210425303e-01,-8.140640979921339726e-01,-8.140640095284690236e-01,-8.140478757569301616e-01,-8.140941084110733250e-01,-8.147537058420459832e-01,-8.224224316521188127e-01,-7.528670286940816192e-01,-7.621014181458560799e-01,-7.621014181458558578e-01
-7.188100484031414439e-01,-7.991897662081631770e-01,-7.829205529508643790e-01,-7.830843175228596742e-01,-7.832014768134610838e-01,-7.832276158433562063e-01,-7.832256216016995065e-01,-7.832251996795952520e-01,-7.832250782857541616e-01,-7.832250782857532734e-01,-7.832251996795926985e-01,-7.832256216016977302e-01,-7.832276158433574276e-01,-7.832014768134580862e-01,-7.830843175228571207e-01,-7.829205529508642680e-01,-7.991897662081662856e-01,-7.188100484031403337e-01,-7.377557892351800373e-01,-7.377557892351800373e-01
-6.763006776498211581e-01,-7.647921155587265041e-01,-7.412268443533007733e-01,-7.437997068198227701e-01,-7.440169998374495108e-01,-7.440311089012809909e-01,-7.440266120419908313e-01,-7.440268204552900055e-01,-7.440268974262591595e-01,-7.440268974262578272e-01,-7.440268204552866749e-01,-7.440266120419869456e-01,-7.440311089012824342e-01,-7.440169998374470683e-01,-7.437997068198195505e-01,-7.412268443532994411e-01,-7.647921155587291686e-01,-6.763006776498201589e-01,-7.030277041514697567e-01,-7.030277041514698677e-01
-6.309451842854758574e-01,-7.328259982388524163e-01,-7.040061661859837727e-01,-7.102656333051297066e-01,-7.102249176959665178e-01,-7.102012182869638091e-01,-7.101957355451289366e-01,-7.101973731050136296e-01,-7.101977810558722792e-01,-7.101977810558705029e-01,-7.101973731050106320e-01,-7.101957355451242737e-01,-7.102012182869656964e-01,-7.102249176959660737e-01,-7.102656333051273752e-01,-7.040061661859816633e-01,-7.328259982388524163e-01,-6.309451842854737480e-01,-6.618578703687433284e-01,-6.618578703687436615e-01
-5.878109915583504819e-01,-7.142131313163623263e-01,-6.826963887126770159e-01,-6.929382191706410232e-01,-6.919820828321960882e-01,-6.919431813619387750e-01,-6.919422869492040107e-01,-6.919455693198137691e-01,-6.919461466853822351e-01,-6.919461466853804588e-01,-6.919455693198132140e-01,-6.919422869492007910e-01,-6.919431813619407734e-01,-6.919820828321977535e-01,-6.929382191706403571e-01,-6.826963887126760167e-01,-7.142131313163598838e-01,-5.878109915583473732e-01,-6.190814199909128179e-01,-6.190814199909135951e-01
-5.486793644686269733e-01,-7.085009091731893083e-01,-6.734242829632154370e-01,-6.867473993217634298e-01,-6.842103075566685622e-01,-6.842846380959801689e-01,-6.842913010054891831e-01,-6.842950561613155847e-01,-6.842953524222503692e-01,-6.842953524222492590e-01,-6.842950561613176941e-01,-6.842913010054882950e-01,-6.842846380959817232e-01,-6.842103075566721149e-01,-6.867473993217642070e-01,-6.734242829632164362e-01,-7.085009091731859776e-01,-5.486793644686235316e-01,-5.824737422151242683e-01,-5.824737422151252675e-01
-5.149490075394188571e-01,-7.154564242778791439e-01,-6.720445185167718272e-01,-6.872714730270962358e-01,-6.827022077002412592e-01,-6.831483714144549468e-01,-6.831483603582210185e-01,-6.831504825256830005e-01,-6.831500357218975861e-01,-6.831500357218973640e-01,-6.831504825256862201e-01,-6.831483603582223507e-01,-6.831483714144558350e-01,-6.827022077002450340e-01,-6.872714730270972350e-01,-6.720445185167746027e-01,-7.154564242778761463e-01,-5.149490075394165256e-01,-5.577140656099084381e-01,-5.577140656099098814e-01
-4.805861984109427443e-01,-7.221178054889428877e-01,-6.647453653980553989e-01,-6.813710920811273386e-01,-6.748305538765733136e-01,-6.760020030726719975e-01,-6.759375608340013608e-01,-6.759382033424767844e-01,-6.759370502749368903e-01,-6.759370502749380005e-01,-6.759382033424797820e-01,-6.759375608340035813e-01,-6.760020030726714424e-01,-6.748305538765748679e-01,-6.813710920811280047e-01,-6.647453653980593957e-01,-7.221178054889414444e-01,-4.805861984109425222e-01,-5.419328635865681143e-01,-5.419328635865701127e-01
-4.441608315008040986e-01,-7.229920396853631859e-01,-6.434296178673927225e-01,-6.627798592515379283e-01,-6.546716161373048459e-01,-6.568907232472240842e-01,-6.566443636025612873e-01,-6.566527071514330904e-01,-6.566511260076670631e-01,-6.566511260076692835e-01,-6.566527071514337566e-01,-6.566443636025633968e-01,-6.568907232472227520e-01,-6.546716161373032916e-01,-6.627798592515369291e-01,-6.434296178673953870e-01,-7.229920396853626308e-01,-4.441608315008052643e-01,-5.338710493775580268e-01,-5.338710493775603583e-01
-4.033818968213815914e-01,-7.166048950974968079e-01,-6.111537179313653034e-01,-6.369399595469340536e-01,-6.275813438224335794e-01,-6.310456904222239150e-01,-6.304286442452803341e-01,-6.304765645310461686e-01,-6.304736527982304217e-01,-6.304736527982339744e-01,-6.304765645310437261e-01,-6.304286442452811112e-01,-6.310456904222224717e-01,-6.275813438224295826e-01,-6.369399595469316111e-01,-6.111537179313661916e-01,-7.166048950974971410e-01,-4.033818968213830347e-01,-5.232889014042489961e-01,-5.232889014042518827e-01
-3.598920090399342353e-01,-7.032022465483956930e-01,-5.697036413155627255e-01,-6.067546685850577770e-01,-5.958396168983061125e-01,-6.005191497162132297e-01,-5.993265050328109300e-01,-5.994791385871869327e-01,-5.994684951163061770e-01,-5.994684951163110620e-01,-5.994791385871817146e-01,-5.993265050328104859e-01,-6.005191497162125636e-01,-5.958396168983014496e-01,-6.067546685850550015e-01,-5.697036413155612822e-01,-7.032022465483962481e-01,-3.598920090399346794e-01,-5.081884151535414063e-01,-5.081884151535449590e-01
-3.187868373337700567e-01,-6.934674251247321397e-01,-5.340971418067924636e-01,-5.877248627331927988e-01,-5.736296954205087895e-01,-5.794542771294116656e-01,-5.775018945819259120e-01,-5.778646246416381249e-01,-5.778275302705457861e-01,-5.778275302705517813e-01,-5.778646246416314636e-01,-5.775018945819250238e-01,-5.794542771294129979e-01,-5.736296954205054588e-01,-5.877248627331911335e-01,-5.340971418067887999e-01,-6.934674251247320287e-01,-3.187868373337687800e-01,-4.843107955019937405e-01,-4.843107955019972377e-01
-2.815104214477248679e-01,-6.874583570575781843e-01,-5.065261561169818183e-01,-5.797631354801533465e-01,-5.598354344326031962e-01,-5.669077157008683976e-01,-5.641042292754904208e-01,-5.648070398316471508e-01,-5.647051651685226492e-01,-5.647051651685297546e-01,-5.648070398316409335e-01,-5.641042292754900878e-01,-5.669077157008713952e-01,-5.598354344326020859e-01,-5.797631354801542347e-01,-5.065261561169775995e-01,-6.874583570575782954e-01,-2.815104214477210376e-01,-4.563113720457013800e-01,-4.563113720457042666e-01
-2.524827735461994127e-01,-6.916407510369657619e-01,-4.915812194064277385e-01,-5.854983077534710034e-01,-5.562267513279333109e-01,-5.652196584461370854e-01,-5.615107557897011104e-01,-5.626860591369992060e-01,-5.624591645198280254e-01,-5.624591645198349088e-01,-5.626860591369946540e-01,-5.615107557897025536e-01,-5.652196584461417483e-01,-5.562267513279344211e-01,-5.854983077534746672e-01,-4.915812194064227980e-01,-6.916407510369662059e-01,-2.524827735461931955e-01,-4.290725296004151978e-01,-4.290725296004169187e-01
-2.274713593185456739e-01,-6.999524074090688330e-01,-4.838952092679068562e-01,-5.968932399788496879e-01,-5.550485877044057936e-01,-5.674216563944740610e-01,-5.626835065074949904e-01,-5.644495371089329749e-01,-5.640155081364846001e-01,-5.640155081364912615e-01,-5.644495371089321978e-01,-5.626835065074983211e-01,-5.674216563944781688e-01,-5.550485877044079031e-01,-5.968932399788560161e-01,-4.838952092679027484e-01,-6.999524074090710535e-01,-2.274713593185373750e-01,-4.085383574344798041e-01,-4.085383574344799706e-01
-2.062282823239361407e-01,-7.108428935688608785e-01,-4.755501695705894871e-01,-6.050311415187896724e-01,-5.483267949506454020e-01,-5.662368067699585783e-01,-5.600960971219686169e-01,-5.625539932565133405e-01,-5.618235271815171794e-01,-5.618235271815219534e-01,-5.625539932565148948e-01,-5.600960971219737239e-01,-5.662368067699613539e-01,-5.483267949506471783e-01,-6.050311415187967778e-01,-4.755501695705855458e-01,-7.108428935688650974e-01,-2.062282823239265650e-01,-3.984927040647521235e-01,-3.984927040647505692e-01
-1.821659159732255673e-01,-7.188020178094458590e-01,-4.634491596050108186e-01,-6.074278610947539958e-01,-5.350128988517804940e-01,-5.611712691704824341e-01,-5.527600445943841034e-01,-5.560642691382408076e-01,-5.549416468127893465e-01,-5.549416468127924551e-01,-5.560642691382442493e-01,-5.527600445943902097e-01,-5.611712691704823230e-01,-5.350128988517801609e-01,-6.074278610947603241e-01,-4.634491596050072659e-01,-7.188020178094529644e-01,-1.821659159732155753e-01,-3.962790155457541763e-01,-3.962790155457509567e-01
-1.552393381181567666e-01,-7.224458997015399397e-01,-4.408975693464297629e-01,-5.980905855846088137e-01,-5.109013028612150453e-01,-5.476458631388292364e-01,-5.356170719137454128e-01,-5.400352627595352839e-01,-5.384364351730757114e-01,-5.384364351730764886e-01,-5.400352627595383925e-01,-5.356170719137520742e-01,-5.476458631388263498e-01,-5.109013028612126028e-01,-5.980905855846130326e-01,-4.408975693464259882e-01,-7.224458997015485995e-01,-1.552393381181466081e-01,-3.986336292487421273e-01,-3.986336292487374644e-01
-1.231446933269418065e-01,-7.226714432551959444e-01,-4.150584177829228505e-01,-5.870474615263416851e-01,-4.866946874451174576e-01,-5.357901308864549961e-01,-5.182538078542221482e-01,-5.243425859520334242e-01,-5.221559492234220112e-01,-5.221559492234210120e-01,-5.243425859520352006e-01,-5.182538078542280324e-01,-5.357901308864503331e-01,-4.866946874451136829e-01,-5.870474615263432394e-01,-4.150584177829186316e-01,-7.226714432552046041e-01,-1.231446933269315092e-01,-3.968206770124748095e-01,-3.968206770124692029e-01
-8.952266625200711037e-02,-7.211849065835349570e-01,-3.844462823805401275e-01,-5.724111805228129235e-01,-4.612404517258880121e-01,-5.228045967894454638e-01,-4.979092070384978364e-01,-5.065180432788303211e-01,-5.035809758113003465e-01,-5.035809758112980150e-01,-5.065180432788296550e-01,-4.979092070385027768e-01,-5.228045967894403567e-01,-4.612404517258846814e-01,-5.724111805228121463e-01,-3.844462823805359086e-01,-7.211849065835431727e-01,-8.952266625199636896e-02,-3.889038959834136833e-01,-3.889038959834076881e-01
-5.632771300023370342e-02,-7.213852766584862852e-01,-3.593017916081783780e-01,-5.666459056072001843e-01,-4.456064466869348317e-01,-5.188702279101851111e-01,-4.849629317733716860e-01,-4.973224808328051139e-01,-4.933161469159738077e-01,-4.933161469159713097e-01,-4.973224808328025048e-01,-4.849629317733758493e-01,-5.188702279101813364e-01,-4.456064466869339991e-01,-5.666459056071979639e-01,-3.593017916081737706e-01,-7.213852766584920584e-01,-5.632771300022366284e-02,-3.715316394597875105e-01,-3.715316394597818483e-01
-2.756429481776997981e-02,-7.243465797703688702e-01,-3.364301629291959195e-01,-5.638156341426600049e-01,-4.333713738329439957e-01,-5.163481592271157439e-01,-4.727221804267850436e-01,-4.901804467316238645e-01,-4.845979647890238384e-01,-4.845979647890228947e-01,-4.901804467316201452e-01,-4.727221804267881522e-01,-5.163481592271134124e-01,-4.333713738329471599e-01,-5.638156341426581175e-01,-3.364301629291929774e-01,-7.243465797703727560e-01,-2.756429481776197232e-02,-3.519173408708632378e-01,-3.519173408708583528e-01
-4.226952903910985958e-03,-7.304816628455168548e-01,-3.203564344525182683e-01,-5.700601582056112893e-01,-4.283579579499806056e-01,-5.195845530631724163e-01,-4.662387610231033541e-01,-4.901600736121583535e-01,-4.822465364731318149e-01,-4.822465364731330362e-01,-4.901600736121537460e-01,-4.662387610231059076e-01,-5.195845530631719722e-01,-4.283579579499878220e-01,-5.700601582056098460e-01,-3.203564344525162699e-01,-7.304816628455179650e-01,-4.226952903906632669e-03,-3.330165909024238591e-01,-3.330165909024202509e-01
1.351833429714650696e-02,-7.388748697178511016e-01,-3.046696939200456145e-01,-5.758530852289136526e-01,-4.210514188904772026e-01,-5.193789932980511503e-01,-4.572759593939917933e-01,-4.886266663232273766e-01,-4.774694697867394866e-01,-4.774694697867438720e-01,-4.886266663232228247e-01,-4.572759593939930700e-01,-5.193789932980508173e-01,-4.210514188904869171e-01,-5.758530852289127644e-01,-3.046696939200462806e-01,-7.388748697178508795e-01,1.351833429714728411e-02,-3.236816358210922728e-01,-3.236816358210903299e-01
2.792274432910357360e-02,-7.470416629286642518e-01,-2.899588610982440362e-01,-5.840750492872546218e-01,-4.128586762794576592e-01,-5.189280809236846981e-01,-4.491575195152847089e-01,-4.884291862054504496e-01,-4.730802487363942044e-01,-4.730802487364008657e-01,-4.884291862054457867e-01,-4.491575195152857636e-01,-5.189280809236844760e-01,-4.128586762794688725e-01,-5.840750492872532895e-01,-2.899588610982464232e-01,-7.470416629286622534e-01,2.792274432910064885e-02,-3.220068401770106448e-01,-3.220068401770104227e-01
4.167963535921751644e-02,-7.547508589560139036e-01,-2.723189115694900631e-01,-5.884782206629989298e-01,-3.989494904549752974e-01,-5.141580588866773160e-01,-4.378684951537106240e-01,-4.848164448080163336e-01,-4.645480798153414081e-01,-4.645480798153506230e-01,-4.848164448080123368e-01,-4.378684951537112902e-01,-5.141580588866743184e-01,-3.989494904549858445e-01,-5.884782206629973755e-01,-2.723189115694949480e-01,-7.547508589560111281e-01,4.167963535921157675e-02,-3.280657374955553984e-01,-3.280657374955570638e-01
5.724505168547931733e-02,-7.595688219859838552e-01,-2.533860547178633515e-01,-5.929826255764386600e-01,-3.827555156465526909e-01,-5.098047179902416293e-01,-4.273177202837496469e-01,-4.811677130711424222e-01,-4.557174335698070955e-01,-4.557174335698168655e-01,-4.811677130711377592e-01,-4.273177202837517008e-01,-5.098047179902370774e-01,-3.827555156465620168e-01,-5.929826255764361065e-01,-2.533860547178696243e-01,-7.595688219859804136e-01,5.724505168547108780e-02,-3.324857453845191380e-01,-3.324857453845225796e-01
7.602534144476152944e-02,-7.638290036463963872e-01,-2.335702184089033240e-01,-5.958912296221738902e-01,-3.646889148832879179e-01,-5.060394495434259454e-01,-4.170250966375919632e-01,-4.765702897037223384e-01,-4.463267640243760437e-01,-4.463267640243860912e-01,-4.765702897037176200e-01,-4.170250966375957935e-01,-5.060394495434181739e-01,-3.646889148832948013e-01,-5.958912296221703375e-01,-2.335702184089116784e-01,-7.638290036463926125e-01,7.602534144475345257e-02,-3.320048057235193695e-01,-3.320048057235241989e-01
9.746108768893571583e-02,-7.660966964286246572e-01,-2.145739448346911660e-01,-6.001374992973808054e-01,-3.472995092817899865e-01,-5.053288346488795657e-01,-4.084479055738675646e-01,-4.725588728861094268e-01,-4.385583608358084584e-01,-4.385583608358170071e-01,-4.725588728861030430e-01,-4.084479055738745590e-01,-5.053288346488709060e-01,-3.472995092817957041e-01,-6.001374992973755873e-01,-2.145739448347011025e-01,-7.660966964286212155e-01,9.746108768892916552e-02,-3.216447931100228086e-01,-3.216447931100287483e-01
1.202640444246474982e-01,-7.699383913108515110e-01,-1.971773119924508100e-01,-6.049120445191281670e-01,-3.316809573158685520e-01,-5.077562726783440006e-01,-4.012190272218014164e-01,-4.691275956925345381e-01,-4.328191487919486047e-01,-4.328191487919560987e-01,-4.691275956925273771e-01,-4.012190272218110199e-01,-5.077562726783335645e-01,-3.316809573158733260e-01,-6.049120445191220607e-01,-1.971773119924623563e-01,-7.699383913108480693e-01,1.202640444246441398e-01,-3.060769013900925817e-01,-3.060769013900992430e-01
1.419913316625736333e-01,-7.736122274709508195e-01,-1.805925261749894706e-01,-6.100640790865223817e-01,-3.168768305626835646e-01,-5.116256269204325635e-01,-3.933564123674571089e-01,-4.650199208991374622e-01,-4.278551802642973634e-01,-4.278551802643025814e-01,-4.650199208991278033e-01,-3.933564123674697655e-01,-5.116256269204226825e-01,-3.168768305626897819e-01,-6.100640790865150542e-01,-1.805925261750016275e-01,-7.736122274709487101e-01,1.419913316625728839e-01,-2.896897912743148784e-01,-2.896897912743217618e-01
1.612927125551147089e-01,-7.796127271541697379e-01,-1.642891396728510534e-01,-6.150865762018120630e-01,-3.038059423231010414e-01,-5.171998659317762481e-01,-3.853471923082545381e-01,-4.614957058660867917e-01,-4.244484238940287035e-01,-4.244484238940329224e-01,-4.614957058660759670e-01,-3.853471923082687489e-01,-5.171998659317652569e-01,-3.038059423231093126e-01,-6.150865762018038474e-01,-1.642891396728621556e-01,-7.796127271541679615e-01,1.612927125551160690e-01,-2.800939425715836539e-01,-2.800939425715902598e-01
1.771132449272176945e-01,-7.852377872543325754e-01,-1.466462855328715675e-01,-6.186466632183800218e-01,-2.897359468822010009e-01,-5.211432984515231848e-01,-3.744722908906114589e-01,-4.564365592987075781e-01,-4.196310257945394806e-01,-4.196310257945423117e-01,-4.564365592986944775e-01,-3.744722908906263914e-01,-5.211432984515128597e-01,-2.897359468822127693e-01,-6.186466632183713621e-01,-1.466462855328806159e-01,-7.852377872543330195e-01,1.771132449272194709e-01,-2.797442118899963193e-01,-2.797442118900022590e-01
1.901480467182525558e-01,-7.917082810919967573e-01,-1.279200999661504468e-01,-6.221557433664769432e-01,-2.769251995161424729e-01,-5.257798867003986576e-01,-3.637931803925839036e-01,-4.533051190974667355e-01,-4.158379315716220770e-01,-4.158379315716254077e-01,-4.533051190974535238e-01,-3.637931803925977814e-01,-5.257798867003864451e-01,-2.769251995161563507e-01,-6.221557433664683945e-01,-1.279200999661562199e-01,-7.917082810919968683e-01,1.901480467182547485e-01,-2.862547179769047156e-01,-2.862547179769094341e-01
2.012900907644898374e-01,-7.968160121683370845e-01,-1.084574982156318035e-01,-6.247007807358516684e-01,-2.623819342039448443e-01,-5.276086449955751378e-01,-3.508817228165228563e-01,-4.495326987061742940e-01,-4.096245737014385102e-01,-4.096245737014422295e-01,-4.495326987061606383e-01,-3.508817228165355684e-01,-5.276086449955625923e-01,-2.623819342039607760e-01,-6.247007807358435638e-01,-1.084574982156353840e-01,-7.968160121683391939e-01,2.012900907644914195e-01,-2.944974740939154678e-01,-2.944974740939189095e-01
2.120872698708055060e-01,-8.016510749454314189e-01,-8.982250340339095751e-02,-6.290918932513960282e-01,-2.495728122007346561e-01,-5.305651483900192256e-01,-3.402726835261694061e-01,-4.495218625244696287e-01,-4.048178744818466401e-01,-4.048178744818524133e-01,-4.495218625244576938e-01,-3.402726835261803418e-01,-5.305651483900042376e-01,-2.495728122007505601e-01,-6.290918932513893669e-01,-8.982250340339240080e-02,-8.016510749454323070e-01,2.120872698708066995e-01,-2.959361191021243620e-01,-2.959361191021261384e-01
2.234308356085790148e-01,-8.053622966014470919e-01,-7.349316602945937804e-02,-6.338376965121573781e-01,-2.350657588405915543e-01,-5.306801536566668753e-01,-3.285926138310798494e-01,-4.492024654309455522e-01,-3.974146625040769210e-01,-3.974146625040836378e-01,-4.492024654309345055e-01,-3.285926138310895084e-01,-5.306801536566518873e-01,-2.350657588406077358e-01,-6.338376965121524931e-01,-7.349316602946098786e-02,-8.053622966014497564e-01,2.234308356085791536e-01,-2.898079964012936216e-01,-2.898079964012937326e-01
2.357470422511536434e-01,-8.087630609332591147e-01,-5.961678935888402309e-02,-6.409743434522262584e-01,-2.225749784962803013e-01,-5.325476476794501757e-01,-3.200714649147103352e-01,-4.526394573961777801e-01,-3.919182542766196375e-01,-3.919182542766286304e-01,-4.526394573961691203e-01,-3.200714649147187174e-01,-5.325476476794339664e-01,-2.225749784962944011e-01,-6.409743434522230388e-01,-5.961678935888505004e-02,-8.087630609332596698e-01,2.357470422511536157e-01,-2.747853629002242615e-01,-2.747853629002230402e-01
2.487853805004029140e-01,-8.118320690154076091e-01,-4.862182855699353351e-02,-6.475509378306326669e-01,-2.082698594646758550e-01,-5.318420406934256661e-01,-3.099136592535912671e-01,-4.542621149689208826e-01,-3.839125055325540714e-01,-3.839125055325636193e-01,-4.542621149689128335e-01,-3.099136592535992607e-01,-5.318420406934115663e-01,-2.082698594646880119e-01,-6.475509378306308905e-01,-4.862182855699592049e-02,-8.118320690154090524e-01,2.487853805004028862e-01,-2.612093691101083914e-01,-2.612093691101060600e-01
2.616699225321936773e-01,-8.147255113178237806e-01,-3.818560258135043906e-02,-6.547424154423910903e-01,-1.961463443900837711e-01,-5.337375809010450611e-01,-3.020479569749017767e-01,-4.580658613666435675e-01,-3.784574097783726110e-01,-3.784574097783826030e-01,-4.580658613666370726e-01,-3.020479569749087712e-01,-5.337375809010316274e-01,-1.961463443900919035e-01,-6.547424154423903131e-01,-3.818560258135337421e-02,-8.147255113178226704e-01,2.616699225321951205e-01,-2.511429566549761572e-01,-2.511429566549731041e-01
2.738567886248638450e-01,-8.179744967553275181e-01,-2.852475885811852838e-02,-6.597418143054813999e-01,-1.827976631688545128e-01,-5.340033131708999958e-01,-2.914613110503087023e-01,-4.582104515034232106e-01,-3.711179226784746543e-01,-3.711179226784834251e-01,-4.582104515034163272e-01,-2.914613110503149196e-01,-5.340033131708906700e-01,-1.827976631688596476e-01,-6.597418143054813999e-01,-2.852475885812348622e-02,-8.179744967553278512e-01,2.738567886248660654e-01,-2.534269910167595286e-01,-2.534269910167560313e-01
2.844796690055283461e-01,-8.211684098214642180e-01,-1.677040374155769342e-02,-6.642681823273687280e-01,-1.724760459078649721e-01,-5.380504566832529090e-01,-2.828179117310768986e-01,-4.594413776346060740e-01,-3.672442393214288003e-01,-3.672442393214363499e-01,-4.594413776345998568e-01,-2.828179117310817281e-01,-5.380504566832460256e-01,-1.724760459078656938e-01,-6.642681823273688391e-01,-1.677040374156288371e-02,-8.211684098214631078e-01,2.844796690055313437e-01,-2.600411302784303991e-01,-2.600411302784268464e-01
2.940525401976155639e-01,-8.251104403366298357e-01,-4.856208752731527162e-03,-6.667551343190577517e-01,-1.617846296405285600e-01,-5.411533218547984747e-01,-2.717862937088261210e-01,-4.566159503589685142e-01,-3.621086514450873595e-01,-3.621086514450920779e-01,-4.566159503589621305e-01,-2.717862937088294517e-01,-5.411533218547965873e-01,-1.617846296405267559e-01,-6.667551343190575297e-01,-4.856208752737282974e-03,-8.251104403366312789e-01,2.940525401976185060e-01,-2.704842549361353155e-01,-2.704842549361319848e-01
3.024172770095213125e-01,-8.288171371713015656e-01,9.423287707534245411e-03,-6.691797451765798543e-01,-1.539895470140481559e-01,-5.477933990007346488e-01,-2.636035874129602496e-01,-4.552501742597718226e-01,-3.605150722504990579e-01,-3.605150722505018890e-01,-4.552501742597670487e-01,-2.636035874129616374e-01,-5.477933990007355369e-01,-1.539895470140428824e-01,-6.691797451765792992e-01,9.423287707530224322e-03,-8.288171371713027868e-01,3.024172770095240881e-01,-2.718868761063389927e-01,-2.718868761063362172e-01
3.110487219055750319e-01,-8.329965019190691544e-01,2.235412845218743422e-02,-6.708196130509526123e-01,-1.450144567431106424e-01,-5.523037017865368714e-01,-2.541737822084910170e-01,-4.508895141038414267e-01,-3.570736029363348329e-01,-3.570736029363344999e-01,-4.508895141038375964e-01,-2.541737822084906284e-01,-5.523037017865419784e-01,-1.450144567431045362e-01,-6.708196130509520572e-01,2.235412845218487030e-02,-8.329965019190728182e-01,3.110487219055769192e-01,-2.665542204724224984e-01,-2.665542204724203890e-01
3.195908980477061290e-01,-8.363449738554926682e-01,3.622849409433957779e-02,-6.731230660426427148e-01,-1.371592660034848254e-01,-5.584339526911781260e-01,-2.483914757420140340e-01,-4.491448524114545204e-01,-3.559155474366957894e-01,-3.559155474366932914e-01,-4.491448524114537433e-01,-2.483914757420109809e-01,-5.584339526911841212e-01,-1.371592660034768596e-01,-6.731230660426424928e-01,3.622849409433979984e-02,-8.363449738554951107e-01,3.195908980477081829e-01,-2.520137133469655955e-01,-2.520137133469644297e-01
3.292708094357185145e-01,-8.395810158993542993e-01,4.685677514103910035e-02,-6.759299269336538352e-01,-1.268069387301083428e-01,-5.609042903177368089e-01,-2.419663620156818906e-01,-4.457740419021924971e-01,-3.517779693354579074e-01,-3.517779693354522452e-01,-4.457740419021944955e-01,-2.419663620156761730e-01,-5.609042903177452466e-01,-1.268069387301008488e-01,-6.759299269336547233e-01,4.685677514104041180e-02,-8.395810158993576300e-01,3.292708094357209569e-01,-2.393364652693660555e-01,-2.393364652693659722e-01
3.385812700592762958e-01,-8.417278853258718385e-01,5.779496364273170594e-02,-6.797677838495675973e-01,-1.166326918188724526e-01,-5.638198564595180429e-01,-2.389605308324173061e-01,-4.457043057611091985e-01,-3.490151342087340902e-01,-3.490151342087260966e-01,-4.457043057611156378e-01,-2.389605308324079525e-01,-5.638198564595253703e-01,-1.166326918188641537e-01,-6.797677838495701508e-01,5.779496364273411374e-02,-8.417278853258736149e-01,3.385812700592794044e-01,-2.322252963254014257e-01,-2.322252963254025082e-01
3.482131344364122194e-01,-8.437311746205276020e-01,6.530546029047828993e-02,-6.846342416888340221e-01,-1.045707086318679591e-01,-5.632861934395769765e-01,-2.348591173787753505e-01,-4.444267161887521245e-01,-3.434699957852638819e-01,-3.434699957852526131e-01,-4.444267161887619499e-01,-2.348591173787626107e-01,-5.632861934395853032e-01,-1.045707086318605900e-01,-6.846342416888385740e-01,6.530546029048051038e-02,-8.437311746205296004e-01,3.482131344364156611e-01,-2.353998484881783815e-01,-2.353998484881806019e-01
3.560460020881129894e-01,-8.451757326660658265e-01,7.432701658906168407e-02,-6.898545182259538944e-01,-9.372358931924060221e-02,-5.635253017746828519e-01,-2.327999401761861042e-01,-4.457889364786392639e-01,-3.398701088382652946e-01,-3.398701088382516389e-01,-4.457889364786538078e-01,-2.327999401761696174e-01,-5.635253017746892912e-01,-9.372358931923213676e-02,-6.898545182259605557e-01,7.432701658906404329e-02,-8.451757326660671588e-01,3.560460020881165977e-01,-2.452056846354808695e-01,-2.452056846354842001e-01
3.632152221481856902e-01,-8.469169831944545201e-01,8.125942411616907113e-02,-6.953781417094465622e-01,-8.306986127117030327e-02,-5.618044033358183809e-01,-2.284590009976618652e-01,-4.452885739798360665e-01,-3.349208053391796724e-01,-3.349208053391623530e-01,-4.452885739798538300e-01,-2.284590009976425473e-01,-5.618044033358255973e-01,-8.306986127116200436e-02,-6.953781417094545558e-01,8.125942411617116667e-02,-8.469169831944562965e-01,3.632152221481890209e-01,-2.534035185279623903e-01,-2.534035185279666091e-01
3.681105538703616231e-01,-8.487680157468775466e-01,9.127235370481528998e-02,-6.998449378342453953e-01,-7.491806955659770229e-02,-5.616275166653239559e-01,-2.245114363312195604e-01,-4.462360758334366628e-01,-3.327386704969059750e-01,-3.327386704968857689e-01,-4.462360758334582012e-01,-2.245114363311976058e-01,-5.616275166653293960e-01,-7.491806955658730782e-02,-6.998449378342540550e-01,9.127235370481794063e-02,-8.487680157468792119e-01,3.681105538703640656e-01,-2.557031591500832923e-01,-2.557031591500881218e-01
3.728921417625853385e-01,-8.511837600197007525e-01,9.986156270287607772e-02,-7.037643692064063927e-01,-6.832048643072634320e-02,-5.609989692484567136e-01,-2.177180867630909566e-01,-4.450967325003793440e-01,-3.300686728997945241e-01,-3.300686728997699326e-01,-4.450967325004030473e-01,-2.177180867630672534e-01,-5.609989692484639301e-01,-6.832048643071517158e-02,-7.037643692064146084e-01,9.986156270287949166e-02,-8.511837600197028619e-01,3.728921417625871704e-01,-2.463696899783260619e-01,-2.463696899783313354e-01
3.766863689494038270e-01,-8.538530900383262123e-01,1.113523999176542628e-01,-7.059611750274463748e-01,-6.387720468683720509e-02,-5.621988465997056483e-01,-2.108717592346151526e-01,-4.450393175155089032e-01,-3.295738358376952282e-01,-3.295738358376674171e-01,-4.450393175155348824e-01,-2.108717592345894509e-01,-5.621988465997126427e-01,-6.387720468682366037e-02,-7.059611750274532582e-01,1.113523999176587453e-01,-8.538530900383296540e-01,3.766863689494051037e-01,-2.341974700086984496e-01,-2.341974700087040007e-01
3.820634172710061227e-01,-8.568385146071223479e-01,1.203251909055364083e-01,-7.077560980461364837e-01,-6.039520798730864393e-02,-5.636089205295932159e-01,-2.022875445209623702e-01,-4.437332674690724343e-01,-3.279760577912050890e-01,-3.279760577911728925e-01,-4.437332674690986911e-01,-2.022875445209359468e-01,-5.636089205296037630e-01,-6.039520798729466899e-02,-7.077560980461419238e-01,1.203251909055416957e-01,-8.568385146071255676e-01,3.820634172710078991e-01,-2.211203863820804527e-01,-2.211203863820858651e-01
3.881169491346193601e-01,-8.595681282035407822e-01,1.305848464806642628e-01,-7.082258074832432637e-01,-5.693420805950815539e-02,-5.661555185348754460e-01,-1.946234985704825560e-01,-4.436025807407225630e-01,-3.268615326861330495e-01,-3.268615326860975223e-01,-4.436025807407500965e-01,-1.946234985704544673e-01,-5.661555185348873254e-01,-5.693420805949282737e-02,-7.082258074832471495e-01,1.305848464806695086e-01,-8.595681282035454451e-01,3.881169491346221911e-01,-2.196005724068215148e-01,-2.196005724068265941e-01
3.965344748281244280e-01,-8.621938189177769107e-01,1.369585846210540636e-01,-7.089787287919921965e-01,-5.273701960469061312e-02,-5.686748158983727652e-01,-1.872019269589045853e-01,-4.431343609404008177e-01,-3.239766741383022230e-01,-3.239766741382632542e-01,-4.431343609404282957e-01,-1.872019269588753865e-01,-5.686748158983885304e-01,-5.273701960467533367e-02,-7.089787287919953052e-01,1.369585846210584212e-01,-8.621938189177803524e-01,3.965344748281288689e-01,-2.244196138890844627e-01,-2.244196138890888481e-01
4.054911642480169554e-01,-8.640421666266193679e-01,1.435587050824212452e-01,-7.092096975894849331e-01,-4.654679217910960565e-02,-5.712664762518382400e-01,-1.816309985773965074e-01,-4.435242462920458983e-01,-3.206863914868233745e-01,-3.206863914867833509e-01,-4.435242462920744866e-01,-1.816309985773648106e-01,-5.712664762518551154e-01,-4.654679217909300781e-02,-7.092096975894875976e-01,1.435587050824235211e-01,-8.640421666266242529e-01,4.054911642480227840e-01,-2.363022957594173579e-01,-2.363022957594207996e-01
4.151035661093017137e-01,-8.658254667313680653e-01,1.465350450211736766e-01,-7.101987916659416866e-01,-3.911681301407399225e-02,-5.737861151729027887e-01,-1.773806374605980674e-01,-4.440009939483484658e-01,-3.164370485833193913e-01,-3.164370485832776470e-01,-4.440009939483776646e-01,-1.773806374605648994e-01,-5.737861151729217735e-01,-3.911681301405640215e-02,-7.101987916659446842e-01,1.465350450211745092e-01,-8.658254667313707298e-01,4.151035661093092077e-01,-2.426121305864142041e-01,-2.426121305864164523e-01
4.229854777986815639e-01,-8.666446999468260248e-01,1.505015253263962682e-01,-7.114080281336121470e-01,-2.979857988385015144e-02,-5.758587468646547691e-01,-1.744001169995115230e-01,-4.446349850283026761e-01,-3.121626827130147830e-01,-3.121626827129738713e-01,-4.446349850283342064e-01,-1.744001169994759404e-01,-5.758587468646736429e-01,-2.979857988383079886e-02,-7.114080281336159217e-01,1.505015253263961017e-01,-8.666446999468304657e-01,4.229854777986888359e-01,-2.412511511062715996e-01,-2.412511511062724878e-01
4.286384322846018002e-01,-8.679353863510324008e-01,1.529096178917671855e-01,-7.133492534975935939e-01,-2.086244953238459987e-02,-5.783501204106965554e-01,-1.721673579088601191e-01,-4.454619364302002116e-01,-3.084728172251993139e-01,-3.084728172251586242e-01,-4.454619364302334628e-01,-1.721673579088236483e-01,-5.783501204107163174e-01,-2.086244953236387686e-02,-7.133492534975993671e-01,1.529096178917680460e-01,-8.679353863510341771e-01,4.286384322846081285e-01,-2.305059382120140388e-01,-2.305059382120135947e-01
4.309917766695218200e-01,-8.681712319374528253e-01,1.578722404643322086e-01,-7.161676315631977374e-01,-1.187518068276362943e-02,-5.802264701234949307e-01,-1.695184792006738661e-01,-4.456526954799604479e-01,-3.050981047949307134e-01,-3.050981047948916336e-01,-4.456526954799965301e-01,-1.695184792006358410e-01,-5.802264701235140265e-01,-1.187518068274152905e-02,-7.161676315632049539e-01,1.578722404643342625e-01,-8.681712319374559339e-01,4.309917766695257058e-01,-2.167478748933086563e-01,-2.167478748933067412e-01
4.306741688530060230e-01,-8.695171036299533807e-01,1.631987914930024819e-01,-7.192838160839496453e-01,-5.324241781532762507e-03,-5.830272040429715918e-01,-1.668322723293381715e-01,-4.461904836093516513e-01,-3.032355998654362450e-01,-3.032355998653977203e-01,-4.461904836093890658e-01,-1.668322723292999799e-01,-5.830272040429909097e-01,-5.324241781509473845e-03,-7.192838160839586381e-01,1.631987914930076999e-01,-8.695171036299536027e-01,4.306741688530077439e-01,-2.093159082066949894e-01,-2.093159082066916865e-01
4.292096659031036099e-01,-8.694332307625458611e-01,1.712653732466639656e-01,-7.237181417850466758e-01,2.567474044753159657e-04,-5.850519008066621396e-01,-1.627192324508829890e-01,-4.455482563737155899e-01,-3.013483152591581726e-01,-3.013483152591212022e-01,-4.455482563737546697e-01,-1.627192324508435206e-01,-5.850519008066816795e-01,2.567474044984779935e-04,-7.237181417850571119e-01,1.712653732466712375e-01,-8.694332307625483036e-01,4.292096659031026662e-01,-2.095604278949459165e-01,-2.095604278949414201e-01
4.281423817339132798e-01,-8.710677966698575636e-01,1.796861791575054546e-01,-7.273902561467771033e-01,3.679266285350396570e-03,-5.879762905130596629e-01,-1.586415288783993849e-01,-4.455442827086386059e-01,-3.009714893041189887e-01,-3.009714893040817962e-01,-4.455442827086772972e-01,-1.586415288783599720e-01,-5.879762905130794248e-01,3.679266285373667018e-03,-7.273902561467887606e-01,1.796861791575157796e-01,-8.710677966698574526e-01,4.281423817339112814e-01,-2.203988486805045777e-01,-2.203988486804994151e-01
4.300009121667363043e-01,-8.710299167653460239e-01,1.889641204300858135e-01,-7.323531605828705882e-01,7.751810180522962501e-03,-5.895920322429840654e-01,-1.527616397990593788e-01,-4.438241641609920740e-01,-2.994629312569402346e-01,-2.994629312569035973e-01,-4.438241641610304877e-01,-1.527616397990190222e-01,-5.895920322430044935e-01,7.751810180544806139e-03,-7.323531605828831337e-01,1.889641204300971933e-01,-8.710299167653490215e-01,4.300009121667339729e-01,-2.290795041687594402e-01,-2.290795041687537503e-01
4.347379541806212222e-01,-8.735987640413247490e-01,1.973312187993932487e-01,-7.350765703433876919e-01,1.223000255408329684e-02,-5.913197655073196835e-01,-1.469589235648408043e-01,-4.427524305867970855e-01,-2.985366067702838744e-01,-2.985366067702459603e-01,-4.427524305868336674e-01,-1.469589235648012249e-01,-5.913197655073405556e-01,1.223000255410563140e-02,-7.350765703434006815e-01,1.973312187994065714e-01,-8.735987640413263033e-01,4.347379541806203340e-01,-2.342219817089376543e-01,-2.342219817089318257e-01
4.434678518872650077e-01,-8.744727404450758357e-01,2.047639339752958532e-01,-7.390315425864312227e-01,1.940556549021615201e-02,-5.911403730621972441e-01,-1.390891587228023640e-01,-4.395892806499828165e-01,-2.951047090621497504e-01,-2.951047090621115032e-01,-4.395892806500185657e-01,-1.390891587227628678e-01,-5.911403730622194486e-01,1.940556549023800259e-02,-7.390315425864447674e-01,2.047639339753087317e-01,-8.744727404450811648e-01,4.434678518872665065e-01,-2.265858786811659198e-01,-2.265858786811602854e-01
4.533506057790049892e-01,-8.783322255784902222e-01,2.114760222918190269e-01,-7.394503688767537497e-01,2.823516219223802873e-02,-5.903525611805905404e-01,-1.315790328092137917e-01,-4.374590387109323908e-01,-2.916865759511219069e-01,-2.916865759510820499e-01,-4.374590387109659195e-01,-1.315790328091764327e-01,-5.903525611806130780e-01,2.823516219226194363e-02,-7.394503688767670724e-01,2.114760222918325994e-01,-8.783322255784943300e-01,4.533506057790108734e-01,-2.151413466916713702e-01,-2.151413466916661799e-01
4.642549059178852078e-01,-8.798940181803580618e-01,2.175919867185023282e-01,-7.414206038674135968e-01,3.854895100223504345e-02,-5.881326393747325909e-01,-1.231634413383883020e-01,-4.341629379457686566e-01,-2.859771241419093446e-01,-2.859771241418694876e-01,-4.341629379458015747e-01,-1.231634413383522336e-01,-5.881326393747561276e-01,3.854895100225887855e-02,-7.414206038674271415e-01,2.175919867185151513e-01,-8.798940181803662774e-01,4.642549059178952553e-01,-2.032264277180879930e-01,-2.032264277180834966e-01
4.724070526352897037e-01,-8.837544427886622200e-01,2.245838627398331899e-01,-7.393345149249683779e-01,4.818713082181640822e-02,-5.859268876259239311e-01,-1.170695662462019060e-01,-4.334259374574123136e-01,-2.817679252014220759e-01,-2.817679252013811642e-01,-4.334259374574431778e-01,-1.170695662461679609e-01,-5.859268876259468017e-01,4.818713082184247765e-02,-7.393345149249812565e-01,2.245838627398470677e-01,-8.837544427886691034e-01,4.724070526353033594e-01,-2.005316533144798352e-01,-2.005316533144761715e-01
4.785009477719476267e-01,-8.846298334350950476e-01,2.309779699015931387e-01,-7.400569176418123618e-01,5.487986813623835225e-02,-5.847048586964456174e-01,-1.131258371534367702e-01,-4.336350533619595660e-01,-2.777292247112191914e-01,-2.777292247111787238e-01,-4.336350533619905967e-01,-1.131258371534030471e-01,-5.847048586964689321e-01,5.487986813626381105e-02,-7.400569176418257955e-01,2.309779699016061283e-01,-8.846298334351053727e-01,4.785009477719622817e-01,-2.075115323337308748e-01,-2.075115323337282103e-01
4.802790431539104010e-01,-8.871440903757292773e-01,2.375224545071228932e-01,-7.376122830627345195e-01,5.777039580502269650e-02,-5.852256638753898788e-01,-1.136423991974652714e-01,-4.375927631400275408e-01,-2.775030592983930289e-01,-2.775030592983523947e-01,-4.375927631400571283e-01,-1.136423991974325615e-01,-5.852256638754111950e-01,5.777039580504999411e-02,-7.376122830627476201e-01,2.375224545071373816e-01,-8.871440903757374929e-01,4.802790431539246674e-01,-2.178069962606552779e-01,-2.178069962606536403e-01
4.802073004018467262e-01,-8.871365564680149252e-01,2.405402104076623249e-01,-7.399906073914168658e-01,5.497385199470616879e-02,-5.892467204405948955e-01,-1.175176544810015988e-01,-4.429602027808563491e-01,-2.791026929930703337e-01,-2.791026929930312539e-01,-4.429602027808862141e-01,-1.175176544809687085e-01,-5.892467204406154346e-01,5.497385199473218964e-02,-7.399906073914307436e-01,2.405402104076767855e-01,-8.871365564680251392e-01,4.802073004018584390e-01,-2.263776399003456230e-01,-2.263776399003449291e-01
4.780364075882147512e-01,-8.887413332798459464e-01,2.412484049072927683e-01,-7.402827692084621436e-01,5.000652034973225579e-02,-5.946455297923898264e-01,-1.235743474564469646e-01,-4.497466764511481307e-01,-2.835266440089749818e-01,-2.835266440089368456e-01,-4.497466764511771631e-01,-1.235743474564141298e-01,-5.946455297924079231e-01,5.000652034975906768e-02,-7.402827692084752442e-01,2.412484049073098102e-01,-8.887413332798528298e-01,4.780364075882228558e-01,-2.228629745352139757e-01,-2.228629745352143088e-01
4.768310773018306636e-01,-8.891065286790023059e-01,2.372394428799903532e-01,-7.459347064715109443e-01,4.274736265296499860e-02,-6.027560819937236580e-01,-1.290063673679239242e-01,-4.547610779268730363e-01,-2.874450975813918063e-01,-2.874450975813562237e-01,-4.547610779269032344e-01,-1.290063673678904788e-01,-6.027560819937409775e-01,4.274736265298958310e-02,-7.459347064715249331e-01,2.372394428800072563e-01,-8.891065286790102995e-01,4.768310773018348825e-01,-2.137180134910879326e-01,-2.137180134910890983e-01
4.770451588297960344e-01,-8.905453550830768616e-01,2.331857882139503069e-01,-7.485347921059154475e-01,4.053096791480767513e-02,-6.081146705019174759e-01,-1.302145773020606523e-01,-4.564012882960751805e-01,-2.896288782261081662e-01,-2.896288782260744155e-01,-4.564012882961051565e-01,-1.302145773020271236e-01,-6.081146705019332410e-01,4.053096791483193351e-02,-7.485347921059282150e-01,2.331857882139682647e-01,-8.905453550830811915e-01,4.770451588297974777e-01,-1.993530039504209372e-01,-1.993530039504229912e-01
4.803042369056277905e-01,-8.914963737859795678e-01,2.299075125956296373e-01,-7.545163378993360315e-01,4.212140285899561992e-02,-6.129243345407844323e-01,-1.262269371165974929e-01,-4.536886760409399866e-01,-2.882085819139511007e-01,-2.882085819139201810e-01,-4.536886760409714614e-01,-1.262269371165639642e-01,-6.129243345408004195e-01,4.212140285901740805e-02,-7.545163378993491321e-01,2.299075125956448473e-01,-8.914963737859844528e-01,4.803042369056281236e-01,-1.940501611001387849e-01,-1.940501611001416160e-01
4.861239478199894659e-01,-8.918657669548231137e-01,2.332094949444865339e-01,-7.554110689333252138e-01,5.368724188876642517e-02,-6.112399863303432657e-01,-1.153275407442430067e-01,-4.465605856945598084e-01,-2.827976117692205249e-01,-2.827976117691907709e-01,-4.465605856945913388e-01,-1.153275407442101719e-01,-6.112399863303600300e-01,5.368724188878754716e-02,-7.554110689333366491e-01,2.332094949445002174e-01,-8.918657669548244460e-01,4.861239478199906316e-01,-1.965054996669189924e-01,-1.965054996669223508e-01
4.933962021102206719e-01,-8.924114582718212230e-01,2.424717717699528541e-01,-7.580102779769657406e-01,6.824472178811639977e-02,-6.088820743788885270e-01,-1.021258196314812627e-01,-4.384955077604022478e-01,-2.756406278084632677e-01,-2.756406278084346240e-01,-4.384955077604346108e-01,-1.021258196314493022e-01,-6.088820743789067347e-01,6.824472178813578704e-02,-7.580102779769770649e-01,2.424717717699614306e-01,-8.924114582718233324e-01,4.933962021102237250e-01,-2.076258948007214666e-01,-2.076258948007254079e-01
5.005996573849234021e-01,-8.912828117088258395e-01,2.584873281986477256e-01,-7.560079014148568533e-01,8.765373099610120067e-02,-6.020172243432856396e-01,-8.776743865496383634e-02,-4.308668460959524937e-01,-2.679483630528778360e-01,-2.679483630528488036e-01,-4.308668460959834690e-01,-8.776743865493272234e-02,-6.020172243433061787e-01,8.765373099612019936e-02,-7.560079014148659571e-01,2.584873281986534987e-01,-8.912828117088258395e-01,5.005996573849276210e-01,-2.177707110249360034e-01,-2.177707110249402223e-01
5.050839521166694546e-01,-8.922618245835597373e-01,2.755744027778700422e-01,-7.569679034243834703e-01,1.004358971526777694e-01,-5.995342493414076435e-01,-7.988511039384371681e-02,-4.290249643206989205e-01,-2.641858975774435403e-01,-2.641858975774140639e-01,-4.290249643207290076e-01,-7.988511039381290812e-02,-5.995342493414286267e-01,1.004358971526965044e-01,-7.569679034243917970e-01,2.755744027778721517e-01,-8.922618245835617357e-01,5.050839521166733403e-01,-2.191527169690916099e-01,-2.191527169690958843e-01
5.069522542833757583e-01,-8.916627974348964036e-01,2.902921051551048959e-01,-7.564819659596764279e-01,1.090701995934519747e-01,-5.974356785450201102e-01,-7.695512631690026861e-02,-4.312762515055715840e-01,-2.633104508162159019e-01,-2.633104508161849822e-01,-4.312762515055991730e-01,-7.695512631686940441e-02,-5.974356785450429808e-01,1.090701995934706403e-01,-7.564819659596828672e-01,2.902921051551073939e-01,-8.916627974348962926e-01,5.069522542833778678e-01,-2.123008400845678989e-01,-2.123008400845719512e-01
5.051135999221542106e-01,-8.949426733899669140e-01,2.975757290033870239e-01,-7.604293099660821564e-01,1.059383983549750385e-01,-6.026318620667074910e-01,-8.266751970086522183e-02,-4.398667858549290544e-01,-2.671821086065368500e-01,-2.671821086065050976e-01,-4.398667858549549226e-01,-8.266751970083431600e-02,-6.026318620667281412e-01,1.059383983549948699e-01,-7.604293099660878186e-01,2.975757290033898550e-01,-8.949426733899690234e-01,5.051135999221535444e-01,-1.979687761607161200e-01,-1.979687761607196173e-01
5.032840457567669956e-01,-8.957899906320639927e-01,2.975175168367059642e-01,-7.638090562945473172e-01,1.002991160877019089e-01,-6.076451913943421435e-01,-8.889959951526943405e-02,-4.478449687144558378e-01,-2.701316831491917814e-01,-2.701316831491590298e-01,-4.478449687144795965e-01,-8.889959951523901394e-02,-6.076451913943622385e-01,1.002991160877216292e-01,-7.638090562945509809e-01,2.975175168367116263e-01,-8.957899906320637706e-01,5.032840457567646641e-01,-1.901815120951277915e-01,-1.901815120951305671e-01
5.020203705446855125e-01,-8.999917505923169525e-01,2.918468114560460736e-01,-7.691329413990569686e-01,9.131195979252935968e-02,-6.155053086344048907e-01,-9.529346926779408422e-02,-4.551590365881845179e-01,-2.722913899863284026e-01,-2.722913899862953735e-01,-4.551590365882074996e-01,-9.529346926776467719e-02,-6.155053086344199897e-01,9.131195979255048167e-02,-7.691329413990601882e-01,2.918468114560527349e-01,-8.999917505923190619e-01,5.020203705446828479e-01,-1.886213733819674387e-01,-1.886213733819691041e-01
5.053812998138151880e-01,-8.997575126313389626e-01,2.853526394848218684e-01,-7.710682433359945520e-01,8.996424736930283550e-02,-6.185557789823795671e-01,-9.342074740651773457e-02,-4.553823403167116535e-01,-2.686298421029243433e-01,-2.686298421028913697e-01,-4.553823403167345241e-01,-9.342074740649053410e-02,-6.185557789823942221e-01,8.996424736932269461e-02,-7.710682433359972165e-01,2.853526394848303616e-01,-8.997575126313389626e-01,5.053812998138141888e-01,-1.990130678477955439e-01,-1.990130678477961546e-01
5.115013869641602540e-01,-9.018002118421081237e-01,2.818004637515435507e-01,-7.717328324164195452e-01,9.377451238416682766e-02,-6.200175900229831782e-01,-8.673056779709281683e-02,-4.519504690877207964e-01,-2.630916311697484855e-01,-2.630916311697160115e-01,-4.519504690877444442e-01,-8.673056779706739272e-02,-6.200175900229928372e-01,9.377451238418696433e-02,-7.717328324164225428e-01,2.818004637515514332e-01,-9.018002118421108992e-01,5.115013869641613642e-01,-2.092416239903435726e-01,-2.092416239903429898e-01
5.204940521276135712e-01,-8.993803098620334335e-01,2.831036570698711730e-01,-7.684190100931074241e-01,1.059450378178127677e-01,-6.173140314210265878e-01,-7.376869354942172663e-02,-4.440588661327899977e-01,-2.553167148235132022e-01,-2.553167148234817829e-01,-4.440588661328150888e-01,-7.376869354939857848e-02,-6.173140314210374680e-01,1.059450378178294072e-01,-7.684190100931113099e-01,2.831036570698781674e-01,-8.993803098620343217e-01,5.204940521276179011e-01,-2.147528399804561894e-01,-2.147528399804543853e-01
5.274286344400729298e-01,-9.000617128678407575e-01,2.881807394680716561e-01,-7.654659733435811297e-01,1.180178671598380163e-01,-6.148799117108920687e-01,-6.284900316786445895e-02,-4.380698285788827695e-01,-2.514528012414579128e-01,-2.514528012414274927e-01,-4.380698285789086377e-01,-6.284900316784138019e-02,-6.148799117108995071e-01,1.180178671598533374e-01,-7.654659733435861257e-01,2.881807394680764300e-01,-9.000617128678444212e-01,5.274286344400788140e-01,-2.098798577579201463e-01,-2.098798577579172320e-01
5.310106911099159444e-01,-8.984627648295480107e-01,2.943853287764074955e-01,-7.620415897132191141e-01,1.278455453507936213e-01,-6.138217283433361482e-01,-5.545578263954220599e-02,-4.350474420143339849e-01,-2.513494021101048137e-01,-2.513494021100764475e-01,-4.350474420143604637e-01,-5.545578263951939091e-02,-6.138217283433460292e-01,1.278455453508044182e-01,-7.620415897132252203e-01,2.943853287764118254e-01,-8.984627648295500091e-01,5.310106911099230498e-01,-1.971955910994819261e-01,-1.971955910994781791e-01
5.291038882986327518e-01,-9.004624934855359752e-01,2.990829425234000638e-01,-7.623455811871251431e-01,1.296925625720534436e-01,-6.147962089446971090e-01,-5.557957573685401442e-02,-4.370840560321185286e-01,-2.560656195783158617e-01,-2.560656195782889943e-01,-4.370840560321431756e-01,-5.557957573682938135e-02,-6.147962089447045475e-01,1.296925625720628528e-01,-7.623455811871310273e-01,2.990829425234048933e-01,-9.004624934855407492e-01,5.291038882986391911e-01,-1.874171370045222829e-01,-1.874171370045180085e-01
5.240762065550188531e-01,-9.009967530427070992e-01,3.015421911016619161e-01,-7.636500560558646677e-01,1.254947348837931187e-01,-6.185369115648130522e-01,-6.052381774563753147e-02,-4.424568082611710640e-01,-2.621333864234080546e-01,-2.621333864233834077e-01,-4.424568082611944897e-01,-6.052381774561238492e-02,-6.185369115648222671e-01,1.254947348837997245e-01,-7.636500560558708850e-01,3.015421911016685774e-01,-9.009967530427099858e-01,5.240762065550246263e-01,-1.831895645178758525e-01,-1.831895645178711340e-01
5.188716446487571243e-01,-9.030472447402458913e-01,3.024288217751702756e-01,-7.680786608238114876e-01,1.182089750115918464e-01,-6.201250733736548559e-01,-6.659858301638960087e-02,-4.472045751257970880e-01,-2.655030962371573433e-01,-2.655030962371334180e-01,-4.472045751258171831e-01,-6.659858301636230327e-02,-6.201250733736624055e-01,1.182089750115992155e-01,-7.680786608238172608e-01,3.024288217751782692e-01,-9.030472447402508873e-01,5.188716446487608991e-01,-1.919092936743526656e-01,-1.919092936743477251e-01
5.169038788334443524e-01,-9.029487582228874487e-01,3.041391148894135310e-01,-7.707594781890132474e-01,1.125720299674905361e-01,-6.216027344722707682e-01,-7.080097558107256717e-02,-4.505865135285026524e-01,-2.649252284036497929e-01,-2.649252284036270888e-01,-4.505865135285218592e-01,-7.080097558104624100e-02,-6.216027344722795389e-01,1.125720299674987240e-01,-7.707594781890187985e-01,3.041391148894225238e-01,-9.029487582228905573e-01,5.169038788334469059e-01,-2.016708298621845974e-01,-2.016708298621797957e-01
5.202259167055665046e-01,-9.024254232143705812e-01,3.072027883424566785e-01,-7.741977382524616313e-01,1.127262956571230823e-01,-6.172078332592180194e-01,-6.942839175770637583e-02,-4.482502121547729534e-01,-2.581465074403190285e-01,-2.581465074402959914e-01,-4.482502121547894958e-01,-6.942839175768075743e-02,-6.172078332592266792e-01,1.127262956571344482e-01,-7.741977382524669604e-01,3.072027883424657269e-01,-9.024254232143744670e-01,5.202259167055678368e-01,-2.100322108736070725e-01,-2.100322108736025761e-01
5.271117162178716731e-01,-9.008084487667984419e-01,3.124964505959706429e-01,-7.739252942759078380e-01,1.174831482616665729e-01,-6.139764038284756253e-01,-6.647790529205371834e-02,-4.455294537221982654e-01,-2.511549214319896417e-01,-2.511549214319673817e-01,-4.455294537222150297e-01,-6.647790529203242982e-02,-6.139764038284859504e-01,1.174831482616808948e-01,-7.739252942759135001e-01,3.124964505959788585e-01,-9.008084487668004403e-01,5.271117162178720061e-01,-2.067814048778232605e-01,-2.067814048778193192e-01
5.359968051181096538e-01,-8.994464948018403572e-01,3.175970272814803153e-01,-7.747295443275932225e-01,1.262632882311239269e-01,-6.074955356477347301e-01,-6.062177253784589714e-02,-4.388887109701825051e-01,-2.432257414621209757e-01,-2.432257414620980773e-01,-4.388887109701975486e-01,-6.062177253782725928e-02,-6.074955356477467205e-01,1.262632882311404692e-01,-7.747295443275992177e-01,3.175970272814867545e-01,-8.994464948018424666e-01,5.359968051181095428e-01,-1.959223487511260742e-01,-1.959223487511228545e-01
5.430506527745859735e-01,-8.992111909458024854e-01,3.233670986233344591e-01,-7.723822304109118075e-01,1.340339892489072204e-01,-6.067360896393925174e-01,-5.884912788464391475e-02,-4.364169515651997733e-01,-2.419376198224245655e-01,-2.419376198224029995e-01,-4.364169515652159825e-01,-5.884912788462925981e-02,-6.067360896394051739e-01,1.340339892489262608e-01,-7.723822304109188019e-01,3.233670986233391220e-01,-8.992111909458033736e-01,5.430506527745864176e-01,-1.834367765275043693e-01,-1.834367765275020656e-01
5.484854779497738697e-01,-9.001767564940310606e-01,3.278544675668970676e-01,-7.725853278960473913e-01,1.407986813127846959e-01,-6.052654821444848343e-01,-5.577195486799008117e-02,-4.313001374192603765e-01,-2.412518502277924137e-01,-2.412518502277712640e-01,-4.313001374192753090e-01,-5.577195486797675850e-02,-6.052654821444994893e-01,1.407986813128039305e-01,-7.725853278960551629e-01,3.278544675669009534e-01,-9.001767564940319488e-01,5.484854779497752020e-01,-1.753556104537719873e-01,-1.753556104537708216e-01
5.513842866311096103e-01,-9.023335008151746051e-01,3.338548106742884047e-01,-7.703675094468256379e-01,1.446849719647521071e-01,-6.093598614268358471e-01,-5.615630626891410238e-02,-4.308041411383816133e-01,-2.457244914341947806e-01,-2.457244914341759068e-01,-4.308041411383982111e-01,-5.615630626890136257e-02,-6.093598614268495028e-01,1.446849719647730625e-01,-7.703675094468329654e-01,3.338548106742932342e-01,-9.023335008151749381e-01,5.513842866311109425e-01,-1.790919242550087498e-01,-1.790919242550087498e-01
5.552056039709341029e-01,-9.050356552628666673e-01,3.403255417297834651e-01,-7.712167938985537985e-01,1.489526667923336545e-01,-6.106380003229442410e-01,-5.081084445664055260e-02,-4.257211467331237786e-01,-2.450018645823701380e-01,-2.450018645823520136e-01,-4.257211467331395438e-01,-5.081084445662611970e-02,-6.106380003229600062e-01,1.489526667923528613e-01,-7.712167938985607929e-01,3.403255417297902929e-01,-9.050356552628671114e-01,5.552056039709345470e-01,-1.854486933628869127e-01,-1.854486933628880507e-01
5.613365738869091626e-01,-9.068560779952261619e-01,3.502937131443747409e-01,-7.698128254197562637e-01,1.552387208182473832e-01,-6.131914798835087499e-01,-4.464588512310971313e-02,-4.235349625100074400e-01,-2.439804915843076238e-01,-2.439804915842917199e-01,-4.235349625100248705e-01,-4.464588512309232426e-02,-6.131914798835226277e-01,1.552387208182678113e-01,-7.698128254197620368e-01,3.502937131443852325e-01,-9.068560779952274942e-01,5.613365738869076083e-01,-1.928941364598818209e-01,-1.928941364598840691e-01
5.716424995755758909e-01,-9.091598371036027082e-01,3.613462637177580206e-01,-7.713864213427933381e-01,1.652359866758032203e-01,-6.114587219526047557e-01,-3.148256738273175204e-02,-4.171128889541258489e-01,-2.350180904430119733e-01,-2.350180904429963469e-01,-4.171128889541431684e-01,-3.148256738271179578e-02,-6.114587219526216311e-01,1.652359866758212337e-01,-7.713864213427994443e-01,3.613462637177703995e-01,-9.091598371036043735e-01,5.716424995755737815e-01,-1.887127164253210587e-01,-1.887127164253244449e-01
5.853884030416079964e-01,-9.095757082798278104e-01,3.746910580807554236e-01,-7.713922714883316711e-01,1.795025502495466163e-01,-6.096691521898369714e-01,-1.923805023462166197e-02,-4.147657420512795845e-01,-2.264240441016030780e-01,-2.264240441015886451e-01,-4.147657420512984583e-01,-1.923805023459891975e-02,-6.096691521898524035e-01,1.795025502495655179e-01,-7.713922714883376663e-01,3.746910580807689128e-01,-9.095757082798302529e-01,5.853884030416068862e-01,-1.775080956876071703e-01,-1.775080956876115557e-01
5.999757819277362625e-01,-9.126692657689482457e-01,3.872631435898691854e-01,-7.743947819426398871e-01,1.949595361643779168e-01,-6.070272372171771069e-01,-5.741160215267188116e-03,-4.120160265788044285e-01,-2.147591346313900140e-01,-2.147591346313748595e-01,-4.120160265788239129e-01,-5.741160215243722512e-03,-6.070272372171953146e-01,1.949595361643952363e-01,-7.743947819426479917e-01,3.872631435898807872e-01,-9.126692657689506882e-01,5.999757819277384829e-01,-1.630650690514588996e-01,-1.630650690514639511e-01
6.142110774283078278e-01,-9.135617159251758768e-01,4.008618872651831255e-01,-7.766882700567068198e-01,2.120853651803486506e-01,-6.057551600016919391e-01,4.024598233304560457e-03,-4.134359723358252969e-01,-2.064719218167087034e-01,-2.064719218166932435e-01,-4.134359723358462246e-01,4.024598233330135486e-03,-6.057551600017087035e-01,2.120853651803680240e-01,-7.766882700567152575e-01,4.008618872651928955e-01,-9.135617159251782082e-01,6.142110774283136010e-01,-1.535848606394489280e-01,-1.535848606394543403e-01
6.254911622101426705e-01,-9.187340542211486216e-01,4.149452337033910920e-01,-7.811067539138968341e-01,2.266615010404193498e-01,-6.070161520565964253e-01,1.304577122257305488e-02,-4.151274773707647747e-01,-1.987433213159467416e-01,-1.987433213159290890e-01,-4.151274773707871457e-01,1.304577122259798633e-02,-6.070161520566141888e-01,2.266615010404401387e-01,-7.811067539139071592e-01,4.149452337033985305e-01,-9.187340542211508421e-01,6.254911622101506641e-01,-1.556974852622809991e-01,-1.556974852622863836e-01
6.365656951574638622e-01,-9.202282120843919833e-01,4.324795007281163062e-01,-7.849021564050284727e-01,2.425571049499651299e-01,-6.086930545603441711e-01,2.360852326364257237e-02,-4.155619980683807890e-01,-1.915881630698914595e-01,-1.915881630698712534e-01,-4.155619980684043258e-01,2.360852326366962711e-02,-6.086930545603614906e-01,2.425571049499880005e-01,-7.849021564050381317e-01,4.324795007281241332e-01,-9.202282120843942037e-01,6.365656951574711897e-01,-1.599555807914618544e-01,-1.599555807914669614e-01
6.473487609825467892e-01,-9.256664006842235670e-01,4.534250024201787466e-01,-7.893438480833852022e-01,2.570749786080491761e-01,-6.121837133071845738e-01,3.722022923530440841e-02,-4.141814738519425942e-01,-1.840851504661019655e-01,-1.840851504660779292e-01,-4.141814738519677963e-01,3.722022923533153255e-02,-6.121837133072017822e-01,2.570749786080740451e-01,-7.893438480833957493e-01,4.534250024201871843e-01,-9.256664006842267867e-01,6.473487609825514522e-01,-1.639644101183734270e-01,-1.639644101183778679e-01
6.620167704061766800e-01,-9.265188885992658996e-01,4.780774539828583913e-01,-7.935815634089185000e-01,2.752950600888522947e-01,-6.137824740013870795e-01,5.746757643845759600e-02,-4.075268543960552936e-01,-1.730571556562698898e-01,-1.730571556562422730e-01,-4.075268543960811618e-01,5.746757643848684344e-02,-6.137824740014047320e-01,2.752950600888761645e-01,-7.935815634089280479e-01,4.780774539828689385e-01,-9.265188885992686751e-01,6.620167704061786784e-01,-1.549245151979741497e-01,-1.549245151979778967e-01
6.795460202325975807e-01,-9.306082086441969103e-01,5.038708883685932838e-01,-7.981579165806510501e-01,2.951709357694977665e-01,-6.153627224483214642e-01,7.886306722960123583e-02,-4.012943907966807222e-01,-1.627278971752559866e-01,-1.627278971752245673e-01,-4.012943907967084778e-01,7.886306722963096205e-02,-6.153627224483382285e-01,2.951709357695220248e-01,-7.981579165806600429e-01,5.038708883686056073e-01,-9.306082086442012402e-01,6.795460202325974697e-01,-1.384446956577293497e-01,-1.384446956577323751e-01
7.004424945286827908e-01,-9.318263492136034110e-01,5.294694846724192772e-01,-8.033764499096657241e-01,3.187505873162049808e-01,-6.155938614503202455e-01,1.024403912996061095e-01,-3.921335072965950186e-01,-1.492375715700222094e-01,-1.492375715699867933e-01,-3.921335072966253832e-01,1.024403912996371124e-01,-6.155938614503391193e-01,3.187505873162256864e-01,-8.033764499096743839e-01,5.294694846724321557e-01,-9.318263492136067416e-01,7.004424945286832349e-01,-1.218821358509631636e-01,-1.218821358509652175e-01
7.224884256920607317e-01,-9.354301050832399822e-01,5.536781687236158600e-01,-8.084079031343911481e-01,3.457748703226344311e-01,-6.147698357624785670e-01,1.216421282275611804e-01,-3.861000718797074072e-01,-1.379200104437460495e-01,-1.379200104437070251e-01,-3.861000718797399922e-01,1.216421282275940985e-01,-6.147698357624977739e-01,3.457748703226548592e-01,-8.084079031343988087e-01,5.536781687236276284e-01,-9.354301050832438680e-01,7.224884256920629522e-01,-1.111653493097411322e-01,-1.111653493097422007e-01
7.443538358301802216e-01,-9.382416829536509573e-01,5.788441526226286715e-01,-8.131241123904611179e-01,3.737517557271526347e-01,-6.146964965335188769e-01,1.386982966606079559e-01,-3.793558668938519229e-01,-1.241389311942438234e-01,-1.241389311942015794e-01,-3.793558668938877276e-01,1.386982966606416512e-01,-6.146964965335400821e-01,3.737517557271716750e-01,-8.131241123904693335e-01,5.788441526226378864e-01,-9.382416829536533998e-01,7.443538358301852176e-01,-1.121893069584634500e-01,-1.121893069584637415e-01
7.668649390474293615e-01,-9.414802890540643343e-01,6.067463782161751640e-01,-8.158367625011543334e-01,4.047726126454841422e-01,-6.120330788415213608e-01,1.553903531567297214e-01,-3.719491922063849487e-01,-1.094204723715875571e-01,-1.094204723715430649e-01,-3.719491922064215861e-01,1.553903531567658591e-01,-6.120330788415440093e-01,4.047726126455032936e-01,-8.158367625011616608e-01,6.067463782161817143e-01,-9.414802890540664437e-01,7.668649390474356897e-01,-1.090294346749367260e-01,-1.090294346749362125e-01
7.903817180928953690e-01,-9.439027430118928086e-01,6.392259542624115776e-01,-8.175498112516463856e-01,4.328857241794680788e-01,-6.110363096338433664e-01,1.727212134284049350e-01,-3.640735665783109143e-01,-9.354616141979968380e-02,-9.354616141975272137e-02,-3.640735665783492170e-01,1.727212134284426548e-01,-6.110363096338647937e-01,4.328857241794897281e-01,-8.175498112516547122e-01,6.392259542624164625e-01,-9.439027430118941409e-01,7.903817180929003650e-01,-9.585514485633286896e-02,-9.585514485633120363e-02
8.167079575760536336e-01,-9.465612788789411480e-01,6.742490672046640432e-01,-8.168028180515298775e-01,4.607913464966601480e-01,-6.077464819466065205e-01,1.966964351148524082e-01,-3.518357115659608847e-01,-7.478513166422934288e-02,-7.478513166418147839e-02,-3.518357115659996870e-01,1.966964351148916823e-01,-6.077464819466299462e-01,4.607913464966811312e-01,-8.168028180515397585e-01,6.742490672046689282e-01,-9.465612788789425913e-01,8.167079575760551879e-01,-7.113461394679607142e-02,-7.113461394679400362e-02
