-9.999999999999985567e-01,-9.999999999999985567e-01,-9.999999999999985567e-01,-9.999999999999985567e-01,-9.999999999999985567e-01,-9.999999999999985567e-01,-9.999999999999985567e-01,-9.999999999999985567e-01,-9.999999999999985567e-01,-9.999999999999985567e-01,-9.999999999999985567e-01,-9.999999999999985567e-01,-9.999999999999985567e-01,-9.999999999999985567e-01,-9.999999999999985567e-01,-9.999999999999985567e-01,-9.999999999999985567e-01,-9.999999999999985567e-01,-9.999999999999985567e-01,-9.999999999999985567e-01
-9.976112558567677979e-01,-9.976158443295122247e-01,-9.976159871268845958e-01,-9.976159998495699455e-01,-9.976160021929783017e-01,-9.976160028408371794e-01,-9.976160030713386861e-01,-9.976160031647932636e-01,-9.976160032001528677e-01,-9.976160032000452871e-01,-9.976160031649122795e-01,-9.976160030713062676e-01,-9.976160028407854430e-01,-9.976160021928319743e-01,-9.976159998497348136e-01,-9.976159871268860391e-01,-9.976158443294362854e-01,-9.976112558566546662e-01,-9.976111007259038654e-01,-9.976111007262017383e-01
-9.952496179992084135e-01,-9.952677174655299996e-01,-9.952682482748650417e-01,-9.952682961832836073e-01,-9.952683051510758938e-01,-9.952683076482228275e-01,-9.952683085401550223e-01,-9.952683089024427776e-01,-9.952683090392422383e-01,-9.952683090387258735e-01,-9.952683089024170204e-01,-9.952683085402624918e-01,-9.952683076484024616e-01,-9.952683051505410994e-01,-9.952682961834634634e-01,-9.952682482747244874e-01,-9.952677174655140124e-01,-9.952496179990476532e-01,-9.952490392532010732e-01,-9.952490392542878705e-01
-9.929144934822581314e-01,-9.929546578893807540e-01,-9.929557649545245335e-01,-9.929558665551349028e-01,-9.929558858819405032e-01,-9.929558912998731612e-01,-9.929558932422668516e-01,-9.929558940322888994e-01,-9.929558943307613683e-01,-9.929558943289779060e-01,-9.929558940312471771e-01,-9.929558932424423778e-01,-9.929558913009907117e-01,-9.929558858802919330e-01,-9.929558665553803731e-01,-9.929557649541634889e-01,-9.929546578897372466e-01,-9.929144934820761659e-01,-9.929132817240539088e-01,-9.929132817275589939e-01
-9.906053088986421784e-01,-9.906757402826587011e-01,-9.906775593893194509e-01,-9.906777298610021099e-01,-9.906777628079131981e-01,-9.906777721020669780e-01,-9.906777754462763319e-01,-9.906777768079924051e-01,-9.906777773229650252e-01,-9.906777773184519686e-01,-9.906777768041727938e-01,-9.906777754459292762e-01,-9.906777721054245145e-01,-9.906777628039363792e-01,-9.906777298618458794e-01,-9.906775593891906651e-01,-9.906757402838730631e-01,-9.906053088981842114e-01,-9.906033093177303295e-01,-9.906033093264791090e-01
-9.883215095154423979e-01,-9.884300737695270733e-01,-9.884326924243340695e-01,-9.884329441776406044e-01,-9.884329935941785772e-01,-9.884330076164249412e-01,-9.884330126797452598e-01,-9.884330147436104497e-01,-9.884330155246523475e-01,-9.884330155156745290e-01,-9.884330147342708095e-01,-9.884330126775543457e-01,-9.884330076238819762e-01,-9.884329935867379735e-01,-9.884329441800554505e-01,-9.884326924255780744e-01,-9.884300737722762076e-01,-9.883215095142480200e-01,-9.883186177041427545e-01,-9.883186177214294821e-01
-9.860625584584734593e-01,-9.862168002637698994e-01,-9.862202615659502181e-01,-9.862206047395342123e-01,-9.862206731161573536e-01,-9.862206926265555396e-01,-9.862206996942824988e-01,-9.862207025785915127e-01,-9.862207036703231067e-01,-9.862207036562450346e-01,-9.862207025617808487e-01,-9.862206996887123989e-01,-9.862206926393447537e-01,-9.862206731054249387e-01,-9.862206047445932766e-01,-9.862202615700552677e-01,-9.862168002684115198e-01,-9.860625584560005485e-01,-9.860587165219738548e-01,-9.860587165489888006e-01
-9.838279359409634051e-01,-9.840350929133619973e-01,-9.840393991432737630e-01,-9.840398420429492532e-01,-9.840399315554608783e-01,-9.840399572334199707e-01,-9.840399665595822576e-01,-9.840399703715678736e-01,-9.840399718140230290e-01,-9.840399717974188665e-01,-9.840399703495773531e-01,-9.840399665505863425e-01,-9.840399572496998370e-01,-9.840399315440094830e-01,-9.840398420504135046e-01,-9.840393991503874060e-01,-9.840350929190520013e-01,-9.838279359371939758e-01,-9.838231288796588370e-01,-9.838231289115925149e-01
-9.816171385351436518e-01,-9.818841546330736580e-01,-9.818892705797629405e-01,-9.818898200666921205e-01,-9.818899326163369468e-01,-9.818899650677167523e-01,-9.818899768790223526e-01,-9.818899817155664067e-01,-9.818899835453166469e-01,-9.818899835298431356e-01,-9.818899816932787905e-01,-9.818899768683879703e-01,-9.818899650840767768e-01,-9.818899326068555311e-01,-9.818898200750255656e-01,-9.818892705882807936e-01,-9.818841546384866614e-01,-9.816171385307331798e-01,-9.816113908742888361e-01,-9.816113909044491548e-01
-9.794296784829611413e-01,-9.797632167216681065e-01,-9.797690727680997691e-01,-9.797697346039146993e-01,-9.797698718517662275e-01,-9.797699116142082332e-01,-9.797699261151215921e-01,-9.797699320634930542e-01,-9.797699343141383910e-01,-9.797699343016871287e-01,-9.797699320441812798e-01,-9.797699261046534103e-01,-9.797699116286001653e-01,-9.797698718451228750e-01,-9.797697346117438810e-01,-9.797690727763128660e-01,-9.797632167260972302e-01,-9.794296784785978538e-01,-9.794230511347351564e-01,-9.794230511598742694e-01
-9.772650830420088752e-01,-9.776715375595469437e-01,-9.776780325441400965e-01,-9.776788116959151953e-01,-9.776789750904485432e-01,-9.776790226398475170e-01,-9.776790400151292859e-01,-9.776790471538809868e-01,-9.776790498559844167e-01,-9.776790498466764179e-01,-9.776790471383408621e-01,-9.776790400056286634e-01,-9.776790226520067906e-01,-9.776789750862410200e-01,-9.776788117026762315e-01,-9.776780325511978953e-01,-9.776715375629627669e-01,-9.772650830380310571e-01,-9.772576703869833015e-01,-9.772576704072269971e-01
-9.751228938655587264e-01,-9.756084013796193499e-01,-9.756154052516794462e-01,-9.756163061594429475e-01,-9.756164969591354375e-01,-9.756165527163755957e-01,-9.756165731319996759e-01,-9.756165815318121881e-01,-9.756165847129424362e-01,-9.756165847063529295e-01,-9.756165815198020175e-01,-9.756165731236402516e-01,-9.756165527267487425e-01,-9.756164969567344691e-01,-9.756163061650234836e-01,-9.756154052573010604e-01,-9.756084013822245993e-01,-9.751228938620705167e-01,-9.751148210365609970e-01,-9.751148210530871108e-01
-9.730026664150964733e-01,-9.735731171055588273e-01,-9.735804733900884633e-01,-9.735815002011287689e-01,-9.735817194936787766e-01,-9.735817838303888472e-01,-9.735818074346291873e-01,-9.735818171590069348e-01,-9.735818208439661614e-01,-9.735818208397662987e-01,-9.735818171502553797e-01,-9.735818074274386058e-01,-9.735817838394373869e-01,-9.735817194926092988e-01,-9.735815002054825085e-01,-9.735804733941181288e-01,-9.735731171075533430e-01,-9.730026664121583790e-01,-9.729940867672952631e-01,-9.729940867811350813e-01
-9.709039694030959788e-01,-9.715650172537781959e-01,-9.715725453396494293e-01,-9.715737021134980278e-01,-9.715739508320908602e-01,-9.715740240754664470e-01,-9.715740510003079144e-01,-9.715740621061920157e-01,-9.715740663172699465e-01,-9.715740663153338286e-01,-9.715740621006493383e-01,-9.715740509943704417e-01,-9.715740240835136765e-01,-9.715739508320339057e-01,-9.715737021165181675e-01,-9.715725453418962987e-01,-9.715650172553169650e-01,-9.709039694007990384e-01,-9.708950621570873185e-01,-9.708950621689264038e-01
-9.688263842639726064e-01,-9.695834568951881005e-01,-9.695909541596889891e-01,-9.695922450468863474e-01,-9.695925239837823728e-01,-9.695926064207582851e-01,-9.695926367834326598e-01,-9.695926493217348341e-01,-9.695926540789346904e-01,-9.695926540792020321e-01,-9.695926493193995910e-01,-9.695926367787890410e-01,-9.695926064281028545e-01,-9.695925239845026855e-01,-9.695922450484724120e-01,-9.695909541599884163e-01,-9.695834568964194489e-01,-9.688263842623904276e-01,-9.688173523099632423e-01,-9.688173523203806869e-01
-9.667695046514450663e-01,-9.676278126729779272e-01,-9.676350564547564481e-01,-9.676364858520291046e-01,-9.676367956697387029e-01,-9.676368875507548317e-01,-9.676369214551664433e-01,-9.676369354712526238e-01,-9.676369407924757526e-01,-9.676369407948307577e-01,-9.676369354719641658e-01,-9.676369214516447048e-01,-9.676368875578057471e-01,-9.676367956710697493e-01,-9.676364858521907530e-01,-9.676350564530926679e-01,-9.676278126740626151e-01,-9.667695046505331291e-01,-9.667605725035153252e-01,-9.667605725132051298e-01
-9.647329359606378052e-01,-9.656974818728532028e-01,-9.657042313044116311e-01,-9.657058039885029199e-01,-9.657061452288406844e-01,-9.657062467713785070e-01,-9.657062843092023563e-01,-9.657062998433562084e-01,-9.657063057445723908e-01,-9.657063057489096991e-01,-9.657062998469061466e-01,-9.657062843064949664e-01,-9.657062467785857418e-01,-9.657061452307035276e-01,-9.657058039873024358e-01,-9.657042313008680212e-01,-9.656974818739330058e-01,-9.647329359602453414e-01,-9.647243478508799042e-01,-9.647243478605325162e-01
-9.627162948735790149e-01,-9.637918815421757657e-01,-9.637978792521414428e-01,-9.637996004945150741e-01,-9.637999735859362760e-01,-9.638000849777654810e-01,-9.638001262293857119e-01,-9.638001433172246335e-01,-9.638001498126467226e-01,-9.638001498189602279e-01,-9.638001433235643400e-01,-9.638001262272082315e-01,-9.638000849854744256e-01,-9.637999735883306940e-01,-9.637996004919461290e-01,-9.637978792467390976e-01,-9.637918815433693664e-01,-9.627162948735560333e-01,-9.627083129763277514e-01,-9.627083129864545397e-01
-9.607192089270232271e-01,-9.619104476550669469e-01,-9.619154213495044736e-01,-9.619172970141655066e-01,-9.619177022776753683e-01,-9.619178236797305548e-01,-9.619178687152281082e-01,-9.619178873880953606e-01,-9.619178944903143957e-01,-9.619178944986623847e-01,-9.619178873972843435e-01,-9.619178687133196348e-01,-9.619178236882071076e-01,-9.619177022806508770e-01,-9.619172970101643738e-01,-9.619154213422331789e-01,-9.619104476564784845e-01,-9.607192089272139635e-01,-9.607121117039962854e-01,-9.607121117149675094e-01
-9.587413161009133988e-01,-9.600526343205506574e-01,-9.600562982520038924e-01,-9.600583348782026905e-01,-9.600587725320439692e-01,-9.600589040810016961e-01,-9.600589529611815998e-01,-9.600589732464808179e-01,-9.600589809665769359e-01,-9.600589809769654037e-01,-9.600589732584572378e-01,-9.600589529591027071e-01,-9.600589040905703753e-01,-9.600587725357192515e-01,-9.600583348727668165e-01,-9.600562982429858838e-01,-9.600526343222764991e-01,-9.587413161010246432e-01,-9.587353967590215298e-01,-9.587353967712491931e-01
-9.567822644263417331e-01,-9.582179130314494309e-01,-9.582199693638248084e-01,-9.582221742350360838e-01,-9.582226443983192787e-01,-9.582227862090174630e-01,-9.582228389862510465e-01,-9.582228609077506620e-01,-9.582228692554117799e-01,-9.582228692677655646e-01,-9.582228609222737115e-01,-9.582228389832946336e-01,-9.582227862200798363e-01,-9.582226444029160461e-01,-9.582221742282650556e-01,-9.582199693533594020e-01,-9.582179130335650719e-01,-9.567822644258837661e-01,-9.567778294807439687e-01,-9.567778294947100193e-01
-9.408654900824862111e-01,-9.437160741193045821e-01,-9.436900356396519252e-01,-9.436944557634850961e-01,-9.436953025672516482e-01,-9.436955688352256510e-01,-9.436956695024982800e-01,-9.436957116686868208e-01,-9.436957278552666750e-01,-9.436957279343624050e-01,-9.436957117717841292e-01,-9.436956694534189838e-01,-9.436955688880245274e-01,-9.436953026176606585e-01,-9.436944557094664177e-01,-9.436900355939327190e-01,-9.437160741332154545e-01,-9.408654900428115031e-01,-9.408882647647415221e-01,-9.408882648296323925e-01
-9.217391595071076082e-01,-9.269576656500158052e-01,-9.268397177149501065e-01,-9.268494569578080711e-01,-9.268507452318941464e-01,-9.268511946826253345e-01,-9.268513663603670238e-01,-9.268514391026432264e-01,-9.268514672241412455e-01,-9.268514674056511637e-01,-9.268514394397646683e-01,-9.268513664039726985e-01,-9.268511946781229360e-01,-9.268507452847252193e-01,-9.268494567574319110e-01,-9.268397175365461482e-01,-9.269576657609749359e-01,-9.217391595468201748e-01,-9.218557557530756563e-01,-9.218557557757771637e-01
-8.993423608910043887e-01,-9.082599949923325644e-01,-9.079128653294079587e-01,-9.079371255406420982e-01,-9.079385082997287748e-01,-9.079392164660411435e-01,-9.079394814391770208e-01,-9.079395954814900582e-01,-9.079396397053827172e-01,-9.079396398375104704e-01,-9.079395958067687511e-01,-9.079394814892327581e-01,-9.079392163925730230e-01,-9.079385083676726476e-01,-9.079371253246022455e-01,-9.079128651631135360e-01,-9.082599951824474882e-01,-8.993423609585062817e-01,-8.996990493543035594e-01,-8.996990493135762490e-01
-8.737412727009884472e-01,-8.880965411483781047e-01,-8.872653375741146320e-01,-8.873282721927342465e-01,-8.873279222382400855e-01,-8.873290618862079704e-01,-8.873294285282136151e-01,-8.873295930615295868e-01,-8.873296575147882059e-01,-8.873296579156518815e-01,-8.873295943679775366e-01,-8.873294288086596149e-01,-8.873290613126383342e-01,-8.873279226536985309e-01,-8.873282711971619552e-01,-8.872653369417198288e-01,-8.880965422248344732e-01,-8.737412730554452445e-01,-8.746135651648343501e-01,-8.746135647186914497e-01
-8.451275567939848798e-01,-8.670538694576728211e-01,-8.653175918186710724e-01,-8.654738815766389592e-01,-8.654658147133827972e-01,-8.654679816296020345e-01,-8.654684063973174801e-01,-8.654686316090429710e-01,-8.654687169947300474e-01,-8.654687169002825975e-01,-8.654686319512886472e-01,-8.654684066956563893e-01,-8.654679811950207746e-01,-8.654658150274845418e-01,-8.654738812314691776e-01,-8.653175914760741216e-01,-8.670538700346881456e-01,-8.451275570674199322e-01,-8.469744065655346876e-01,-8.469744062496865622e-01
-8.138010204466187281e-01,-8.457705221980938992e-01,-8.424987629395612743e-01,-8.428564154615871828e-01,-8.428249803047279665e-01,-8.428301623580969348e-01,-8.428304008166576100e-01,-8.428307145258143729e-01,-8.428308180549024531e-01,-8.428308177439232107e-01,-8.428307143158406678e-01,-8.428304011124125861e-01,-8.428301621563523138e-01,-8.428249804679303070e-01,-8.428564155694395765e-01,-8.424987627549619384e-01,-8.457705222151058466e-01,-8.138010205406114306e-01,-8.173110108752821290e-01,-8.173110107828939208e-01
-7.801409154151413006e-01,-8.248721104333133214e-01,-8.191968000630107660e-01,-8.199453098425570907e-01,-8.198557634836850516e-01,-8.198695594753888649e-01,-8.198687360147436376e-01,-8.198692595579721853e-01,-8.198693621361523576e-01,-8.198693613311573980e-01,-8.198692588939884285e-01,-8.198687370986038614e-01,-8.198695588462521222e-01,-8.198557638378509704e-01,-8.199453101965347157e-01,-8.191967995633866462e-01,-8.248721103179232905e-01,-7.801409157931533667e-01,-7.862567569962972680e-01,-7.862567570737619693e-01
-7.445724298475014935e-01,-8.049161327548312039e-01,-7.957251175958278688e-01,-7.971648696175402948e-01,-7.969497027870591221e-01,-7.969855234639720010e-01,-7.969810971190066651e-01,-7.969822701198631121e-01,-7.969822929012659873e-01,-7.969822924049656532e-01,-7.969822693607173658e-01,-7.969810979551099628e-01,-7.969855231862791323e-01,-7.969497026967369280e-01,-7.971648701071213372e-01,-7.957251174552771866e-01,-8.049161321625144527e-01,-7.445724300053763178e-01,-7.544844395412840798e-01,-7.544844399656928102e-01
-7.075346823669592666e-01,-7.863549627763444239e-01,-7.723091077955773764e-01,-7.748768436918060942e-01,-7.744187357935423677e-01,-7.745045496989806377e-01,-7.744902271071480993e-01,-7.744933717810122964e-01,-7.744930457047003447e-01,-7.744930450090432572e-01,-7.744933700356437800e-01,-7.744902291058208821e-01,-7.745045490490058970e-01,-7.744187353065281609e-01,-7.748768446362803708e-01,-7.723091077735653176e-01,-7.863549613528882931e-01,-7.075346829779349811e-01,-7.226420142662768331e-01,-7.226420157563979707e-01
-6.694545469396067094e-01,-7.695190787132670796e-01,-7.490895715286052248e-01,-7.533753627402911546e-01,-7.524888047075867226e-01,-7.526764755838935006e-01,-7.526386682538797057e-01,-7.526471302072066383e-01,-7.526456867941886397e-01,-7.526456871626023837e-01,-7.526471288944477367e-01,-7.526386693647842963e-01,-7.526764751372300166e-01,-7.524888042015560607e-01,-7.533753630438136950e-01,-7.490895720492551924e-01,-7.695190775932254645e-01,-6.694545474108042349e-01,-6.913011590636766179e-01,-6.913011604693768408e-01
-6.307281541800560110e-01,-7.546175985685859011e-01,-7.261369674614082115e-01,-7.328899416224957664e-01,-7.313041762056307071e-01,-7.316808118768869384e-01,-7.315933755622932022e-01,-7.316145502372147780e-01,-7.316100804149954229e-01,-7.316100823485716109e-01,-7.316145474446252850e-01,-7.315933775142189344e-01,-7.316808107415642137e-01,-7.313041755854640114e-01,-7.328899414172842519e-01,-7.261369690280043976e-01,-7.546175965359305238e-01,-6.307281551925936203e-01,-6.609255159917611921e-01,-6.609255188471853115e-01
-5.917098643831056881e-01,-7.417507861429338822e-01,-7.034701341184619316e-01,-7.135924924411481962e-01,-7.109382764968982249e-01,-7.116384231353698464e-01,-7.114557972534997221e-01,-7.115042017517640982e-01,-7.114925699538565684e-01,-7.114925726904053338e-01,-7.115041999683749951e-01,-7.114557978539635119e-01,-7.116384223038417778e-01,-7.109382770450264344e-01,-7.135924913042561712e-01,-7.034701355412544821e-01,-7.417507852185563078e-01,-5.917098649101516505e-01,-6.318591458872476752e-01,-6.318591473562954475e-01
-5.527073605951073887e-01,-7.309289853985634355e-01,-6.810747621785708805e-01,-6.956055092326085543e-01,-6.914074897953024212e-01,-6.926247376073534356e-01,-6.922739147762082546e-01,-6.923753916229975491e-01,-6.923485587563626975e-01,-6.923485648719659435e-01,-6.923753880340016709e-01,-6.922739158208963683e-01,-6.926247357162913509e-01,-6.914074919736634683e-01,-6.956055062378263543e-01,-6.810747649336699183e-01,-7.309289841459654102e-01,-5.527073611421100541e-01,-6.043311475583855730e-01,-6.043311492941501051e-01
-5.139811267096164871e-01,-7.220935156316541370e-01,-6.589189172923974880e-01,-6.790099158412770119e-01,-6.726853839088005049e-01,-6.746819918736912669e-01,-6.740540967325859834e-01,-6.742508950784915633e-01,-6.741947035920092812e-01,-6.741947150894403995e-01,-6.742508886517899480e-01,-6.740540985726903855e-01,-6.746819881557540866e-01,-6.726853893473418999e-01,-6.790099096656538880e-01,-6.589189219115196838e-01,-7.220935142310990207e-01,-5.139811268764927776e-01,-5.784705513888640516e-01,-5.784705525273470261e-01
-4.757467272357690513e-01,-7.151365646879985771e-01,-6.369646150630878800e-01,-6.638519839864396310e-01,-6.547158329911501040e-01,-6.578293099810084144e-01,-6.567716520116162471e-01,-6.571280223140223420e-01,-6.570195235520098764e-01,-6.570195282816400084e-01,-6.571280196299041920e-01,-6.567716534003653628e-01,-6.578293078214731970e-01,-6.547158369368601960e-01,-6.638519808290895829e-01,-6.369646169997886798e-01,-7.151365640568896342e-01,-4.757467278615988837e-01,-5.543258764129916916e-01,-5.543258755542763705e-01
-4.381786445118251438e-01,-7.099184592987048958e-01,-6.151755194927545078e-01,-6.501492763355827265e-01,-6.374242202174997818e-01,-6.420702976350044500e-01,-6.403797256475798338e-01,-6.409874932318675445e-01,-6.407920201098107338e-01,-6.407920255086587691e-01,-6.409874896808799294e-01,-6.403797282550365289e-01,-6.420702939873419446e-01,-6.374242263187214208e-01,-6.501492719840594736e-01,-6.151755225133648253e-01,-7.099184576321611040e-01,-4.381786465160315558e-01,-5.318851872667956782e-01,-5.318851855239006277e-01
-4.014148236987544194e-01,-7.062816570594010468e-01,-5.935214907535408813e-01,-6.378956934863204697e-01,-6.207265051166191983e-01,-6.273983014035742212e-01,-6.248165787938827487e-01,-6.258000721332379612e-01,-6.254684202944263971e-01,-6.254684200491481549e-01,-6.258000711113189674e-01,-6.248165814285295827e-01,-6.273982988984687648e-01,-6.207265079257954232e-01,-6.378956918787429542e-01,-5.935214928473925289e-01,-7.062816546063077627e-01,-4.014148271313304206e-01,-5.110941543698712675e-01,-5.110941535589561546e-01
-3.655613519481630824e-01,-7.040615070131766018e-01,-5.719806781356975289e-01,-6.270658702851999999e-01,-6.045361266617568230e-01,-6.137998376092766994e-01,-6.100114131162331921e-01,-6.115312748942188792e-01,-6.109972289620209107e-01,-6.109972264272440778e-01,-6.115312744762526620e-01,-6.100114171745325553e-01,-6.137998338787811203e-01,-6.045361304856908813e-01,-6.270658679614795616e-01,-5.719806823977374721e-01,-7.040615016685268790e-01,-3.655613594649959053e-01,-4.918709639072916806e-01,-4.918709637663715162e-01
-3.306970109270941371e-01,-7.030940558870548696e-01,-5.505400406733100827e-01,-6.176189573066812599e-01,-5.887690635937697925e-01,-6.012566163729987645e-01,-5.958889806979303927e-01,-5.981444711463150821e-01,-5.973229660130390251e-01,-5.973229621560208757e-01,-5.981444722727998764e-01,-5.958889828876794414e-01,-6.012566145340739743e-01,-5.887690651327097680e-01,-6.176189556915973045e-01,-5.505400441625424302e-01,-7.030940517669412859e-01,-3.306970167437330854e-01,-4.741178737853621317e-01,-4.741178746665605792e-01
-2.968774371585360949e-01,-7.032214605141101638e-01,-5.291948134112898217e-01,-6.095019783302658700e-01,-5.733472509855901400e-01,-5.897466530709383203e-01,-5.823731786514938502e-01,-5.856027518706047319e-01,-5.843888659693512455e-01,-5.843888590758221646e-01,-5.856027548119264736e-01,-5.823731811169380324e-01,-5.897466506569617462e-01,-5.733472537815599290e-01,-6.095019749153056665e-01,-5.291948198536051695e-01,-7.032214536347041189e-01,-2.968774469106007508e-01,-4.577297091687966279e-01,-4.577297111878583236e-01
-2.641389417056505540e-01,-7.042954159159073857e-01,-5.079474768853050604e-01,-6.026527160205452649e-01,-5.582007659709155023e-01,-5.792447913492765332e-01,-5.693897996302585973e-01,-5.738699376103070238e-01,-5.721387822242102184e-01,-5.721387706695834074e-01,-5.738699437572416517e-01,-5.693898019933806287e-01,-5.792447879919399023e-01,-5.582007713880167143e-01,-6.026527091883460141e-01,-5.079474880259358116e-01,-7.042954050999601368e-01,-2.641389570913430518e-01,-4.425998066732226288e-01,-4.425998100849500849e-01
-2.325018538210473773e-01,-7.061791434446582638e-01,-4.868064793752003849e-01,-5.970022364183319441e-01,-5.432690021185848650e-01,-5.697229213170418305e-01,-5.568685805136242006e-01,-5.629109834742554996e-01,-5.605185119807775118e-01,-5.605185038202107339e-01,-5.629109888487831004e-01,-5.568685796849510705e-01,-5.697229192673063380e-01,-5.432690070199186483e-01,-5.970022293663026502e-01,-4.868064878649036586e-01,-7.061791372625444430e-01,-2.325018614025767261e-01,-4.286239744405888619e-01,-4.286239765079551400e-01
-2.019734298024663255e-01,-7.087483115106034681e-01,-4.657849283636698590e-01,-5.924770513877857248e-01,-5.285011137076052190e-01,-5.611500760265720755e-01,-5.447446447112366252e-01,-5.526920207684756781e-01,-5.494766868420243311e-01,-5.494766743117492913e-01,-5.526920294777500908e-01,-5.447446426544304554e-01,-5.611500725721826344e-01,-5.285011222865199088e-01,-5.924770398306202779e-01,-4.657849411947601048e-01,-7.087483032224407564e-01,-2.019734393962402952e-01,-4.157029606911238906e-01,-4.157029627865478916e-01
-1.725504285350702993e-01,-7.118911519524262488e-01,-4.448994140848340217e-01,-5.890009175224063531e-01,-5.138559590915944275e-01,-5.534924926110442733e-01,-5.329594756676163669e-01,-5.431802158723498808e-01,-5.389653187141910662e-01,-5.389653000888947609e-01,-5.431802290110732123e-01,-5.329594721248871458e-01,-5.534924867519889213e-01,-5.138559729467295778e-01,-5.890009000344127443e-01,-4.448994321660989515e-01,-7.118911417669803177e-01,-1.725504392812138854e-01,-4.037438620692428426e-01,-4.037438632684102746e-01
-1.442212637521460838e-01,-7.155081107344085645e-01,-4.241689506418487854e-01,-5.864963507674043619e-01,-4.993016694373862974e-01,-5.467137302879299110e-01,-5.214614626059743685e-01,-5.343435401139993157e-01,-5.289401125330988052e-01,-5.289401032494813748e-01,-5.343435473910427280e-01,-5.214614582745401572e-01,-5.467137269862383242e-01,-4.993016784782131068e-01,-5.864963387083129698e-01,-4.241689610225003459e-01,-7.155081083444265744e-01,-1.442212627035563410e-01,-3.926607875686247695e-01,-3.926607868905438448e-01
-1.169678306994018369e-01,-7.195111756309735540e-01,-4.036140770583160897e-01,-5.848858772396755556e-01,-4.848149672341261485e-01,-5.407748848853963786e-01,-5.102060948604379975e-01,-5.261505352847176686e-01,-5.193606109929623793e-01,-5.193605987358151932e-01,-5.261505446002172626e-01,-5.102060893371225259e-01,-5.407748796751095099e-01,-4.848149796738300266e-01,-5.848858615306169462e-01,-4.036140895622051805e-01,-7.195111745151180349e-01,-1.169678259802521270e-01,-3.823750241096225411e-01,-3.823750215928087282e-01
-9.076707825730979950e-02,-7.238229928596572327e-01,-3.832561636454029919e-01,-5.840929998936299494e-01,-4.703803937771772747e-01,-5.356348261689183321e-01,-4.991559374207733546e-01,-5.185701329305121288e-01,-5.101901615754909081e-01,-5.101901572323666034e-01,-5.185701365088418724e-01,-4.991559336582378492e-01,-5.356348239092006969e-01,-4.703803996253418385e-01,-5.840929918659260034e-01,-3.832561691404516857e-01,-7.238229944970627772e-01,-9.076707166214280365e-02,-3.728148937800761509e-01,-3.728148916663909795e-01
-6.559228031189451302e-02,-7.283759324257361722e-01,-3.631168034979623815e-01,-5.840430222277064320e-01,-4.559893935257397501e-01,-5.312505787569923310e-01,-4.882803398063317313e-01,-5.115715165459246982e-01,-5.013958381351303339e-01,-5.013958320013447434e-01,-5.115715208383978529e-01,-4.882803358660485760e-01,-5.312505749081792850e-01,-4.559894010563776412e-01,-5.840430128229057161e-01,-3.631168092446961926e-01,-7.283759352241940821e-01,-6.559227113219881500e-02,-3.639154094317360033e-01,-3.639154055796760545e-01
-4.141408786835566735e-02,-7.331111275720840759e-01,-3.432173711981346687e-01,-5.846636382745180605e-01,-4.416394369965298550e-01,-5.275776920835725248e-01,-4.775550357849006611e-01,-5.051240670229896201e-01,-4.929482418918698095e-01,-4.929482327733920588e-01,-5.051240723818967160e-01,-4.775550321906728013e-01,-5.275776856169813733e-01,-4.416394470146419171e-01,-5.846636274046352888e-01,-3.432173767825378308e-01,-7.331111319432486173e-01,-4.141407556300552573e-02,-3.556178261648317296e-01,-3.556178195854847179e-01
-1.820138717981816673e-02,-7.379775440973728173e-01,-3.235786476119156818e-01,-5.858854219957018161e-01,-4.273331021030976618e-01,-5.245706925784288099e-01,-4.669616042484556750e-01,-4.991973583505906475e-01,-4.848212874910128312e-01,-4.848212740531839260e-01,-4.991973652723953325e-01,-4.669616015279239862e-01,-5.245706823023263965e-01,-4.273331157899632471e-01,-5.858854093511804972e-01,-3.235786525999112540e-01,-7.379775508409159857e-01,-1.820137060091813613e-02,-3.478691442723811922e-01,-3.478691335734264145e-01
4.078024057251239745e-03,-7.429311118181401996e-01,-3.042205351595829166e-01,-5.876421738025144892e-01,-4.130772110098422378e-01,-5.221835282355973273e-01,-4.564868719214044690e-01,-4.937612124750382359e-01,-4.769919382416970000e-01,-4.769919316650003682e-01,-4.937612150520914178e-01,-4.564868712697430775e-01,-5.221835227543734081e-01,-4.130772172797072539e-01,-5.876421687872426247e-01,-3.042205361336056124e-01,-7.429311154683824192e-01,4.078032257781950831e-03,-3.406215964438208399e-01,-3.406215890257059398e-01
2.545687276896119525e-02,-7.479339073820014949e-01,-2.851618266992834161e-01,-5.898711941869314579e-01,-3.988819778402822314e-01,-5.203700436719113087e-01,-4.461222676861877900e-01,-4.887857812509154298e-01,-4.694399510017882582e-01,-4.694399414489693334e-01,-4.887857848416234385e-01,-4.461222678395979635e-01,-5.203700355601809102e-01,-3.988819867467375824e-01,-5.898711881518206024e-01,-2.851618269893654301e-01,-7.479339127617612437e-01,2.545688382399093758e-02,-3.338321661392714690e-01,-3.338321546925970829e-01
4.596802807969230242e-02,-7.529534508143604921e-01,-2.664200302725033831e-01,-5.925134342309108515e-01,-3.847602685972248415e-01,-5.190843889406666634e-01,-4.358631788830978904e-01,-4.842416761414615745e-01,-4.621475694577851234e-01,-4.621475566197340568e-01,-4.842416809678515843e-01,-4.358631798411244374e-01,-5.190843778841631728e-01,-3.847602806841624590e-01,-5.925134268307749030e-01,-2.664200299021654561e-01,-7.529534584051371660e-01,4.596804280480250304e-02,-3.274620978955306017e-01,-3.274620809307313696e-01
6.564416216143652283e-02,-7.579620441489058891e-01,-2.480112235393631404e-01,-5.955136190054600709e-01,-3.707268706470150388e-01,-5.182814480977890881e-01,-4.257083044162571772e-01,-4.801000927043418409e-01,-4.550992622836550483e-01,-4.550992462221535306e-01,-4.801000988434099837e-01,-4.257083060087299975e-01,-5.182814341138611836e-01,-3.707268860539178479e-01,-5.955136099852741394e-01,-2.480112226694044519e-01,-7.579620541007686674e-01,6.564418089584703186e-02,-3.214764723962592052e-01,-3.214764482173307902e-01
8.451751908164235882e-02,-7.629361992814795990e-01,-2.299499452757221563e-01,-5.988202946032257223e-01,-3.567978556194831841e-01,-5.179172074566269490e-01,-4.156590403109806653e-01,-4.763329486136890223e-01,-4.482814503657404637e-01,-4.482814315437062547e-01,-4.763329559501070509e-01,-4.156590421972722327e-01,-5.179171909444535427e-01,-3.567978739448631753e-01,-5.988202838668925665e-01,-2.299499441810882172e-01,-7.629362112501587578e-01,8.451754141813609678e-02,-3.158438041273152752e-01,-3.158437709342092337e-01
1.026197514939372751e-01,-7.678561345715558817e-01,-2.122491152188594743e-01,-6.023858259388910064e-01,-3.429900146802938310e-01,-5.179490780802133987e-01,-4.057189027626505462e-01,-4.729130197797836166e-01,-4.416822460454672417e-01,-4.416822365984821586e-01,-4.729130229345934189e-01,-4.057189040951861836e-01,-5.179490701887139448e-01,-3.429900232724608644e-01,-6.023858214350352736e-01,-2.122491144713274935e-01,-7.678561394992338140e-01,1.026197607369294523e-01,-3.105356684047606564e-01,-3.105356457598798525e-01
1.199817673805303603e-01,-7.727053077516967683e-01,-1.949199764856444084e-01,-6.061663774505334779e-01,-3.293203336758414590e-01,-5.183361958582043405e-01,-3.958930017680352131e-01,-4.698140455433730267e-01,-4.352912384574914584e-01,-4.352912282864197513e-01,-4.698140489758710903e-01,-3.958930028980318649e-01,-5.183361874939136360e-01,-3.293203428449372749e-01,-6.061663722445411739e-01,-1.949199760642625900e-01,-7.727053127201730653e-01,1.199817770218755131e-01,-3.055264146117377400e-01,-3.055263852229093136e-01
1.366336955417035703e-01,-7.774700491018635695e-01,-1.779720687201162554e-01,-6.101218122586595793e-01,-3.158056027662490273e-01,-5.190396180645382440e-01,-3.861875654841473993e-01,-4.670108569739817583e-01,-4.290992424109898451e-01,-4.290992320957500716e-01,-4.670108604146823716e-01,-3.861875661355029798e-01,-5.190396098060863217e-01,-3.158056117432036514e-01,-6.101218064930165053e-01,-1.779720688251460736e-01,-7.774700534276381969e-01,1.366337045703087116e-01,-3.007928186512024427e-01,-3.007927818485012228e-01
1.526048025173736278e-01,-7.821391950855918207e-01,-1.614132189388165495e-01,-6.142156060028750586e-01,-3.024620341610499974e-01,-5.200225204420143577e-01,-3.766095239035863740e-01,-4.644794497156826685e-01,-4.230981238173339154e-01,-4.230981139258910284e-01,-4.644794528810265444e-01,-3.766095238248899912e-01,-5.200225128554853971e-01,-3.024620421471546639e-01,-6.142155998357924362e-01,-1.614132197193504092e-01,-7.821391980898206864e-01,1.526048099173080153e-01,-2.963138566617181113e-01,-2.963138120190356717e-01
1.679234688436836431e-01,-7.867037847709702492e-01,-1.452495568466327658e-01,-6.184147137310482822e-01,-2.893049766974059578e-01,-5.212503196166582420e-01,-3.671661498865614326e-01,-4.621970544886151999e-01,-4.172806197952192431e-01,-4.172806108179097917e-01,-4.621970571171572506e-01,-3.671661488748911850e-01,-5.212503131838505110e-01,-2.893049829593992150e-01,-6.184147073034178543e-01,-1.452495583830993031e-01,-7.867037858761114499e-01,1.679234737482730444e-01,-2.920704646478902156e-01,-2.920704119540083465e-01
1.826171733592068247e-01,-7.911567868484292720e-01,-1.294855501716269952e-01,-6.226894199636423544e-01,-2.763486873916763953e-01,-5.226907539757473797e-01,-3.578647571652080472e-01,-4.601421838253944019e-01,-4.116401855665635656e-01,-4.116401778871553452e-01,-4.601421856953625822e-01,-3.578647550750886364e-01,-5.226907490586777394e-01,-2.763486913074367224e-01,-6.226894133854967706e-01,-1.294855524677757941e-01,-7.911567856244225982e-01,1.826171751263559739e-01,-2.880453319669090684e-01,-2.880452711818238254e-01
1.967124882186958024e-01,-7.954928569418653339e-01,-1.141240586450178174e-01,-6.270131719525513514e-01,-2.636061609613667978e-01,-5.243139220406278778e-01,-3.487124527327982171e-01,-4.582946590070671733e-01,-4.061708621339624736e-01,-4.061708560251348077e-01,-4.582946599403983079e-01,-3.487124494764521909e-01,-5.243139188724437183e-01,-2.636061620308581821e-01,-6.270131653045802889e-01,-1.141240616251403273e-01,-7.954928531153876436e-01,1.967124864470073398e-01,-2.842227178779367369e-01,-2.842226490944871342e-01
2.102350827177176251e-01,-7.997081214866552656e-01,-9.916640590144124023e-02,-6.313623967195475251e-01,-2.510890123369750038e-01,-5.260922810412889117e-01,-3.397159377203776143e-01,-4.566356212973767259e-01,-4.008671619456586344e-01,-4.008671597911891427e-01,-4.566356206725071809e-01,-3.397159360912545001e-01,-5.260922813556325739e-01,-2.510890112838613519e-01,-6.313623942577939463e-01,-9.916640857217090543e-02,-7.997081179159819531e-01,2.102350791511681527e-01,-2.805882691513694738e-01,-2.805882316859555914e-01
2.232097233975359474e-01,-8.037999832206264017e-01,-8.461245797975631977e-02,-6.357163262856868613e-01,-2.388074024146918939e-01,-5.280006223727494730e-01,-3.308813657985994472e-01,-4.551475122706695742e-01,-3.957239813716756371e-01,-3.957239800797902607e-01,-4.551475109922236140e-01,-3.308813636246394352e-01,-5.280006237330966412e-01,-2.388073997524356729e-01,-6.357163238484424550e-01,-8.461246106546133072e-02,-8.037999784232293665e-01,2.232097181473838288e-01,-2.771289512297706037e-01,-2.771289106658552104e-01
2.356602956463945409e-01,-8.077669510870383318e-01,-7.046072825136799611e-02,-6.400567829324810276e-01,-2.267700127924109355e-01,-5.300159996699568277e-01,-3.222142206500500095e-01,-4.538140681794665676e-01,-3.907365112355137837e-01,-3.907365108294125200e-01,-4.538140661908114382e-01,-3.222142179442262222e-01,-5.300160020600375166e-01,-2.267700084060606247e-01,-6.400567805462005211e-01,-7.046073163862263955e-02,-8.077669451072275741e-01,2.356602887768655674e-01,-2.738328093953029674e-01,-2.738327660968582489e-01
2.476098074863764542e-01,-8.116084832709360430e-01,-5.670847585135484203e-02,-6.443679969090509996e-01,-2.149840447568205359e-01,-5.321176543842431883e-01,-3.137192516757618121e-01,-4.526202730889479775e-01,-3.859001815061117169e-01,-3.859001819670714317e-01,-4.526202703491826185e-01,-3.137192484704252049e-01,-5.321176577387348727e-01,-2.149840385791338404e-01,-6.443679946006045656e-01,-5.670847939350767697e-02,-8.116084762003965558e-01,2.476097991327486370e-01,-2.706889260453012591e-01,-2.706888803923513942e-01
2.590804052425029758e-01,-8.153248495523452988e-01,-4.335181761444721615e-02,-6.486364076326400774e-01,-2.034552525735847661e-01,-5.342869135364322064e-01,-3.054004298918352456e-01,-4.515523164406927137e-01,-3.812106086740686961e-01,-3.812106099414692140e-01,-4.515523129248660839e-01,-3.054004262376173728e-01,-5.342869177449480755e-01,-2.034552445875343896e-01,-6.486364054300197690e-01,-4.335182113762511141e-02,-8.153248415249774173e-01,2.590803956034337108e-01,-2.676873018917774738e-01,-2.676872542532876542e-01
2.700933879184816422e-01,-8.189170076942005050e-01,-3.038584188494849320e-02,-6.528504717135286128e-01,-1.921879982910770779e-01,-5.365070764647319468e-01,-2.972609319420810858e-01,-4.505975398342846883e-01,-3.766635564048157470e-01,-3.766635583779719409e-01,-4.505975355331212073e-01,-2.972609279065157040e-01,-5.365070813775743019e-01,-1.921879885314265457e-01,-6.528504696457790857e-01,-3.038584519636092218e-02,-8.189169988798479238e-01,2.700933772466656557e-01,-2.648187656470814000e-01,-2.648187163532260691e-01
2.806692209720119124e-01,-8.223864918549032010e-01,-1.780472296665859544e-02,-6.570004761924026493e-01,-1.811853212342151576e-01,-5.387632923500526028e-01,-2.893031455441823496e-01,-4.497443774594321875e-01,-3.722549062976474588e-01,-3.722549074980274764e-01,-4.497443746237647644e-01,-2.893031436172422977e-01,-5.387632957799539657e-01,-1.811853161932137635e-01,-6.570004754720264462e-01,-1.780472573103308170e-02,-8.223864875535105146e-01,2.806692155131831345e-01,-2.620748791798340749e-01,-2.620748573357862266e-01
2.908275575961596915e-01,-8.257353199348813622e-01,-5.601835901119654043e-03,-6.610783611242727620e-01,-1.704490346877697848e-01,-5.410424336240903243e-01,-2.815286912865488933e-01,-4.489822950409315672e-01,-3.679806335217958857e-01,-3.679806349947210009e-01,-4.489822917639478828e-01,-2.815286891996254814e-01,-5.410424373456645952e-01,-1.704490288499795891e-01,-6.610783604914967082e-01,-5.601838552361138208e-03,-8.257353154362452319e-01,2.908275518667938764e-01,-2.594479227273165933e-01,-2.594479009599796604e-01
3.005872473881427975e-01,-8.289658987536131507e-01,6.230133738025962070e-03,-6.650775465099882933e-01,-1.599798036932184031e-01,-5.433329649057540012e-01,-2.739384578913713342e-01,-4.483017220920574863e-01,-3.638367946410664411e-01,-3.638367963049010667e-01,-4.483017183834387964e-01,-2.739384556835697815e-01,-5.433329688192969353e-01,-1.599797971246413597e-01,-6.650775459791304911e-01,6.230131293561940245e-03,-8.289658941578766926e-01,3.005872415342156767e-01,-2.569307464110573980e-01,-2.569307248273808852e-01
3.099663588491832211e-01,-8.320809525404776474e-01,1.769908308202483571e-02,-6.689927738750631736e-01,-1.497772548151279359e-01,-5.456248144800994737e-01,-2.665326471159536470e-01,-4.476939871961715389e-01,-3.598195153759257692e-01,-3.598195171371308954e-01,-4.476939830735318093e-01,-2.665326448307601126e-01,-5.456248184804544099e-01,-1.497772476048087609e-01,-6.689927734586826880e-01,1.769908092973809105e-02,-8.320809479515481888e-01,3.099663530226783870e-01,-2.545167686809402530e-01,-2.545167473256436108e-01
3.189821963248448689e-01,-8.350834542818088568e-01,2.881339110806797194e-02,-6.728199557158268673e-01,-1.398400751949530896e-01,-5.479092472645050726e-01,-2.593108249098574070e-01,-4.471512519209039360e-01,-3.559249848981413944e-01,-3.559249866569472731e-01,-4.471512474082720012e-01,-2.593108225932004851e-01,-5.479092512471480658e-01,-1.398400674499949148e-01,-6.728199554246786507e-01,2.881338932044062370e-02,-8.350834498020147656e-01,3.189821906754293224e-01,-2.521999113883196530e-01,-2.521998902464980818e-01
3.276513189858533126e-01,-8.379765668053018590e-01,3.958182420252778083e-02,-6.765560364034131080e-01,-1.301661138119090122e-01,-5.501787421745825135e-01,-2.522719767459829510e-01,-4.466664463085190939e-01,-3.521494528489343412e-01,-3.521494545052600844e-01,-4.466664414345651868e-01,-2.522719744441919154e-01,-5.501787460412923547e-01,-1.301661056514402115e-01,-6.765560362465755651e-01,3.958182283576874849e-02,-8.379765625303825516e-01,3.276513136529951575e-01,-2.499745539437351338e-01,-2.499745329493641144e-01
3.359895606006898516e-01,-8.407635915626063827e-01,5.001344874787826134e-02,-6.801988641141778480e-01,-1.207524804893925080e-01,-5.524268749496112907e-01,-2.454145649419883779e-01,-4.462332064173131774e-01,-3.484892287073932948e-01,-3.484892301663609082e-01,-4.462332012135235004e-01,-2.454145626998638918e-01,-5.524268786131726339e-01,-1.207524720382099487e-01,-6.801988640993021917e-01,5.001344784010212929e-02,-8.407635875774930323e-01,3.359895557070073369e-01,-2.478354922083873813e-01,-2.478354712572601593e-01
3.440120500546539062e-01,-8.434479243785271141e-01,6.011755108108982754e-02,-6.837470737013094935e-01,-1.115956411211479621e-01,-5.546482073426955983e-01,-2.387365862988498622e-01,-4.458458144907749832e-01,-3.449406828361286648e-01,-3.449406840124616958e-01,-4.458458089898736376e-01,-2.387365841578363845e-01,-5.546482107304357978e-01,-1.115956325035291907e-01,-6.837470738350177601e-01,6.011755065208665427e-02,-8.434479207543033041e-01,3.440120457010880095e-01,-2.457779015859821448e-01,-2.457778805507328801e-01
3.517332325437403373e-01,-8.460330174778694090e-01,6.990356495972971373e-02,-6.871999802441809413e-01,-1.026915079882416565e-01,-5.568381832722721914e-01,-2.322356287399166552e-01,-4.454991421688473396e-01,-3.415002486530764880e-01,-3.415002494746323669e-01,-4.454991364030885803e-01,-2.322356267371216698e-01,-5.568381863277833688e-01,-1.026914993229882112e-01,-6.871999805322708266e-01,6.990356501184452620e-02,-8.460330142699357125e-01,3.517332288066590817e-01,-2.437973038445234164e-01,-2.437972825900058260e-01
3.591668913496976479e-01,-8.485223471432989939e-01,7.938100649522618346e-02,-6.905574828726226411e-01,-9.403552438180427797e-02,-5.589930322715318534e-01,-2.259089259486016799e-01,-4.451885970152391625e-01,-3.381644254888505619e-01,-3.381644258981464368e-01,-4.451885910155449766e-01,-2.259089241156685413e-01,-5.589930349554388389e-01,-9.403551577807139905e-02,-6.905574833204597418e-01,7.938100701543239490e-02,-8.485223443908822549e-01,3.591668882801243856e-01,-2.418895372543335143e-01,-2.418895156510738609e-01
3.663261700866400905e-01,-8.509193863996777907e-01,8.855941637107818398e-02,-6.938199783597386316e-01,-8.562274303465033931e-02,-5.611096803607211747e-01,-2.197534092699340302e-01,-4.449100725188896988e-01,-3.349297817815176659e-01,-3.349297817363634522e-01,-4.449100663139587963e-01,-2.197534076328288843e-01,-5.611096826498809254e-01,-8.562273458949451466e-02,-6.938199789723489275e-01,8.855941733340341737e-02,-8.509193841263048563e-01,3.663261677110362102e-01,-2.400507296765160004e-01,-2.400507076114235805e-01
3.732235952984572225e-01,-8.532275821626660317e-01,9.744830905295606693e-02,-6.969882839038998856e-01,-7.744789810515395612e-02,-5.631856682961066118e-01,-2.137657563701939045e-01,-4.446599016302886787e-01,-3.317929583438490315e-01,-3.317929578170171756e-01,-4.446598952459145382e-01,-2.137657549494625941e-01,-5.631856701818447331e-01,-7.744788990245482507e-02,-6.969882846859125625e-01,9.744831042106642804e-02,-8.532275803774099776e-01,3.732235936207876081e-01,-2.382772742799299792e-01,-2.382772516634114879e-01
3.798710992812863729e-01,-8.554503363315796305e-01,1.060571286163167065e-01,-7.000635684746393528e-01,-6.950547064917414475e-02,-5.652190770175292700e-01,-2.079424363358436390e-01,-4.444348138164142537e-01,-3.287506715056223161e-01,-3.287506704829538662e-01,-4.444348072757992041e-01,-2.079424351464414511e-01,-5.652190785038924137e-01,-6.950546275903947413e-02,-7.000635694304944145e-01,1.060571303464146603e-01,-8.554503350309358156e-01,3.798710982860213914e-01,-2.365658076017724820e-01,-2.365657843715809616e-01
3.862800430050176148e-01,-8.575909903491092390e-01,1.143952107616041380e-01,-7.030472920747754539e-01,-6.178974766611032565e-02,-5.672084600187932146e-01,-2.022797510438977819e-01,-4.442318955596951668e-01,-3.257997159885969718e-01,-3.257997144675064960e-01,-4.442318888831793267e-01,-2.022797500960584749e-01,-5.672084611198660031e-01,-6.178974014580938812e-02,-7.030472932084609328e-01,1.143952128046571010e-01,-8.575909895189443022e-01,3.862800426603472115e-01,-2.349131897006335179e-01,-2.349131658227203157e-01
3.924612390108264126e-01,-8.596528127911489126e-01,1.224717505511865590e-01,-7.059411522647049964e-01,-5.429487492237328183e-02,-5.691527822923579949e-01,-1.967738727589140590e-01,-4.440485541785906265e-01,-3.229369674204146112e-01,-3.229369654076723606e-01,-4.440485473840004582e-01,-1.967738720586307277e-01,-5.691527830299938362e-01,-5.429486781734290529e-02,-7.059411535797518455e-01,1.224717528551386714e-01,-8.596528124087978728e-01,3.924612392720414622e-01,-2.333164861795341549e-01,-2.333164616467942321e-01
3.984249741689496194e-01,-8.616389895910018248e-01,1.302957753863970558e-01,-7.087470373056530271e-01,-4.701490383800931150e-02,-5.710513654546909290e-01,-1.914208780030037804e-01,-4.438824848170955795e-01,-3.201593844280392620e-01,-3.201593819374415339e-01,-4.438824779202860671e-01,-1.914208775524338102e-01,-5.710513658564788653e-01,-4.701489718307617222e-02,-7.087470388051663184e-01,1.302957778980511627e-01,-8.616389896272568238e-01,3.984249749816398678e-01,-2.317729518824517831e-01,-2.317729267120248182e-01
4.041810321895006330e-01,-8.635526165402994669e-01,1.378761227398844769e-01,-7.114669852984426557e-01,-3.994383278115184316e-02,-5.729038386300751018e-01,-1.862167778157281517e-01,-4.437316404276915871e-01,-3.174640102807294029e-01,-3.174640073315071476e-01,-4.437316334425503439e-01,-1.862167776141774034e-01,-5.729038387270821708e-01,-3.994382660235272497e-02,-7.114669869848433414e-01,1.378761254061223740e-01,-8.635526169610925340e-01,4.041810334923398029e-01,-2.302800160901221638e-01,-2.302799903197514930e-01
4.097387157898433330e-01,-8.653966937459933728e-01,1.452214221667925687e-01,-7.141031487228424179e-01,-3.307564315258757631e-02,-5.747100946578509451e-01,-1.811575445723230815e-01,-4.435942045579631121e-01,-3.148479740758214351e-01,-3.148479706906294195e-01,-4.435941974970110668e-01,-1.811575446165736292e-01,-5.747100944831597946e-01,-3.307563746844666142e-02,-7.141031505979694716e-01,1.452214249358491638e-01,-8.653966945139486278e-01,4.097387175170515428e-01,-2.288352690605225115e-01,-2.288352427447059023e-01
4.151068690853956245e-01,-8.671741221738999972e-01,1.523400829351347630e-01,-7.166577652191838954e-01,-2.640432951652999655e-02,-5.764702503482914686e-01,-1.762391393308246346e-01,-4.434685643446954484e-01,-3.123084910227097444e-01,-3.123084896921855536e-01,-4.434685608249551714e-01,-1.762391388488074029e-01,-5.764702510512960121e-01,-2.640432718225254466e-02,-7.166577658648374261e-01,1.523400824093485983e-01,-8.671741225412710197e-01,4.151068694813707660e-01,-2.274364405563869540e-01,-2.274364321528224708e-01
4.202938962952356139e-01,-8.688876995968222161e-01,1.592402760349834745e-01,-7.191331257352724382e-01,-1.992393125251566005e-02,-5.781846153539140776e-01,-1.714575175228159609e-01,-4.433532978610996156e-01,-3.098428645001484738e-01,-3.098428630023403185e-01,-4.433532943380134594e-01,-1.714575171227755157e-01,-5.781846159848584854e-01,-1.992392916010050918e-02,-7.191331264330301787e-01,1.592402754378451357e-01,-8.688877000586825439e-01,4.202938967749856314e-01,-2.260814254263540379e-01,-2.260814168903352572e-01
4.253077860865218662e-01,-8.705401216094879047e-01,1.659299371852559490e-01,-7.215315602979315290e-01,-1.362854796945987823e-02,-5.798536568971424110e-01,-1.668086687231306597e-01,-4.432471399307393312e-01,-3.074484834342913753e-01,-3.074484817819033711e-01,-4.432471364113866885e-01,-1.668086684026128252e-01,-5.798536574714283631e-01,-1.362854612061287045e-02,-7.215315610466277452e-01,1.659299364961508705e-01,-8.705401221445980831e-01,4.253077866157669584e-01,-2.247682185241731689e-01,-2.247682098885057655e-01
4.301561292784810697e-01,-8.721339799178595698e-01,1.724167544137819585e-01,-7.238554134974557464e-01,-7.512363943162216062e-03,-5.814779762440311917e-01,-1.622886174324689734e-01,-4.431489735982325207e-01,-3.051228234603328704e-01,-3.051228216657763115e-01,-4.431489700891194650e-01,-1.622886171885676854e-01,-5.814779767760989149e-01,-7.512362337797432246e-03,-7.238554142959082727e-01,1.724167536142651724e-01,-8.721339805053982541e-01,4.301561298240003661e-01,-2.234949418273970700e-01,-2.234949331267569450e-01
4.348461388138407102e-01,-8.736717632326322924e-01,1.787081668924476452e-01,-7.261070297408876995e-01,-1.569662813235984944e-03,-5.830582844934791842e-01,-1.578934395609836727e-01,-4.430578117009059680e-01,-3.028634457479990605e-01,-3.028634438230730641e-01,-4.430578082080176561e-01,-1.578934393904440070e-01,-5.830582849965963987e-01,-1.569661449811214290e-03,-7.261070305879554487e-01,1.787081659663721234e-01,-8.736717638524772456e-01,4.348461393438860512e-01,-2.222598268633435570e-01,-2.222598181328091504e-01
4.393846684827726889e-01,-8.751558584965106746e-01,1.848113639051826573e-01,-7.282887397805513086e-01,4.205159262074993631e-03,-5.845953821058450517e-01,-1.536192732686036400e-01,-4.429727824618763798e-01,-3.006679959227586130e-01,-3.006679938785757900e-01,-4.429727789905752999e-01,-1.536192731680648960e-01,-5.845953825918006608e-01,4.205160386102769869e-03,-7.282887406750723214e-01,1.848113628386534868e-01,-8.751558591294223977e-01,4.393846689673812644e-01,-2.210612069142427194e-01,-2.210611981879832266e-01
4.437782309435791550e-01,-8.765885526558940821e-01,1.907332854614428030e-01,-7.304028495333884097e-01,9.817583003652680107e-03,-5.860901410720598115e-01,-1.494623279390721593e-01,-4.428931166075936177e-01,-2.985342027334988435e-01,-2.985342005801161491e-01,-4.428931131628651707e-01,-1.494623279049010489e-01,-5.860901415513326551e-01,9.817583891887195560e-03,-7.304028504744365380e-01,1.907332842430783937e-01,-8.765885532837578431e-01,4.437782313548873092e-01,-2.198975098716158261e-01,-2.198975011819595538e-01
4.480330150274791645e-01,-8.779720348654475037e-01,1.964806242988127449e-01,-7.324516308959272415e-01,1.527295765890504878e-02,-5.875434894343756209e-01,-1.454188914912959985e-01,-4.428181358627336084e-01,-2.964598765024801796e-01,-2.964598742488934180e-01,-4.428181324491018422e-01,-1.454188915197322796e-01,-5.875434899159769353e-01,1.527295831569570710e-02,-7.324516318827459793e-01,1.964806229196118803e-01,-8.779720354713510533e-01,4.480330153398468518e-01,-2.187672516787156352e-01,-2.187672430552444480e-01
4.521549023220161057e-01,-8.793083990301089337e-01,2.020598290453521073e-01,-7.344373142909353946e-01,2.057649462040495036e-02,-5.889563978948825218e-01,-1.414853362178711826e-01,-4.427472426862415489e-01,-2.944429073923968132e-01,-2.944429050468512776e-01,-4.427472393074745050e-01,-1.414853363053754642e-01,-5.889563983862334817e-01,2.057649505061494299e-02,-7.344373153229681872e-01,2.020598274986560305e-01,-8.793083995984326551e-01,4.521549025121333054e-01,-2.176690303057347564e-01,-2.176690217747939693e-01
4.561494830337766149e-01,-8.805996466031570380e-01,2.074771083389929660e-01,-7.363620827115071599e-01,2.573326276236974353e-02,-5.903298682720948820e-01,-1.376581233270560145e-01,-4.426799111227195938e-01,-2.924812635234235736e-01,-2.924812610929999890e-01,-4.426799077821932382e-01,-1.376581234699614520e-01,-5.903298687792675192e-01,2.573326297144747782e-02,-7.363620837884998771e-01,2.074771066204894598e-01,-8.805996471196420039e-01,4.561494830807541478e-01,-2.166015202089119351e-01,-2.166015117930479850e-01
4.600220711365122783e-01,-8.818476895713748265e-01,2.127384357255215630e-01,-7.382280670552432422e-01,3.074818526686672743e-02,-5.916649235903361781e-01,-1.339338063470027484e-01,-4.426156786562423506e-01,-2.905729889683956735e-01,-2.905729864594788214e-01,-4.426156753565649860e-01,-1.339338065419072854e-01,-5.916649241179493535e-01,3.074818526065150118e-02,-7.382280681772581676e-01,2.127384338331620439e-01,-8.818476900231557725e-01,4.600220710218703157e-01,-2.155634672288615217e-01,-2.155634589466411122e-01
4.637777188148564100e-01,-8.830543535691424140e-01,2.178495551783554973e-01,-7.400373425652154724e-01,3.562603773278451985e-02,-5.929625996063641047e-01,-1.303090335404156752e-01,-4.425541389607093867e-01,-2.887162016549619237e-01,-2.887161990728850935e-01,-4.425541357040756463e-01,-1.303090337838389012e-01,-5.929626001578811589e-01,3.562603751762659365e-02,-7.400373437327192327e-01,2.178495531123043061e-01,-8.830543539447690549e-01,4.637777185225606114e-01,-2.145536838888178477e-01,-2.145536757546024909e-01
4.674212302179996392e-01,-8.842213810728072332e-01,2.228159871039650519e-01,-7.417919262168439776e-01,4.037144738422278334e-02,-5.942239375999744944e-01,-1.267805494598424065e-01,-4.424949354539445823e-01,-2.869090911971000080e-01,-2.869090885466404339e-01,-4.424949322417671693e-01,-1.267805497486020339e-01,-5.942239381775913376e-01,4.037144696677084227e-02,-7.417919274306508104e-01,2.228159848664194587e-01,-8.842213813622212815e-01,4.674212297343683931e-01,-2.135710450567203100e-01,-2.135710370807159530e-01
4.709571745401144316e-01,-8.853504346348035625e-01,2.276430347145813604e-01,-7.434937749092307424e-01,4.498889321322820101e-02,-5.954499782717618261e-01,-1.233451957642432983e-01,-4.424377555684516627e-01,-2.851499166793738937e-01,-2.851499139645265468e-01,-4.424377524016559482e-01,-1.233451960951686133e-01,-5.954499788767355639e-01,4.498889260060850992e-02,-7.434937761706343906e-01,2.276430323097770048e-01,-8.853504348293506077e-01,4.709571738538024244e-01,-2.126144839392334618e-01,-2.126144761275407247e-01
4.743898984471992542e-01,-8.864431001242086827e-01,2.323357906667786466e-01,-7.451447843377858593e-01,4.948270691215454070e-02,-5.966417566102186765e-01,-1.199999114017384905e-01,-4.423823256631120859e-01,-2.834370044114787879e-01,-2.834370016357700139e-01,-4.423823225419601934e-01,-1.199999117718392183e-01,-5.966417572428943661e-01,4.948270611187830653e-02,-7.451447856485320376e-01,2.323357881008184522e-01,-8.864431002165997775e-01,4.743898975491072090e-01,-2.116829883785191213e-01,-2.116829807333314439e-01
4.777235378714511649e-01,-8.875008899463141532e-01,2.368991438784948944e-01,-7.467467884401753908e-01,5.385707446654074831e-02,-5.978002976041406624e-01,-1.167417322543138902e-01,-4.423284065054350900e-01,-2.817687456707137494e-01,-2.817687428374128222e-01,-4.423284034294154843e-01,-1.167417326609380829e-01,-5.978002982639194496e-01,5.385707348630430769e-02,-7.467467898023205652e-01,2.368991411590438689e-01,-8.875008899305114607e-01,4.777235367545422662e-01,-2.107755974256727005e-01,-2.107755899455226178e-01
4.809620291956525073e-01,-8.885252462191723932e-01,2.413377864501258241e-01,-7.483015593219177752e-01,5.811603829530149340e-02,-5.989266126911110266e-01,-1.135677903284872392e-01,-4.422757892622852238e-01,-2.801435944466800221e-01,-2.801435915585480663e-01,-4.422757862304916299e-01,-1.135677907689256610e-01,-5.989266133769524103e-01,5.811603714340690674e-02,-7.483015607381030554e-01,2.413377835865809784e-01,-8.885252460904522476e-01,4.809620278549718853e-01,-2.098913981671703399e-01,-2.098913908472576084e-01
4.841091198513958194e-01,-8.895175438896812947e-01,2.456562206277448646e-01,-7.498108075809633011e-01,6.226349984004912741e-02,-6.000216968459645139e-01,-1.104753125655570933e-01,-4.422242919437615605e-01,-2.785600651998489941e-01,-2.785600622594612830e-01,-4.422242889547087774e-01,-1.104753130372517905e-01,-6.000216975563181787e-01,6.226349852517169825e-02,-7.498108090542487947e-01,2.456562176308981493e-01,-8.895175436445037498e-01,4.841091182838699325e-01,-2.090295227829430391e-01,-2.090295156154696743e-01
4.871683783548605984e-01,-8.904790937751871915e-01,2.498587657550416785e-01,-7.512761829604823749e-01,6.630322251624662377e-02,-6.010865262232805151e-01,-1.074616193375177997e-01,-4.421737562496602103e-01,-2.770167306451551958e-01,-2.770167276555090541e-01,-4.421737533008373577e-01,-1.074616198385699578e-01,-6.010865269558093305e-01,6.630322104701860675e-02,-7.512761844940839540e-01,2.498587626366806091e-01,-8.904790934110349276e-01,4.871683765590541504e-01,-2.081891458166766906e-01,-2.081891387912664371e-01
4.901432038044694628e-01,-8.914111455200027789e-01,2.539495651702726176e-01,-7.526992752691873401e-01,7.023883495066100824e-02,-6.021220562782244601e-01,-1.045241226867689721e-01,-4.421240447730992451e-01,-2.755122195702657262e-01,-2.755122165337284823e-01,-4.421240418620998591e-01,-1.045241232147699345e-01,-6.021220570308712938e-01,7.023883333666675055e-02,-7.526992768670426326e-01,2.539495619436349383e-01,-8.914111450355153288e-01,4.901432017806786057e-01,-2.073694816408891139e-01,-2.073694747449585374e-01
4.930368348651715804e-01,-8.923148904593399822e-01,2.579325930132705946e-01,-7.540816155182819003e-01,7.407383444218108848e-02,-6.031292203017212250e-01,-1.016603243570031179e-01,-4.420750385240260760e-01,-2.740452146928390453e-01,-2.740452116123775483e-01,-4.420750356474876797e-01,-1.016603249101911133e-01,-6.031292210718537383e-01,7.407383269291437089e-02,-7.540816171843722771e-01,2.579325896921936812e-01,-8.923148898539934315e-01,4.930368326150122993e-01,-2.065697821007277390e-01,-2.065697753199138564e-01
4.958523582627943904e-01,-8.931914643844945934e-01,2.618116609113243509e-01,-7.554246772286128397e-01,7.781159058673366158e-02,-6.041089283089793316e-01,-9.886781366269015159e-02,-4.420266347334432799e-01,-2.726144505667915663e-01,-2.726144474453158217e-01,-4.420266318878198764e-01,-9.886781423916274347e-02,-6.041089290941630274e-01,7.781158871231268204e-02,-7.554246789673816354e-01,2.618116575105781108e-01,-8.931914636586806289e-01,4.958523557892386968e-01,-2.057893343221646187e-01,-2.057893276407317673e-01
4.985927168128496678e-01,-8.940419502060268364e-01,2.655904245223089655e-01,-7.567298778715401131e-01,8.145534902110913855e-02,-6.050620662331579469e-01,-9.614426523153551951e-02,-4.419787449098350196e-01,-2.712187115386621716e-01,-2.712187083795426501e-01,-4.419787420910117337e-01,-9.614426582969165525e-02,-6.050620670308815008e-01,8.145534703185740300e-02,-7.567298796875971956e-01,2.655904210571523594e-01,-8.940419493608641188e-01,4.985927141199524293e-01,-2.050274586713254910e-01,-2.050274520725603733e-01
5.012607170066006868e-01,-8.948673805126001746e-01,2.692723899151513445e-01,-7.579985804099634850e-01,8.500823524250665508e-02,-6.059894953780338156e-01,-9.348743665480369058e-02,-4.419312931176165304e-01,-2.698568297601209864e-01,-2.698568265673302324e-01,-4.419312903209093868e-01,-9.348743727337734122e-02,-6.059894961857874573e-01,8.500823314894886962e-02,-7.579985823080568341e-01,2.692723864012130930e-01,-8.948673795498447436e-01,5.012607140993413646e-01,-2.042835068530784726e-01,-2.042835003196722399e-01
5.038590361770698411e-01,-8.956687400245373354e-01,2.728609197740181069e-01,-7.592320949122068896e-01,8.847325846942899474e-02,-6.068920520910955352e-01,-9.089516607307546181e-02,-4.418842144528015714e-01,-2.685276832589293394e-01,-2.685276800361492411e-01,-4.418842116738556647e-01,-9.089516671023827044e-02,-6.068920529070891412e-01,8.847325628292922184e-02,-7.592320968975090345e-01,2.728609162274749367e-01,-8.956687389466082561e-01,5.038590330613558210e-01,-2.035568601379283415e-01,-2.035568536522910921e-01
5.063902292672903815e-01,-8.964469679427088389e-01,2.763592394160783172e-01,-7.604316802161661393e-01,9.185331551566698616e-02,-6.077705476246768601e-01,-8.836536971953296016e-02,-4.418374536955650966e-01,-2.672301940682538235e-01,-2.672301908203915666e-01,-4.418374509290666774e-01,-8.836537037426214769e-02,-6.077705484468782782e-01,9.185331324733439495e-02,-7.604316822936398879e-01,2.763592358529054493e-01,-8.964469667523861096e-01,5.063902259495526303e-01,-2.028469277072516008e-01,-2.028469212518767828e-01
5.088567352211785799e-01,-8.972029601931352794e-01,2.797704426140166234e-01,-7.615985456225353722e-01,9.515119464954870099e-02,-6.086257681525909513e-01,-8.589603944519652590e-02,-4.417909641159508682e-01,-2.659633264198884572e-01,-2.659633231520470709e-01,-4.417909613566572413e-01,-8.589604011624703273e-02,-6.086257689795619985e-01,9.515119231103555397e-02,-7.615985477973465922e-01,2.797704390503404914e-01,-8.972029588936187849e-01,5.088567317083991792e-01,-2.021531451078867891e-01,-2.021531386656137963e-01
5.112608830181440966e-01,-8.979375715697097693e-01,2.830974972202128792e-01,-7.627338526024938226e-01,9.836957942101659524e-02,-6.094584749198038720e-01,-8.348524023924780435e-02,-4.417447064191905581e-01,-2.647260849976849073e-01,-2.647260817153728185e-01,-4.417447036618156186e-01,-8.348524092529202578e-02,-6.094584757506557038e-01,9.836957702440732310e-02,-7.627338548799098561e-01,2.830974936721221136e-01,-8.979375701645215813e-01,5.112608793177041422e-01,-2.014749728076847823e-01,-2.014749663619695152e-01
5.136048973705061860e-01,-8.986516177769623415e-01,2.863432505888973134e-01,-7.638387165051723215e-01,1.015110524375600343e-01,-6.102694045010988999e-01,-8.113110776137749669e-02,-4.416986478127111204e-01,-2.635175132538746245e-01,-2.635175099633374485e-01,-4.416986450516930951e-01,-8.113110846126761477e-02,-6.102694053353152626e-01,1.015110499951217826e-01,-7.638387188903953406e-01,2.863432470722009349e-01,-8.986516162698144905e-01,5.136048934900018237e-01,-2.008118948445065111e-01,-2.008118883796455867e-01
5.158909041024376529e-01,-8.993458773755557134e-01,2.895104347958310509e-01,-7.649142082538235021e-01,1.045780990753739370e-01,-6.110592691497110929e-01,-7.883184589790420693e-02,-4.416527611812415821e-01,-2.623366917877941740e-01,-2.623366884958635570e-01,-4.416527584108945192e-01,-7.883184661056936993e-02,-6.110592699871940647e-01,1.045780965995231349e-01,-7.649142107519135703e-01,2.895104313259164730e-01,-8.993458757702412765e-01,5.158909000495355279e-01,-2.001634175616924249e-01,-2.001634110629957608e-01
5.181209352282803993e-01,-9.000210936335426570e-01,2.926016716563605291e-01,-7.659613560215630113e-01,1.075731111147213565e-01,-6.118287572195924007e-01,-7.658572435121213662e-02,-4.416070243582927990e-01,-2.611827367857613158e-01,-2.611827334999753392e-01,-4.416070215727877502e-01,-7.658572507567343313e-02,-6.118287580607635334e-01,1.075731086181287433e-01,-7.659613586375147998e-01,2.926016682482250886e-01,-9.000210919339095561e-01,5.181209310106358323e-01,-1.995290684236187273e-01,-1.995290618776077995e-01
5.202969337471180511e-01,-9.006779762866437000e-01,2.956194775438832911e-01,-7.669811468792572251e-01,1.104983902902920423e-01,-6.125785336465867648e-01,-7.439107627153151991e-02,-4.415614194822957694e-01,-2.600547985221929315e-01,-2.600547952501919835e-01,-4.415614166762258375e-01,-7.439107700635022580e-02,-6.125785344927551224e-01,1.104983877861993868e-01,-7.669811496181440091e-01,2.956194742122520980e-01,-9.006779744965833778e-01,5.202969293723562760e-01,-1.989083949055979739e-01,-1.989083883000906106e-01
5.224207581699962244e-01,-9.013172032110019494e-01,2.985662680123336576e-01,-7.679745284099448455e-01,1.133561517506547767e-01,-6.133092404771682826e-01,-7.224629593597192700e-02,-4.415159324293039256e-01,-2.589520599190960892e-01,-2.589520566695991399e-01,-4.415159295967946429e-01,-7.224629668019390272e-02,-6.133092413298030232e-01,1.133561492520891167e-01,-7.679745312764469922e-01,2.985662647711074813e-01,-9.013172013342216626e-01,5.224207536454208434e-01,-1.983009634526274045e-01,-1.983009567768767578e-01
5.244941867944522551e-01,-9.019394220114244076e-01,3.014443622252783173e-01,-7.689424102839668151e-01,1.161485274193836542e-01,-6.140214974319688768e-01,-7.014983648306050146e-02,-4.414705523108648499e-01,-2.578737351656167354e-01,-2.578737319475538081e-01,-4.414705494463924129e-01,-7.014983723538609217e-02,-6.140214982933468457e-01,1.161485249398148678e-01,-7.689424132827573644e-01,3.014443590879317125e-01,-9.019394200515380433e-01,5.244941821271316140e-01,-1.977063585022018344e-01,-1.977063517469412890e-01
5.265189217416355039e-01,-9.025452515292959887e-01,3.042559871979333419e-01,-7.698856657928012659e-01,1.188775692568623116e-01,-6.147159024976799335e-01,-6.810020770349706210e-02,-4.414252710326915241e-01,-2.568190683928602835e-01,-2.568190652157917864e-01,-4.414252681307079262e-01,-6.810020846267737793e-02,-6.147159033705755782e-01,1.188775668098645544e-01,-7.698856689283540833e-01,3.042559841772819462e-01,-9.025452494897024946e-01,5.265189169382471501e-01,-1.971241815665691621e-01,-1.971241747240830844e-01
5.284965927690572496e-01,-9.031352832730045188e-01,3.070032818558073862e-01,-7.708051333375961489e-01,1.215452524181215715e-01,-6.153930325374017407e-01,-6.609597389284022073e-02,-4.413800829047716534e-01,-2.557873324050052299e-01,-2.557873292788447328e-01,-4.413800799599206792e-01,-6.609597465747954481e-02,-6.153930334251757062e-01,1.215452500174468986e-01,-7.708051366142170124e-01,3.070032789640351756e-01,-9.031352811568669203e-01,5.284965878358527380e-01,-1.965540503703163966e-01,-1.965540434344436593e-01
5.304287608724316261e-01,-9.037100827749167120e-01,3.096883009162861855e-01,-7.717016178713935748e-01,1.241534783066287756e-01,-6.160534439142787422e-01,-6.413575176664987332e-02,-4.413349842986584726e-01,-2.547778274634673323e-01,-2.547778243986972280e-01,-4.413349813055645332e-01,-6.413575253543354893e-02,-6.160534448206855807e-01,1.241534759659996823e-01,-7.717016212931178121e-01,3.096882981648183542e-01,-9.037100805850898366e-01,5.304287558151498105e-01,-1.959955980394347819e-01,-1.959955910055879991e-01
5.330594911998580709e-01,-9.044900312747315985e-01,3.133454811558698538e-01,-7.729192288596269389e-01,1.277076381887681800e-01,-6.169507132461000687e-01,-6.146355922854240816e-02,-4.412720102823178836e-01,-2.534009558637834170e-01,-2.534009529030018526e-01,-4.412720072131749993e-01,-6.146356000054054025e-02,-6.169507141860627319e-01,1.277076359556443830e-01,-7.729192324910543199e-01,3.133454786189130425e-01,-9.044900289860390297e-01,5.330594859776072170e-01,-1.952329193852244960e-01,-1.952329122095051717e-01
5.399813760929044193e-01,-9.065271979804867541e-01,3.229751678783172597e-01,-7.761056471157187220e-01,1.370744212988533883e-01,-6.193000977393847695e-01,-5.441533426084671499e-02,-4.410970735842776880e-01,-2.497651135456505078e-01,-2.497651137014857137e-01,-4.410970723749002564e-01,-5.441533396919942533e-02,-6.193000991908566011e-01,1.370744214024890995e-01,-7.761056484243922249e-01,3.229751661079959257e-01,-9.065271963731424965e-01,5.399813729490379188e-01,-1.932130504623938427e-01,-1.932130474353968008e-01
5.473168082763464337e-01,-9.086615931906814048e-01,3.331896046487071716e-01,-7.794530925758185180e-01,1.470224553333312201e-01,-6.217694670729835282e-01,-4.692044145429818958e-02,-4.408957239142373696e-01,-2.458915820577177724e-01,-2.458915828509697921e-01,-4.408957225500872434e-01,-4.692044103359595958e-02,-6.217694688390458246e-01,1.470224560696244964e-01,-7.794530941765949184e-01,3.331896032952527120e-01,-9.086615914013799200e-01,5.473168048899313964e-01,-1.910509195692545459e-01,-1.910509162971394392e-01
5.551005121566948697e-01,-9.108977987064521553e-01,3.440363227163564241e-01,-7.829692573220166096e-01,1.575991654901856831e-01,-6.243635574345829387e-01,-3.894132928321356046e-02,-4.406621123096362558e-01,-2.417586137767033516e-01,-2.417586154589415337e-01,-4.406621107354264932e-01,-3.894132867295585498e-02,-6.243635596549956812e-01,1.575991671167994712e-01,-7.829692592868857659e-01,3.440363218990471483e-01,-9.108977966871374399e-01,5.551005084705300519e-01,-1.887311524578787481e-01,-1.887311490505237110e-01
5.633707497432147715e-01,-9.132402263137372467e-01,3.555670787051057324e-01,-7.866614347703724253e-01,1.688560506492065849e-01,-6.270864037834488203e-01,-3.043701553818589645e-02,-4.403890162818253629e-01,-2.373420564232758267e-01,-2.373420592501465365e-01,-4.403890144389114303e-01,-3.043701467292813517e-02,-6.270864065927668207e-01,1.688560534391025103e-01,-7.866614371966366148e-01,3.555670785854081473e-01,-9.132402240031421981e-01,5.633707456832773852e-01,-1.862361185876972303e-01,-1.862361152478009263e-01
5.721697116996824484e-01,-9.156929698376320426e-01,3.678381408860957880e-01,-7.905362223916631015e-01,1.808488934354448574e-01,-6.299409891434140096e-01,-2.136286020522601414e-02,-4.400675018925863657e-01,-2.326150660523976232e-01,-2.326150701626059081e-01,-4.400674997284526047e-01,-2.136285904440761441e-02,-6.299409925771818353e-01,1.808488975704917179e-01,-7.905362254139675082e-01,3.678381417024032540e-01,-9.156929671984022079e-01,5.721697072281003438e-01,-1.835455075108129441e-01,-1.835455045163344179e-01
5.815439473195657127e-01,-9.182596109945632135e-01,3.809105480965189194e-01,-7.945991311731384066e-01,1.936379230412849095e-01,-6.329287940650822897e-01,-1.167035303493876852e-02,-4.396865135064570440e-01,-2.275477898358284623e-01,-2.275477950480685463e-01,-4.396865109935982341e-01,-1.167035161669113981e-02,-6.329287979038649148e-01,1.936379284087858255e-01,-7.945991349666380321e-01,3.809105501837467544e-01,-9.182596080928725479e-01,5.815439425429296261e-01,-1.806358119908511861e-01,-1.806358096289536197e-01
5.915448365723579016e-01,-9.209429705700263868e-01,3.948503251422005311e-01,-7.988540868928740712e-01,2.072879054886692662e-01,-6.360492244140676377e-01,-1.306935726948843524e-03,-4.392323704285407970e-01,-2.221070158957172691e-01,-2.221070215201122466e-01,-4.392323675991056664e-01,-1.306934218332075556e-03,-6.360492280373954976e-01,2.072879114382705501e-01,-7.988540916444227813e-01,3.948503288757762020e-01,-9.209429676729485870e-01,5.915448318649585424e-01,-1.774796902353565908e-01,-1.774796887370558018e-01
6.022291056259130304e-01,-9.237447943339993639e-01,4.097286309411491412e-01,-8.033028041658354379e-01,2.218681322564910186e-01,-6.392988954923816136e-01,9.784124107043323804e-03,-4.386881540241083233e-01,-2.162557887493780640e-01,-2.162557936029226024e-01,-4.386881510314475374e-01,9.784125424985913935e-03,-6.392988978798614941e-01,2.218681374768229353e-01,-8.033028099908348096e-01,4.097286365561895183e-01,-9.237447919540264785e-01,6.022291016691629917e-01,-1.740451740786385648e-01,-1.740451736932201177e-01
6.136593868511601713e-01,-9.266653642866327090e-01,4.256218155132947545e-01,-8.079440211292064911e-01,2.374522740211715555e-01,-6.426707513443616904e-01,2.166378176012667689e-02,-4.380329624901345142e-01,-2.099529898281702889e-01,-2.099529926324371631e-01,-4.380329621241733085e-01,2.166378303664726404e-02,-6.426707519623673370e-01,2.374522755962567566e-01,-8.079440231897434543e-01,4.256218176199046410e-01,-9.266653637289286038e-01,6.136593858723320416e-01,-1.702946801015036427e-01,-1.702946805162485477e-01
6.259048114280034714e-01,-9.297030166299644627e-01,4.426113145200456511e-01,-8.127725502787852552e-01,2.541180600272245349e-01,-6.461530078285578904e-01,3.439720290610681630e-02,-4.372410618705515617e-01,-2.031528816085703404e-01,-2.031528833064084050e-01,-4.372410624079632324e-01,3.439720422404655975e-02,-6.461530068201313259e-01,2.541180590697777464e-01,-8.127725521629668437e-01,4.426113163536106176e-01,-9.297030170728582954e-01,6.259048117152944402e-01,-1.661837645351551540e-01,-1.661837663163748813e-01
6.390416399006788595e-01,-9.328535774564453709e-01,4.607834202534806800e-01,-8.177782208655738350e-01,2.719467608931527280e-01,-6.497279135883071710e-01,4.805359103359557738e-02,-4.362808306261393709e-01,-1.958046225395813078e-01,-1.958046240613014466e-01,-4.362808329842183253e-01,4.805359300890192642e-02,-6.497279111247676875e-01,2.719467568495406162e-01,-8.177782219022954324e-01,4.607834205822606832e-01,-9.328535788981666688e-01,6.390416413577391097e-01,-1.616595486612280863e-01,-1.616595529030636080e-01
6.531538842513185950e-01,-9.361096897968911312e-01,4.802287636579188890e-01,-8.229446279392131913e-01,2.910224199256317146e-01,-6.533703502380562300e-01,6.270594740853902005e-02,-4.351136373896809517e-01,-1.878517508043940631e-01,-1.878517543035284343e-01,-4.351136427701226550e-01,6.270595106968318566e-02,-6.533703471267389151e-01,2.910224129767819412e-01,-8.229446274679325102e-01,4.802287611990201932e-01,-9.361096916268489831e-01,6.531538859987644496e-01,-1.566587095687430875e-01,-1.566587174100386448e-01
6.683338857898929453e-01,-9.394600583979928476e-01,5.010415178089131505e-01,-8.282478127202217433e-01,3.114308227597987200e-01,-6.570463239726747062e-01,7.843067841154693909e-02,-4.336925875116275364e-01,-1.792316575728058470e-01,-1.792316642655389369e-01,-4.336925931261779166e-01,7.843068258462153330e-02,-6.570463243533414266e-01,3.114308198511105408e-01,-8.282478104198458535e-01,5.010415133770902418e-01,-9.394600582199549299e-01,6.683338852612796810e-01,-1.511049023095542843e-01,-1.511049065105201650e-01
6.846827113466444903e-01,-9.428886040410031644e-01,5.233181747442219311e-01,-8.336549160943401704e-01,3.332582334238880506e-01,-6.607114847208932495e-01,9.530715430546365941e-02,-4.319612923176385788e-01,-1.698750594808481063e-01,-1.698750672591817223e-01,-4.319612982066964868e-01,9.530715851387759618e-02,-6.607114852523761073e-01,3.332582305289472635e-01,-8.336549149939256331e-01,5.233181715065613471e-01,-9.428886025689051653e-01,6.846827091278594457e-01,-1.449054003911554589e-01,-1.449054069635474229e-01
7.023102093114932387e-01,-9.463736171221837079e-01,5.471557648075592306e-01,-8.391230051199028983e-01,3.565897650410478903e-01,-6.643097788282253946e-01,1.134170682456011325e-01,-4.298526895402888792e-01,-1.597055511287990004e-01,-1.597055576043877601e-01,-4.298526942324320532e-01,1.134170713590715029e-01,-6.643097780807576402e-01,3.565897614449111686e-01,-8.391230069248556411e-01,5.471557651782985587e-01,-9.463736149436546841e-01,7.023102061448295297e-01,-1.379467421103416636e-01,-1.379467559682130973e-01
7.213342359945542626e-01,-9.498869065701158743e-01,5.726491691283399632e-01,-8.445982271602183733e-01,3.815074801889893896e-01,-6.677725888782911623e-01,1.328437838096200585e-01,-4.272882553479758760e-01,-1.486393123503132740e-01,-1.486393197922107889e-01,-4.272882593316867927e-01,1.328437875644464250e-01,-6.677725889327115194e-01,3.815074793571899825e-01,-8.445982279507370238e-01,5.726491695888308309e-01,-9.498869058199564952e-01,7.213342349051378166e-01,-1.300889466761533664e-01,-1.300889591762273423e-01
7.418782825010095117e-01,-9.533930545446440696e-01,5.998869258510138858e-01,-8.500155667556786865e-01,4.080879416953440142e-01,-6.710186587494920696e-01,1.536714738986380002e-01,-4.241778851721812460e-01,-1.365852044861158299e-01,-1.365852158142756567e-01,-4.241778918387571484e-01,1.536714806811587952e-01,-6.710186568154414832e-01,4.080879391072645967e-01,-8.500155686080934636e-01,5.998869278333199828e-01,-9.533930548806651695e-01,7.418782826055959623e-01,-1.211577028111374410e-01,-1.211577324238700681e-01
7.640660099137263073e-01,-9.568488844941278604e-01,6.289445486590565793e-01,-8.552996084611866889e-01,4.363987240076651064e-01,-6.739551778156348538e-01,1.759836659148784899e-01,-4.204207372806735288e-01,-1.234455646168819420e-01,-1.234455752537369916e-01,-4.204207438691555110e-01,1.759836728106773940e-01,-6.739551758165627238e-01,4.363987217021391696e-01,-8.552996092159333985e-01,6.289445495495881167e-01,-9.568488858155514976e-01,7.640660112169740392e-01,-1.109336050794235695e-01,-1.109336382765604284e-01
7.880098431870489195e-01,-9.602031365691116038e-01,6.598731557369399425e-01,-8.603663563331066522e-01,4.664928461123871162e-01,-6.764803564313749407e-01,1.998607262260488349e-01,-4.159075732546114179e-01,-1.091181313393385088e-01,-1.091181431059603801e-01,-4.159075818830287319e-01,1.998607351742408000e-01,-6.764803506353437301e-01,4.664928398638761298e-01,-8.603663596321705631e-01,6.598731593340794177e-01,-9.602031393069788701e-01,7.880098455428306004e-01,-9.913609133959828956e-02,-9.913618852646145785e-02
8.137885837636200659e-01,-9.633961873731133885e-01,6.926800574887278517e-01,-8.651259892865221790e-01,4.983990545479298762e-01,-6.784869775341476617e-01,2.253751776553492570e-01,-4.105240418775781275e-01,-9.349920816018303382e-02,-9.349921645010783600e-02,-4.105240482644928468e-01,2.253751841242386256e-01,-6.784869729805158567e-01,4.983990496638008860e-01,-8.651259917459264148e-01,6.926800601925909850e-01,-9.633961900410330514e-01,8.137885858381513904e-01,-8.539687342524786284e-02,-8.539700624276294616e-02
8.414048228979210675e-01,-9.663583238874259296e-01,7.272953968893822729e-01,-8.694838760474273842e-01,5.321057050745463535e-01,-6.798636124424226601e-01,2.525856973439182807e-01,-4.041514700125002357e-01,-7.648519972193090766e-02,-7.648522577800809241e-02,-4.041514751696164143e-01,2.525857027090020468e-01,-6.798636252484130393e-01,5.321057181857370422e-01,-8.694838807535795189e-01,7.272954015945946038e-01,-9.663583119924350484e-01,8.414048082107674631e-01,-6.920435802489757759e-02,-6.920466208363884597e-02
