-9.999999999999867883e-01,-9.999999999999867883e-01,-9.999999999999867883e-01,-9.999999999999867883e-01,-9.999999999999867883e-01,-9.999999999999867883e-01,-9.999999999999867883e-01,-9.999999999999867883e-01,-9.999999999999867883e-01,-9.999999999999867883e-01,-9.999999999999867883e-01,-9.999999999999867883e-01,-9.999999999999867883e-01,-9.999999999999867883e-01,-9.999999999999867883e-01,-9.999999999999867883e-01,-9.999999999999867883e-01,-9.999999999999867883e-01,-9.999999999999867883e-01,-9.999999999999867883e-01
-9.976112591134025376e-01,-9.976158452790376829e-01,-9.976159874275056794e-01,-9.976159998495705006e-01,-9.976160018924522532e-01,-9.976160018924191686e-01,-9.976159998496695325e-01,-9.976159874273491379e-01,-9.976158452791691333e-01,-9.976112591133654561e-01,-9.976112591134226326e-01,-9.976158452789845033e-01,-9.976159874274547201e-01,-9.976159998496119119e-01,-9.976160018924229433e-01,-9.976160018924018491e-01,-9.976159998495627290e-01,-9.976159874274681538e-01,-9.976158452790152564e-01,-9.976112591134356222e-01
-9.952496306191959130e-01,-9.952677211334944873e-01,-9.952682494383201517e-01,-9.952682961833045905e-01,-9.952683039883364335e-01,-9.952683039880699800e-01,-9.952682961837088227e-01,-9.952682494378959355e-01,-9.952677211338927243e-01,-9.952496306190107278e-01,-9.952496306192999409e-01,-9.952677211335639873e-01,-9.952682494383393585e-01,-9.952682961833709818e-01,-9.952683039881953242e-01,-9.952683039882995741e-01,-9.952682961834196096e-01,-9.952682494385550749e-01,-9.952677211336455887e-01,-9.952496306192105680e-01
-9.929145210063718974e-01,-9.929546658633223721e-01,-9.929557674885145513e-01,-9.929558665550609620e-01,-9.929558833499568804e-01,-9.929558833488089098e-01,-9.929558665564638398e-01,-9.929557674875757467e-01,-9.929546658644892165e-01,-9.929145210054942661e-01,-9.929145210063675675e-01,-9.929546658637035117e-01,-9.929557674890758801e-01,-9.929558665552372654e-01,-9.929558833496664461e-01,-9.929558833500353732e-01,-9.929558665553178676e-01,-9.929557674901419162e-01,-9.929546658644429202e-01,-9.929145210061717242e-01
-9.906053563562422504e-01,-9.906757539860527872e-01,-9.906775637522938771e-01,-9.906777298607247761e-01,-9.906777584492987287e-01,-9.906777584459436348e-01,-9.906777298643316687e-01,-9.906775637507643228e-01,-9.906757539889438080e-01,-9.906053563533182560e-01,-9.906053563552076335e-01,-9.906757539868200624e-01,-9.906775637544802393e-01,-9.906777298611670890e-01,-9.906777584490220612e-01,-9.906777584496099243e-01,-9.906777298606519455e-01,-9.906775637576145099e-01,-9.906757539896481335e-01,-9.906053563551523444e-01
-9.883215814736234783e-01,-9.884300944771340358e-01,-9.884326990299776572e-01,-9.884329441769834634e-01,-9.884329869964244564e-01,-9.884329869890453590e-01,-9.884329441843096031e-01,-9.884326990282631398e-01,-9.884300944828491309e-01,-9.883215814664675358e-01,-9.883215814696437729e-01,-9.884300944780564091e-01,-9.884326990355023490e-01,-9.884329441779892145e-01,-9.884329869967024562e-01,-9.884329869971127946e-01,-9.884329441754318157e-01,-9.884326990424242565e-01,-9.884300944854407245e-01,-9.883215814704319202e-01
-9.860626590666888847e-01,-9.862168291158006639e-01,-9.862202707874420105e-01,-9.862206047387026553e-01,-9.862206639076622761e-01,-9.862206638951578341e-01,-9.862206047504281647e-01,-9.862202707864958784e-01,-9.862168291247865870e-01,-9.860626590534724567e-01,-9.860626590576017092e-01,-9.862168291162071165e-01,-9.862202707976901461e-01,-9.862206047406557596e-01,-9.862206639093477056e-01,-9.862206639087681692e-01,-9.862206047341486315e-01,-9.862202708094385262e-01,-9.862168291303605727e-01,-9.860626590601991870e-01
-9.838280689710009463e-01,-9.840351309282898695e-01,-9.840394113170081170e-01,-9.840398420432276971e-01,-9.840399194015919671e-01,-9.840399193863247351e-01,-9.840398420569738125e-01,-9.840394113176074153e-01,-9.840351309385956258e-01,-9.838280689535857659e-01,-9.838280689574098181e-01,-9.840351309274549818e-01,-9.840394113303244650e-01,-9.840398420459943729e-01,-9.840399194048640164e-01,-9.840399194027980023e-01,-9.840398420355895848e-01,-9.840394113446799818e-01,-9.840351309465228402e-01,-9.838280689619146591e-01
-9.816173074185730041e-01,-9.818842027182123067e-01,-9.818892860082759633e-01,-9.818898200692836031e-01,-9.818899172159275546e-01,-9.818899172014898813e-01,-9.818898200819179412e-01,-9.818892860100472131e-01,-9.818842027274248263e-01,-9.816173074008979205e-01,-9.816173074035567936e-01,-9.818842027162173469e-01,-9.818892860214594176e-01,-9.818898200722957492e-01,-9.818899172199835323e-01,-9.818899172168915612e-01,-9.818898200602057535e-01,-9.818892860349875962e-01,-9.818842027357852498e-01,-9.816173074089263872e-01
-9.794298863453402282e-01,-9.797632756830296774e-01,-9.797690917229072705e-01,-9.797697346092320014e-01,-9.797698529342016016e-01,-9.797698529221942065e-01,-9.797697346195434198e-01,-9.797690917250135856e-01,-9.797632756903185136e-01,-9.794298863296090341e-01,-9.794298863311382553e-01,-9.797632756804099952e-01,-9.797690917342632977e-01,-9.797697346120803896e-01,-9.797698529382434796e-01,-9.797698529348353169e-01,-9.797697346001257301e-01,-9.797690917453558690e-01,-9.797632756978196245e-01,-9.794298863364022667e-01
-9.772653327328724160e-01,-9.776716081115246482e-01,-9.776780552688059123e-01,-9.776788117039728609e-01,-9.776789524127931230e-01,-9.776789524031750389e-01,-9.776788117121403276e-01,-9.776780552706728633e-01,-9.776716081171227257e-01,-9.772653327193860928e-01,-9.772653327201249462e-01,-9.776716081087074572e-01,-9.776780552781939582e-01,-9.776788117065322581e-01,-9.776789524164900547e-01,-9.776789524131899167e-01,-9.776788116953192276e-01,-9.776780552867831986e-01,-9.776716081234197997e-01,-9.772653327248459476e-01
-9.751231879857460427e-01,-9.756084841536351027e-01,-9.756154319645906625e-01,-9.756163061702721739e-01,-9.756164703037811803e-01,-9.756164702960674617e-01,-9.756163061768113876e-01,-9.756154319658982832e-01,-9.756084841580097144e-01,-9.751231879741120157e-01,-9.751231879743478270e-01,-9.756084841508538830e-01,-9.756154319723830959e-01,-9.756163061725493524e-01,-9.756164703070673294e-01,-9.756164703040608455e-01,-9.756163061620493071e-01,-9.756154319788348239e-01,-9.756084841631361693e-01,-9.751231879784041379e-01
-9.730030073415973924e-01,-9.735732126575354917e-01,-9.735805042866289005e-01,-9.735815002147863995e-01,-9.735816886660771940e-01,-9.735816886598938069e-01,-9.735815002201233526e-01,-9.735805042871230608e-01,-9.735732126610818771e-01,-9.730030073314447359e-01,-9.730030073313645778e-01,-9.735732126549340171e-01,-9.735805042931398035e-01,-9.735815002168127785e-01,-9.735816886689273586e-01,-9.735816886663271053e-01,-9.735815002068923807e-01,-9.735805042977285773e-01,-9.735732126650583629e-01,-9.730030073347174513e-01
-9.709043593118289461e-01,-9.715651260710334025e-01,-9.715725805942163618e-01,-9.715737021301368292e-01,-9.715739156587877012e-01,-9.715739156539441312e-01,-9.715737021344859059e-01,-9.715725805936937798e-01,-9.715651260740093553e-01,-9.709043593029598185e-01,-9.709043593026778218e-01,-9.715651260687906410e-01,-9.715725805996886510e-01,-9.715737021318960887e-01,-9.715739156612023253e-01,-9.715739156591450820e-01,-9.715737021224924996e-01,-9.715725806025011790e-01,-9.715651260767947939e-01,-9.709043593051932541e-01
-9.688268251503321382e-01,-9.695835794025527976e-01,-9.695909939275645373e-01,-9.695922450666787373e-01,-9.695924843105832025e-01,-9.695924843069163579e-01,-9.695922450702512130e-01,-9.695909939258351429e-01,-9.695835794052284351e-01,-9.688268251425163902e-01,-9.688268251421108257e-01,-9.695835794008005326e-01,-9.695909939322260307e-01,-9.695922450681856430e-01,-9.695924843125860448e-01,-9.695924843111618507e-01,-9.695922450591524244e-01,-9.695909939333428040e-01,-9.695835794067739766e-01,-9.688268251437188727e-01
-9.667699983489101978e-01,-9.676279492383957903e-01,-9.676351008737867909e-01,-9.676364858751219655e-01,-9.676367513600108161e-01,-9.676367513572751156e-01,-9.676364858782134926e-01,-9.676351008707265722e-01,-9.676279492410927441e-01,-9.667699983416825349e-01,-9.667699983411867093e-01,-9.676279492371536728e-01,-9.676351008779759955e-01,-9.676364858764628929e-01,-9.676367513617161187e-01,-9.676367513609038795e-01,-9.676364858673845992e-01,-9.676351008775893048e-01,-9.676279492414618932e-01,-9.667699983419634213e-01
-9.647334841576189479e-01,-9.656976328124819986e-01,-9.657042804965456639e-01,-9.657058040150319211e-01,-9.657060961619517991e-01,-9.657060961599273075e-01,-9.657058040178975178e-01,-9.657042804920772383e-01,-9.656976328154964762e-01,-9.647334841504320302e-01,-9.647334841498440561e-01,-9.656976328117430342e-01,-9.657042805006483821e-01,-9.657058040162971313e-01,-9.657060961635319796e-01,-9.657060961632784046e-01,-9.657058040066454074e-01,-9.657042804989354190e-01,-9.656976328147905964e-01,-9.647334841498798053e-01
-9.627168991288401756e-01,-9.637920471251352206e-01,-9.637979333250082936e-01,-9.637996005247567721e-01,-9.637999196560143034e-01,-9.637999196546400693e-01,-9.637996005275700773e-01,-9.637979333189725661e-01,-9.637920471287226842e-01,-9.627168991213261862e-01,-9.627168991206327409e-01,-9.637920471249391552e-01,-9.637979333292594486e-01,-9.637996005260156540e-01,-9.637999196575779415e-01,-9.637999196578912464e-01,-9.637996005154021439e-01,-9.637979333262647330e-01,-9.637920471269181277e-01,-9.627168991199599457e-01
-9.607198706834068069e-01,-9.619106281074465414e-01,-9.619154803975001888e-01,-9.619172970483605978e-01,-9.619176433921866609e-01,-9.619176433915161972e-01,-9.619172970512404053e-01,-9.619154803896967643e-01,-9.619106281118402491e-01,-9.607198706753165007e-01,-9.607198706745014860e-01,-9.619106281078879661e-01,-9.619154804020552119e-01,-9.619172970496553399e-01,-9.619176433938068094e-01,-9.619176433947569382e-01,-9.619172970378089271e-01,-9.619154803977375545e-01,-9.619106281088286581e-01,-9.607198706730909477e-01
-9.587420366980226039e-01,-9.600528298293192764e-01,-9.600563623575647521e-01,-9.600583349166514902e-01,-9.600587086107769119e-01,-9.600587086108373081e-01,-9.600583349197668870e-01,-9.600563623478575170e-01,-9.600528298347718037e-01,-9.587420366889383150e-01,-9.587420366879683131e-01,-9.600528298304517039e-01,-9.600563623626717780e-01,-9.600583349180451531e-01,-9.600587086125899061e-01,-9.600587086142124971e-01,-9.600583349045611614e-01,-9.600563623570562699e-01,-9.600528298305196495e-01,-9.587420366858484533e-01
-9.567830451118822799e-01,-9.582181237478382130e-01,-9.582200385984206426e-01,-9.582221742780413498e-01,-9.582225753723151440e-01,-9.582225753730468920e-01,-9.582221742817010890e-01,-9.582200385867732928e-01,-9.582181237546445463e-01,-9.567830451010479464e-01,-9.567830450998456859e-01,-9.582181237495692727e-01,-9.582200386044689155e-01,-9.582221742796853681e-01,-9.582225753745663432e-01,-9.582225753767751320e-01,-9.582221742638419304e-01,-9.582200385977436286e-01,-9.582181237492874981e-01,-9.567830450972364398e-01
-9.408670329145191191e-01,-9.437164684007476323e-01,-9.436901681517070317e-01,-9.436944558833838537e-01,-9.436951707528089539e-01,-9.436951707784838606e-01,-9.436944559087396822e-01,-9.436901680818722271e-01,-9.437164684629186784e-01,-9.408670328174305597e-01,-9.408670328038432062e-01,-9.437164684159509154e-01,-9.436901681976942458e-01,-9.436944559010836953e-01,-9.436951707818248547e-01,-9.436951707928175059e-01,-9.436944557767321662e-01,-9.436901681681511000e-01,-9.437164684297053574e-01,-9.408670328013828410e-01
-9.217419878758320584e-01,-9.269583189600181239e-01,-9.268399455619922289e-01,-9.268494573884169530e-01,-9.268505200262588950e-01,-9.268505201817401895e-01,-9.268494573914318746e-01,-9.268399453492182083e-01,-9.269583191600107019e-01,-9.217419878268513500e-01,-9.217419878125228117e-01,-9.269583191135720712e-01,-9.268399455785316654e-01,-9.268494573922028135e-01,-9.268505200592236370e-01,-9.268505201675554250e-01,-9.268494572942134191e-01,-9.268399454867857212e-01,-9.269583189661456668e-01,-9.217419877136243667e-01
-8.993473950897545866e-01,-9.082609542453200513e-01,-9.079132246516036231e-01,-9.079371270657194959e-01,-9.079381603533018819e-01,-9.079381605962270063e-01,-9.079371270624289059e-01,-9.079132243806811164e-01,-9.082609545498101511e-01,-8.993473950380507231e-01,-8.993473950222847790e-01,-9.082609544774236099e-01,-9.079132246125583006e-01,-9.079371270682601303e-01,-9.079381604031004915e-01,-9.079381605705637570e-01,-9.079371269954439327e-01,-9.079132245747595364e-01,-9.082609542831975302e-01,-8.993473949034547221e-01
-8.737503918028390881e-01,-8.880977516762140755e-01,-8.872658718010034695e-01,-8.873282761872991475e-01,-8.873274373174692142e-01,-8.873274385858482827e-01,-8.873282761507612637e-01,-8.872658705032858695e-01,-8.880977532749217973e-01,-8.737503915429525314e-01,-8.737503914538669036e-01,-8.880977529057239028e-01,-8.872658714059912244e-01,-8.873282762647288768e-01,-8.873274375976158979e-01,-8.873274384590303931e-01,-8.873282759462153280e-01,-8.872658715166945598e-01,-8.880977519168019585e-01,-8.737503909375877731e-01
-8.451447919475323367e-01,-8.670550031729742368e-01,-8.653183751606507990e-01,-8.654738868176554689e-01,-8.654652345014497428e-01,-8.654652351553465683e-01,-8.654738867410591840e-01,-8.653183743910615178e-01,-8.670550040550306647e-01,-8.451447917209806704e-01,-8.451447918031897988e-01,-8.670550038638566992e-01,-8.653183746828692069e-01,-8.654738868559900267e-01,-8.654652345798388158e-01,-8.654652351641128893e-01,-8.654738867420064263e-01,-8.653183750072365177e-01,-8.670550033615359586e-01,-8.451447915973129277e-01
-8.138345838245387709e-01,-8.457706048869286786e-01,-8.424999749804563676e-01,-8.428563936739548179e-01,-8.428245348782188451e-01,-8.428245349684788668e-01,-8.428563936151107772e-01,-8.424999747109961357e-01,-8.457706051021220972e-01,-8.138345835600824252e-01,-8.138345838152171163e-01,-8.457706050779844054e-01,-8.424999746147359136e-01,-8.428563936994437622e-01,-8.428245347547983490e-01,-8.428245350621927923e-01,-8.428563936256092681e-01,-8.424999748845876102e-01,-8.457706050042625989e-01,-8.138345838871106075e-01
-7.802060040323255397e-01,-8.248688280211251556e-01,-8.191989071822226576e-01,-8.199451143140621401e-01,-8.198562444561776630e-01,-8.198562445571191404e-01,-8.199451141893150385e-01,-8.191989065155798055e-01,-8.248688285885227289e-01,-7.802060033090354452e-01,-7.802060042027869624e-01,-8.248688285378387164e-01,-8.191989061828349739e-01,-8.199451145011348308e-01,-8.198562440154866238e-01,-8.198562449503777882e-01,-8.199451141639091389e-01,-8.191989069268821311e-01,-8.248688282289619034e-01,-7.802060044382466142e-01
-7.446943765011766470e-01,-8.049047616430142771e-01,-7.957292431544350508e-01,-7.971639716148279931e-01,-7.969533273630498016e-01,-7.969533269498130235e-01,-7.971639717229059841e-01,-7.957292431795247589e-01,-8.049047616227058555e-01,-7.446943758668236324e-01,-7.446943767708255058e-01,-8.049047616184650256e-01,-7.957292426738384883e-01,-7.971639719705020388e-01,-7.969533267383799302e-01,-7.969533273189741696e-01,-7.971639714655330833e-01,-7.957292430185063381e-01,-8.049047615758975205e-01,-7.446943772601749556e-01
-7.077517407173826713e-01,-7.863270100759401915e-01,-7.723176794734574191e-01,-7.748737276828083775e-01,-7.744308143726675864e-01,-7.744308131244835858e-01,-7.748737281498087048e-01,-7.723176799613686860e-01,-7.863270097564607486e-01,-7.077517395607104689e-01,-7.077517417180301251e-01,-7.863270095977961116e-01,-7.723176788377037472e-01,-7.748737286751843367e-01,-7.744308127821704080e-01,-7.744308140079421143e-01,-7.748737273898870237e-01,-7.723176793796542317e-01,-7.863270094544846378e-01,-7.077517429388746617e-01
-6.698195759980138941e-01,-7.694608570616374710e-01,-7.491073240171742809e-01,-7.533663727026342904e-01,-7.525204693246532184e-01,-7.525204663141387140e-01,-7.533663740476698178e-01,-7.491073258280483982e-01,-7.694608558774068685e-01,-6.698195743821984127e-01,-6.698195787325034178e-01,-7.694608551330994750e-01,-7.491073238059567929e-01,-7.533663749752987915e-01,-7.525204658538225955e-01,-7.525204680556076831e-01,-7.533663722367941462e-01,-7.491073245020084537e-01,-7.694608547345356264e-01,-6.698195813977556590e-01
-6.313087194142457115e-01,-7.545090265357601300e-01,-7.261723272001048279e-01,-7.328674141697242295e-01,-7.313762475245969563e-01,-7.313762453707424172e-01,-7.328674156415454499e-01,-7.261723293518032030e-01,-7.545090253691602022e-01,-6.313087194813948866e-01,-6.313087205435654603e-01,-7.545090243773731054e-01,-7.261723288447068381e-01,-7.328674157785239895e-01,-7.313762453242582673e-01,-7.313762459224026902e-01,-7.328674139416588851e-01,-7.261723287580021946e-01,-7.545090239182347114e-01,-6.313087223669157089e-01
-5.925866854487472635e-01,-7.415646517054496067e-01,-7.035369908770939817e-01,-7.135421048884504902e-01,-7.110861083883232014e-01,-7.110861048220661340e-01,-7.135421073711594175e-01,-7.035369949346683693e-01,-7.415646495521746040e-01,-5.925866867140470173e-01,-5.925866871913445522e-01,-7.415646473911732262e-01,-7.035369951755051643e-01,-7.135421071069112386e-01,-7.110861049011401036e-01,-7.110861055355677252e-01,-7.135421042948706383e-01,-7.035369951254555332e-01,-7.415646462219304125e-01,-5.925866902905470024e-01
-5.539714558021151536e-01,-7.306307532959962492e-01,-6.811945548476299184e-01,-6.955029944432202793e-01,-6.916863416050946789e-01,-6.916863402007926709e-01,-6.955029954115319324e-01,-6.811945566197464830e-01,-7.306307521893758983e-01,-5.539714578346009999e-01,-5.539714557493451430e-01,-7.306307512147596217e-01,-6.811945580356784102e-01,-6.955029943584303265e-01,-6.916863407542819253e-01,-6.916863406739439668e-01,-6.955029934951546533e-01,-6.811945584046661395e-01,-7.306307500781819009e-01,-5.539714571004250576e-01
-5.157302217227115460e-01,-7.216416361146908987e-01,-6.591229436950102327e-01,-6.788173923038807178e-01,-6.731757971612642999e-01,-6.731757955899417833e-01,-6.788173932122988363e-01,-6.591229463760130969e-01,-7.216416342585305621e-01,-5.157302256048781341e-01,-5.157302211252530189e-01,-7.216416330642512200e-01,-6.591229493544776830e-01,-6.788173908000512125e-01,-6.731757967159995859e-01,-6.731757964976806674e-01,-6.788173897694407266e-01,-6.591229503955835511e-01,-7.216416309816696684e-01,-5.157302233015964577e-01
-4.780815747439598473e-01,-7.144830992464936692e-01,-6.372964560035144777e-01,-6.635143312784843594e-01,-6.555283864030112539e-01,-6.555283852649590459e-01,-6.635143316006797409e-01,-6.372964600258353984e-01,-7.144830960411838738e-01,-4.780815814903381922e-01,-4.780815731133414292e-01,-7.144830951425346077e-01,-6.372964652252282036e-01,-6.635143269506149633e-01,-6.555283872057342531e-01,-6.555283868644041778e-01,-6.635143256443504223e-01,-6.372964675189607409e-01,-7.144830916181088565e-01,-4.780815766675953760e-01
-4.411997758600773589e-01,-7.090098399117562566e-01,-6.156934519585415266e-01,-6.495909233880793332e-01,-6.387032221064866677e-01,-6.387032233865356234e-01,-6.495909224659308645e-01,-6.156934534315089413e-01,-7.090098376380460365e-01,-4.411997803723343714e-01,-4.411997748516414131e-01,-7.090098391635335506e-01,-6.156934555773916351e-01,-6.495909191588389309e-01,-6.387032249254707139e-01,-6.387032248707508186e-01,-6.495909186886494879e-01,-6.156934575193344639e-01,-7.090098368779977900e-01,-4.411997768386305419e-01
-4.052200602102478677e-01,-7.050594480783798357e-01,-5.943006542597936148e-01,-6.370182237166435169e-01,-6.226522482774662359e-01,-6.226522517464014861e-01,-6.370182214063824233e-01,-5.943006571209369371e-01,-7.050594438795585450e-01,-4.052200674189683216e-01,-4.052200586570209317e-01,-7.050594474625769825e-01,-5.943006592205446470e-01,-6.370182170343218209e-01,-6.226522533918863456e-01,-6.226522536401617458e-01,-6.370182158954074136e-01,-5.943006625343608684e-01,-7.050594438745659831e-01,-4.052200621858847995e-01
-3.702442167409546459e-01,-7.024630432095435584e-01,-5.731149366460858152e-01,-6.257466319194094906e-01,-6.073255983739531683e-01,-6.073256058101104138e-01,-6.257466270211944348e-01,-5.731149420521650661e-01,-7.024630358192063273e-01,-3.702442281190160278e-01,-3.702442143552199805e-01,-7.024630430896732225e-01,-5.731149429456006139e-01,-6.257466223604868372e-01,-6.073256067192446261e-01,-6.073256076794348868e-01,-6.257466199432247800e-01,-5.731149483661293065e-01,-7.024630375661945481e-01,-3.702442203453144565e-01
-3.363459535036537051e-01,-7.010529892062630219e-01,-5.521432829971142375e-01,-6.157108520209080282e-01,-5.926750725669415187e-01,-5.926750795246092940e-01,-6.157108466500921251e-01,-5.521432875412906061e-01,-7.010529842309860538e-01,-3.363459594808972941e-01,-3.363459537701199986e-01,-7.010529898238414548e-01,-5.521432841413363990e-01,-6.157108478834993903e-01,-5.926750776180877978e-01,-5.926750795078170597e-01,-6.157108455043152073e-01,-5.521432873809174469e-01,-7.010529867972101759e-01,-3.363459573351141874e-01
-3.035757420020449016e-01,-7.006682182434988970e-01,-5.314016065161700775e-01,-6.068343904076176631e-01,-5.786561241127183841e-01,-5.786561364981166466e-01,-6.068343803571983885e-01,-5.314016151480421835e-01,-7.006682103273547124e-01,-3.035757511901919781e-01,-3.035757430583373440e-01,-7.006682187049659838e-01,-5.314016083292700809e-01,-6.068343850978548115e-01,-5.786561313082190239e-01,-5.786561351503479722e-01,-6.068343807277473134e-01,-5.314016134077717002e-01,-7.006682142577811412e-01,-3.035757483635626031e-01
-2.719650613405945605e-01,-7.011576544995423710e-01,-5.109129752498453581e-01,-5.990334971966623234e-01,-5.652288181945921419e-01,-5.652288398768370303e-01,-5.990334789574883745e-01,-5.109129909948399995e-01,-7.011576421569958306e-01,-2.719650753833759982e-01,-2.719650644678422990e-01,-7.011576538071662146e-01,-5.109129788986608300e-01,-5.990334898607408975e-01,-5.652288285927095091e-01,-5.652288360214974272e-01,-5.990334821761941209e-01,-5.109129868504740379e-01,-7.011576474452191343e-01,-2.719650719495945168e-01
-2.415299679417195478e-01,-7.023822506732253501e-01,-4.907055422864881611e-01,-5.922205759518656132e-01,-5.523580327997534845e-01,-5.523580497948590295e-01,-5.922205596007683592e-01,-4.907055562642989588e-01,-7.023822433293447354e-01,-2.415299746600191866e-01,-2.415299727817141751e-01,-7.023822477718254520e-01,-4.907055456033343477e-01,-5.922205727196488967e-01,-5.523580373302405810e-01,-5.523580448857784431e-01,-5.922205661321697789e-01,-4.907055505675373963e-01,-7.023822448320382605e-01,-2.415299758199114522e-01
-2.122740354554007447e-01,-7.042160061843858454e-01,-4.708104586491556609e-01,-5.863070460243131610e-01,-5.400131655947457698e-01,-5.400131916714112634e-01,-5.863070207051264138e-01,-4.708104802249480358e-01,-7.042159962175728039e-01,-2.122740440865382716e-01,-2.122740436760962579e-01,-7.042160005471396200e-01,-4.708104647796712561e-01,-5.863070413821769300e-01,-5.400131717411631449e-01,-5.400131836777825045e-01,-5.863070313792434485e-01,-4.708104716300918202e-01,-7.042159972926311795e-01,-2.122740465139338062e-01
-1.841908168188635675e-01,-7.065462056911385735e-01,-4.512600120074871102e-01,-5.812055746549942281e-01,-5.281676771488519329e-01,-5.281676888726596353e-01,-5.812055621363041436e-01,-4.512600226091372790e-01,-7.065462028418912910e-01,-1.841908174991008784e-01,-1.841908212039360948e-01,-7.065462017487361690e-01,-4.512600154493113802e-01,-5.812055738186755471e-01,-5.281676778335518962e-01,-5.281676842077380751e-01,-5.812055687655016678e-01,-4.512600177065019258e-01,-7.065462017172610132e-01,-1.841908203487601092e-01
-1.572657858243046713e-01,-7.092732084449145935e-01,-4.320859300020400973e-01,-5.768319018945913257e-01,-5.167983807132416896e-01,-5.167983948723360310e-01,-5.768318869015427452e-01,-4.320859425117664632e-01,-7.092732058950190766e-01,-1.572657852440089155e-01,-1.572657913284594144e-01,-7.092732032215424143e-01,-4.320859343868368452e-01,-5.768319012638336574e-01,-5.167983812026916146e-01,-5.167983889791030183e-01,-5.768318950911184295e-01,-4.320859365393597828e-01,-7.092732039658136145e-01,-1.572657891283325282e-01
-1.314779831710005120e-01,-7.123098352388553822e-01,-4.133181041831714975e-01,-5.731060635656450852e-01,-5.058848626427416839e-01,-5.058848793138147615e-01,-5.731060463957939888e-01,-4.133181182969250522e-01,-7.123098332841140135e-01,-1.314779808223309476e-01,-1.314779898764516508e-01,-7.123098286477651531e-01,-4.133181093452470978e-01,-5.731060634022573375e-01,-5.058848629785541728e-01,-5.058848721107169766e-01,-5.731060560946518168e-01,-4.133181111776199623e-01,-7.123098303991949320e-01,-1.314779859915196636e-01
-1.068013311056322245e-01,-7.155805760628896062e-01,-3.949835584507812580e-01,-5.699532937041191794e-01,-4.954088460727105736e-01,-4.954088511732321898e-01,-5.699532889415128700e-01,-3.949835622060836049e-01,-7.155805768158007840e-01,-1.068013276410531426e-01,-1.068013329229612618e-01,-7.155805736249518656e-01,-3.949835598672840620e-01,-5.699532944623623143e-01,-4.954088453231193512e-01,-4.954088483368064844e-01,-5.699532919885080817e-01,-3.949835597923292418e-01,-7.155805750577433066e-01,-1.068013304043182732e-01
-8.320573942277245671e-02,-7.190206597446129333e-01,-3.771057309614348485e-01,-5.673045733266794954e-01,-4.853536439438150274e-01,-4.853536500709880741e-01,-5.673045682122166422e-01,-3.771057349125481184e-01,-7.190206610405264209e-01,-8.320573463263929159e-02,-8.320574161292532134e-02,-7.190206568821301270e-01,-3.771057324000841593e-01,-5.673045744486829856e-01,-4.853536432722188043e-01,-4.853536466550263384e-01,-5.673045715816829038e-01,-3.771057320798947288e-01,-7.190206587397316440e-01,-8.320573839432229835e-02
-6.065803658483957111e-02,-7.225750489054185710e-01,-3.597040842735921840e-01,-5.650968317650033601e-01,-4.757037646618361149e-01,-4.757037719683653298e-01,-5.650968263415836468e-01,-3.597040884240722547e-01,-7.225750508631748614e-01,-6.065803019552724190e-02,-6.065803914571439581e-02,-7.225750456199597771e-01,-3.597040857162572824e-01,-5.650968333041301861e-01,-4.757037642021804125e-01,-4.757037679147237963e-01,-5.650968300214641582e-01,-3.597040851217213064e-01,-7.225750478947797761e-01,-6.065803522222951161e-02
-3.912275350494402726e-02,-7.261974378128717156e-01,-3.427938937709270606e-01,-5.632729959492145388e-01,-4.664445443484980802e-01,-4.664445530073866308e-01,-5.632729902681415934e-01,-3.427938981437689270e-01,-7.261974405410687172e-01,-3.912274524275137499e-02,-3.912275631910582668e-02,-7.261974341539838562e-01,-3.427938952538716055e-01,-5.632729978887651701e-01,-4.664445442982986245e-01,-4.664445482652840314e-01,-5.632729941682508290e-01,-3.427938943694496254e-01,-7.261974368034973537e-01,-3.912275173553116103e-02
-1.856279570283755551e-02,-7.298492636057267724e-01,-3.263862559722883194e-01,-5.617818373007341659e-01,-4.575618981074687230e-01,-4.575619083741465642e-01,-5.617818314060384344e-01,-3.263862606202228012e-01,-7.298492671897438555e-01,-1.856278530490677176e-02,-1.856279853615289133e-02,-7.298492596702925717e-01,-3.263862576054506470e-01,-5.617818395188141078e-01,-4.575618987417231498e-01,-4.575619029001967708e-01,-5.617818353272895360e-01,-3.263862564193301119e-01,-7.298492626445507447e-01,-1.856279334920020105e-02
1.059981513450017083e-03,-7.334987645101369580e-01,-3.104882397507012781e-01,-5.605777045496708189e-01,-4.490421404053152044e-01,-4.490421526661535490e-01,-5.605776984551118503e-01,-3.104882447640930909e-01,-7.334987690252681158e-01,1.059994320647239530e-03,1.059978957910122366e-03,-7.334987604170126740e-01,-3.104882417215837354e-01,-5.605777068194723878e-01,-4.490421420467709535e-01,-4.490421464326234680e-01,-5.605777020998202742e-01,-3.104882401989606522e-01,-7.334987637222454282e-01,1.059984771399992854e-03
1.978428069946333578e-02,-7.371200973256807343e-01,-2.951031500753541481e-01,-5.596201719278557363e-01,-4.408718737997356918e-01,-4.408718797655023502e-01,-5.596201701145419038e-01,-2.951031511381345673e-01,-7.371201002671126101e-01,1.978428774881250268e-02,1.978428098523502682e-02,-7.371200965536555127e-01,-2.951031509010015319e-01,-5.596201719395648144e-01,-4.408718754826657649e-01,-4.408718768569735436e-01,-5.596201703137883010e-01,-2.951031502366079917e-01,-7.371200976504216351e-01,1.978428297278676112e-02
3.764894290894262724e-02,-7.406925353997590999e-01,-2.802308425771761202e-01,-5.588736560667683095e-01,-4.330378982856182279e-01,-4.330379054670203121e-01,-5.588736542390116968e-01,-2.802308437214471315e-01,-7.406925389017022798e-01,3.764895126864883229e-02,3.764894390119520595e-02,-7.406925349015297533e-01,-2.802308438060797657e-01,-5.588736555950708507e-01,-4.330379007162399319e-01,-4.330379022500434605e-01,-5.588736537925669268e-01,-2.802308429476548235e-01,-7.406925361018893428e-01,3.764894608846851981e-02
5.469259342389715811e-02,-7.441997236526289861e-01,-2.658681221296328445e-01,-5.583069753570175653e-01,-4.255272123460714928e-01,-4.255272209833129704e-01,-5.583069734999350775e-01,-2.658681233968346880e-01,-7.441997278235181756e-01,5.469260332590158979e-02,5.469259520474242797e-02,-7.441997234480883794e-01,-2.658681238772920841e-01,-5.583069742922799339e-01,-4.255272155353909680e-01,-4.255272175129078960e-01,-5.583069722580776828e-01,-2.658681227020605609e-01,-7.441997249563048200e-01,5.469259789025718299e-02
7.095334597956869105e-02,-7.476290275753557646e-01,-2.520091199606777632e-01,-5.578929385207884728e-01,-4.183269883073197359e-01,-4.183269986761455339e-01,-5.578929365958102959e-01,-2.520091213891801352e-01,-7.476290325946156612e-01,7.095335775914785037e-02,7.095334849808916655e-02,-7.476290276132011581e-01,-2.520091222979732870e-01,-5.578929368470090244e-01,-4.183269921773213884e-01,-4.183269950165044437e-01,-5.578929345019126851e-01,-2.520091206383683335e-01,-7.476290297522498740e-01,7.095335215746494117e-02
8.646856001738553732e-02,-7.509709486059760186e-01,-2.386456897253120824e-01,-5.576079266605615814e-01,-4.114245905778625145e-01,-4.114246029845295416e-01,-5.576079246099198139e-01,-2.386456913319535411e-01,-7.509709547347717118e-01,8.646857411366859480e-02,8.646856306742096987e-02,-7.509709487588627219e-01,-2.386456926416120061e-01,-5.576079244880174368e-01,-4.114245949674768532e-01,-4.114245991961637539e-01,-5.576079217332590154e-01,-2.386456903045651723e-01,-7.509709519554008672e-01,8.646856833236854500e-02
1.012746452991056534e-01,-7.542186104583892270e-01,-2.257677909014463857e-01,-5.574314951138775731e-01,-4.048076055711825605e-01,-4.048076116223466858e-01,-5.574314944763310020e-01,-2.257677909773762592e-01,-7.542186137959007164e-01,1.012746522709171842e-01,1.012746483607446790e-01,-7.542186115597206975e-01,-2.257677926838599358e-01,-5.574314927006902565e-01,-4.048076081596148068e-01,-4.048076100087212303e-01,-5.574314918881879688e-01,-2.257677915642553601e-01,-7.542186126961230030e-01,1.012746502019366973e-01
1.154069096302843822e-01,-7.573673207743785163e-01,-2.133638242876633728e-01,-5.573460155678702233e-01,-3.984638494772226869e-01,-3.984638565757124273e-01,-5.573460148608406772e-01,-2.133638243521550348e-01,-7.573673248697303517e-01,1.154069179788437538e-01,1.154069129823843687e-01,-7.573673219808123580e-01,-2.133638262920824202e-01,-5.573460129467572299e-01,-3.984638521375846176e-01,-3.984638549460747248e-01,-5.573460119610484931e-01,-2.133638247370934493e-01,-7.573673238203626479e-01,1.154069158688803692e-01
1.288994416298417101e-01,-7.604141753625004441e-01,-2.014209855322033060e-01,-5.573363193879299349e-01,-3.923814307308258753e-01,-3.923814390861857238e-01,-5.573363185541202469e-01,-2.014209855267626859e-01,-7.604141804555232254e-01,1.288994516784383593e-01,1.288994450336581887e-01,-7.604141765726031288e-01,-2.014209875759492008e-01,-5.573363167977939403e-01,-3.923814333797414622e-01,-3.923814373720351245e-01,-5.573363155948003467e-01,-2.014209855359476720e-01,-7.604141793183132325e-01,1.288994492745100251e-01
1.417850290342267117e-01,-7.633577354202994991e-01,-1.899255398132279615e-01,-5.573893992366903971e-01,-3.865487598526828883e-01,-3.865487697147796387e-01,-5.573893982200910369e-01,-1.899255396398963347e-01,-7.633577417941209697e-01,1.417850411431795243e-01,1.417850322282090403e-01,-7.633577365447050678e-01,-1.899255415849848694e-01,-5.573893970178623869e-01,-3.865487624849083259e-01,-3.865487677336728600e-01,-5.573893955665669697e-01,-1.899255390833691215e-01,-7.633577402944398127e-01,1.417850379859929288e-01
1.540951034190140290e-01,-7.661977446739975939e-01,-1.788630850684547191e-01,-5.574941283079350995e-01,-3.809545810565087010e-01,-3.809545926887811240e-01,-5.574941270738499322e-01,-1.788630845986272921e-01,-7.661977526179553077e-01,1.540951179341796817e-01,1.540951062187302656e-01,-7.661977456987199009e-01,-1.788630861125069527e-01,-5.574941268804307626e-01,-3.809545838339877255e-01,-3.809545900732613788e-01,-5.574941251904368400e-01,-1.788630832970150020e-01,-7.661977502985843902e-01,1.540951132974346660e-01
1.658597091925521072e-01,-7.689348914950951963e-01,-1.682187774390981327e-01,-5.576410121392508801e-01,-3.755879949462445633e-01,-3.755880085455551298e-01,-5.576410107075521205e-01,-1.682187765494003173e-01,-7.689349012176048825e-01,1.658597263301546665e-01,1.658597116787065562e-01,-7.689348925910719501e-01,-1.682187771890466255e-01,-5.576410119190795545e-01,-3.755879983037824776e-01,-3.755880046821837848e-01,-5.576410100756994392e-01,-1.682187743968434346e-01,-7.689348974180654217e-01,1.658597192088826500e-01
1.771074926196663790e-01,-7.715706087968037252e-01,-1.579775247565797791e-01,-5.578219687747940636e-01,-3.704384765888406594e-01,-3.704384921326752678e-01,-5.578219672523209161e-01,-1.579775234063413858e-01,-7.715706202716525741e-01,1.771075122631442789e-01,1.771074953922853190e-01,-7.715706104535844378e-01,-1.579775226834736757e-01,-5.578219699816718835e-01,-3.704384813101826435e-01,-3.704384861661187966e-01,-5.578219681935299157e-01,-1.579775204721400317e-01,-7.715706142001910184e-01,1.771075015141517217e-01
1.878657073603958172e-01,-7.741069067005099669e-01,-1.481241502575085800e-01,-5.580301352446246366e-01,-3.654958888130386274e-01,-3.654959058603410860e-01,-5.580301338245636789e-01,-1.481241485866149343e-01,-7.741069194871630366e-01,1.878657288139964354e-01,1.878657117172690683e-01,-7.741069097954123013e-01,-1.481241461597118114e-01,-5.580301376204033215e-01,-3.654958959520555051e-01,-3.654958968696501165e-01,-5.580301362467928739e-01,-1.481241452351946264e-01,-7.741069104621536301e-01,1.878657135578065129e-01
1.981602333618042167e-01,-7.765462334164420222e-01,-1.386435291346823639e-01,-5.582596980888461236e-01,-3.607504907964139695e-01,-3.607505084109251525e-01,-5.582596969846523871e-01,-1.386435275111851662e-01,-7.765462466167829536e-01,1.981602552952484164e-01,1.981602411362909932e-01,-7.765462390694423123e-01,-1.386435234440720476e-01,-5.582597007067027217e-01,-3.607505013459887389e-01,-3.607504957779794630e-01,-5.582597002073202974e-01,-1.386435244286280677e-01,-7.765462344265033900e-01,1.981602354624132645e-01
2.080156063165509162e-01,-7.788913602591680529e-01,-1.295207007830805335e-01,-5.585057454746268357e-01,-3.561929422494007902e-01,-3.561929592680188605e-01,-5.585057448243888611e-01,-1.295206997384290015e-01,-7.788913727899026140e-01,2.080156271961300374e-01,2.080156193245615015e-01,-7.788913694761968598e-01,-1.295206945655627551e-01,-5.585057469229768312e-01,-3.561929567379572004e-01,-3.561929429678209469e-01,-5.585057477041884821e-01,-1.295206977265816739e-01,-7.788913578478513511e-01,2.080156036801621144e-01
2.174550574573998474e-01,-7.811452883472351783e-01,-1.207409607474595747e-01,-5.587641396531256577e-01,-3.518143087049043216e-01,-3.518143147245290647e-01,-5.587641395075226836e-01,-1.207409605284222032e-01,-7.811452929651685473e-01,2.174550650810629926e-01,2.174550685177308040e-01,-7.811452956310294127e-01,-1.207409596750968761e-01,-5.587641370045366429e-01,-3.518143165690536533e-01,-3.518143068631963688e-01,-5.587641387111806912e-01,-1.207409616685497095e-01,-7.811452865770230902e-01,2.174550557629264247e-01
2.265005494215632520e-01,-7.833111673933339514e-01,-1.122899279525835653e-01,-5.590314017681298209e-01,-3.476060390714680315e-01,-3.476060434513212338e-01,-5.590314018233338844e-01,-1.122899285467090225e-01,-7.833111706952678999e-01,2.265005552855939297e-01,2.265005634559905667e-01,-7.833111763843310094e-01,-1.122899281931991483e-01,-5.590313971467647525e-01,-3.476060477171183383e-01,-3.476060352664795960e-01,-5.590313996222885384e-01,-1.122899305577829826e-01,-7.833111645429658987e-01,2.265005466102422704e-01
2.351728366609490695e-01,-7.853922394312171651e-01,-1.041536081938905234e-01,-5.593046198946236558e-01,-3.435599909208431058e-01,-3.435599936193949322e-01,-5.593046200525524370e-01,-1.041536096788527599e-01,-7.853922414356494519e-01,2.351728408615958998e-01,2.351728534818277316e-01,-7.853922499565550996e-01,-1.041536100570247814e-01,-5.593046130993833964e-01,-3.435599999667238169e-01,-3.435599854738429215e-01,-5.593046163063987164e-01,-1.041536125145939851e-01,-7.853922358096290246e-01,2.351728332287474632e-01
2.434915088744951661e-01,-7.873917850197028612e-01,-9.631842990197225784e-02,-5.595813641924617388e-01,-3.396684018564096741e-01,-3.396684029274699146e-01,-5.595813643467005827e-01,-9.631843229640577042e-02,-7.873917858264909420e-01,2.434915115960930854e-01,2.434915282865577624e-01,-7.873917969364836456e-01,-9.631843353732243151e-02,-5.595813551411256137e-01,-3.396684110496631659e-01,-3.396683950174453348e-01,-5.595813590550390293e-01,-9.631843589939093064e-02,-7.873917808310545441e-01,2.434915051257938168e-01
2.514750477426603292e-01,-7.893130856565508946e-01,-8.877127584480982991e-02,-5.598596173479724047e-01,-3.359238834073408064e-01,-3.359238819924204034e-01,-5.598596172688823369e-01,-8.877127705359522114e-02,-7.893130848414888767e-01,2.514750471769011120e-01,2.514750561819471542e-01,-7.893130905586653867e-01,-8.877127886120012024e-02,-5.598596120046608338e-01,-3.359238856829596664e-01,-3.359238805276046902e-01,-5.598596140392514409e-01,-8.877127921038779901e-02,-7.893130845238816029e-01,2.514750472791315028e-01
2.591408739520720816e-01,-7.911593873830167212e-01,-8.149950202944925004e-02,-5.601377077472269317e-01,-3.323194149657431873e-01,-3.323194127777535645e-01,-5.601377075746298839e-01,-8.149950355518556511e-02,-7.911593860751903184e-01,2.591408727886305163e-01,2.591408829562064087e-01,-7.911593925245067327e-01,-8.149950578010276003e-02,-5.601377015537370996e-01,-3.323194169024136224e-01,-3.323194117138387749e-01,-5.601377038598408520e-01,-8.149950593728733095e-02,-7.911593861320922461e-01,2.591408734797566726e-01
2.665054108165129110e-01,-7.929338838547397295e-01,-7.449095121238756556e-02,-5.604142649545740262e-01,-3.288483247897699968e-01,-3.288483218288248411e-01,-5.604142646546662609e-01,-7.449095304795674832e-02,-7.929338820720244208e-01,2.665054090899958705e-01,2.665054203649157571e-01,-7.929338892226560631e-01,-7.449095569833177888e-02,-5.604142578896659233e-01,-3.288483263813566371e-01,-3.288483211502236103e-01,-5.604142604906500180e-01,-7.449095565785096573e-02,-7.929338824460956392e-01,2.665054102765280764e-01
2.735841311058501146e-01,-7.946396932181060135e-01,-6.773395675124772863e-02,-5.606881696152163919e-01,-3.255042804048755567e-01,-3.255042766544523070e-01,-5.606881691560743342e-01,-6.773395889158490002e-02,-7.946396909650234042e-01,2.735841288331403720e-01,2.735841411909123444e-01,-7.946396988058468391e-01,-6.773396197640110805e-02,-5.606881616484801212e-01,-3.255042816483547652e-01,-3.255042763462986377e-01,-5.606881645700754202e-01,-6.773396174094106770e-02,-7.946396915963702678e-01,2.735841304201102053e-01
2.803916105920103985e-01,-7.962798455330256653e-01,-6.121734248749835516e-02,-5.609585161548932275e-01,-3.222812742276296438e-01,-3.222812696600752536e-01,-5.609585155046719063e-01,-6.121734492851566012e-02,-7.962798428046666821e-01,2.803916077778306759e-01,2.803916212139125341e-01,-7.962798513374014231e-01,-6.121734845681588849e-02,-5.609585072496890978e-01,-3.222812751219140126e-01,-3.222812697076858912e-01,-5.609585105205497912e-01,-6.121734803328683638e-02,-7.962798436324914908e-01,2.803916096700669325e-01
2.869415785638714800e-01,-7.978572729475479353e-01,-5.493041790554153286e-02,-5.612245798718040746e-01,-3.191736095893435987e-01,-3.191736041697971760e-01,-5.612245789975424115e-01,-5.493042064387565482e-02,-7.978572697320343021e-01,2.869415752049528368e-01,2.869415897254007364e-01,-7.978572789650315578e-01,-5.493042462603963533e-02,-5.612245699849836011e-01,-3.191736101382255941e-01,-3.191736045547758915e-01,-5.612245736407794894e-01,-5.493042401972790534e-02,-7.978572706930497915e-01,2.869415773037792827e-01
2.932469665695105476e-01,-7.993748030091690771e-01,-4.886296981510356019e-02,-5.614857888311381995e-01,-3.161758866635995813e-01,-3.161758803509163163e-01,-5.614857876993969432e-01,-4.886297284621543557e-02,-7.993747992898767585e-01,2.932469626573449006e-01,2.932469782761443766e-01,-7.993748092367467528e-01,-4.886297729057884065e-02,-5.614857779182059749e-01,-3.161758868702225778e-01,-3.161758810560737487e-01,-5.614857819943783745e-01,-4.886297651197272357e-02,-7.993748003167997496e-01,2.932469648587355260e-01
2.993199575541090063e-01,-8.008351564480479245e-01,-4.300524990827548494e-02,-5.617417011616803180e-01,-3.132829843808295767e-01,-3.132829803613774722e-01,-5.617417005869799196e-01,-4.300525120843423643e-02,-8.008351539386057150e-01,2.993199546458580329e-01,2.993199606087450504e-01,-8.008351576578199849e-01,-4.300525340438918209e-02,-5.617416964870531881e-01,-3.132829828936544714e-01,-3.132829821104897161e-01,-5.617416982363980793e-01,-4.300525270019934371e-02,-8.008351551367349774e-01,2.993199565573911869e-01
3.051720214045609003e-01,-8.022409374910954849e-01,-3.734796711632312055e-02,-5.619919796162208270e-01,-3.104900623952644989e-01,-3.104900578675193756e-01,-5.619919789179714797e-01,-3.734796852024246938e-02,-8.022409346759151738e-01,3.051720181536493604e-01,3.051720243552669132e-01,-8.022409385513029623e-01,-3.734797086952633405e-02,-5.619919745832110403e-01,-3.104900606182171008e-01,-3.104900598530756506e-01,-5.619919765162355585e-01,-3.734797008783066752e-02,-8.022409358466878748e-01,3.051720199938121603e-01
3.108139708627759568e-01,-8.035946443240744586e-01,-3.188226528414686567e-02,-5.622363814408597449e-01,-3.077925245798870391e-01,-3.077925195196548058e-01,-5.622363806068145786e-01,-3.188226678624861421e-02,-8.035946411889056673e-01,3.108139672575646051e-01,3.108139736743642523e-01,-8.035946452065776402e-01,-3.188226927556472162e-02,-5.622363760510507014e-01,-3.077925225072260518e-01,-3.077925217366120902e-01,-5.622363781825930884e-01,-3.188226842287927854e-02,-8.035946422912528808e-01,3.108139689609183964e-01
3.162559932292891007e-01,-8.048986626825112012e-01,-2.659971249129133505e-02,-5.624747387896673612e-01,-3.051860207219815879e-01,-3.051860150909762592e-01,-5.624747378039605117e-01,-2.659971409091116401e-02,-8.048986592053609668e-01,3.162559892505723558e-01,3.162559958879436195e-01,-8.048986633699003468e-01,-2.659971671217710443e-02,-5.624747330251457234e-01,-3.051860183477140276e-01,-3.051860175348780069e-01,-5.624747353795201965e-01,-2.659971579446118381e-02,-8.048986601958926235e-01,3.162559907492038525e-01
3.215076906985843141e-01,-8.061552692911697626e-01,-2.149228355607157859e-02,-5.627069472613025480e-01,-3.026664301465322726e-01,-3.026664239054298600e-01,-5.627069461077051082e-01,-2.149228525095614462e-02,-8.061552654493805425e-01,3.215076863267724017e-01,3.215076931843495744e-01,-8.061552697616369834e-01,-2.149228799106727220e-02,-5.627069411092999740e-01,-3.026664274632197005e-01,-3.026664265720173108e-01,-5.627069437100815641e-01,-2.149228701693467469e-02,-8.061552662797539792e-01,3.215076875450691429e-01
3.265781164287290261e-01,-8.073666342954075592e-01,-1.655234335474715587e-02,-5.629329551582350488e-01,-3.002298494424107678e-01,-3.002298425599030374e-01,-5.629329538224336904e-01,-1.655234513806219665e-02,-8.073666300699795517e-01,3.265781116479475887e-01,3.265781187029200838e-01,-8.073666345162123781e-01,-1.655234797284141357e-02,-5.629329486249323722e-01,-3.002298464426714220e-01,-3.002298454431272523e-01,-5.629329514912582155e-01,-1.655234695248432308e-02,-8.073666306893187983e-01,3.265781125052109601e-01
3.314758085218211803e-01,-8.085348242379177819e-01,-1.177263001107850884e-02,-5.631527543562735438e-01,-2.978725807007559512e-01,-2.978725731406792754e-01,-5.631527528227823209e-01,-1.177263187676724776e-02,-8.085348196069043203e-01,3.314758033135304371e-01,3.314758105480791750e-01,-8.085348241763150590e-01,-1.177263478007093724e-02,-5.631527474449210535e-01,-2.978725773774532626e-01,-2.978725762336075777e-01,-5.631527505999829319e-01,-1.177263372428310334e-02,-8.085348199599611263e-01,3.314758037225339904e-01
3.362088220092872559e-01,-8.096618054493796013e-01,-7.146238126377985403e-03,-5.633663725634380226e-01,-2.955911202250432468e-01,-2.955911119486129834e-01,-5.633663708161409378e-01,-7.146240067997355894e-03,-8.096618003889897164e-01,3.362088163529953766e-01,3.362088237508775723e-01,-8.096618050716450909e-01,-7.146243008365874005e-03,-5.633663652800500188e-01,-2.955911165699791066e-01,-2.955911152444660739e-01,-5.633663687483965177e-01,-7.146241929999117871e-03,-8.096618004178977035e-01,3.362088162222323651e-01
3.407847588909149184e-01,-8.107494477053807103e-01,-2.666602226729897565e-03,-5.635738667510258315e-01,-2.933821477808323808e-01,-2.933821387458319108e-01,-5.635738647727426276e-01,-2.666604237964220747e-03,-8.107494421893362002e-01,3.407847527635871621e-01,3.407847603107363454e-01,-8.107494469763736333e-01,-2.666607180056478066e-03,-5.635738591019460175e-01,-2.933821437862991210e-01,-2.933821422365737175e-01,-5.635738629120863319e-01,-2.666606092295594962e-03,-8.107494418326589569e-01,3.407847519957926674e-01
3.452107963220008569e-01,-8.117995280583175655e-01,1.672519460642116380e-03,-5.637753175890529711e-01,-2.912425163616108592e-01,-2.912425065222132847e-01,-5.637753153622406810e-01,1.672517386440031117e-03,-8.117995220580556115e-01,3.452107896984463187e-01,3.452107973820236486e-01,-8.117995269411832915e-01,1.672514483072114807e-03,-5.637753095827662264e-01,-2.912425120191601824e-01,-2.912425101999317478e-01,-5.637753137648084945e-01,1.672515564074536065e-03,-8.117995212494922841e-01,3.452107881888467067e-01
3.494937160630984252e-01,-8.128137371885197915e-01,5.877065105071813123e-03,-5.639708271398269357e-01,-2.891692373674148442e-01,-2.891692320442371678e-01,-5.639708263119040943e-01,5.877064201823045675e-03,-8.128137336233558496e-01,3.494937119024199568e-01,3.494937128557423223e-01,-8.128137341323576903e-01,5.877063270362180639e-03,-5.639708245930085129e-01,-2.891692341552509760e-01,-2.891692347700596799e-01,-5.639708261020154323e-01,5.877063809453259707e-03,-8.128137331285780753e-01,3.494937108494661215e-01
3.536399172730402274e-01,-8.137936737765993911e-01,9.952667810499466264e-03,-5.641605054672811370e-01,-2.871594914371086160e-01,-2.871594856550788166e-01,-5.641605045434414656e-01,9.952666875914117917e-03,-8.137936699085042136e-01,3.536399127782406948e-01,3.536399135581005382e-01,-8.137936703001236172e-01,9.952666049672608678e-03,-5.641605028809535405e-01,-2.871594879785239196e-01,-2.871594885282995335e-01,-5.641605045415989395e-01,9.952666572528842681e-03,-8.137936691197455996e-01,3.536399112443889825e-01
3.576554573605397191e-01,-8.147408626317033109e-01,1.390469497320117112e-02,-5.643444811211741907e-01,-2.852105902018221562e-01,-2.852105839311729341e-01,-5.643444800945796036e-01,1.390469400838267866e-02,-8.147408584407944687e-01,3.576554525105379856e-01,3.576554531027984485e-01,-8.147408587051078177e-01,1.390469331701599254e-02,-5.643444785098141736e-01,-2.852105864904980748e-01,-2.852105869495968338e-01,-5.643444803377171137e-01,1.390469381541182235e-02,-8.147408573198805515e-01,3.576554504359539255e-01
3.615460620264231428e-01,-8.156567492410844444e-01,1.773824648141649959e-02,-5.645228892688194389e-01,-2.833199873782074052e-01,-2.833199805867466781e-01,-5.645228881326919135e-01,1.773824548760938313e-02,-8.156567447059704934e-01,3.615460567982635154e-01,3.615460571908357124e-01,-8.156567448343901017e-01,1.773824496395576614e-02,-5.645228866489488961e-01,-2.833199834070571077e-01,-2.833199837491978679e-01,-5.645228886591083794e-01,1.773824542642422550e-02,-8.156567432121550887e-01,3.615460541193291077e-01
3.653171483931182961e-01,-8.165427058682273032e-01,2.145817224954389701e-02,-5.646958715413910035e-01,-2.814852662363504510e-01,-2.814852588897267527e-01,-5.646958702887265868e-01,2.145817122782650577e-02,-8.165427009657865165e-01,3.653171427617065703e-01,3.653171429451088081e-01,-8.165427009514115708e-01,2.145817090749896697e-02,-5.646958689308819723e-01,-2.814852619991045635e-01,-2.814852621945753697e-01,-5.646958711398815112e-01,2.145817132156159490e-02,-8.165426990569144561e-01,3.653171394123889693e-01
3.689738439484500643e-01,-8.174000352434485084e-01,2.506908524348646847e-02,-5.648635740486426249e-01,-2.797041322578386335e-01,-2.797041243194443028e-01,-5.648635726722193162e-01,2.506908419467496207e-02,-8.174000299486965382e-01,3.689738378863844925e-01,3.689738378538415242e-01,-8.174000297863227571e-01,2.506908411520115260e-02,-5.648635714658341023e-01,-2.797041277504661583e-01,-2.797041277633591783e-01,-5.648635738937016759e-01,2.506908446908626825e-02,-8.174000275814502503e-01,3.689738337984306282e-01
3.725210042510178621e-01,-8.182299741323165732e-01,2.857537390781600406e-02,-5.650261457221990025e-01,-2.779744062149844819e-01,-2.779743976455915089e-01,-5.650261442149070445e-01,2.857537283281635920e-02,-8.182299684183201860e-01,3.725209977283115426e-01,3.725209974767673127e-01,-8.182299681051945495e-01,2.857537303397593431e-02,-5.650261431866895334e-01,-2.779744014338780822e-01,-2.779744012259151575e-01,-5.650261458534191483e-01,2.857537331268985431e-02,-8.182299655473252997e-01,3.725209928303525597e-01
3.759632294740857250e-01,-8.190336967698268467e-01,3.198121399833141199e-02,-5.651837369368568620e-01,-2.762940176513130064e-01,-2.762940084091045634e-01,-5.651837352916135870e-01,3.198121289785227361e-02,-8.190336906075008638e-01,3.759632224580074511e-01,3.759632219891558269e-01,-8.190336901441406248e-01,3.198121342204054973e-02,-5.651837344695801457e-01,-2.762940125941677483e-01,-2.762940121230441637e-01,-5.651837373964715416e-01,3.198121360874806030e-02,-8.190336871865362411e-01,3.759632166769661943e-01
3.793048798661255994e-01,-8.198123181558809591e-01,3.529057983370733481e-02,-5.653364983710681413e-01,-2.746609987434650568e-01,-2.746609887839366326e-01,-5.653364965808727050e-01,3.529057870829804822e-02,-8.198123115138594708e-01,3.793048723209396234e-01,3.793048716414672006e-01,-8.198123109041126622e-01,3.529057959899048469e-02,-5.653364959930201605e-01,-2.746609934108374396e-01,-2.746609926274392044e-01,-5.653364992043838910e-01,3.529057967656518136e-02,-8.198123074961618517e-01,3.793048655823818560e-01
3.825500901964934419e-01,-8.205668972064243949e-01,3.850725497774390438e-02,-5.654845800686706392e-01,-2.730734785248736252e-01,-2.730734678004852478e-01,-5.654845781269406402e-01,3.850725382812719699e-02,-8.205668900509548447e-01,3.825500820830650128e-01,3.825500812065435463e-01,-8.205668893034772093e-01,3.850725513123744864e-02,-5.654845778027439707e-01,-2.730734729171909736e-01,-2.730734717717863136e-01,-5.654845813208134730e-01,3.850725507676697190e-02,-8.205668853887144731e-01,3.825500743108913859e-01
3.857027856607950222e-01,-8.212984417696129746e-01,4.163484882622588146e-02,-5.656281349376981460e-01,-2.715296727211671257e-01,-2.715296672876120754e-01,-5.656281343686383467e-01,4.163484821337193331e-02,-8.212984378166112709e-01,3.857027809464357304e-01,3.857027779643360521e-01,-8.212984356947300446e-01,4.163484902360190670e-02,-5.656281349050746865e-01,-2.715296694547210121e-01,-2.715296698421631461e-01,-5.656281359254218266e-01,4.163484892981218072e-02,-8.212984352764012286e-01,3.857027767681038832e-01
3.887666848973963529e-01,-8.220079034788736472e-01,4.467678083752908008e-02,-5.657673013896296066e-01,-2.700278972708556324e-01,-2.700278914266021069e-01,-5.657673007748036387e-01,4.467678019477833162e-02,-8.220078992313217814e-01,3.887666798338357266e-01,3.887666766339938906e-01,-8.220078969596855689e-01,4.467678123055679462e-02,-5.657673014911558385e-01,-2.700278938614886215e-01,-2.700278940720779453e-01,-5.657673026135994210e-01,4.467678106243719305e-02,-8.220078963447392528e-01,3.887666751117807018e-01
3.917453261187892610e-01,-8.226961924274589499e-01,4.763632700277474485e-02,-5.659022274842063771e-01,-2.685665359939358732e-01,-2.685665297132376339e-01,-5.659022268220932350e-01,4.763632632858222360e-02,-8.226961878664127426e-01,3.917453206824806355e-01,3.917453172759653990e-01,-8.226961854533224594e-01,4.763632761103418767e-02,-5.659022277340661766e-01,-2.685665324483695326e-01,-2.685665324470526416e-01,-5.659022289680788464e-01,4.763632735899592935e-02,-8.226961846130470546e-01,3.917453153842301306e-01
3.946420686162800395e-01,-8.233641718195565673e-01,5.051660394855884972e-02,-5.660330544051459523e-01,-2.671440541503925514e-01,-2.671440474061937409e-01,-5.660330536945864521e-01,5.051660324147599912e-02,-8.233641669250515438e-01,3.946420627822057603e-01,3.946420591849080783e-01,-8.233641643823983447e-01,5.051660479164163386e-02,-5.660330548179077770e-01,-2.671440504764386881e-01,-2.671440502266639871e-01,-5.660330561716250264e-01,5.051660444344507894e-02,-8.233641632850517977e-01,3.946420568760152792e-01
3.974601054315388682e-01,-8.240126623842523035e-01,5.332058308085015075e-02,-5.661599201143161508e-01,-2.657589897392418354e-01,-2.657589825035363562e-01,-5.661599193543127573e-01,5.332058233917152945e-02,-8.240126571352951457e-01,3.974600991732446520e-01,3.974600954072072256e-01,-8.240126544796761987e-01,5.332058417912735604e-02,-5.661599207057625982e-01,-2.657589859456988002e-01,-2.657589854099061122e-01,-5.661599221861598474e-01,5.332058372042387112e-02,-8.240126530910282243e-01,3.974600926301807280e-01
4.002024729961184413e-01,-8.246424446899276450e-01,5.605109826580750160e-02,-5.662829591214471048e-01,-2.644099495048107817e-01,-2.644099417488674497e-01,-5.662829583111474996e-01,5.605109748757058918e-02,-8.246424390645210600e-01,4.002024662857436299e-01,4.002024623779847912e-01,-8.246424363161732884e-01,5.605109963659805905e-02,-5.662829599050192009e-01,-2.644099456053409236e-01,-2.644099447379701928e-01,-5.662829615221640633e-01,5.605109905498825013e-02,-8.246424346003240480e-01,4.002024590792434555e-01
4.028720601460099027e-01,-8.252542613305253738e-01,5.871085308182195928e-02,-5.664023023135063006e-01,-2.630956051825920072e-01,-2.630955968765938957e-01,-5.664023014526879951e-01,5.871085226526112644e-02,-8.252542553059287744e-01,4.028720529545030682e-01,4.028720489389818193e-01,-8.252542524903643262e-01,5.871085474209180449e-02,-5.664023033032135057e-01,-2.630956011915921433e-01,-2.630955999472198714e-01,-5.664023050646053159e-01,5.871085402176497159e-02,-8.252542504085340624e-01,4.028720450612859327e-01
4.054716165591640831e-01,-8.258488189927722933e-01,6.130242767035332108e-02,-5.665180768383965004e-01,-2.618146899687119333e-01,-2.618146810824564241e-01,-5.665180759271422062e-01,6.130242681369152402e-02,-8.258488125455557549e-01,4.054716088561820531e-01,4.054716047735109630e-01,-8.258488096931793088e-01,6.130242963386968447e-02,-5.665180780461818166e-01,-2.618146859045343833e-01,-2.618146842324149404e-01,-5.665180799602536066e-01,6.130242875904733102e-02,-8.258488072047557305e-01,4.054716002570560862e-01
4.080037606512909587e-01,-8.264267904073272497e-01,6.382828520171041076e-02,-5.666304060306716073e-01,-2.605659952012420733e-01,-2.605659857042983418e-01,-5.666304050695367689e-01,6.382828430287129651e-02,-8.264267835135621354e-01,4.080037524058600651e-01,4.080037483039568591e-01,-8.264267806604459476e-01,6.382828747959537474e-02,-5.666304074671606461e-01,-2.605659910854333794e-01,-2.605659889313013400e-01,-5.666304095425620524e-01,6.382828643447480133e-02,-8.264267777233282875e-01,4.080037430871049642e-01
4.104709869708734193e-01,-8.269888161906455704e-01,6.629077798020593937e-02,-5.667394093750730555e-01,-2.593483672384121475e-01,-2.593483571006643951e-01,-5.667394083650185710e-01,6.629077703704394642e-02,-8.269888088261756476e-01,4.104709781513290467e-01,4.104709740864732059e-01,-8.269888060147589925e-01,6.629078058102588766e-02,-5.667394110499053284e-01,-2.593483630946081808e-01,-2.593483604036764811e-01,-5.667394132930084760e-01,6.629077934732487132e-02,-8.269888025849797542e-01,4.104709681054576342e-01
4.128756731250410317e-01,-8.275355065828569057e-01,6.869215320575514094e-02,-5.668452024996630811e-01,-2.581607045231870678e-01,-2.581606937147839509e-01,-5.668452014424604224e-01,6.869215221641400415e-02,-8.275354987237448778e-01,4.128756636996023799e-01,4.128756597355189850e-01,-8.275354960020502304e-01,6.869215613306134394e-02,-5.668452044194484118e-01,-2.581607003785746923e-01,-2.581606970928414513e-01,-5.668452068364455698e-01,6.869215469261197304e-02,-8.275354920350634913e-01,4.128756529260776409e-01
4.152200862684266025e-01,-8.280674430859400470e-01,7.103455841064190701e-02,-5.669478971931056765e-01,-2.570019548211265326e-01,-2.570019433134392850e-01,-5.669478960909996035e-01,7.103455737302666329e-02,-8.280674347086831588e-01,4.152200762056378891e-01,4.152200724140399091e-01,-8.280674321309200447e-01,7.103456166306823527e-02,-5.669478993615340023e-01,-2.570019507066468867e-01,-2.570019467653828493e-01,-5.669479019582970292e-01,7.103455999798949372e-02,-8.280674275819609464e-01,4.152200647120921628e-01
4.175063891861435783e-01,-8.285851800086412311e-01,7.332004659138231795e-02,-5.670476014429695066e-01,-2.558711126219080922e-01,-2.558711003878272883e-01,-5.670476002989202069e-01,7.332004550356163719e-02,-8.285851710907317091e-01,4.175063784553980639e-01,4.175063749159793614e-01,-8.285851687172125501e-01,7.332005016236774197e-02,-5.670476038609343350e-01,-2.558711085707633393e-01,-2.558711039137876453e-01,-5.670476066411674898e-01,7.332004825397013537e-02,-8.285851635419597683e-01,4.175063662587190083e-01
4.197366472990239350e-01,-8.290892474073264795e-01,7.555058920621540719e-02,-5.671444263830202059e-01,-2.547672122972839404e-01,-2.547672065302074573e-01,-5.671444261441549450e-01,7.555058863931035651e-02,-8.290892429546217191e-01,4.197366417983946496e-01,4.197366380143920939e-01,-8.290892403924106091e-01,7.555059064261100688e-02,-5.671444282274182846e-01,-2.547672103639948560e-01,-2.547672086110119860e-01,-5.671444286828851711e-01,7.555058951381951604e-02,-8.290892392509711106e-01,4.197366359136552871e-01
4.219128287404371735e-01,-8.295801465000054442e-01,7.772804844860618789e-02,-5.672384591364859618e-01,-2.536893432023526462e-01,-2.536893370907838952e-01,-5.672384588866017374e-01,7.772804784715275916e-02,-8.295801417915819043e-01,4.219128229174604616e-01,4.219128192543227795e-01,-8.295801393384134581e-01,7.772805002077617931e-02,-5.672384611385662412e-01,-2.536893413452405155e-01,-2.536893392044741180e-01,-5.672384616262375889e-01,7.772804875734905250e-02,-8.295801379223028960e-01,4.219128167521478678e-01
4.240368173800044826e-01,-8.300583599221211806e-01,7.985422951150668303e-02,-5.673298032071041330e-01,-2.526366216772175100e-01,-2.526366152140803734e-01,-5.673298029466138370e-01,7.985422887394100222e-02,-8.300583549533460115e-01,4.240368112279998547e-01,4.240368077365836985e-01,-8.300583526484134334e-01,7.985423121163948146e-02,-5.673298053642670258e-01,-2.526366199175424931e-01,-2.526366173579007168e-01,-5.673298058832085822e-01,7.985422980597466081e-02,-8.300583509374619418e-01,4.240368048064455109e-01
4.261104121475393081e-01,-8.305243469588641236e-01,8.193085302951169657e-02,-5.674185520368820734e-01,-2.516082060420015698e-01,-2.516081992218217600e-01,-5.674185517664940281e-01,8.193085235457253646e-02,-8.305243417267424988e-01,4.261104056618033598e-01,4.261104023961005405e-01,-8.305243396115755683e-01,8.193085484657897100e-02,-5.674185543441052637e-01,-2.516082044009551044e-01,-2.516082013940154627e-01,-5.674185548919098432e-01,8.193085329087462787e-02,-8.305243375867310540e-01,4.261103990134320618e-01
4.281353328197700092e-01,-8.309785461927186034e-01,8.395956674667064135e-02,-5.675047956440357755e-01,-2.506032904593272215e-01,-2.506032832788033793e-01,-5.675047953643631571e-01,8.395956603305709809e-02,-8.309785406959433463e-01,4.281353259976631853e-01,4.281353230140853006e-01,-8.309785388138301032e-01,8.395956866585241318e-02,-5.675047980930405522e-01,-2.506032889594041468e-01,-2.506032854768113771e-01,-5.675047986682096868e-01,8.395956695449413587e-02,-8.309785364580505318e-01,4.281353191572531691e-01
4.301132241800412759e-01,-8.314213765864832961e-01,8.594194914766357940e-02,-5.675886207197184952e-01,-2.496211031213683706e-01,-2.496210955794868069e-01,-5.675886204313722594e-01,8.594194839407001685e-02,-8.314213708256268376e-01,4.301132170213436967e-01,4.301132143780124761e-01,-8.314213692211757101e-01,8.594195115114403039e-02,-5.675886232997185976e-01,-2.496211017845406110e-01,-2.496210978014787862e-01,-5.675886238997550626e-01,8.594194927906959047e-02,-8.314213665193928016e-01,4.301132100285033899e-01
4.320456599282810339e-01,-8.318532385038607257e-01,8.787951288692390228e-02,-5.676701107274901847e-01,-2.486609045404581386e-01,-2.486608966389090569e-01,-5.676701104309456181e-01,8.787951209202329861e-02,-8.318532324815067769e-01,4.320456524353291083e-01,4.320456501911170699e-01,-8.318532311998415585e-01,8.787951495389431655e-02,-5.676701134252390979e-01,-2.486609033875225028e-01,-2.486608988839479617e-01,-5.676701140463142892e-01,8.787951291671848575e-02,-8.318532281396764372e-01,4.320456453344695413e-01
4.339341463581166125e-01,-8.322745146717621667e-01,8.977370802770361091e-02,-5.677493460043288032e-01,-2.477219859377208233e-01,-2.477219776804331364e-01,-5.677493457001451249e-01,8.977370719030294821e-02,-8.322745083926088583e-01,4.339341385360411807e-01,4.339341367491085233e-01,-8.322745074783395314e-01,8.977371013445936687e-02,-5.677493488037557157e-01,-2.477219849887872249e-01,-2.477219799476966522e-01,-5.677493494425167597e-01,8.977370792983684067e-02,-8.322745040503540803e-01,4.339341313751657325e-01
4.357801258159159641e-01,-8.326855710875522565e-01,9.162592510338631036e-02,-5.678264038635616462e-01,-2.468036677219212494e-01,-2.468036591155040871e-01,-5.678264035521506381e-01,9.162592422240600776e-02,-8.326855645583527421e-01,4.357801176723992143e-01,4.357801163992065518e-01,-8.326855640546328985e-01,9.162592722326950989e-02,-5.678264067459509734e-01,-2.468036669953748707e-01,-2.468036614047539046e-01,-5.678264073982166593e-01,9.162592485018666855e-02,-8.326855602528360212e-01,4.357801105027541144e-01
4.375849799561573605e-01,-8.330867578743497148e-01,9.343749800913589421e-02,-5.679013586964164473e-01,-2.459052980552078327e-01,-2.459052891084135273e-01,-5.679013583782828167e-01,9.343749708380189034e-02,-8.330867511039260487e-01,4.375849715015860952e-01,4.375849707956119827e-01,-8.330867510515850283e-01,9.343750011336446337e-02,-5.679013616407937448e-01,-2.459052975675569686e-01,-2.459052914198479600e-01,-5.679013623024535828e-01,9.343749757263764000e-02,-8.330867468734912684e-01,4.375849643764134766e-01
4.393500328066547445e-01,-8.334784100877775659e-01,9.520970673646408922e-02,-5.679742820741283671e-01,-2.450262514980938722e-01,-2.450262422222502234e-01,-5.679742817494476403e-01,9.520970576591072931e-02,-8.334784030867787852e-01,4.393500240538215085e-01,4.393500239646610517e-01,-8.334784035236175725e-01,9.520970879467965942e-02,-5.679742850576867674e-01,-2.450262512636143808e-01,-2.450262445563283209e-01,-5.679742857246345977e-01,9.520970608901513366e-02,-8.334783989704457330e-01,4.393500170276662953e-01
4.410765536560361522e-01,-8.338608484771117269e-01,9.694377995868747044e-02,-5.680452428486678640e-01,-2.441659277306445497e-01,-2.441659181394320310e-01,-5.680452425173631026e-01,9.694377894204939117e-02,-8.338608412579010531e-01,4.410765446200581863e-01,4.410765451923881475e-01,-8.338608422179500934e-01,9.694378193998939852e-02,-5.680452458476510369e-01,-2.441659277601888889e-01,-2.441659204977713327e-01,-5.680452465146796914e-01,9.694377907280804507e-02,-8.338608372943799862e-01,4.410765377474664128e-01
4.434306340658488166e-01,-8.343812277571323044e-01,9.930902592910796634e-02,-5.681413910223965802e-01,-2.429921464876630965e-01,-2.429921364804905892e-01,-5.681413906819710036e-01,9.930902484734571711e-02,-8.343812202560652036e-01,4.434306246626886217e-01,4.434306262239886554e-01,-8.343812219962635224e-01,9.930902774917607645e-02,-5.681413940003882113e-01,-2.429921469005050516e-01,-2.429921388752519507e-01,-5.681413946607802856e-01,9.930902466660862515e-02,-8.343812165693775817e-01,4.434306180944514453e-01
4.496434726238178192e-01,-8.357485758905079942e-01,1.055560178368997182e-01,-5.683916423638905036e-01,-2.398901939398914440e-01,-2.398901829564601962e-01,-5.683916419934039732e-01,1.055560165700002440e-01,-8.357485677667205737e-01,4.496434624021478643e-01,4.496434669676047102e-01,-8.357485718676949116e-01,1.055560188982815756e-01,-5.683916450251361718e-01,-2.398901954361886690e-01,-2.398901854800638278e-01,-5.683916456213284896e-01,1.055560153001969259e-01,-8.357485651914711156e-01,4.496434571731710572e-01
4.562583172847998747e-01,-8.371945503959494772e-01,1.122144085127720625e-01,-5.686521708495186900e-01,-2.365809195301631085e-01,-2.365809148152208663e-01,-5.686521706248931496e-01,1.122144077720085009e-01,-8.371945471000057371e-01,4.562583131218133081e-01,4.562583157065526196e-01,-8.371945495044722518e-01,1.122144086232939042e-01,-5.686521722561046488e-01,-2.365809210010412778e-01,-2.365809158237008880e-01,-5.686521717153190103e-01,1.122144065454022677e-01,-8.371945469097769044e-01,4.562583120991322572e-01
4.633134881732833832e-01,-8.387252238362268297e-01,1.193237407119388804e-01,-5.689227981345337248e-01,-2.330438313624828284e-01,-2.330438263913545138e-01,-5.689227978036727196e-01,1.193237398155726214e-01,-8.387252205456375842e-01,4.633134840165215040e-01,4.633134885223578747e-01,-8.387252244400649204e-01,1.193237401177509316e-01,-5.689227989940316421e-01,-2.330438332805719881e-01,-2.330438274286744105e-01,-5.689227984144459294e-01,1.193237379624191158e-01,-8.387252213709561754e-01,4.633134843367633926e-01
4.708520185582355522e-01,-8.403471596904015239e-01,1.269284233377886428e-01,-5.692031020882704073e-01,-2.292557925175819911e-01,-2.292557873492264420e-01,-5.692031016287097955e-01,1.269284222724914035e-01,-8.403471564786337833e-01,4.708520145079013175e-01,4.708520208023538878e-01,-8.403471617518722958e-01,1.269284218369665651e-01,-5.692031021749990316e-01,-2.292557946970401050e-01,-2.292557884851661454e-01,-5.692031015759229096e-01,1.269284197191160035e-01,-8.403471583904915665e-01,4.708520162897025241e-01
4.789223316517219886e-01,-8.420674188174772645e-01,1.350783902009041193e-01,-5.694922900467320748e-01,-2.251906276102670079e-01,-2.251906222423832871e-01,-5.694922894368352750e-01,1.350783889521838532e-01,-8.420674157052074893e-01,4.789223277424585756e-01,4.789223355328803833e-01,-8.420674221267342441e-01,1.350783876872298228e-01,-5.694922892172636919e-01,-2.251906298243134263e-01,-2.251906235511683396e-01,-5.694922886200206591e-01,1.350783857011469413e-01,-8.420674186516214910e-01,4.789223309309504351e-01
4.875790246520038673e-01,-8.438935581313861123e-01,1.438298884241677178e-01,-5.697890730707640961e-01,-2.208186453970798491e-01,-2.208186397564209091e-01,-5.697890722870846414e-01,1.438298869712786032e-01,-8.438935550853641221e-01,4.875790208503645307e-01,4.875790298210505580e-01,-8.438935624116943313e-01,1.438298848809164698e-01,-5.697890712644615441e-01,-2.208186474283903022e-01,-2.208186413033692563e-01,-5.697890706883739220e-01,1.438298830843255938e-01,-8.438935589488568700e-01,4.875790252921154977e-01
4.968837678165137217e-01,-8.458336059374769178e-01,1.532463669802859585e-01,-5.700914886941316206e-01,-2.161060840751309886e-01,-2.161060780239159318e-01,-5.700914877086622479e-01,1.532463652930488585e-01,-8.458336028830024667e-01,4.968837640364098251e-01,4.968837739529600173e-01,-8.458336109376457523e-01,1.532463624541982594e-01,-5.700914859108904276e-01,-2.161060857385860845e-01,-2.161060798615145884e-01,-5.700914853714410535e-01,1.532463608704799363e-01,-8.458336075443600999e-01,4.968837695663289589e-01
5.069063307802360585e-01,-8.478960047569756853e-01,1.633994783766681558e-01,-5.703966642965281331e-01,-2.110144637387397770e-01,-2.110144570831674338e-01,-5.703966630737378196e-01,1.633994764132404853e-01,-8.478960015888395985e-01,5.069063268974218772e-01,5.069063376502078722e-01,-8.478960102955457323e-01,1.633994729543205293e-01,-5.703966605739203555e-01,-2.110144648799626710e-01,-2.110144592544324349e-01,-5.703966600829153411e-01,1.633994715828283040e-01,-8.478960069662059285e-01,5.069063333932479765e-01
5.177257441039507802e-01,-8.500895073069036911e-01,1.743701948560225645e-01,-5.707005018692300480e-01,-2.054998328170825062e-01,-2.054998253027743027e-01,-5.707005003640137630e-01,1.743701925615897264e-01,-8.500895038899702882e-01,5.177257399579678898e-01,5.177257515599790194e-01,-8.500895132715728941e-01,1.743701886473493223e-01,-5.707004972674956100e-01,-2.054998332995689736e-01,-2.054998278505381082e-01,-5.707004968331974570e-01,1.743701874721902967e-01,-8.500895099473443350e-01,5.177257473530888499e-01
5.294315967165235115e-01,-8.524230064618927294e-01,1.862500310776879775e-01,-5.709972593961599729e-01,-1.995118956820237377e-01,-1.995118869756589142e-01,-5.709972575501496284e-01,1.862500283811336366e-01,-8.524230026201999877e-01,5.294315920990485536e-01,5.294316046195145509e-01,-8.524230127454399675e-01,1.862500241414423163e-01,-5.709972539339825959e-01,-1.995118953779527193e-01,-1.995118899552732472e-01,-5.709972535604826982e-01,1.862500231359320579e-01,-8.524230093164090194e-01,5.294316003211446686e-01
5.421254560501469477e-01,-8.549052742581024766e-01,1.991423494137751493e-01,-5.712789977267561659e-01,-1.929930108728291904e-01,-1.929930005277172844e-01,-5.712789954613199939e-01,1.991423462209983009e-01,-8.549052697583687799e-01,5.421254506872670298e-01,5.421254640044482764e-01,-8.549052805328736238e-01,1.991423414230000799e-01,-5.712789910802913429e-01,-1.929930096650226135e-01,-1.929930040249958623e-01,-5.712789907639407305e-01,1.991423405484996911e-01,-8.549052768261775626e-01,5.421254593991264858e-01
5.559223729403413028e-01,-8.575445788203183151e-01,2.131636985916632310e-01,-5.715348554959612803e-01,-1.858770548749650864e-01,-1.858770423178850717e-01,-5.715348526936205875e-01,2.131636947703257623e-01,-8.575445733879202281e-01,5.559223665159248595e-01,5.559223797195941286e-01,-8.575445840354869453e-01,2.131636879536053242e-01,-5.715348461813961611e-01,-1.858770526816418411e-01,-1.858770464547184198e-01,-5.715348459052719265e-01,2.131636871563154512e-01,-8.575445797951045668e-01,5.559223744979375770e-01
5.709523908509336332e-01,-8.603481430131303398e-01,2.284450970934960856e-01,-5.717501102505477828e-01,-1.780881572974588045e-01,-1.780881419070296234e-01,-5.717501067280387206e-01,2.284450924554207729e-01,-8.603481364357440375e-01,5.709523831350317158e-01,5.709523942894343396e-01,-8.603481452793452222e-01,2.284450805755872393e-01,-5.717500952416108007e-01,-1.780881540902049809e-01,-1.780881467953080721e-01,-5.717500949709717339e-01,2.284450797883507689e-01,-8.603481401705037612e-01,5.709523880602699331e-01
5.873619087635424396e-01,-8.633214091926709743e-01,2.451331159282275629e-01,-5.719049872962281844e-01,-1.695393326605675322e-01,-1.695393139922442283e-01,-5.719049828126538948e-01,2.451331102509468063e-01,-8.633214014824002192e-01,5.873618998031877592e-01,5.873619070618867344e-01,-8.633214069132761903e-01,2.451330906034229762e-01,-5.719049638031513672e-01,-1.695393284603594619e-01,-1.695393196346250686e-01,-5.719049634924198156e-01,2.451330897643512197e-01,-8.633214006017680964e-01,5.873618994531664139e-01
6.053146310902780547e-01,-8.664670877933270399e-01,2.633905374859764614e-01,-5.719731986693216141e-01,-1.601310654514246923e-01,-1.601310440166323901e-01,-5.719731930050874213e-01,2.633905306204235020e-01,-8.664670796775952866e-01,6.053146217750795532e-01,6.053146233753906591e-01,-8.664670801672904599e-01,2.633905017211905508e-01,-5.719731650738487660e-01,-1.601310604617336431e-01,-1.601310501659836405e-01,-5.719731646957719740e-01,2.633905008259010971e-01,-8.664670726457784911e-01,6.053146144244212490e-01
6.249916368517135501e-01,-8.697839975368737431e-01,2.833962488700114690e-01,-5.719202308138141566e-01,-1.497499460269866023e-01,-1.497499371034553273e-01,-5.719202270288897827e-01,2.833962445871150981e-01,-8.697839962588405083e-01,6.249916355181507344e-01,6.249916290150059339e-01,-8.697839900227432031e-01,2.833962186959579355e-01,-5.719202021757439081e-01,-1.497499435164430515e-01,-1.497499401427143384e-01,-5.719202021561781146e-01,2.833962185590301330e-01,-8.697839872338604117e-01,6.249916257532697195e-01
6.465898768000184482e-01,-8.732658725397826061e-01,3.053440558401383509e-01,-5.717016351041532829e-01,-1.382675550696263467e-01,-1.382675491293426928e-01,-5.717016300511763571e-01,3.053440503869389033e-01,-8.732658754939599532e-01,6.465898803995095978e-01,6.465898677211160406e-01,-8.732658637485291031e-01,3.053440168035360669e-01,-5.717015978182798941e-01,-1.382675520875832065e-01,-1.382675524980413184e-01,-5.717015982246187455e-01,3.053440172612588710e-01,-8.732658629968421682e-01,6.465898668663511151e-01
6.703177449999583315e-01,-8.769003312924292803e-01,3.294397606554659297e-01,-5.712614884644906521e-01,-1.255396798645402323e-01,-1.255396764120456643e-01,-5.712614836696380261e-01,3.294397555307099212e-01,-8.769003357970365231e-01,6.703177502481488803e-01,6.703177405360767338e-01,-8.769003267393520318e-01,3.294397304931638293e-01,-5.712614594978153715e-01,-1.255396765509080304e-01,-1.255396798475624798e-01,-5.712614603276910952e-01,3.294397314004786081e-01,-8.769003277443986333e-01,6.703177416961885182e-01
6.963861239088059429e-01,-8.806689387510389100e-01,3.558969389353508483e-01,-5.705322218493382724e-01,-1.114059453376807923e-01,-1.114059398998628186e-01,-5.705322145238627130e-01,3.558969311333137209e-01,-8.806689456321316056e-01,6.963861317686995678e-01,6.963861216986902969e-01,-8.806689361832209517e-01,3.558969052537701572e-01,-5.705321893653171328e-01,-1.114059396755079645e-01,-1.114059455551234812e-01,-5.705321909542704351e-01,3.558969069608563518e-01,-8.806689376806657865e-01,6.963861234224965058e-01
7.249923105699662695e-01,-8.845495448748307288e-01,3.849328232093550128e-01,-5.694365688629272615e-01,-9.568847923414769419e-02,-9.568847040786643277e-02,-5.694365583846926482e-01,3.849328121554257409e-01,-8.845495541301547915e-01,7.249923209502763255e-01,7.249923131712786573e-01,-8.845495467471566897e-01,3.849327916467223387e-01,-5.694365383019500682e-01,-9.568847024848452232e-02,-9.568847935513619118e-02,-5.694365412150744765e-01,3.849327947197689892e-01,-8.845495480595506610e-01,7.249923146854083678e-01
7.562955777148386849e-01,-8.885231672189941587e-01,4.167738634943681797e-01,-5.678924195264459795e-01,-7.818271196859884198e-02,-7.818269887527164175e-02,-5.678924054287864953e-01,4.167738487800292657e-01,-8.885231790758952863e-01,7.562955907510371389e-01,7.562955871436676247e-01,-8.885231755489407801e-01,4.167738393880333625e-01,-5.678923960629350676e-01,-7.818269834462672485e-02,-7.818271247226836473e-02,-5.678924014264510323e-01,4.167738448879746427e-01,-8.885231762328316130e-01,7.562955878408259558e-01
