-1.000000000000002220e+00,-1.000000000000002220e+00,-1.000000000000002220e+00,-1.000000000000002220e+00,-1.000000000000002220e+00,-1.000000000000002220e+00,-1.000000000000002220e+00,-1.000000000000002220e+00,-1.000000000000002220e+00,-1.000000000000002220e+00,-1.000000000000002220e+00,-1.000000000000002220e+00,-1.000000000000002220e+00,-1.000000000000002220e+00,-1.000000000000002220e+00,-1.000000000000002220e+00,-1.000000000000002220e+00,-1.000000000000002220e+00,-1.000000000000002220e+00,-1.000000000000002220e+00
-9.976112590542716152e-01,-9.976158452790421238e-01,-9.976159874862524646e-01,-9.976160000018519103e-01,-9.976160022517357451e-01,-9.976160028408586067e-01,-9.976160030126006717e-01,-9.976160030125054146e-01,-9.976160028409072345e-01,-9.976160022516409320e-01,-9.976160000019912433e-01,-9.976159874861273424e-01,-9.976158452791763498e-01,-9.976112590541316161e-01,-9.976112587529285536e-01,-9.976158443307202583e-01,-9.976159842643702591e-01,-9.976159842645248021e-01,-9.976158443305103152e-01,-9.976112587529425424e-01
-9.952496303881179784e-01,-9.952677211334688412e-01,-9.952682496661805489e-01,-9.952682967736738995e-01,-9.952683053789018741e-01,-9.952683076481657620e-01,-9.952683083122542129e-01,-9.952683083120937857e-01,-9.952683076485898672e-01,-9.952683053785833511e-01,-9.952682967738684106e-01,-9.952682496658055156e-01,-9.952677211336768970e-01,-9.952496303876674499e-01,-9.952496292188063309e-01,-9.952677174727756482e-01,-9.952682373088265200e-01,-9.952682373097865298e-01,-9.952677174728724596e-01,-9.952496292189587646e-01
-9.929145204983440554e-01,-9.929546658632573131e-01,-9.929557679860389063e-01,-9.929558678432198748e-01,-9.929558863791125845e-01,-9.929558912995695152e-01,-9.929558927446949790e-01,-9.929558927443800087e-01,-9.929558913011939936e-01,-9.929558863781283717e-01,-9.929558678431716912e-01,-9.929557679849255747e-01,-9.929546658636395629e-01,-9.929145204968766736e-01,-9.929145179447969038e-01,-9.929546579099942649e-01,-9.929557412974855390e-01,-9.929557413013740952e-01,-9.929546579118395666e-01,-9.929145179455037828e-01
-9.906053554733509348e-01,-9.906757539857946604e-01,-9.906775646109355904e-01,-9.906777320824325939e-01,-9.906777636655877961e-01,-9.906777721013679816e-01,-9.906777745876188535e-01,-9.906777745869365104e-01,-9.906777721056144737e-01,-9.906777636630970107e-01,-9.906777320815131072e-01,-9.906775646085254072e-01,-9.906757539866742901e-01,-9.906053554693893259e-01,-9.906053510650798533e-01,-9.906757403246502225e-01,-9.906775190226324579e-01,-9.906775190332369752e-01,-9.906757403306486465e-01,-9.906053510668062501e-01
-9.883215801246710841e-01,-9.884300944765237462e-01,-9.884327003330215522e-01,-9.884329475462486636e-01,-9.884329948951708911e-01,-9.884330076152650912e-01,-9.884330113769800308e-01,-9.884330113756616409e-01,-9.884330076238626583e-01,-9.884329948902423890e-01,-9.884329475432751533e-01,-9.884327003288904123e-01,-9.884300944783237508e-01,-9.883215801162930081e-01,-9.883215734328377744e-01,-9.884300738400636499e-01,-9.884326318258330746e-01,-9.884326318480706197e-01,-9.884300738538250863e-01,-9.883215734361341376e-01
-9.860626571669505180e-01,-9.862168291145008148e-01,-9.862202726104670747e-01,-9.862206094491768882e-01,-9.862206749359336833e-01,-9.862206926250615124e-01,-9.862206978721959061e-01,-9.862206978700498450e-01,-9.862206926389419648e-01,-9.862206749283072282e-01,-9.862206094430386871e-01,-9.862202726048148183e-01,-9.862168291176357515e-01,-9.860626571529570450e-01,-9.860626478014081764e-01,-9.862168003689215645e-01,-9.862201776486245741e-01,-9.862201776854611079e-01,-9.862168003931408578e-01,-9.860626478064832279e-01
-9.838280664426757305e-01,-9.840351309259725010e-01,-9.840394137282146847e-01,-9.840398482695139615e-01,-9.840399339631819009e-01,-9.840399572322618971e-01,-9.840399641498689398e-01,-9.840399641471160308e-01,-9.840399572488607305e-01,-9.840399339545274904e-01,-9.840398482608782027e-01,-9.840394137224374171e-01,-9.840351309301229588e-01,-9.838280664253860053e-01,-9.838280540505258687e-01,-9.840350930591709178e-01,-9.840392892038720696e-01,-9.840392892489974175e-01,-9.840350930902249660e-01,-9.838280540564173782e-01
-9.816173041898286211e-01,-9.818842027149845553e-01,-9.818892890694044251e-01,-9.818898279694713294e-01,-9.818899356750067087e-01,-9.818899650674580704e-01,-9.818899738195647764e-01,-9.818899738166354529e-01,-9.818899650830320569e-01,-9.818899356674267720e-01,-9.818898279603339718e-01,-9.818892890647199501e-01,-9.818842027193944721e-01,-9.816173041730632542e-01,-9.816172884513642005e-01,-9.818841548238584904e-01,-9.818891322497910190e-01,-9.818891322931955212e-01,-9.818841548548079556e-01,-9.816172884567976320e-01
-9.794298823489003825e-01,-9.797632756791961883e-01,-9.797690954901033811e-01,-9.797697443267785467e-01,-9.797698756181902890e-01,-9.797699116148449461e-01,-9.797699223496353360e-01,-9.797699223467452034e-01,-9.797699116277247544e-01,-9.797698756125285957e-01,-9.797697443184798516e-01,-9.797690954867038782e-01,-9.797632756834565582e-01,-9.794298823345561900e-01,-9.794298629726739813e-01,-9.797632169576748762e-01,-9.797689039717302206e-01,-9.797689040085872936e-01,-9.797632169846381966e-01,-9.794298629770856746e-01
-9.772653279058270970e-01,-9.776716081073673070e-01,-9.776780597931115091e-01,-9.776788233687216945e-01,-9.776789796157006052e-01,-9.776790226412197526e-01,-9.776790354926444548e-01,-9.776790354897670898e-01,-9.776790226514667781e-01,-9.776789796118975362e-01,-9.776788233615956170e-01,-9.776780597906693515e-01,-9.776716081114898982e-01,-9.772653278939873456e-01,-9.772653046261052801e-01,-9.776715378371683141e-01,-9.776778314661155322e-01,-9.776778314963182615e-01,-9.776715378595798311e-01,-9.772653046294871304e-01
-9.751231822695349827e-01,-9.756084841493299908e-01,-9.756154372921249651e-01,-9.756163198992767738e-01,-9.756165022892693273e-01,-9.756165527183795483e-01,-9.756165678064806501e-01,-9.756165678034824928e-01,-9.756165527265645565e-01,-9.756165022870710857e-01,-9.756163198931990799e-01,-9.756154372902734462e-01,-9.756084841535133112e-01,-9.751231822596669874e-01,-9.751231548447867326e-01,-9.756084016921633406e-01,-9.756151703104948281e-01,-9.756151703354750682e-01,-9.756084017107001793e-01,-9.751231548472717447e-01
-9.730030006819306854e-01,-9.735732126532727904e-01,-9.735805104589546621e-01,-9.735815161133642981e-01,-9.735817256702403721e-01,-9.735817838329628993e-01,-9.735818012645582886e-01,-9.735818012612896810e-01,-9.735817838395688373e-01,-9.735817256694988542e-01,-9.735815161081526892e-01,-9.735805104574223323e-01,-9.735732126577487655e-01,-9.730030006735349568e-01,-9.730029688932376741e-01,-9.735731174436378366e-01,-9.735802032145352003e-01,-9.735802032355883595e-01,-9.735731174589742354e-01,-9.730029688949053401e-01
-9.709043516583533151e-01,-9.715651260670093992e-01,-9.715725876487490975e-01,-9.715737202928136362e-01,-9.715739578925377540e-01,-9.715740240786038262e-01,-9.715740439483254720e-01,-9.715740439446529653e-01,-9.715740240839164654e-01,-9.715739578932455212e-01,-9.715737202883597545e-01,-9.715725876473418898e-01,-9.715651260719955218e-01,-9.709043516511232097e-01,-9.709043153076919452e-01,-9.715650176055138365e-01,-9.715722387487050193e-01,-9.715722387666108073e-01,-9.715650176179767561e-01,-9.709043153085319400e-01
-9.688268164563257345e-01,-9.695835793990609242e-01,-9.695910018979438938e-01,-9.695922655781408217e-01,-9.695925319617736404e-01,-9.695926064244941855e-01,-9.695926288159315565e-01,-9.695926288117326930e-01,-9.695926064286819468e-01,-9.695925319640176232e-01,-9.695922655743905993e-01,-9.695910018965033794e-01,-9.695835794047701350e-01,-9.688268164500791757e-01,-9.688267753648482916e-01,-9.695834572462909140e-01,-9.695906101454697668e-01,-9.695906101606819316e-01,-9.695834572559764997e-01,-9.688267753647918923e-01
-9.667699885710462349e-01,-9.676279492358447198e-01,-9.676351097902523568e-01,-9.676365088110701063e-01,-9.676368045954308883e-01,-9.676368875551757398e-01,-9.676369125419889139e-01,-9.676369125371208080e-01,-9.676368875584071549e-01,-9.676368045993429812e-01,-9.676365088079302845e-01,-9.676351097886354280e-01,-9.676279492425203799e-01,-9.667699885655672842e-01,-9.667699425774247679e-01,-9.676278130067728078e-01,-9.676346741681930430e-01,-9.676346741812139607e-01,-9.676278130138498135e-01,-9.667699425763961463e-01
-9.647334732558202619e-01,-9.656976328112865104e-01,-9.657042903861287053e-01,-9.657058294428588763e-01,-9.657061551291712398e-01,-9.657062467765689107e-01,-9.657062744234364837e-01,-9.657062744176959646e-01,-9.657062467790400451e-01,-9.657061551349110928e-01,-9.657058294401545950e-01,-9.657042903841847048e-01,-9.656976328192159453e-01,-9.647334732507989452e-01,-9.647334222147802008e-01,-9.656974821702212219e-01,-9.657038100431906136e-01,-9.657038100547143955e-01,-9.656974821750734517e-01,-9.647334222127377235e-01
-9.627168870661212408e-01,-9.637920471256010702e-01,-9.637979442115501838e-01,-9.637996285041429134e-01,-9.637999844849554076e-01,-9.638000849838292972e-01,-9.638001153472133264e-01,-9.638001153403494836e-01,-9.638000849857227825e-01,-9.637999844927257476e-01,-9.637996285016432463e-01,-9.637979442091429982e-01,-9.637920471350970297e-01,-9.627168870611797491e-01,-9.627168308471811820e-01,-9.637918817816411021e-01,-9.637974184507486219e-01,-9.637974184615597517e-01,-9.637918817847870301e-01,-9.627168308440979816e-01
-9.607198574257513890e-01,-9.619106281099271127e-01,-9.619154923020720727e-01,-9.619173276320276411e-01,-9.619177141967139022e-01,-9.619178236867552689e-01,-9.619178568155967168e-01,-9.619178568073142310e-01,-9.619178236882095501e-01,-9.619177142067663056e-01,-9.619173276294756825e-01,-9.619154922990774681e-01,-9.619106281213143372e-01,-9.607198574204856012e-01,-9.607197959120790109e-01,-9.619104478128143176e-01,-9.619149205710049166e-01,-9.619149205818825488e-01,-9.619104478148284842e-01,-9.607197959079373240e-01
-9.587420222140109471e-01,-9.600528298342284605e-01,-9.600563752987767430e-01,-9.600583681508891853e-01,-9.600587854899507168e-01,-9.600589040891497339e-01,-9.600589400255303829e-01,-9.600589400154830866e-01,-9.600589040902602900e-01,-9.600587855025913830e-01,-9.600583681480068243e-01,-9.600563752950752594e-01,-9.600528298478475664e-01,-9.587420222079924281e-01,-9.587419553013467599e-01,-9.600526343705402255e-01,-9.600557571814340996e-01,-9.600557571931507272e-01,-9.600526343720510170e-01,-9.587419552961409241e-01
-9.567830293724560731e-01,-9.582181237557062525e-01,-9.582200525927051515e-01,-9.582222102032517119e-01,-9.582226584116130264e-01,-9.582227862184898859e-01,-9.582228249982159829e-01,-9.582228249860179625e-01,-9.582227862193050116e-01,-9.582226584272064418e-01,-9.582222101997511787e-01,-9.582200525881886533e-01,-9.582181237719052946e-01,-9.567830293652416218e-01,-9.567829569681391977e-01,-9.582179129453675115e-01,-9.582193878026197265e-01,-9.582193878159149802e-01,-9.582179129470360657e-01,-9.567829569618713226e-01
-9.408670009053121674e-01,-9.437164684735526166e-01,-9.436901952668643734e-01,-9.436945252311336185e-01,-9.436953297498866799e-01,-9.436955688806325515e-01,-9.436956424214599792e-01,-9.436956423246953829e-01,-9.436955688663180020e-01,-9.436953298760419884e-01,-9.436945251948274382e-01,-9.436901952366726354e-01,-9.437164685744899861e-01,-9.408670008402829632e-01,-9.408668596078100244e-01,-9.437160708947595067e-01,-9.436889813694273599e-01,-9.436889814560909251e-01,-9.437160709396431590e-01,-9.408668595764443365e-01
-9.217419289788730818e-01,-9.269583193083159589e-01,-9.268399926774837372e-01,-9.268495773670484272e-01,-9.268507925886912968e-01,-9.268511948005442314e-01,-9.268513193262986061e-01,-9.268513191868877898e-01,-9.268511947165405385e-01,-9.268507928614324598e-01,-9.268495773348757183e-01,-9.268399925752115465e-01,-9.269583194977184526e-01,-9.217419289428480100e-01,-9.217416812924307257e-01,-9.269576471451755895e-01,-9.268380829524458520e-01,-9.268380828945146366e-01,-9.269576469786890982e-01,-9.217416811541951915e-01
-8.993472959167572167e-01,-9.082609554022069709e-01,-9.079132989837180867e-01,-9.079373155334984347e-01,-9.079385835048434661e-01,-9.079392168772201233e-01,-9.079394073577641278e-01,-9.079394072552405826e-01,-9.079392167692827975e-01,-9.079385837682533156e-01,-9.079373154743636265e-01,-9.079132988611862132e-01,-9.082609555842897642e-01,-8.993472958770639680e-01,-8.993469010103534167e-01,-9.082599069430026262e-01,-9.079109428700576911e-01,-9.079109427711223868e-01,-9.082599067518881686e-01,-8.993469008576417956e-01
-8.737502376876363774e-01,-8.880977547017855356e-01,-8.872659793361682423e-01,-8.873285485831079455e-01,-8.873280328477386458e-01,-8.873290632886658980e-01,-8.873293219114763986e-01,-8.873293215639566078e-01,-8.873290627243917150e-01,-8.873280340650867570e-01,-8.873285482005223157e-01,-8.872659787480572380e-01,-8.880977555419539149e-01,-8.737502374664236626e-01,-8.737496656644776483e-01,-8.880961521788564017e-01,-8.872648226429887819e-01,-8.872648221235864829e-01,-8.880961512344590636e-01,-8.737496648882947525e-01
-8.451445687927028327e-01,-8.670550099715914616e-01,-8.653185191474875859e-01,-8.654742556432135636e-01,-8.654659679330327648e-01,-8.654679857765071871e-01,-8.654682649748408618e-01,-8.654682651079629307e-01,-8.654679855031699454e-01,-8.654659683886751775e-01,-8.654742553969838603e-01,-8.653185188019003604e-01,-8.670550104297187755e-01,-8.451445686415448577e-01,-8.451438484612007196e-01,-8.670523131500522673e-01,-8.653239971981947498e-01,-8.653239969902876139e-01,-8.670523127317811829e-01,-8.451438480991395608e-01
-8.138342795556634535e-01,-8.457706185847477798e-01,-8.425001524515917106e-01,-8.428568835991633312e-01,-8.428251852425600044e-01,-8.428301727025149237e-01,-8.428302299082238713e-01,-8.428302303356882685e-01,-8.428301726134417304e-01,-8.428251852053483262e-01,-8.428568835478977839e-01,-8.425001522952140220e-01,-8.457706187901870010e-01,-8.138342794457600338e-01,-8.138336598978432868e-01,-8.457651213247954214e-01,-8.425261781700901231e-01,-8.425261782362565288e-01,-8.457651213920691635e-01,-8.138336598942216282e-01
-7.802056047029979347e-01,-8.248688547296065821e-01,-8.191990984223049832e-01,-8.199458257032061770e-01,-8.198560384694557612e-01,-8.198695794264179160e-01,-8.198685596572464762e-01,-8.198685610221826403e-01,-8.198695791436704239e-01,-8.198560382898063548e-01,-8.199458256962772751e-01,-8.191990978997422124e-01,-8.248688553714769167e-01,-7.802056043631070414e-01,-7.802060265679919837e-01,-8.248559245403795925e-01,-8.192756975352275539e-01,-8.192756978190749440e-01,-8.248559246463373906e-01,-7.802060266123813648e-01
-7.446938472222150995e-01,-8.049048203098262411e-01,-7.957293731535797221e-01,-7.971652689195892760e-01,-7.969500950253463056e-01,-7.969855475358087471e-01,-7.969809965448824141e-01,-7.969809978347388579e-01,-7.969855472454472345e-01,-7.969500945874929965e-01,-7.971652693386126476e-01,-7.957293728106686892e-01,-8.049048206904019231e-01,-7.446938469029840135e-01,-7.446980635126210224e-01,-8.048737947603193943e-01,-7.959131764065150438e-01,-7.959131768010394570e-01,-8.048737951056759155e-01,-7.446980638628344362e-01
-7.077509705908597848e-01,-7.863271641978440973e-01,-7.723175048428455591e-01,-7.748766860290831060e-01,-7.744193716339801137e-01,-7.745045267250684207e-01,-7.744904532588412494e-01,-7.744904561630154838e-01,-7.745045259902683110e-01,-7.744193704274140444e-01,-7.748766875161687828e-01,-7.723175038236353984e-01,-7.863271651792868022e-01,-7.077509697427859514e-01,-7.077657418236755760e-01,-7.862568063678943009e-01,-7.727040487230328880e-01,-7.727040496626080834e-01,-7.862568069162765294e-01,-7.077657428087960056e-01
-6.698182500331018030e-01,-7.694613053140040293e-01,-7.491061593652319495e-01,-7.533736525237311188e-01,-7.524899973402393583e-01,-7.526762118106985477e-01,-7.526399076088832185e-01,-7.526399130529162207e-01,-7.526762104025919164e-01,-7.524899943208170905e-01,-7.533736567701654341e-01,-7.491061566716831210e-01,-7.694613076500016469e-01,-6.698182479139997980e-01,-6.698579576546745962e-01,-7.693141546594448599e-01,-7.498422489396918689e-01,-7.498422508140164533e-01,-7.693141553007158961e-01,-6.698579599337967094e-01
-6.313060648995147961e-01,-7.545103065920520935e-01,-7.261684896533906475e-01,-7.328847234255331244e-01,-7.313066266922234604e-01,-7.316797460638820860e-01,-7.315972920772675359e-01,-7.315972938198433972e-01,-7.316797453730039535e-01,-7.313066247893855731e-01,-7.328847271914620265e-01,-7.261684879718889318e-01,-7.545103080453465783e-01,-6.313060630082267810e-01,-6.313977815290028328e-01,-7.542267090414400688e-01,-7.274626782626569810e-01,-7.274626791768058487e-01,-7.542267091553567226e-01,-6.313977828387540292e-01
-5.925810529658274151e-01,-7.415680136269615641e-01,-7.035268388946344098e-01,-7.135803199359581628e-01,-7.109434242256058578e-01,-7.116352009933335498e-01,-7.114659471635732535e-01,-7.114659470859691082e-01,-7.116352012751965272e-01,-7.109434205859492817e-01,-7.135803272136633790e-01,-7.035268357026087660e-01,-7.415680165518839795e-01,-5.925810489906955247e-01,-5.927706501462736144e-01,-7.410608256749071643e-01,-7.056564135088514433e-01,-7.056564146255732695e-01,-7.410608257775579411e-01,-5.927706514898039014e-01
-5.539596636510025762e-01,-7.306387784415880882e-01,-6.811710093229808027e-01,-6.955808686470230651e-01,-6.914180230374340486e-01,-6.926164939029493262e-01,-6.922971472483084865e-01,-6.922971433886040415e-01,-6.926164959765814810e-01,-6.914180218445378223e-01,-6.955808712270600269e-01,-6.811710081100676994e-01,-7.306387797929927430e-01,-5.539596614813733222e-01,-5.543181598101309948e-01,-7.297896546802333795e-01,-6.844845951465217126e-01,-6.844845949779537753e-01,-7.297896546714041088e-01,-5.543181589825008082e-01
-5.157066906316380983e-01,-7.216590983291477635e-01,-6.590734874403435528e-01,-6.789646241778179991e-01,-6.727059703692169768e-01,-6.746632940906729381e-01,-6.741024295883244477e-01,-6.741024196409384217e-01,-6.746632998276931303e-01,-6.727059688971976925e-01,-6.789646266399071983e-01,-6.590734867052756574e-01,-7.216590998895164866e-01,-5.157066877175551234e-01,-5.163357693223666889e-01,-7.203169944284670834e-01,-6.639890401185144508e-01,-6.639890387873328415e-01,-7.203169952190209280e-01,-5.163357663826302346e-01
-4.780372396958951775e-01,-7.145180553332751705e-01,-6.372006773641343269e-01,-6.637746586887329769e-01,-6.547540236789946011e-01,-6.577907687887538657e-01,-6.568645296028793323e-01,-6.568645228589172769e-01,-6.577907735631431940e-01,-6.547540231573996117e-01,-6.637746574410882117e-01,-6.372006779059841142e-01,-7.145180551621894693e-01,-4.780372396432556736e-01,-4.790730172271662202e-01,-7.125001788435900707e-01,-6.441992856343528029e-01,-6.441992837044283604e-01,-7.125001797225146705e-01,-4.790730153319492368e-01
-4.411208910686555407e-01,-7.090748462278549935e-01,-6.155203113870139076e-01,-6.500248580165398637e-01,-6.374915549833615191e-01,-6.419968749564346489e-01,-6.405465319097558563e-01,-6.405465214105050542e-01,-6.419968829557856083e-01,-6.374915541872457903e-01,-6.500248552252635426e-01,-6.155203133585492870e-01,-7.090748448716637231e-01,-4.411208924163074196e-01,-4.427352262855094867e-01,-7.061698953777422183e-01,-6.251366277767149704e-01,-6.251366235609876476e-01,-7.061698971853266338e-01,-4.427352238304768650e-01
-4.050869894635180102e-01,-7.051727557983886729e-01,-5.940057910941716202e-01,-6.377050735047269381e-01,-6.208397168407158162e-01,-6.272674950197125732e-01,-6.250991088116912842e-01,-6.250990941496996633e-01,-6.272675069232294121e-01,-6.208397154395226547e-01,-6.377050689701233566e-01,-5.940057953378098388e-01,-7.051727522923278979e-01,-4.050869934890632962e-01,-4.074861103352800384e-01,-7.011460436740484248e-01,-6.068160527268503524e-01,-6.068160448182088329e-01,-7.011460467238661565e-01,-4.074861081581887534e-01
-3.700303685281706723e-01,-7.026496350239391786e-01,-5.726382431647463189e-01,-6.267855565687628916e-01,-6.047184389713893271e-01,-6.135798522931561472e-01,-6.104661128528280356e-01,-6.104661089845753175e-01,-6.135798567876422638e-01,-6.047184365304729692e-01,-6.267855552514403072e-01,-5.726382448274829340e-01,-7.026496319784958366e-01,-3.700303728182688934e-01,-3.734509644095517222e-01,-6.972495056501866184e-01,-5.892469328824776476e-01,-5.892469284478200064e-01,-6.972495073934352749e-01,-3.734509650297384020e-01
-3.360169607217798893e-01,-7.013453145158438096e-01,-5.514070707221863099e-01,-6.172208295070683581e-01,-5.890514350121618392e-01,-6.009047192272914950e-01,-5.965887411923325168e-01,-5.965887371769862391e-01,-6.009047243227709778e-01,-5.890514311685223214e-01,-6.172208287852740671e-01,-5.514070729128938142e-01,-7.013453096058510638e-01,-3.360169678218173916e-01,-3.407202684759332856e-01,-6.943102187217868870e-01,-5.724331688546596686e-01,-5.724331626105504389e-01,-6.943102212571244936e-01,-3.407202701029640735e-01
-3.030890613939565270e-01,-7.011064885755690090e-01,-5.303096115756475992e-01,-6.089530401539706705e-01,-5.737695596616083638e-01,-5.892078707405732363e-01,-5.834084753444626070e-01,-5.834084711253165745e-01,-5.892078762746733034e-01,-5.737695540526734916e-01,-6.089530404998166890e-01,-5.303096142438120664e-01,-7.011064811605836056e-01,-3.030890724341623876e-01,-3.093535444878597884e-01,-6.921721775247391406e-01,-5.563731729179836050e-01,-5.563731644579477109e-01,-6.921721810737245795e-01,-3.093535474407178576e-01
-2.712699949287371015e-01,-7.017896918638996118e-01,-5.093502795430020491e-01,-6.019149211955132639e-01,-5.588127879614027682e-01,-5.784510661990936997e-01,-5.708691294238119607e-01,-5.708691303728246069e-01,-5.784510670697002865e-01,-5.588127837625853633e-01,-6.019149234815287519e-01,-5.093502791197455082e-01,-7.017896874673601459e-01,-2.712700021464213851e-01,-2.793833828824324739e-01,-6.906960290822639070e-01,-5.410599814665474350e-01,-5.410599786840262215e-01,-6.906960311277766662e-01,-2.793833831946757607e-01
-2.405681386331355864e-01,-7.032628780692841142e-01,-4.885394885662997511e-01,-5.960323672637102277e-01,-5.441311432590679731e-01,-5.685928011481222732e-01,-5.589181526059794347e-01,-5.589181542097073629e-01,-5.685928019462935801e-01,-5.441311377925972526e-01,-5.960323707629817669e-01,-4.885394875243332380e-01,-7.032628719416211815e-01,-2.405681488785522126e-01,-2.508194708492137437e-01,-6.897599171599787526e-01,-5.264815681651155987e-01,-5.264815646274054739e-01,-6.897599198144033217e-01,-2.508194711438949676e-01
-2.109803497386236459e-01,-7.054059881170466895e-01,-4.678925152128954323e-01,-5.912266686915015335e-01,-5.296848457610555672e-01,-5.595889638978592817e-01,-5.475073641696702742e-01,-5.475073666399974393e-01,-5.595889647715839299e-01,-5.296848388298469601e-01,-5.912266736926372612e-01,-4.678925133317065610e-01,-7.054059797705856116e-01,-2.109803638674867532e-01,-2.236525095533454799e-01,-6.892591289511067476e-01,-5.126213236015815244e-01,-5.126213188185907432e-01,-6.892591321764084400e-01,-2.236525100232906738e-01
-1.824947422782164930e-01,-7.081109022255730467e-01,-4.474283854110560066e-01,-5.874164480675114763e-01,-5.154438878707670035e-01,-5.513934460779519320e-01,-5.365932898743559498e-01,-5.365932935828507944e-01,-5.513934471963310990e-01,-5.154438792194792063e-01,-5.874164550090634762e-01,-4.474283824314965186e-01,-7.081108910765560038e-01,-1.824947613100536825e-01,-1.978578979484790501e-01,-6.891049838911069703e-01,-4.994587089619120235e-01,-4.994587022000870902e-01,-6.891049876476729175e-01,-1.978578988583074572e-01
-1.550929467014213192e-01,-7.112809716589905129e-01,-4.271688324483927657e-01,-5.845193148039113940e-01,-5.013872343302320234e-01,-5.439587495850936039e-01,-5.261371946105080077e-01,-5.261371982874138986e-01,-5.439587495411897233e-01,-5.013872295434244064e-01,-5.845193191991291393e-01,-4.271688297454834804e-01,-7.112809660670253997e-01,-1.550929563837911140e-01,-1.733990996989988598e-01,-6.892233047282334546e-01,-4.869699746818662578e-01,-4.869699727100853526e-01,-6.892233071565840863e-01,-1.733990967359151925e-01
-1.287518631836313543e-01,-7.148303434786715815e-01,-4.071373524240977648e-01,-5.824532573473124586e-01,-4.875017950206078643e-01,-5.372365844476669761e-01,-5.161048990715799700e-01,-5.161049039527465521e-01,-5.372365845000943718e-01,-4.875017891859784180e-01,-5.824532630141132650e-01,-4.071373488826156573e-01,-7.148303363705936775e-01,-1.287518754495263762e-01,-1.502306206045548875e-01,-6.895527052741587948e-01,-4.751289240590594876e-01,-4.751289206095866136e-01,-6.895527085138479784e-01,-1.502306165718265973e-01
-1.034450706461830793e-01,-7.186831391647319212e-01,-3.873583460237183251e-01,-5.811378177567951830e-01,-4.737812639999380293e-01,-5.311784512516387613e-01,-5.064664787814932012e-01,-5.064664852642912773e-01,-5.311784513734281177e-01,-4.737812569434063370e-01,-5.811378250937440093e-01,-3.873583414426238214e-01,-7.186831302563638779e-01,-1.034450860105351339e-01,-1.283006062955160675e-01,-6.900428686954362956e-01,-4.639076102761656717e-01,-4.639076041310710163e-01,-6.900428734581395274e-01,-1.283006004330761174e-01
-7.914385733028124481e-02,-7.227726319792102672e-01,-3.678563706180327797e-01,-5.804950402096100692e-01,-4.602249351338228989e-01,-5.257361891321296055e-01,-4.971958651966259524e-01,-4.971958737761186242e-01,-5.257361892009322357e-01,-4.602249267160032353e-01,-5.804950496830377782e-01,-3.678563646895414152e-01,-7.227726210316771649e-01,-7.914387626320877611e-02,-1.075530149572917205e-01,-6.906529031471349001e-01,-4.532770084734053517e-01,-4.532769977006156359e-01,-6.906529108122484439e-01,-1.075530057041055310e-01
-5.581801378209416686e-02,-7.270404192691485301e-01,-3.486554863922328718e-01,-5.804502323245979145e-01,-4.468365381709440420e-01,-5.208624779731800825e-01,-4.882704146081379148e-01,-4.882704258554193544e-01,-5.208624777327186539e-01,-4.468365283622056650e-01,-5.804502443785137800e-01,-3.486554786707373177e-01,-7.270404062156741176e-01,-5.581803646902543103e-02,-8.792941598035292072e-02,-6.913498433146335609e-01,-4.432075890852329447e-01,-4.432075707529138375e-01,-6.913498562365678612e-01,-8.792940053877341955e-02
-3.343642232386015434e-02,-7.314356323487591904e-01,-3.297786952473352740e-01,-5.809325566749726777e-01,-4.336231402078440933e-01,-5.165112838568095555e-01,-4.796704705956119086e-01,-4.796704770921944028e-01,-5.165112831124909487e-01,-4.336231359521199868e-01,-5.809325618233640576e-01,-3.297786916309203842e-01,-7.314356279669771421e-01,-3.343642952727696877e-02,-6.937043120851929534e-02,-6.921073249164046981e-01,-4.336697962716473675e-01,-4.336697798888390354e-01,-6.921073374800097433e-01,-6.937041419433619127e-02
-1.196746204311815998e-02,-7.359142078700412481e-01,-3.112475028551696665e-01,-5.818754333903095599e-01,-4.205941735655362446e-01,-5.126382288986810476e-01,-4.713789175278328414e-01,-4.713789259027829082e-01,-5.126382274069880562e-01,-4.205941692121071274e-01,-5.818754394151559595e-01,-3.112474981444852129e-01,-7.359142039706481064e-01,-1.196746843080989837e-02,-5.181688235561310307e-02,-6.929044139183776485e-01,-4.246344714419861832e-01,-4.246344444015691666e-01,-6.929044340910763822e-01,-5.181685604885800933e-02
8.620646242301537379e-03,-7.404381881771782137e-01,-2.930815254231858846e-01,-5.832168587445114571e-01,-4.077605306826284082e-01,-5.092009066782789972e-01,-4.633808022064180299e-01,-4.633808128451255004e-01,-5.092009039814231475e-01,-4.077605267140947398e-01,-5.832168653946570025e-01,-2.930815193010726238e-01,-7.404381859833133461e-01,8.620642732868291636e-03,-3.521064083541350365e-02,-6.937246406527493026e-01,-4.160731260578252599e-01,-4.160730845302376690e-01,-6.937246712112310476e-01,-3.521060171654030735e-02
2.835963769856374855e-02,-7.449751040140490943e-01,-2.752982192104412862e-01,-5.848995590797858579e-01,-3.951338188179742139e-01,-5.061591184459652837e-01,-4.556629551209890883e-01,-4.556629590663879847e-01,-5.061591165056773534e-01,-3.951338196177909268e-01,-5.848995587925664985e-01,-2.752982180188074390e-01,-7.449751084475488838e-01,2.835964603634242437e-02,-1.949526231148285271e-02,-6.945551674882726179e-01,-4.079581839131874443e-01,-4.079581541280373758e-01,-6.945551867413058966e-01,-1.949523758108131360e-02
4.728102274915627762e-02,-7.494973796233478369e-01,-2.579127313655479314e-01,-5.868710049532610551e-01,-3.827257735407861849e-01,-5.034750213956171727e-01,-4.482136580949588889e-01,-4.482136628380697929e-01,-5.034750187619343453e-01,-3.827257753755134440e-01,-5.868710038948075081e-01,-2.579127301312542087e-01,-7.494973870900203394e-01,4.728103629207247582e-02,-4.616490237462812438e-03,-6.953860574358112778e-01,-4.002631986650824203e-01,-4.002631613334581839e-01,-6.953860801941302849e-01,-4.616460919983833219e-03
6.541596880812462766e-02,-7.539818147864402187e-01,-2.409377292996359998e-01,-5.890834342413759916e-01,-3.705476986618723712e-01,-5.011132604592039019e-01,-4.410223793305299567e-01,-4.410223853219646384e-01,-5.011132570586490642e-01,-3.705477014529330870e-01,-5.890834327173821716e-01,-2.409377278247742116e-01,-7.539818255937691394e-01,6.541598788225208572e-02,9.477509851378473210e-03,-6.962097543518140919e-01,-3.929628938781576375e-01,-3.929628497036575241e-01,-6.962097796556885321e-01,9.477542634470275187e-03
8.279521044078541614e-02,-7.584090970449455238e-01,-2.243833830910146321e-01,-5.914937145314834721e-01,-3.586101013602030485e-01,-4.990410060816416471e-01,-4.340795246810790764e-01,-4.340795254231811229e-01,-4.990410050903178463e-01,-3.586101040754218205e-01,-5.914937119001834054e-01,-2.243833844604784522e-01,-7.584091039423441760e-01,8.279522258064306306e-02,2.283593739720879423e-02,-6.970205884498783533e-01,-3.860332599044000723e-01,-3.860332411790649010e-01,-6.970205939352172031e-01,2.283594399558488627e-02
9.944892788992992783e-02,-7.627633232297240662e-01,-2.082574242627848460e-01,-5.940631359455168514e-01,-3.469224387182975322e-01,-4.972279344578725002e-01,-4.273762387403350904e-01,-4.273762404721165864e-01,-4.972279332751583514e-01,-3.469224415086858415e-01,-5.940631338159557684e-01,-2.082574253270089160e-01,-7.627633309947519091e-01,9.944894119273628430e-02,3.550522928966221015e-02,-6.978143640515830359e-01,-3.794516313915551886e-01,-3.794516107012287920e-01,-6.978143689249485249e-01,3.550523496501360038e-02
1.154067420696045787e-01,-7.670316369903017462e-01,-1.925651496226797321e-01,-5.967572550849211677e-01,-3.354928625872917181e-01,-4.956462187645972461e-01,-4.209042473109158577e-01,-4.209042503322880102e-01,-4.956462173192294207e-01,-3.354928654376342356e-01,-5.967572537127390220e-01,-1.925651501238042629e-01,-7.670316456418468931e-01,1.154067564637488164e-01,4.752911091197398186e-02,-6.985880999074277620e-01,-3.731966067231356488e-01,-3.731965842301928626e-01,-6.985881042726694856e-01,4.752911583320992145e-02
1.306976200017945233e-01,-7.712038262861906635e-01,-1.773095781897604528e-01,-5.995456027596457460e-01,-3.243281397892958662e-01,-4.942704329923048867e-01,-4.146557261485973034e-01,-4.146557306412443356e-01,-4.942704312209037498e-01,-3.243281427632939140e-01,-5.995456022764895643e-01,-1.773095779402621697e-01,-7.712038359281605526e-01,1.306976355868630923e-01,5.894858505406155164e-02,-6.993397425681805446e-01,-3.672480826352808592e-01,-3.672480586772212119e-01,-6.993397465428086157e-01,5.894858944511942311e-02
1.453498339070192213e-01,-7.752719905666993760e-01,-1.624915866264934339e-01,-6.024014192644879806e-01,-3.134335896467564386e-01,-4.930774561432151870e-01,-4.086232016838624026e-01,-4.086232077072695090e-01,-4.930774539992227590e-01,-3.134335928689168105e-01,-6.024014196797969900e-01,-1.624915855314154056e-01,-7.752720013664009535e-01,1.453498509189417032e-01,6.980201567183658140e-02,-7.000679713760998846e-01,-3.615872064983609580e-01,-3.615871815398939426e-01,-7.000679750720306682e-01,6.980201977404015823e-02
1.593909265107995576e-01,-7.792302390074594687e-01,-1.481100739835534696e-01,-6.053013722340854219e-01,-3.028130802536246335e-01,-4.920463550085332205e-01,-4.027994764350912860e-01,-4.027994790666156177e-01,-4.920463543513932669e-01,-3.028130817170307520e-01,-6.053013732698792060e-01,-1.481100732232236150e-01,-7.792302426626676048e-01,1.593909318605394032e-01,8.012522734558200077e-02,-7.007720353793095436e-01,-3.561963251015658471e-01,-3.561963136022888721e-01,-7.007720337864584703e-01,8.012522395925360252e-02
1.728476378467119767e-01,-7.830743888542428532e-01,-1.341621625437046661e-01,-6.082252481098789909e-01,-2.924690796327550357e-01,-4.911582412396358066e-01,-3.971775701280912396e-01,-3.971775735103019733e-01,-4.911582404441596772e-01,-2.924690812645637239e-01,-6.082252497095652632e-01,-1.341621612747886938e-01,-7.830743928582875046e-01,1.728476435358671515e-01,8.995162295041123079e-02,-7.014516222522340083e-01,-3.510589516059668957e-01,-3.510589396197147383e-01,-7.014516204486151985e-01,8.995161928262355999e-02
1.857459238181515815e-01,-7.868017505008428891e-01,-1.206433645456631565e-01,-6.111556907521040749e-01,-2.824027095591946646e-01,-4.903961460548679208e-01,-3.917506858677017312e-01,-3.917506899367806938e-01,-4.903961451220550383e-01,-2.824027114530773264e-01,-6.111556928331112193e-01,-1.206433628070448794e-01,-7.868017549560081259e-01,1.857459300263716029e-01,9.931231233895157495e-02,-7.021067560228926308e-01,-3.461596754897225958e-01,-3.461596632215213631e-01,-7.021067540607078827e-01,9.931230850468342197e-02
1.981108961810155722e-01,-7.904108818324362407e-01,-1.075477924405502661e-01,-6.140779040847458292e-01,-2.726138494942228485e-01,-4.897448666527275951e-01,-3.865121813768480630e-01,-3.865121860553132338e-01,-4.897448655881578294e-01,-2.726138517387474702e-01,-6.140779065529575753e-01,-1.075477902903177740e-01,-7.904108868364260188e-01,1.981109030833173579e-01,1.082362448067024641e-01,-7.027377128719236588e-01,-3.414841230727908572e-01,-3.414841107123649522e-01,-7.027377108016135132e-01,1.082362409120804780e-01
2.099668096012826390e-01,-7.939013953899174414e-01,-9.486834530300833346e-02,-6.169793886340930733e-01,-2.631012407742658876e-01,-4.891908251847919553e-01,-3.814555540507884035e-01,-3.814555592631942438e-01,-4.891908239958231430e-01,-2.631012434473043449e-01,-6.169793913991442613e-01,-9.486834280435370303e-02,-7.939014010298165447e-01,2.099668173545990724e-01,1.167503442454909668e-01,-7.033449562599047855e-01,-3.370188906228760994e-01,-3.370188783317228376e-01,-7.033449541291729723e-01,1.167503403841940873e-01
2.213370465018291988e-01,-7.972737830270131276e-01,-8.259689230532174520e-02,-6.198496887986356674e-01,-2.538626017662133361e-01,-4.887219283508838497e-01,-3.765744329126038958e-01,-3.765744386008891831e-01,-4.887219270432962004e-01,-2.538626049321188738e-01,-6.198496917876301637e-01,-8.259688951200053197e-02,-7.972737893761538963e-01,2.213370552368076338e-01,1.248796422855351917e-01,-7.039290853678392690e-01,-3.327514834116489517e-01,-3.327514713140229397e-01,-7.039290832199875947e-01,1.248796385352960447e-01
2.322441077129106524e-01,-8.005292617707879810e-01,-7.072444625053028733e-02,-6.226801570661405494e-01,-2.448947461688416316e-01,-4.883274321579497146e-01,-3.718625760516998113e-01,-3.718625821886641925e-01,-4.883274307332248210e-01,-2.448947498771281428e-01,-6.226801602360839683e-01,-7.072444319214084285e-02,-8.005292688885656816e-01,2.322441175309430950e-01,1.326474077292572051e-01,-7.044907946136658161e-01,-3.286702562715127507e-01,-3.286702444490630093e-01,-7.044907924849921343e-01,1.326474041480423527e-01
2.427096087369272071e-01,-8.036696391021396213e-01,-5.924132513325421068e-02,-6.254637362708099779e-01,-2.361937005528296774e-01,-4.879978133704030996e-01,-3.673138718309626460e-01,-3.673138784336130724e-01,-4.879978118218105676e-01,-2.361937048399009309e-01,-6.254637396184798970e-01,-5.924132180193001501e-02,-8.036696470366124778e-01,2.427096197122395327e-01,1.400752708457523033e-01,-7.050308420222302086e-01,-3.247643563000578437e-01,-3.247643447886123802e-01,-7.050308399398832471e-01,1.400752674691927990e-01
2.527542813236684505e-01,-8.066971958985453828e-01,-4.813730045216214892e-02,-6.281947603070410224e-01,-2.277548181996448262e-01,-4.877246486731965369e-01,-3.629223425007745418e-01,-3.629223496410990957e-01,-4.877246469826740372e-01,-2.277548230913911120e-01,-6.281947638769700415e-01,-4.813729679068346617e-02,-8.066972046913811756e-01,2.527542935096282473e-01,1.471833416033067610e-01,-7.055500246583097379e-01,-3.210236681411444692e-01,-3.210236569308954069e-01,-7.055500226378519368e-01,1.471833384425189628e-01
2.623979799591582562e-01,-8.096145853312376461e-01,-3.740173162080728808e-02,-6.308687731900771700e-01,-2.195728871166506280e-01,-4.875005021594311372e-01,-3.586821491579288423e-01,-3.586821569714045976e-01,-4.875005002945818622e-01,-2.195728926322513819e-01,-6.308687770802278161e-01,-3.740172751273492663e-02,-8.096145950249434842e-01,2.623979933985938762e-01,1.539903212983618763e-01,-7.060491596802740411e-01,-3.174387621081236066e-01,-3.174387511464920597e-01,-7.060491577241542194e-01,1.539903183395856523e-01
2.716597017041854634e-01,-8.124247518775515875e-01,-2.702368565071616713e-02,-6.334823671056264427e-01,-2.116422335735395621e-01,-4.873188221815468735e-01,-3.545875993950915461e-01,-3.545876035077106803e-01,-4.873188214750756586e-01,-2.116422360130421065e-01,-6.334823703861602873e-01,-2.702368258140790125e-02,-8.124247544851319613e-01,2.716597047409842203e-01,1.605136023629946673e-01,-7.065290665185846031e-01,-3.140008451902692177e-01,-3.140008382451233149e-01,-7.065290639104703230e-01,1.605135981316272720e-01
2.805575663632934313e-01,-8.151308347094567974e-01,-1.699204631402382454e-02,-6.360330317764324448e-01,-2.039568040685731665e-01,-4.871738428982529401e-01,-3.506331445744785280e-01,-3.506331491848229676e-01,-4.871738421124090501e-01,-2.039568067989200595e-01,-6.360330354371839245e-01,-1.699204282586317533e-02,-8.151308375765076164e-01,2.805575697129426560e-01,1.667693858922928152e-01,-7.069905691364148925e-01,-3.107017157828626530e-01,-3.107017086137320860e-01,-7.069905664000287748e-01,1.667693814982932343e-01
2.891088855292406334e-01,-8.177361379810943465e-01,-7.295603596169663446e-03,-6.385190311966097987e-01,-1.965102646844251733e-01,-4.870605022788321303e-01,-3.468133966049921635e-01,-3.468134018579100419e-01,-4.870605013823954277e-01,-1.965102677154039190e-01,-6.385190353545896480e-01,-7.295599556385840012e-03,-8.177361411253669665e-01,2.891088891962023677e-01,1.727727435813797563e-01,-7.074344683007162127e-01,-3.075337195527486633e-01,-3.075337120777842381e-01,-7.074344654041484493e-01,1.727727389704699912e-01
2.973301507164107793e-01,-8.202440566001090172e-01,2.076862964287096852e-03,-6.409392839041923029e-01,-1.892960667200151437e-01,-4.869743600319528798e-01,-3.431231246487527198e-01,-3.431231307219074766e-01,-4.869743589831236896e-01,-1.892960700663449680e-01,-6.409392887001523764e-01,2.076867719813753344e-03,-8.202440600532308057e-01,2.973301547215922991e-01,1.785377214412939284e-01,-7.078615485052157652e-01,-3.044897105871505194e-01,-3.044897027164645276e-01,-7.078615454110654959e-01,1.785377165523738263e-01
3.052370649230240485e-01,-8.226580374090415315e-01,1.113651578503717550e-02,-6.432932626454570535e-01,-1.823075159157628577e-01,-4.869115273814609846e-01,-3.395572603352031704e-01,-3.395572674368932953e-01,-4.869115261271090289e-01,-1.823075195991601949e-01,-6.432932682407529468e-01,1.113652144961960883e-02,-8.226580412209862914e-01,3.052370693111211009e-01,1.840774132884103187e-01,-7.082725705691957918e-01,-3.015630139190095260e-01,-3.015630055608709004e-01,-7.082725672366345648e-01,1.840774080574792415e-01
3.128445680015234931e-01,-8.249815427188067485e-01,1.989440077707203477e-02,-6.455809053740763082e-01,-1.755378311952077441e-01,-4.868686031930540281e-01,-3.361109001762894732e-01,-3.361109085424782150e-01,-4.868686016682696183e-01,-1.755378352457571678e-01,-6.455809119471284108e-01,1.989440757022698653e-02,-8.249815469613743790e-01,3.128445728468484122e-01,1.894040330162657659e-01,-7.086682687564898053e-01,-2.987473910786069276e-01,-2.987473821455876033e-01,-7.086682651436333469e-01,1.894040273805115415e-01
3.201668634388892265e-01,-8.272180204122310254e-01,2.836139856502896059e-02,-6.478025375409408593e-01,-1.689801957296200863e-01,-4.868426167733575505e-01,-3.327793069958907002e-01,-3.327793168864226492e-01,-4.868426149015007143e-01,-1.689802001862732439e-01,-6.478025452835988185e-01,2.836140672898702225e-02,-8.272180251813390228e-01,3.201668688493540804e-01,1.945289812664968698e-01,-7.090493489421034745e-01,-2.960370081853864743e-01,-2.960369986002855391e-01,-7.090493450084236482e-01,1.945289751681953949e-01
3.272174461337620244e-01,-8.293708797066631222e-01,3.654818440134886826e-02,-6.499588045276706305e-01,-1.626278008774632022e-01,-4.868309768057294540e-01,-3.295579104004627280e-01,-3.295579220951493915e-01,-4.868309744984923304e-01,-1.626278057882170336e-01,-6.499588136412388639e-01,3.654819419680711834e-02,-8.293708851232695078e-01,3.272174522528218388e-01,1.994629068634141134e-01,-7.094164875874281462e-01,-2.934264064287989138e-01,-2.934263961296555423e-01,-7.094164832962981393e-01,1.994629002537052220e-01
3.340091308013314331e-01,-8.314434717653957918e-01,4.446519581229248924e-02,-6.520506131377800108e-01,-1.564738835943810247e-01,-4.868314258894960167e-01,-3.264423063495254795e-01,-3.264423201433583333e-01,-4.868314230476967763e-01,-1.564738890155799589e-01,-6.520506238290032508e-01,4.446520751364566038e-02,-8.314434779750218274e-01,3.340091378077977846e-01,2.042157633765673552e-01,-7.097703313350440801e-01,-2.909104747842607974e-01,-2.909104637288785766e-01,-7.097703266559113322e-01,2.042157562185188402e-01
3.405540806818798671e-01,-8.334390744420311359e-01,5.212260706158656359e-02,-6.540790811332387600e-01,-1.505117579224919955e-01,-4.868420001662400187e-01,-3.234282559031703697e-01,-3.234282721000526495e-01,-4.868419966817709166e-01,-1.505117639170220900e-01,-6.540790936104423636e-01,5.212262095190552114e-02,-8.334390816131287405e-01,3.405540887880175172e-01,2.087968611664270391e-01,-7.101114970727946396e-01,-2.884844248128531907e-01,-2.884844129825431813e-01,-7.101114919831563732e-01,2.087968534376513086e-01
3.468638362737066494e-01,-8.353608805292664918e-01,5.953030957719571137e-02,-6.560454938835721395e-01,-1.447348411609534202e-01,-4.868609935413519829e-01,-3.205116832335447308e-01,-3.205117021407680733e-01,-4.868609892983197796e-01,-1.447348477974617631e-01,-6.560455083513847541e-01,5.953032594123457838e-02,-8.353608888497845442e-01,3.468638457208609305e-01,2.132149152555120886e-01,-7.104405723486240110e-01,-2.861437673973132867e-01,-2.861437547992076169e-01,-7.104405668359581316e-01,2.132149069504370442e-01
3.529493520523426242e-01,-8.372119949411650497e-01,6.669790189022012372e-02,-6.579512712476458525e-01,-1.391366801188709257e-01,-4.868869247494743702e-01,-3.176886800422010770e-01,-3.176886894170517506e-01,-4.868869229229756956e-01,-1.391366829075924572e-01,-6.579512794763218153e-01,6.669791069732801392e-02,-8.372119967625448744e-01,3.529493531747622814e-01,2.174780844107751243e-01,-7.107581127559421397e-01,-2.838842897726384651e-01,-2.838842814795439762e-01,-7.107581086017709104e-01,2.174780780869987051e-01
3.588209925826574831e-01,-8.389954051147181513e-01,7.363466316610849105e-02,-6.597979207305497695e-01,-1.337109494045101710e-01,-4.869185142623875251e-01,-3.149554752003768665e-01,-3.149554859431103471e-01,-4.869185120571442593e-01,-1.337109525070629690e-01,-6.597979300136409542e-01,7.363467325936018382e-02,-8.389954074213069601e-01,3.588209942440286349e-01,2.215940312104959509e-01,-7.110646558022877262e-01,-2.817020416567167507e-01,-2.817020328372240590e-01,-7.110646513325054041e-01,2.215940244583416985e-01
3.644886068895309417e-01,-8.407140107631222437e-01,8.034957063634415309e-02,-6.615870325767335691e-01,-1.284514929999953370e-01,-4.869546527591674945e-01,-3.123084704464206829e-01,-3.123084826852217666e-01,-4.869546501192870691e-01,-1.284514964487431798e-01,-6.615870429934258556e-01,8.034958213410535455e-02,-8.407140136533395314e-01,3.644886092209885797e-01,2.255699301355663100e-01,-7.113607025644023141e-01,-2.795933081775036078e-01,-2.795932988562830346e-01,-7.113606977822037880e-01,2.255699229677101125e-01
3.699615247704940990e-01,-8.423705992206695914e-01,8.685128169179986979e-02,-6.633202431161036028e-01,-1.233523162859104655e-01,-4.869943837646726337e-01,-3.097442110595849951e-01,-3.097442249175715312e-01,-4.869943806337805325e-01,-1.233523201130567737e-01,-6.633202547395768978e-01,8.685129470655066075e-02,-8.423706027968826948e-01,3.699615279095596065e-01,2.294125210715997343e-01,-7.116467315228156565e-01,-2.775545987772310985e-01,-2.775545889911010811e-01,-7.116467264374507495e-01,2.294125135096216073e-01
3.752485902692321851e-01,-8.439678496897196069e-01,9.314813722961147457e-02,-6.649992191067879421e-01,-1.184075981782982123e-01,-4.870368835249723194e-01,-3.072593876747541919e-01,-3.072594032660535546e-01,-4.870368798480952943e-01,-1.184076024149900569e-01,-6.649992320018116576e-01,9.314815186411679049e-02,-8.439678540550509256e-01,3.752485943555205483e-01,2.331281360309090112e-01,-7.119231965128436368e-01,-2.755826302298334252e-01,-2.755826200273084892e-01,-7.119231911396060042e-01,2.331281281049987497e-01
3.803581868046208014e-01,-8.455083332360233683e-01,9.924816367181223120e-02,-6.666256418435424491e-01,-1.136116963740989722e-01,-4.870814442250280818e-01,-3.048508317566409054e-01,-3.048508491815647425e-01,-4.870814399509668102e-01,-1.136117010493424700e-01,-6.666256560637247031e-01,9.924818001471291673e-02,-8.455083384905637267e-01,3.803581919747830442e-01,2.367227281409819972e-01,-7.121905278609566015e-01,-2.736743122744041967e-01,-2.736743017146805457e-01,-7.121905222210562769e-01,2.367227198894308327e-01
3.852982613592926819e-01,-8.469945137042652616e-01,1.051590768296739031e-01,-6.682011939668618394e-01,-1.089591505696341500e-01,-4.871274592517752522e-01,-3.025155109143122800e-01,-3.025155302540908364e-01,-4.871274543355684772e-01,-1.089591557094066882e-01,-6.682012095513147898e-01,1.051590949502527322e-01,-8.469945199405455316e-01,3.852982677409990675e-01,2.402018983333714108e-01,-7.124491335228242406e-01,-2.718267343505710865e-01,-2.718267235019643513e-01,-7.124491276429971709e-01,2.402018898016852200e-01
3.900763476908839511e-01,-8.484287493658984047e-01,1.108882872650288065e-01,-6.697275485944682583e-01,-1.044446839628192514e-01,-4.871744102626473505e-01,-3.002505241126225966e-01,-3.002505454231149673e-01,-4.871744046687163654e-01,-1.044446895887316124e-01,-6.697275655644573389e-01,1.108883072078009902e-01,-8.484287566638977207e-01,3.900763553962034447e-01,2.435709199264920188e-01,-7.126994002078713697e-01,-2.700371533470948826e-01,-2.700371422850019187e-01,-7.126993941196468896e-01,2.435709111660351867e-01
3.946995885454828157e-01,-8.498132951411982994e-01,1.164429068475917178e-01,-6.712063604450173582e-01,-1.000632033126035991e-01,-4.872218558466697158e-01,-2.980530968282848470e-01,-2.980531201342757619e-01,-4.872218495514608061e-01,-1.000632094411158524e-01,-6.712063788001790821e-01,1.164429286264102442e-01,-8.498133035628090415e-01,3.946995976635622183e-01,2.468347612797137380e-01,-7.129416944790950561e-01,-2.683029822822806665e-01,-2.683029710859859973e-01,-7.129416882179331338e-01,2.468347523460763249e-01
3.991747568650727551e-01,-8.511503052622321208e-01,1.218297562475833123e-01,-6.726392586644208693e-01,-9.580979779811421571e-02,-4.872694215865929768e-01,-2.959205761941792190e-01,-2.959206014827597819e-01,-4.872694145820683498e-01,-9.580980443894869525e-02,-6.726392783797572328e-01,1.218297798405877930e-01,-8.511503148458061663e-01,3.991747674548730140e-01,2.499981066817743014e-01,-7.131763638206540801e-01,-2.666217798398458072e-01,-2.666217685895396761e-01,-7.131763574242879766e-01,2.499980976322340731e-01
4.035082759927929863e-01,-8.524418362662318227e-01,1.270553731428499256e-01,-6.740278411052562646e-01,-9.167973688623878847e-02,-4.873167913555056519e-01,-2.938504261652148397e-01,-2.938504533812297259e-01,-4.873167836513570550e-01,-9.167974404173490077e-02,-6.740278621282681515e-01,1.270553984878748099e-01,-8.524418470213577237e-01,4.035082880761552415e-01,2.530653756211848071e-01,-7.134037376667917707e-01,-2.649912406926792086e-01,-2.649912294649263700e-01,-7.134037311737959630e-01,2.530653665122910567e-01
4.077062388873157195e-01,-8.536898502262653121e-01,1.321260209496351590e-01,-6.753736698395713667e-01,-8.766846739330091953e-02,-4.873636996961447365e-01,-2.918402227380150205e-01,-2.918402517800456897e-01,-4.873636913221198741e-01,-8.766847505729684353e-02,-6.753736920888960826e-01,1.321260479416438149e-01,-8.536898621295669898e-01,4.077062524433086588e-01,2.560407405756970345e-01,-7.136241283894840803e-01,-2.634091865488146778e-01,-2.634091754124983642e-01,-7.136241218371486283e-01,2.560407314601659823e-01
4.117744263661540227e-01,-8.548962181435832974e-01,1.370476979185185074e-01,-6.766782677180920302e-01,-8.377160989762999499e-02,-4.874099251529705468e-01,-2.898876492470960353e-01,-2.898876799663653858e-01,-4.874099161597214014e-01,-8.377161805509600323e-02,-6.766782910833202269e-01,1.370477264089370595e-01,-8.548962311359041832e-01,4.117744413272299009e-01,2.589281434439412721e-01,-7.138378322418873489e-01,-2.618735578629045602e-01,-2.618735468747846462e-01,-7.138378256641679798e-01,2.589281343676523850e-01
4.157183244022330526e-01,-8.560627234385339568e-01,1.418261464602179334e-01,-6.779431158120563516e-01,-7.998495464086925744e-02,-4.874552844393453266e-01,-2.879904917589021784e-01,-2.879905239610835443e-01,-4.874552748979151806e-01,-7.998496326807080781e-02,-6.779431401552250547e-01,1.418261762588820529e-01,-8.560627374240906695e-01,4.157183406529583181e-01,2.617313107331028510e-01,-7.140451302570691716e-01,-2.603824061587013405e-01,-2.603823953594020524e-01,-7.140451236825486880e-01,2.617313017322662194e-01
4.195431405027831850e-01,-8.571910654889066672e-01,1.464668625890629683e-01,-6.791696515971874515e-01,-7.630445703543536906e-02,-4.874996273369095467e-01,-2.861466345801747524e-01,-2.861466680290137843e-01,-4.874996173377799114e-01,-7.630446609961397120e-02,-6.791696767567628745e-01,1.464668934697044012e-01,-8.571910803370914600e-01,4.195431578819830976e-01,2.644537676057362452e-01,-7.142462891016263526e-01,-2.589338869136030841e-01,-2.589338763247039932e-01,-7.142462825517661429e-01,2.644537587046185134e-01
4.232538192033891145e-01,-8.582828631749677140e-01,1.509751053925685316e-01,-6.803592677603219618e-01,-7.272623287668235348e-02,-4.875428322384157687e-01,-2.843540558911504812e-01,-2.843540903169429201e-01,-4.875428218876325381e-01,-7.272624233775966396e-02,-6.803592935558480104e-01,1.509751370998269615e-01,-8.582828787240943669e-01,4.232538375089123228e-01,2.670988508804676975e-01,-7.144415618850286087e-01,-2.575262529606585638e-01,-2.575262425827826718e-01,-7.144415553727919699e-01,2.670988420897795756e-01
4.268550567107619043e-01,-8.593396583973287317e-01,1.553559064489342667e-01,-6.815133115232646643e-01,-6.924655334710350107e-02,-4.875848022519955194e-01,-2.826108235164588867e-01,-2.826108586252194521e-01,-4.875847916675291049e-01,-6.924656315835532594e-02,-6.815133377623154853e-01,1.553559387085819976e-01,-8.593396744610430904e-01,4.268550757076856605e-01,2.696697210720974125e-01,-7.146311889252496830e-01,-2.561578483665956085e-01,-2.561578381790268755e-01,-7.146311824545148461e-01,2.696697123885504754e-01
4.303513147311080478e-01,-8.603629195423615483e-01,1.596140791325668662e-01,-6.826330843968353435e-01,-6.586183988197141792e-02,-4.876254617994254525e-01,-2.809150908375142031e-01,-2.809151263227739337e-01,-4.876254511058168428e-01,-6.586184999200107859e-02,-6.826331108820787863e-01,1.596141116622470935e-01,-8.603629359173827762e-01,4.303513341617539734e-01,2.721693735503288858e-01,-7.148153984725543753e-01,-2.548271027482236217e-01,-2.548270927102517236e-01,-7.148153920379856086e-01,2.721693649569940088e-01
4.337468335199473612e-01,-8.613540448740806266e-01,1.637542277564274229e-01,-6.837198422879118276e-01,-6.256865895829288871e-02,-4.876647536453769249e-01,-2.792650928531715815e-01,-2.792651284074884055e-01,-4.876647429687249180e-01,-6.256866931246195251e-02,-6.837198688247487777e-01,1.637542602771893119e-01,-8.613540613491117437e-01,4.337468531154411444e-01,2.746006488879567664e-01,-7.149944073922760435e-01,-2.535325259930673036e-01,-2.535325160465955463e-01,-7.149944009800544009e-01,2.746006403557806896e-01
4.370456441908272538e-01,-8.623143658374223808e-01,1.677807565130503553e-01,-6.847747958956722503e-01,-5.936371685575933532e-02,-4.877026363054148272e-01,-2.776591423893836619e-01,-2.776591777165088870e-01,-4.877026257674901277e-01,-5.936372739876477622e-02,-6.847748222986558275e-01,1.677807887593903702e-01,-8.623143822018499716e-01,4.370456636824658903e-01,2.769662424643978271e-01,-7.151684218087046574e-01,-2.522727033524104212e-01,-2.522726934255619113e-01,-7.151684153977987402e-01,2.769662339544626817e-01
4.402515803187181387e-01,-8.632451502605972271e-01,1.716978781821137945e-01,-6.857991113404099393e-01,-5.624385443332863971e-02,-4.877390817836456671e-01,-2.760956264611518218e-01,-2.760956612850458125e-01,-4.877390714980749387e-01,-5.624386511019854873e-02,-6.857991374395375761e-01,1.716979099114232521e-01,-8.632451663128661856e-01,4.402515994488804818e-01,2.792687133839475977e-01,-7.153376377116388296e-01,-2.510462908776736057e-01,-2.510462808893586528e-01,-7.153376312753301214e-01,2.792687048500774871e-01
4.433682888748442519e-01,-8.641476054487572389e-01,1.755096225833895351e-01,-6.867939109797687181e-01,-5.320604195263520936e-02,-4.877740736015275802e-01,-2.745730027831748132e-01,-2.745730368565134083e-01,-4.877740636695107046e-01,-5.320605271096309763e-02,-6.867939366244968369e-01,1.755096535823552628e-01,-8.641476210031504568e-01,4.433683074059210361e-01,2.815104927629245024e-01,-7.155022415270555491e-01,-2.498520111741253380e-01,-2.498520010383428469e-01,-7.155022350349140581e-01,2.815104841547385606e-01
4.463992405273382036e-01,-8.650228811625774172e-01,1.792198447563531638e-01,-6.877602743707933453e-01,-5.024737397873985795e-02,-4.878076050789722506e-01,-2.730897964306671089e-01,-2.730898295396860798e-01,-4.878075955871234992e-01,-5.024738476964870498e-02,-6.877602994330511699e-01,1.792198748455150203e-01,-8.650228960544761314e-01,4.463992582486633331e-01,2.836938914358866359e-01,-7.156624106541102925e-01,-2.486886494467146214e-01,-2.486886390770051969e-01,-7.156624040737589176e-01,2.836938827015229037e-01
4.493477393424473720e-01,-8.658720724787358769e-01,1.828322328563705135e-01,-6.886992393456164985e-01,-4.736506437810211051e-02,-4.878396778383849997e-01,-2.716445966454061889e-01,-2.716446286131100063e-01,-4.878396688569790474e-01,-4.736507515763592469e-02,-6.886992637207736134e-01,1.828322618917636588e-01,-8.658720865678186662e-01,4.493477560745720578e-01,2.858211071258633940e-01,-7.158183139697544828e-01,-2.475550498164367785e-01,-2.475550391294207286e-01,-7.158183072686502557e-01,2.858210982145712453e-01
4.522169319187114844e-01,-8.666962225300531841e-01,1.863503157590297443e-01,-6.896118031711557794e-01,-4.455644143326091544e-02,-4.878703005019079386e-01,-2.702360537860754586e-01,-2.702360844715285260e-01,-4.878702920854465774e-01,-4.455645216210084997e-02,-6.896118267782659350e-01,1.863503436323693530e-01,-8.666962357019011298e-01,4.522169475155656815e-01,2.878942311205122673e-01,-7.159701123029678094e-01,-2.464501118859156736e-01,-2.464501008044815422e-01,-7.159701054497813466e-01,2.878942219846031270e-01
4.550098159867312919e-01,-8.674963251257956642e-01,1.897774703710558564e-01,-6.904989237709149297e-01,-4.181894308489851608e-02,-4.878994875604260040e-01,-2.688628764160758133e-01,-2.688629057140778378e-01,-4.878994797471028488e-01,-4.181895372972697922e-02,-6.904989465505055879e-01,1.897774970067924172e-01,-8.674963372913802040e-01,4.550098303350910700e-01,2.899152544920629015e-01,-7.161179588801449558e-01,-2.453727875361407795e-01,-2.453727759912300854e-01,-7.161179518460460969e-01,2.899152450886071097e-01
4.577292485037734449e-01,-8.682733272519401746e-01,1.931169286445382216e-01,-6.913615209862884470e-01,-3.915011231545005577e-02,-4.879272583889934234e-01,-2.675238285291670626e-01,-2.675238563656005542e-01,-4.879272512032318820e-01,-3.915012284744068261e-02,-6.913615428988326705e-01,1.931169539972619198e-01,-8.682733383463951959e-01,4.577292615216900229e-01,2.918860738964547119e-01,-7.162619997437034147e-01,-2.443220779358425965e-01,-2.443220658683172564e-01,-7.162619925029521939e-01,2.918860641880533513e-01
4.603779532736949065e-01,-8.690281314544729963e-01,1.963717843000298280e-01,-6.922004778642167899e-01,-3.654759267623888808e-02,-4.879536363950637279e-01,-2.662177269029893933e-01,-2.662177532323161122e-01,-4.879536298480434686e-01,-3.654760307178228640e-02,-6.922004988868948328e-01,1.963718083499039202e-01,-8.690281414347205136e-01,4.603779649075064873e-01,2.938084969832092108e-01,-7.164023741450966654e-01,-2.432970307492325901e-01,-2.432970181099735618e-01,-7.164023666758932984e-01,2.938084869389211429e-01
4.629585334357442239e-01,-8.697616019744522919e-01,1.995450025769670288e-01,-6.930166455185097218e-01,-3.400912969865816510e-02,-4.879786467403891548e-01,-2.649434450974036959e-01,-2.649434590378896837e-01,-4.879786429954764415e-01,-3.400913392145762243e-02,-6.930166571459825953e-01,1.995450161397365196e-01,-8.697616059421313661e-01,4.629585376061167712e-01,2.956842342841442539e-01,-7.165392044334345512e-01,-2.422967361459260616e-01,-2.422967277091643834e-01,-7.165391993432038698e-01,2.956842273983717462e-01
4.654734566533821338e-01,-8.704745511907427957e-01,2.026394127604152218e-01,-6.938108299342111707e-01,-3.153254387603764836e-02,-4.880023219715111660e-01,-2.636998846297006205e-01,-2.636998978361232426e-01,-4.880023185095973548e-01,-3.153254798520858243e-02,-6.938108411293002487e-01,2.026394257296582346e-01,-8.704745546169251336e-01,4.654734601549371797e-01,2.975149561070476456e-01,-7.166726379468532082e-01,-2.413203297270698489e-01,-2.413203209917352821e-01,-7.166726327301794486e-01,2.975149490424368048e-01
4.679250942730617258e-01,-8.711677656195822017e-01,2.056577350433884399e-01,-6.945838153651745506e-01,-2.911576082433191270e-02,-4.880246918717684457e-01,-2.624860128902368195e-01,-2.624860253536275834e-01,-4.880246886903992221e-01,-2.911576481058643362e-02,-6.945838261233580058e-01,2.056577474218652390e-01,-8.711677684984223680e-01,4.679250970999074832e-01,2.993022194063696961e-01,-7.168027856059449032e-01,-2.403669824128609189e-01,-2.403669733705841582e-01,-7.168027802592792375e-01,2.993022121582615269e-01
4.703157051261012134e-01,-8.718419916321045182e-01,2.086025717571054483e-01,-6.953363506133851679e-01,-2.675678471649866816e-02,-4.880457895152033321e-01,-2.613008338025428201e-01,-2.613008455225780957e-01,-4.880457866080216145e-01,-2.675678857222096863e-02,-6.953363609349585417e-01,2.086025835547681007e-01,-8.718419939648961448e-01,4.703157072815487005e-01,3.010475231063180490e-01,-7.169297629778930148e-01,-2.394359033835461448e-01,-2.394358940308941308e-01,-7.169297574997257616e-01,3.010475156731296509e-01
4.726474467870382390e-01,-8.724979414201058381e-01,2.114764164074803832e-01,-6.960691540905910024e-01,-2.445370023940328374e-02,-4.880656491887620518e-01,-2.601433926488225801e-01,-2.601434036327689991e-01,-4.880656465463915072e-01,-2.445370395865691104e-02,-6.960691639806022568e-01,2.114764276408800658e-01,-8.724979432143918912e-01,4.726474482823865286e-01,3.027522992894911558e-01,-7.170536804788543161e-01,-2.385263368400569739e-01,-2.385263271773403471e-01,-7.170536748693061568e-01,3.027522916720770674e-01
4.749223808815888903e-01,-8.731362947454210932e-01,2.142816587701883158e-01,-6.967829150419337925e-01,-2.220466904558734272e-02,-4.880843060393722510e-01,-2.590127741135240247e-01,-2.590127843728818324e-01,-4.880843036501416043e-01,-2.220467262264225888e-02,-6.967829245071700539e-01,2.142816694589554927e-01,-8.731362960133143281e-01,4.749223817340265663e-01,3.044179168068968933e-01,-7.171746436414759840e-01,-2.376375601259718140e-01,-2.376375501589331196e-01,-7.171746379032107876e-01,3.044179090097308693e-01
4.771424780797426379e-01,-8.737577005926856488e-01,2.170205897385885652e-01,-6.974782947329539740e-01,-2.000792634287758276e-02,-4.881017957742871949e-01,-2.579081004157718904e-01,-2.579081099741029059e-01,-4.881017936239376298e-01,-2.000792977826951202e-02,-6.974783037899425775e-01,2.170205999129556362e-01,-8.737577013515149815e-01,4.771424783128122571e-01,3.060456846874461401e-01,-7.172927533878623585e-01,-2.367688819719476756e-01,-2.367688717012991773e-01,-7.172927475206691827e-01,3.060456767111808252e-01
4.793096228088489230e-01,-8.743627787412646679e-01,2.196954059462541686e-01,-6.981559276112222490e-01,-1.786177764373804433e-02,-4.881181544017560991e-01,-2.568285295483312969e-01,-2.568285384396559734e-01,-4.881181524745175082e-01,-1.786178094531789412e-02,-6.981559362857419071e-01,2.196954156456730201e-01,-8.743627790108783326e-01,4.793096224490431823e-01,3.076368553013967277e-01,-7.174081062600117242e-01,-2.359196408416867063e-01,-2.359196302593607464e-01,-7.174081002587407996e-01,3.076368471400237614e-01
4.814256177010758919e-01,-8.749521212576152340e-01,2.223082141697291791e-01,-6.988164224375725819e-01,-1.576459567242314772e-02,-4.881334180060650785e-01,-2.557732536145024271e-01,-2.557732618606115560e-01,-4.881334162869514492e-01,-1.576459883844769094e-02,-6.988164307431761202e-01,2.223082234219083408e-01,-8.749521210576828301e-01,4.814256167751236326e-01,3.091926272851968083e-01,-7.175207946026118666e-01,-2.350892033696011796e-01,-2.350891924856045589e-01,-7.175207884716420237e-01,3.091926189457096519e-01
4.834921877591223938e-01,-8.755262938896499758e-01,2.248610354986627369e-01,-6.994603633575403601e-01,-1.371481735593971241e-02,-4.881476225704560745e-01,-2.547414972097389874e-01,-2.547415048348348754e-01,-4.881476210434859686e-01,-1.371482038537447795e-02,-6.994603713087375052e-01,2.248610443324765840e-01,-8.755262932417662292e-01,4.834921862961236716e-01,3.107141484156624722e-01,-7.176309068376329758e-01,-2.342769629206606363e-01,-2.342769517471878227e-01,-7.176309005825260989e-01,3.107141399066514209e-01
4.855109843047783480e-01,-8.760858374013993366e-01,2.273558093175890582e-01,-7.000883109542299643e-01,-1.171094098962953411e-02,-4.881608038175367925e-01,-2.537325159176261336e-01,-2.537325229487996658e-01,-4.881608024664024770e-01,-1.171094388305949502e-02,-7.000883185680780718e-01,2.273558177643638933e-01,-8.760858363285815020e-01,4.855109823355026055e-01,3.122025182133617571e-01,-7.177385276464874897e-01,-2.334823382166144046e-01,-2.334823267652055279e-01,-7.177385212723947916e-01,3.122025095428399011e-01
4.874835886986717548e-01,-8.766312688330877290e-01,2.297943970894564814e-01,-7.007008032597557001e-01,-9.751523523352085415e-03,-4.881729970779278838e-01,-2.527455948746135106e-01,-2.527456013407079483e-01,-4.881729958857804474e-01,-9.751526282376458965e-03,-7.007008105540274423e-01,2.297944051810517363e-01,-8.766312673591325488e-01,4.874835862547711174e-01,3.136587904034119911e-01,-7.178437381530131667e-01,-2.327047720471658032e-01,-2.327047603301229395e-01,-7.178437316653775158e-01,3.136587815797684531e-01
4.894115158465129900e-01,-8.771630826916243517e-01,2.321785859506937943e-01,-7.012983567261354967e-01,-7.835177967813394123e-03,-4.881842371811048187e-01,-2.517800474055983950e-01,-2.517800533360632920e-01,-4.881842361314795986e-01,-7.835180594291293876e-03,-7.012983637197225395e-01,2.321785937198349026e-01,-8.771630808409393021e-01,4.894115129602855663e-01,3.150839752399114957e-01,-7.179466161044589789e-01,-2.319437300596608464e-01,-2.319437180896170569e-01,-7.179466095087634336e-01,3.150839662715618217e-01
4.912962175084994998e-01,-8.776817520777155934e-01,2.345100921302114005e-01,-7.018814671598487820e-01,-5.960570919789003747e-03,-4.881945583664426547e-01,-2.508352137278421212e-01,-2.508352191532329245e-01,-4.881945574426657664e-01,-5.960573416479202080e-03,-7.018814738720948743e-01,2.345100996097170543e-01,-8.776817498748700208e-01,4.912962142123340481e-01,3.164790416889376456e-01,-7.180472360391184639e-01,-2.311986996191428556e-01,-2.311986874086336408e-01,-7.180472293409257967e-01,3.164790325843398477e-01
4.938641403955454923e-01,-8.783864786648339917e-01,2.376879792368941369e-01,-7.026742507375026703e-01,-3.404486571118050392e-03,-4.882075247754920633e-01,-2.495463843683548566e-01,-2.495463891393118194e-01,-4.882075239999409400e-01,-3.404488891816173646e-03,-7.026742570891061357e-01,2.376879863660663617e-01,-8.783864760104145297e-01,4.938641365798639438e-01,3.183827946401158737e-01,-7.181844097236353974e-01,-2.301818927534715065e-01,-2.301818802276435483e-01,-7.181844028913189071e-01,3.183827853589236145e-01
5.006309830574354747e-01,-8.802324603374308554e-01,2.460683412527403524e-01,-7.047534579571175239e-01,3.341376015006707750e-03,-4.882352958903317108e-01,-2.461419505632616023e-01,-2.461419538346862890e-01,-4.882352953627475678e-01,3.341374145349816638e-03,-7.047534635126593283e-01,2.460683477413965481e-01,-8.802324566744319512e-01,5.006309781197599840e-01,3.234162306834897360e-01,-7.185463213445236752e-01,-2.274928670318623336e-01,-2.274928537547528662e-01,-7.185463141942500798e-01,3.234162209937351262e-01
5.078186962205701871e-01,-8.821751681153735536e-01,2.549788128818060162e-01,-7.069452419259940612e-01,1.052216520683215903e-02,-4.882538406619089111e-01,-2.425128240964615489e-01,-2.425128262410893576e-01,-4.882538401314383547e-01,1.052216376957659100e-02,-7.069452469568641151e-01,2.549788192357835270e-01,-8.821751637285224490e-01,5.078186905557906528e-01,3.287903251709906050e-01,-7.189314579400618577e-01,-2.246208326288474666e-01,-2.246208186981073496e-01,-7.189314505146405798e-01,3.287903151459804496e-01
5.154649146915621927e-01,-8.842206133449184158e-01,2.644663562018774727e-01,-7.092563878730595572e-01,1.817710578720179576e-02,-4.882600090041755436e-01,-2.386376206076015749e-01,-2.386376222756805832e-01,-4.882600081050482155e-01,1.817710471176631204e-02,-7.092563928499441284e-01,2.644663632038547485e-01,-8.842206086766204454e-01,5.154649088928210388e-01,3.345398682645218114e-01,-7.193419967520858771e-01,-2.215469824789070286e-01,-2.215469680238514871e-01,-7.193419891022616586e-01,3.345398579915342951e-01
5.236114728107816862e-01,-8.863749981906545727e-01,2.745828902448307351e-01,-7.116937538952128328e-01,2.634964466955566284e-02,-4.882497923544188989e-01,-2.344923944492609269e-01,-2.344923967317175950e-01,-4.882497905558432216e-01,2.634964379936688417e-02,-7.116937596064499827e-01,2.745828990990159535e-01,-8.863749939078349183e-01,5.236114677478274082e-01,3.407043810795657990e-01,-7.197803745877877635e-01,-2.182499300274101939e-01,-2.182499151835769480e-01,-7.197803667528747118e-01,3.407043706354452306e-01
5.323049310371343879e-01,-8.886446361249926706e-01,2.853858159453688259e-01,-7.142641197459866920e-01,3.508790404931202978e-02,-4.882180868000809415e-01,-2.300502900314770616e-01,-2.300502928496580834e-01,-4.882180847248862587e-01,3.508790410493252410e-02,-7.142641240258128521e-01,2.853858229528094537e-01,-8.886446346214571523e-01,5.323049293209900501e-01,3.473288944943992984e-01,-7.202493110928798181e-01,-2.147052675581701542e-01,-2.147052596996691098e-01,-7.202493067745073807e-01,3.473288888061228374e-01
5.415971446086782493e-01,-8.910358217312686069e-01,2.969385464455674417e-01,-7.169739599038772448e-01,4.444518483174902945e-02,-4.881584138804483941e-01,-2.252811394756108476e-01,-2.252811453144539233e-01,-4.881584103467999092e-01,4.444518448067296540e-02,-7.169739665297655273e-01,2.969385570126847895e-01,-8.910358217399702019e-01,5.415971448865770643e-01,3.544649535456819711e-01,-7.207518953922555927e-01,-2.108850521272785938e-01,-2.108850438882423628e-01,-7.207518907520990004e-01,3.544649475212526823e-01
5.515459304167056320e-01,-8.935546731243647622e-01,3.093110916027570489e-01,-7.198291557130346296e-01,5.448044727973432727e-02,-4.880625201862146545e-01,-2.201510161657969089e-01,-2.201510274863209826e-01,-4.880625144113324154e-01,5.448044607983914406e-02,-7.198291664385841893e-01,3.093111079488121695e-01,-8.935546757155438113e-01,5.515459339760256929e-01,3.621716696669016189e-01,-7.212915641127504163e-01,-2.067571544769767899e-01,-2.067571455284939741e-01,-7.212915588703406877e-01,3.621716629806973065e-01
5.622157644667158394e-01,-8.962068874839552723e-01,3.225805968809657420e-01,-7.228345784609746527e-01,6.525883721732253506e-02,-4.879199139228292958e-01,-2.146217215402905498e-01,-2.146217419200006915e-01,-4.879199049205011351e-01,6.525883454764278002e-02,-7.228345957831550095e-01,3.225806220353224507e-01,-8.962068940765993696e-01,5.622157729749118760e-01,3.705171338743542542e-01,-7.218721959902225649e-01,-2.022845078852210099e-01,-2.022844975913226928e-01,-7.218721896551946182e-01,3.705171259488957425e-01
5.736785523776070095e-01,-8.989974222698262629e-01,3.368318589443323186e-01,-7.259935450750155672e-01,7.685217241537672939e-02,-4.877172570001717666e-01,-2.086502148912574295e-01,-2.086502493305557315e-01,-4.877172436229415542e-01,7.685216742334649576e-02,-7.259935723776724803e-01,3.368318968008776060e-01,-8.989974347043575564e-01,5.736785679391471771e-01,3.795800351531169459e-01,-7.224981584367613507e-01,-1.974241826569868852e-01,-1.974241700712599523e-01,-7.224981503055700749e-01,3.795800251646764822e-01
5.860144513157468094e-01,-9.019300760144115525e-01,3.521577637754821355e-01,-7.293071118640400696e-01,8.933937400587113609e-02,-4.874375980817300391e-01,-2.021879924236537895e-01,-2.021880232875565564e-01,-4.874375881273715350e-01,8.933936895067443040e-02,-7.293071346647297393e-01,3.521577930333081863e-01,-9.019300877523726001e-01,5.860144653528733816e-01,3.894516049875331176e-01,-7.231743617823707115e-01,-1.921262662211710437e-01,-1.921262582082082504e-01,-7.231743561456028813e-01,3.894515982167993107e-01
5.993126653213940447e-01,-9.050069037446125675e-01,3.686594896184219317e-01,-7.327731080870465430e-01,1.028068199649660314e-01,-4.870594617406908133e-01,-1.951803537440213454e-01,-1.951804005567856770e-01,-4.870594480272684157e-01,1.028068117398708847e-01,-7.327731415645005741e-01,3.686595309109435559e-01,-9.050069219090619566e-01,5.993126867147411385e-01,4.002380014702292543e-01,-7.239063685851608865e-01,-1.863325256215734027e-01,-1.863325160675265435e-01,-7.239063615605936253e-01,4.002379931790212009e-01
6.136722960004349359e-01,-9.082275429773860598e-01,3.864465922037815249e-01,-7.363850246841103786e-01,1.173484861541964075e-01,-4.865556494497031981e-01,-1.875657161224738301e-01,-1.875657837470929568e-01,-4.865556310497800574e-01,1.173484734342427060e-01,-7.363850719787052856e-01,3.864466485611797730e-01,-9.082275696056378855e-01,6.136723269684737359e-01,4.120630268079403802e-01,-7.247004183310331582e-01,-1.799747568656728802e-01,-1.799747463696617644e-01,-7.247004101852392299e-01,4.120630173861760115e-01
6.292030118121091364e-01,-9.115883137247590140e-01,4.056365875314568714e-01,-7.401305682677844500e-01,1.330658760755886738e-01,-4.858918813064402320e-01,-1.792748366004932314e-01,-1.792748842959477062e-01,-4.858918689295460003e-01,1.330658660916939073e-01,-7.401306010765471566e-01,4.056366251768796505e-01,-9.115883331835485937e-01,6.292030341305191454e-01,4.250714577795625670e-01,-7.255635618900448947e-01,-1.729728278200297620e-01,-1.729728230428186353e-01,-7.255635576004308973e-01,4.250714529865343705e-01
6.460254360986803501e-01,-9.150811132073891629e-01,4.263539291484321203e-01,-7.439899198502590849e-01,1.500676039628807690e-01,-4.850252183688439356e-01,-1.702299791447686728e-01,-1.702300387609159138e-01,-4.850252036158231861e-01,1.500675912198134454e-01,-7.439899604294901714e-01,4.263539747732840723e-01,-9.150811373203726617e-01,6.460254635255266997e-01,4.394328699115482850e-01,-7.265037885263441186e-01,-1.652323343873592920e-01,-1.652323301338077532e-01,-7.265037841919841366e-01,4.394328652060869311e-01
6.642711333044930555e-01,-9.186922431472053230e-01,4.487283559381866072e-01,-7.479339645768746658e-01,1.684684589258680365e-01,-4.839022789551772341e-01,-1.603443700472659550e-01,-1.603444040025777395e-01,-4.839022708780689741e-01,1.684684514638717656e-01,-7.479339872779633414e-01,4.487283809650616795e-01,-9.186922571255065062e-01,6.642711490872496016e-01,4.553460029526624764e-01,-7.275302272031373141e-01,-1.566417920470423997e-01,-1.566417908138831583e-01,-7.275302252967426053e-01,4.553460009649270557e-01
6.840814954961488281e-01,-9.224010170566715461e-01,4.728918635399512183e-01,-7.519222954164930250e-01,1.883879117031437289e-01,-4.824575271405265320e-01,-1.495215738697742713e-01,-1.495216136569688103e-01,-4.824575188913814427e-01,1.883879038391580996e-01,-7.519223210747939534e-01,4.728918914049174416e-01,-9.224010327353727723e-01,6.840815130680616418e-01,4.730435685193523643e-01,-7.286534946373702804e-01,-1.470693866839014596e-01,-1.470693866695770569e-01,-7.286534927432144482e-01,4.730435666035170961e-01
7.056050328111959091e-01,-9.261785498493343427e-01,4.989743526379903371e-01,-7.559017599559674228e-01,2.099478652006367407e-01,-4.806118580710461163e-01,-1.376555156278524705e-01,-1.376555370676054435e-01,-4.806118542413684858e-01,2.099478614433039625e-01,-7.559017731061954404e-01,4.989743667234560753e-01,-9.261785582683147444e-01,7.056050421816956186e-01,4.927974074321538334e-01,-7.298864804785785143e-01,-1.363591841890071099e-01,-1.363591852005379412e-01,-7.298864790202626018e-01,4.927974059804151596e-01
7.289914250595469492e-01,-9.299867864196680323e-01,5.270969166859681421e-01,-7.598057467252754549e-01,2.332695425629781050e-01,-4.782720327710988095e-01,-1.246308825620114635e-01,-1.246309043907153080e-01,-4.782720303652899796e-01,2.332695401777851729e-01,-7.598057591027580493e-01,5.270969297643165463e-01,-9.299867942342172622e-01,7.289914336120184579e-01,5.149235609536166880e-01,-7.312458726152891719e-01,-1.243267173083554000e-01,-1.243267319240056734e-01,-7.312458639814066741e-01,5.149235518738911610e-01
7.543801509117402659e-01,-9.337784666571582459e-01,5.573625421733464647e-01,-7.635556279517496936e-01,2.584698378271029773e-01,-4.753319533490095172e-01,-1.103245512091574065e-01,-1.103245664677525717e-01,-4.753319520778154228e-01,2.584698365275228671e-01,-7.635556359189685782e-01,5.573625505157835391e-01,-9.337784721555199008e-01,7.543801569527406325e-01,5.397874854685736912e-01,-7.327555966460198578e-01,-1.107534083076807535e-01,-1.107534022576456140e-01,-7.327555968720109725e-01,5.397874856189005532e-01
7.818791694261507663e-01,-9.374983299318557783e-01,5.898429251152252917e-01,-7.670648938275741457e-01,2.856576129406527831e-01,-4.716759362129128164e-01,-9.460719004234409424e-02,-9.460721037405429856e-02,-4.716759352928346916e-01,2.856576119655123147e-01,-7.670649038729007163e-01,5.898429355156503684e-01,-9.374983370193716858e-01,7.818791770773882988e-01,5.678111997953972923e-01,-7.344540645186796723e-01,-9.537712822516516975e-02,-9.537711880274665766e-02,-7.344540623991658856e-01,5.678111973804189638e-01
8.115274708184275765e-01,-9.410862147467580208e-01,6.245639298814044116e-01,-7.702474800263275911e-01,3.149361531991948238e-01,-4.671834816774657062e-01,-7.734084648572557563e-02,-7.734086099728430808e-02,-4.671834806823968456e-01,3.149361522076919440e-01,-7.702474872252331739e-01,6.245639372729130390e-01,-9.410862206645174144e-01,8.115274771197503734e-01,5.994925798923016469e-01,-7.364084995587916183e-01,-7.786833292934158823e-02,-7.786832215427258452e-02,-7.364084953414076207e-01,5.994925752822306553e-01
