-9.999999999999948930e-01,-9.999999999999948930e-01,-9.999999999999948930e-01,-9.999999999999948930e-01,-9.999999999999948930e-01,-9.999999999999948930e-01,-9.999999999999948930e-01,-9.999999999999948930e-01,-9.999999999999948930e-01,-9.999999999999948930e-01,-9.999999999999948930e-01,-9.999999999999948930e-01,-9.999999999999948930e-01,-9.999999999999948930e-01,-9.999999999999948930e-01,-9.999999999999948930e-01,-9.999999999999948930e-01,-9.999999999999948930e-01
-9.976112655377259442e-01,-9.976158495793560066e-01,-9.976159933073067698e-01,-9.976160061212262509e-01,-9.976160083886951302e-01,-9.976160088078243060e-01,-9.976160083886986829e-01,-9.976160061212439034e-01,-9.976159933073446284e-01,-9.976158495793567837e-01,-9.976112655376737637e-01,-9.976112654014264169e-01,-9.976158492013472712e-01,-9.976159922908729438e-01,-9.976160027824414467e-01,-9.976159922909453304e-01,-9.976158492013983414e-01,-9.976112654014669401e-01
-9.952496558650755221e-01,-9.952677379317614870e-01,-9.952682724593284735e-01,-9.952683207155255118e-01,-9.952683293880203452e-01,-9.952683310003527239e-01,-9.952683293880139059e-01,-9.952683207156698408e-01,-9.952682724595693919e-01,-9.952677379318095596e-01,-9.952496558647452307e-01,-9.952496553351625197e-01,-9.952677364683536476e-01,-9.952682685355453973e-01,-9.952683079069893912e-01,-9.952682685360270121e-01,-9.952677364687383399e-01,-9.952496553355346665e-01
-9.929145768216369738e-01,-9.929547027836513884e-01,-9.929558182014514012e-01,-9.929559205468512229e-01,-9.929559392266948947e-01,-9.929559427184028175e-01,-9.929559392266478213e-01,-9.929559205472645589e-01,-9.929558182020422619e-01,-9.929547027838357964e-01,-9.929145768207929823e-01,-9.929145756624839780e-01,-9.929546995953330013e-01,-9.929558096756689878e-01,-9.929558928789898875e-01,-9.929558096769086628e-01,-9.929546995963649536e-01,-9.929145756635709974e-01
-9.906054538749317073e-01,-9.906758181168868749e-01,-9.906776520423465904e-01,-9.906778237733929737e-01,-9.906778556001821778e-01,-9.906778615800092558e-01,-9.906778555997007851e-01,-9.906778237757780659e-01,-9.906776520452664769e-01,-9.906758181180567169e-01,-9.906054538705254542e-01,-9.906054518667343212e-01,-9.906758126252594998e-01,-9.906776373926147183e-01,-9.906777765057979135e-01,-9.906776373989298889e-01,-9.906758126304944234e-01,-9.906054518728011349e-01
-9.883217312478289607e-01,-9.884301924071287049e-01,-9.884328341619397218e-01,-9.884330877815028504e-01,-9.884331354922035739e-01,-9.884331444992153770e-01,-9.884331354914914769e-01,-9.884330877860555420e-01,-9.884328341669664786e-01,-9.884301924096060565e-01,-9.883217312397784005e-01,-9.883217281932261677e-01,-9.884301840903684244e-01,-9.884328120273203622e-01,-9.884330167405469547e-01,-9.884328120390346584e-01,-9.884301841003665379e-01,-9.883217282048742947e-01
-9.860628710990284596e-01,-9.862169669657978588e-01,-9.862204614429561644e-01,-9.862208071598832504e-01,-9.862208731427379860e-01,-9.862208856546403890e-01,-9.862208731416894913e-01,-9.862208071675181431e-01,-9.862204614506021594e-01,-9.862169669702254282e-01,-9.860628710858714285e-01,-9.860628668155129173e-01,-9.862169553529218646e-01,-9.862204306032701373e-01,-9.862207086711425319e-01,-9.862204306223045780e-01,-9.862169553693882484e-01,-9.860628668350200909e-01
-9.838283527446494148e-01,-9.840353143803335367e-01,-9.840396656303360690e-01,-9.840401118000354774e-01,-9.840401981389231834e-01,-9.840402145785313026e-01,-9.840401981374904405e-01,-9.840401118115805756e-01,-9.840396656408683107e-01,-9.840353143873361574e-01,-9.838283527250210048e-01,-9.838283470653359508e-01,-9.840352990467459149e-01,-9.840396249935599027e-01,-9.840399826280796791e-01,-9.840396250215892593e-01,-9.840352990712112335e-01,-9.838283470947657428e-01
-9.816176719239034787e-01,-9.818844370449240078e-01,-9.818896116001631924e-01,-9.818901651154164911e-01,-9.818902736278950494e-01,-9.818902943689867824e-01,-9.818902736261114761e-01,-9.818901651314474455e-01,-9.818896116135126251e-01,-9.818844370549972833e-01,-9.816176718967517534e-01,-9.816176646966484620e-01,-9.818844176082421882e-01,-9.818895601902062342e-01,-9.818900024125092330e-01,-9.818895602283645996e-01,-9.818844176418061176e-01,-9.816176647374750264e-01
-9.794303401040217461e-01,-9.797635657758625438e-01,-9.797694957337305111e-01,-9.797701623702659290e-01,-9.797702946398167967e-01,-9.797703200122963585e-01,-9.797702946377756517e-01,-9.797701623909335078e-01,-9.797694957494524903e-01,-9.797635657892340699e-01,-9.794303400688458838e-01,-9.794303311906641385e-01,-9.797635418921011308e-01,-9.797694326796830833e-01,-9.797699636323681238e-01,-9.797694327282229221e-01,-9.797635419351244934e-01,-9.794303312433714215e-01
-9.772658838215324550e-01,-9.776719585054931549e-01,-9.776785443883515558e-01,-9.776793291097142236e-01,-9.776794865127668155e-01,-9.776795168072499598e-01,-9.776794865106670507e-01,-9.776793291341331349e-01,-9.776785444052772389e-01,-9.776719585217020780e-01,-9.772658837794729880e-01,-9.772658730984218334e-01,-9.776719298655318635e-01,-9.776784689160344932e-01,-9.776790921386635524e-01,-9.776784689729421940e-01,-9.776719299163673105e-01,-9.772658731609281668e-01
-9.751238440583221978e-01,-9.756088990497903124e-01,-9.756160124583986848e-01,-9.756169196845477787e-01,-9.756171034130375341e-01,-9.756171388850276571e-01,-9.756171034112027796e-01,-9.756169197099118229e-01,-9.756160124743121775e-01,-9.756088990670598315e-01,-9.751238440137787178e-01,-9.751238314176212674e-01,-9.756088653759530382e-01,-9.756159238837963654e-01,-9.756166425557520894e-01,-9.756159239428002783e-01,-9.756088654290675510e-01,-9.751238314830005249e-01
-9.730037756515687031e-01,-9.735736959439400540e-01,-9.735811820211617285e-01,-9.735822158645043300e-01,-9.735824269452761914e-01,-9.735824678188859105e-01,-9.735824269440215284e-01,-9.735822158870359733e-01,-9.735811820337606504e-01,-9.735736959597655060e-01,-9.730037756108204094e-01,-9.730037609981370128e-01,-9.735736569871012991e-01,-9.735810797406689865e-01,-9.735818969000039624e-01,-9.735810797933814875e-01,-9.735736570348632046e-01,-9.730037610569243212e-01
-9.709052467347814019e-01,-9.715656813416577720e-01,-9.715733610621027916e-01,-9.715745255334057306e-01,-9.715747648452692786e-01,-9.715748113161652988e-01,-9.715747648446784179e-01,-9.715745255515333412e-01,-9.715733610708469081e-01,-9.715656813549699011e-01,-9.709052467005279130e-01,-9.709052299774424410e-01,-9.715656368794832742e-01,-9.715732445377255333e-01,-9.715741632791852211e-01,-9.715732445808027418e-01,-9.715656369186680408e-01,-9.709052300257101642e-01
-9.688278382025017343e-01,-9.695842099761141641e-01,-9.695918822701281581e-01,-9.695931814576533858e-01,-9.695934497443015054e-01,-9.695935019824144518e-01,-9.695934497443429168e-01,-9.695931814710238017e-01,-9.695918822752840338e-01,-9.695842099866670560e-01,-9.688278381754320545e-01,-9.688278192557582269e-01,-9.695841598108806414e-01,-9.695917510250529059e-01,-9.695927746631148869e-01,-9.695917510578463405e-01,-9.695841598406784723e-01,-9.688278192926339516e-01
-9.667711432050150044e-01,-9.676286581757890248e-01,-9.676361019022340360e-01,-9.676375401274012189e-01,-9.676378380081455122e-01,-9.676378961601582729e-01,-9.676378380087551356e-01,-9.676375401365582274e-01,-9.676361019044551481e-01,-9.676286581839731449e-01,-9.667711431842956893e-01,-9.667711219891962360e-01,-9.676286021324255193e-01,-9.676359555154950831e-01,-9.676370877281064153e-01,-9.676359555393122536e-01,-9.676286021538305082e-01,-9.667711220160468688e-01
-9.647347666676537870e-01,-9.656984229330134450e-01,-9.657053987113881632e-01,-9.657069806633837850e-01,-9.657073086418164198e-01,-9.657073728334729656e-01,-9.657073086429317499e-01,-9.657069806692895053e-01,-9.657053987113725091e-01,-9.656984229395386699e-01,-9.647347666516070674e-01,-9.647347431093925563e-01,-9.656983608571521049e-01,-9.657052368134640963e-01,-9.657064817664077205e-01,-9.657052368305517609e-01,-9.656983608720930423e-01,-9.647347431286965591e-01
-9.627183248335567933e-01,-9.637929210215887554e-01,-9.637991729335773083e-01,-9.638009037851326122e-01,-9.638012622559811726e-01,-9.638013325942917930e-01,-9.638012622575706789e-01,-9.638009037885508778e-01,-9.637991729317920697e-01,-9.637929210270547165e-01,-9.627183248207433763e-01,-9.627182988667687402e-01,-9.637928527776236098e-01,-9.637989952030848739e-01,-9.638003576567819586e-01,-9.637989952152459239e-01,-9.637928527876774565e-01,-9.627182988805456088e-01
-9.607214448294332243e-01,-9.619115881603714779e-01,-9.619168453310490419e-01,-9.619187308370873435e-01,-9.619191200918006945e-01,-9.619191966670194160e-01,-9.619191200938892461e-01,-9.619187308385289681e-01,-9.619168453277311404e-01,-9.619115881652356981e-01,-9.607214448188599043e-01,-9.607214163950308361e-01,-9.619115136298387325e-01,-9.619166514905697074e-01,-9.619181368926580378e-01,-9.619166514990206140e-01,-9.619115136360408824e-01,-9.607214164046349314e-01
-9.587437642520473258e-01,-9.600538782202916455e-01,-9.600578562873295363e-01,-9.600599028683250991e-01,-9.600603230995407023e-01,-9.600604059869455309e-01,-9.600603231021532791e-01,-9.600599028680851799e-01,-9.600578562825927698e-01,-9.600538782248664305e-01,-9.587437642430234330e-01,-9.587437332972793547e-01,-9.600537973003619996e-01,-9.600576460992701344e-01,-9.600592606634550386e-01,-9.600576461047503063e-01,-9.600537973033420602e-01,-9.587437333035560005e-01
-9.567849307742104514e-01,-9.582192624718620655e-01,-9.582216649507271367e-01,-9.582238797623193749e-01,-9.582243310672968750e-01,-9.582244203288258211e-01,-9.582243310704702255e-01,-9.582238797605935332e-01,-9.582216649446136936e-01,-9.582192624763926636e-01,-9.567849307662310565e-01,-9.567848972520190953e-01,-9.582191750740531866e-01,-9.582214382134056629e-01,-9.582231889857315554e-01,-9.582214382164135902e-01,-9.582191750742281577e-01,-9.567848972555378362e-01
-9.408710455768990455e-01,-9.437187768261321441e-01,-9.436935407984663460e-01,-9.436979615842848723e-01,-9.436987716969569284e-01,-9.436989375268109992e-01,-9.436987717057311320e-01,-9.436979615732750126e-01,-9.436935407816646748e-01,-9.437187768353412221e-01,-9.408710455711827292e-01,-9.408709795920624508e-01,-9.437186096160226079e-01,-9.436931121919385212e-01,-9.436966984539304493e-01,-9.436931121799774225e-01,-9.437186095975114153e-01,-9.408709795780104690e-01
-9.217498063282032472e-01,-9.269625472452942549e-01,-9.268463225387650883e-01,-9.268560071327258676e-01,-9.268572330882595134e-01,-9.268575105716270190e-01,-9.268572331298885469e-01,-9.268560070861233680e-01,-9.268463224598455508e-01,-9.269625473030728147e-01,-9.217498062981094309e-01,-9.217496894023542442e-01,-9.269622613083968732e-01,-9.268455954069303449e-01,-9.268540122915198687e-01,-9.268455953391645519e-01,-9.269622612195744793e-01,-9.217496893169000449e-01
-8.993615148534159776e-01,-9.082680273451039232e-01,-9.079243655016223657e-01,-9.079483885489673112e-01,-9.079496822423018809e-01,-9.079501235925038216e-01,-9.079496822924941757e-01,-9.079483884911629943e-01,-9.079243654079141024e-01,-9.082680274422080258e-01,-8.993615148399232151e-01,-8.993613258467852978e-01,-9.082675850197675649e-01,-9.079232276519094702e-01,-9.079458923617272914e-01,-9.079232275303678046e-01,-9.082675848841407218e-01,-8.993613256849546378e-01
-8.737742458987802774e-01,-8.881086405820899365e-01,-8.872840498031513423e-01,-8.873462697258867049e-01,-8.873458284139759122e-01,-8.873465911989026900e-01,-8.873458285413645674e-01,-8.873462695478864237e-01,-8.872840494897336061e-01,-8.881086409611216315e-01,-8.737742459064821166e-01,-8.737739637228709721e-01,-8.881080217849348646e-01,-8.872823106660109316e-01,-8.873448809530820602e-01,-8.872823101916909039e-01,-8.881080213200323037e-01,-8.737739630719910666e-01
-8.451827776143521209e-01,-8.670705187085921972e-01,-8.653463373116804247e-01,-8.655008269128523501e-01,-8.654927476175513501e-01,-8.654944590431546958e-01,-8.654927476477615178e-01,-8.655008268820585382e-01,-8.653463372696672540e-01,-8.670705188380429806e-01,-8.451827776632246936e-01,-8.451823809060856618e-01,-8.670697593596340402e-01,-8.653434448956403013e-01,-8.655058911662790733e-01,-8.653434447838883603e-01,-8.670697593248806179e-01,-8.451823806945768514e-01
-8.138919710664285212e-01,-8.457911561199431549e-01,-8.425408677089780696e-01,-8.428944772191393486e-01,-8.428633090183798027e-01,-8.428681511652778013e-01,-8.428633090809370954e-01,-8.428944770753178384e-01,-8.425408676901611216e-01,-8.457911565131921439e-01,-8.138919713998051808e-01,-8.138914215349016823e-01,-8.457904765236197164e-01,-8.425350859029978601e-01,-8.429196888278320809e-01,-8.425350854772089004e-01,-8.457904764015137244e-01,-8.138914208240678461e-01
-7.802887399157816262e-01,-8.248942043568423532e-01,-8.192561866683025773e-01,-8.199963414234464620e-01,-8.199077168275463734e-01,-8.199220330045872140e-01,-8.199077169718171909e-01,-8.199963413975924764e-01,-8.192561870843440008e-01,-8.248942041740929820e-01,-7.802887400781264304e-01,-7.802879057556102449e-01,-8.248943495111963342e-01,-8.192427606180501254e-01,-8.200711869255483677e-01,-8.192427608835397557e-01,-8.248943500784475802e-01,-7.802879058906996290e-01
-7.448088161144885699e-01,-8.049339905138157558e-01,-7.958065750627005830e-01,-7.972301327957529438e-01,-7.970171004808039861e-01,-7.970565308383151804e-01,-7.970171007486904768e-01,-7.972301326074342498e-01,-7.958065756436858429e-01,-8.049339900268565051e-01,-7.448088162584582950e-01,-7.448072331846209426e-01,-8.049370122386880766e-01,-7.957743932078101823e-01,-7.974099652350379319e-01,-7.957743935832478632e-01,-8.049370127497299521e-01,-7.448072334972463127e-01
-7.079043488110930982e-01,-7.863583459822309774e-01,-7.724187597624136981e-01,-7.749567720807801763e-01,-7.745025602214459237e-01,-7.746006816148569563e-01,-7.745025613329340475e-01,-7.749567710142971633e-01,-7.724187617371407466e-01,-7.863583442270232204e-01,-7.079043493625405414e-01,-7.079006381845094342e-01,-7.863690564384251402e-01,-7.723452388504750132e-01,-7.753342478268085980e-01,-7.723452400053718581e-01,-7.863690573477707391e-01,-7.079006392268868408e-01
-6.700166359218566736e-01,-7.694919198364150725e-01,-7.492355222437981910e-01,-7.534694205582110893e-01,-7.525884582473869600e-01,-7.528093648670773907e-01,-7.525884592229798997e-01,-7.534694191867520319e-01,-7.492355237761177955e-01,-7.694919181980920397e-01,-6.700166365760220621e-01,-6.700073389685096137e-01,-7.695201799531226072e-01,-7.490798742403521615e-01,-7.541852868974983082e-01,-7.490798748599363233e-01,-7.695201798441012597e-01,-6.700073395534358323e-01
-6.315560620182241180e-01,-7.545371312570183786e-01,-7.263299538135570277e-01,-7.329966835914440981e-01,-7.314162552633555192e-01,-7.318706780603206896e-01,-7.314162558135360870e-01,-7.329966823978173451e-01,-7.263299548371804359e-01,-7.545371301433587696e-01,-6.315560629421087535e-01,-6.315336685363300839e-01,-7.546009103000770324e-01,-7.260254796392014986e-01,-7.342477430908846969e-01,-7.260254796157028512e-01,-7.546009097911345886e-01,-6.315336686566699331e-01
-5.928894163909552706e-01,-7.415873640804201417e-01,-7.037239846836573776e-01,-7.137099503584753979e-01,-7.110547461030296557e-01,-7.119184616217473227e-01,-7.110547475035591258e-01,-7.137099471600897305e-01,-7.037239873765388509e-01,-7.415873611234549134e-01,-5.928894191009680403e-01,-5.928395200975633550e-01,-7.417162753975585776e-01,-7.031703967680043021e-01,-7.157525158117564734e-01,-7.031703963858160211e-01,-7.417162744124310425e-01,-5.928395202115499529e-01
-5.543335958467356939e-01,-7.306467276433126212e-01,-6.814064103199133360e-01,-6.957320375593996076e-01,-6.915132498806845218e-01,-6.930458883387244917e-01,-6.915132502467018494e-01,-6.957320361985774859e-01,-6.814064119565405031e-01,-7.306467259801768810e-01,-5.543335989430697719e-01,-5.542313312638807998e-01,-7.308855271211308624e-01,-6.804633058773741361e-01,-6.988801015830398145e-01,-6.804633045425005911e-01,-7.308855274318102335e-01,-5.542313308612221157e-01
-5.161541669052804870e-01,-7.216517728453043512e-01,-6.593477641602892847e-01,-6.791455733244652349e-01,-6.727553317027114010e-01,-6.753175495440641996e-01,-6.727553310391407582e-01,-6.791455728143989123e-01,-6.593477657947139914e-01,-7.216517699949513975e-01,-5.161541744754796213e-01,-5.159603674773616255e-01,-7.220632302288935156e-01,-6.578302473244217463e-01,-6.837638236984850959e-01,-6.578302421975794623e-01,-7.220632333761173305e-01,-5.159603651255838530e-01
-4.785672658446484262e-01,-7.144920403041913337e-01,-6.375111392844103886e-01,-6.640004468103058999e-01,-6.547116227484235385e-01,-6.587788365697329063e-01,-6.547116199443325790e-01,-6.640004505112705457e-01,-6.375111390637147046e-01,-7.144920388852313842e-01,-4.785672711738995777e-01,-4.782249205966381256e-01,-7.151586630005699607e-01,-6.351882810943474400e-01,-6.704930440842387096e-01,-6.351882778393971307e-01,-7.151586665226377093e-01,-4.782249173464899195e-01
-4.417434917837642083e-01,-7.090277523683459204e-01,-6.158591789578042874e-01,-6.503201628810939550e-01,-6.372909922436638119e-01,-6.434624135237657638e-01,-6.372909900396387384e-01,-6.503201645922213059e-01,-6.158591806351059184e-01,-7.090277501971402607e-01,-4.417434946090513792e-01,-4.411751765777994772e-01,-7.100519623970029670e-01,-6.124556969793114591e-01,-6.591165499883935297e-01,-6.124556973737049770e-01,-7.100519630857431430e-01,-4.411751739133178418e-01
-4.058128310251696846e-01,-7.051039900347342293e-01,-5.943579870180512037e-01,-6.381071465159278144e-01,-6.203898053499732335e-01,-6.293921580220089851e-01,-6.203898040637516598e-01,-6.381071449200079737e-01,-5.943579930092602881e-01,-7.051039849028821749e-01,-4.058128359637972471e-01,-4.049196321939240728e-01,-7.066066265138388758e-01,-5.895590846071963043e-01,-6.496463015559665877e-01,-5.895590866951108122e-01,-7.066066256076717345e-01,-4.049196299450676384e-01
-3.708699306094671577e-01,-7.025613791969437250e-01,-5.729788430269675548e-01,-6.273471391897417204e-01,-6.038992682586830085e-01,-6.165852061975656273e-01,-6.038992691598081830e-01,-6.273471332125011291e-01,-5.729788539436160288e-01,-7.025613709524853867e-01,-3.708699382966675895e-01,-3.695321835471543359e-01,-7.046785822952594813e-01,-5.664379218423385431e-01,-6.420615284998036909e-01,-5.664379250899450602e-01,-7.046785804932186315e-01,-3.695321822591389749e-01
-3.369792773500477900e-01,-7.012436709056271145e-01,-5.516985429734141411e-01,-6.180128049545665636e-01,-5.877110479436447044e-01,-6.050527177579722027e-01,-5.877110513549624882e-01,-6.180127945206040918e-01,-5.516985592129458604e-01,-7.012436591390118767e-01,-3.369792886506183249e-01,-3.350591989501671697e-01,-7.041223803860374719e-01,-5.430472654032801882e-01,-6.363130554596641009e-01,-5.430472692894297015e-01,-7.041223786144596986e-01,-3.350591980418702875e-01
-3.041800756693469054e-01,-7.010027442628978811e-01,-5.304989825415822313e-01,-6.100666724146761588e-01,-5.717213928667035372e-01,-5.947999154587112480e-01,-5.717213989754893477e-01,-6.100666573933588577e-01,-5.304990046394151282e-01,-7.010027284172004602e-01,-3.041800913896915426e-01,-3.015260988827898059e-01,-7.047951906831935176e-01,-5.193590176064728503e-01,-6.323277041232701068e-01,-5.193590217664620923e-01,-7.047951896921050841e-01,-3.015260976011443494e-01
-2.724906990453062616e-01,-7.017015839004007161e-01,-5.093664403743362046e-01,-6.034635005895672144e-01,-5.558340274896580446e-01,-5.858257936640220986e-01,-5.558340316001157966e-01,-6.034634945544616880e-01,-5.093664482348192468e-01,-7.017015778084700894e-01,-2.724907062408565839e-01,-2.689431398171229226e-01,-7.065592099987134667e-01,-4.953621622816808401e-01,-6.300126092815299117e-01,-4.953621627244394476e-01,-7.065592111079493920e-01,-2.689431399357656849e-01
-2.419126579560491042e-01,-7.032157679319062105e-01,-4.882907876244029222e-01,-5.981521976568352494e-01,-5.399620397002253824e-01,-5.781227869773101213e-01,-5.399620444900603555e-01,-5.981521911075824427e-01,-4.882907962538436952e-01,-7.032157609524753994e-01,-2.419126664058736109e-01,-2.373102460237476174e-01,-7.092830111178149988e-01,-4.710622038372870302e-01,-6.292593768617498196e-01,-4.710622038188870819e-01,-7.092830130541123435e-01,-2.373102457989501590e-01
-2.124341399796750851e-01,-7.054338227647829473e-01,-4.672648860929085046e-01,-5.940772804804106411e-01,-5.240290587538616318e-01,-5.716764885777856353e-01,-5.240290640353344465e-01,-5.940772738815432996e-01,-4.672648948688552517e-01,-7.054338151602643769e-01,-2.124341494820344844e-01,-2.066208458834567496e-01,-7.128422092510802166e-01,-4.464800794812782136e-01,-6.299479215563801304e-01,-4.464800788369203133e-01,-7.128422120287705166e-01,-2.066208453171931581e-01
-1.840330691727226353e-01,-7.082568861754441336e-01,-4.462840998232675549e-01,-5.911800547448374799e-01,-5.079698225023807634e-01,-5.664655695074232167e-01,-5.079698281961438910e-01,-5.911800485482953116e-01,-4.462841080460718812e-01,-7.082568781998073160e-01,-1.840330795816851883e-01,-1.768647523802387989e-01,-7.171197626565524175e-01,-4.216505826325346318e-01,-6.319500599163605514e-01,-4.216505811501274903e-01,-7.171197662162089870e-01,-1.768647516433215494e-01
-1.566797668779540964e-01,-7.115978804573794836e-01,-4.253460224448764038e-01,-5.893995014763185880e-01,-4.917303535301604245e-01,-5.624618554348483901e-01,-4.917303596943456423e-01,-5.893994960205454214e-01,-4.253460295398489022e-01,-7.115978722621199015e-01,-1.566797781719499738e-01,-1.480301850735424307e-01,-7.220060722880098369e-01,-3.966204793528582129e-01,-6.351327634852159676e-01,-3.966204768016838300e-01,-7.220060765274707304e-01,-1.480301844445965076e-01
-1.303392221765680148e-01,-7.153804230567086808e-01,-4.044503636829863136e-01,-5.886729503651726425e-01,-4.752678397349314743e-01,-5.596305726788262103e-01,-4.752678420247415936e-01,-5.886729497255568377e-01,-4.044503642592304216e-01,-7.153804210033352096e-01,-1.303392258721122743e-01,-1.201050553051540293e-01,-7.273990050987253486e-01,-3.714463863939287402e-01,-6.393610929660061837e-01,-3.714463845905771611e-01,-7.273990069504563394e-01,-1.201050559408451401e-01
-1.049730079034283531e-01,-7.195376272979308041e-01,-3.835989251213153262e-01,-5.889366127450933464e-01,-4.585503025522399967e-01,-5.579307218594924400e-01,-4.585503049997420866e-01,-5.889366124862387419e-01,-3.835989251626598096e-01,-7.195376251762956032e-01,-1.049730119487364000e-01,-9.307767303488168054e-02,-7.332038894803946105e-01,-3.461925014859602578e-01,-6.445008261660750692e-01,-3.461924992631768561e-01,-7.332038914738248092e-01,-9.307767394236085567e-02
-8.054086553382969194e-02,-7.240108735937600404e-01,-3.627957041062125909e-01,-5.901259508490170891e-01,-4.415561368588063473e-01,-5.573155761621154669e-01,-4.415561394555385100e-01,-5.901259509948524329e-01,-3.627957036319613415e-01,-7.240108713644133331e-01,-8.054086998315737600e-02,-6.693697234160064791e-02,-7.393335213751388579e-01,-3.209282896045217437e-01,-6.504207233537493416e-01,-3.209282869825051954e-01,-7.393335234629374586e-01,-6.693697356670577636e-02
-5.700199626991873936e-02,-7.287486514206688026e-01,-3.420469679276212371e-01,-5.921760117596521766e-01,-4.242735347255478517e-01,-5.577332420869991481e-01,-4.242735374002695181e-01,-5.921760123395296560e-01,-3.420469669928180023e-01,-7.287486490298713537e-01,-5.700200118297225893e-02,-4.167244562289738885e-02,-7.457081529813411880e-01,-2.957261934904814593e-01,-6.569944930409117312e-01,-2.957261905398996804e-01,-7.457081551044323353e-01,-4.167244716266159388e-02
-3.431608033971367266e-02,-7.337054923920204308e-01,-3.213613465914983980e-01,-5.950216904131683249e-01,-4.066998414510499815e-01,-5.591272861020452067e-01,-4.066998440778775148e-01,-5.950216914750379171e-01,-3.213613452525428960e-01,-7.337054897739259118e-01,-3.431608579284556315e-02,-1.727386105276703526e-02,-7.522554664427361093e-01,-2.706594668784449986e-01,-6.641024009893354840e-01,-2.706594637063653996e-01,-7.522554685289667420e-01,-1.727386287443422042e-02
-1.244405495264901476e-02,-7.388410280884060155e-01,-3.007498802977425778e-01,-5.985979743385376750e-01,-3.888408503124042292e-01,-5.614374008947785599e-01,-3.888408527350692978e-01,-5.985979759536081968e-01,-3.007498785836532629e-01,-7.388410251692245634e-01,-1.244406104430473281e-02,6.269121671541718829e-03,-7.589105065019808860e-01,-2.458001960032326905e-01,-6.716325416531919723e-01,-2.458001927322178148e-01,-7.589105084645373367e-01,6.269119599032412296e-03
8.651321775688249754e-03,-7.441191813915093434e-01,-2.802260062473217461e-01,-6.028401851719633608e-01,-3.707100465709957660e-01,-5.646001003880811719e-01,-3.707100486412897578e-01,-6.028401874245108427e-01,-2.802260041462656392e-01,-7.441191780981304404e-01,8.651314933278590052e-03,2.896736226918536494e-02,-7.656155563017699173e-01,-2.212175685325670216e-01,-6.794817737329610363e-01,-2.212175652796326553e-01,-7.656155580389860660e-01,2.896735994120144472e-02
2.900509360019169758e-02,-7.495074915968629181e-01,-2.598054720502408488e-01,-6.076842303223511932e-01,-3.523278066132937703e-01,-5.685494338673944270e-01,-3.523278082409225798e-01,-6.076842332823763071e-01,-2.598054695154843885e-01,-7.495074878731162737e-01,2.900508590895083810e-02,5.083262035034457477e-02,-7.723199448606037354e-01,-1.969764304192103965e-01,-6.875563334333273380e-01,-1.969764272798419924e-01,-7.723199462591940900e-01,5.083261769981410605e-02
4.864988879840340119e-02,-7.549765666032957068e-01,-2.395061707013760588e-01,-6.130668723424250732e-01,-3.337205575835595628e-01,-5.732177107386121628e-01,-3.337205587841859389e-01,-6.130668760274479157e-01,-2.395061676769204007e-01,-7.549765624330910807e-01,4.864988021995851619e-02,7.187786747964042267e-02,-7.789797816115984208e-01,-1.731361523796277058e-01,-6.957721479975093049e-01,-1.731361494221700936e-01,-7.789797825562998490e-01,7.187786437227038083e-02
6.761583660062776835e-02,-7.604996508294838975e-01,-2.193478988881119585e-01,-6.189260182287414924e-01,-3.149199041446536507e-01,-5.785362273718982484e-01,-3.149199050620575813e-01,-6.189260225719045438e-01,-2.193478953461192871e-01,-7.604996462556297132e-01,6.761582719884405568e-02,9.211750970731055754e-02,-7.855576202123475404e-01,-1.497498094229352816e-01,-7.040548802736075196e-01,-1.497498066962455465e-01,-7.855576206010552731e-01,9.211750596895948440e-02
8.593059230061862730e-02,-7.660522946383507836e-01,-1.993520461155635637e-01,-6.252010262373266514e-01,-2.959617313210602951e-01,-5.844359866393858960e-01,-2.959617322029595154e-01,-6.252010310827882389e-01,-1.993520420865962373e-01,-7.660522897637598305e-01,8.593058225403460426e-02,1.115675132679782577e-01,-7.920220596389186962e-01,-1.268636606431521041e-01,-7.123397414345182810e-01,-1.268636581927623519e-01,-7.920220593979927504e-01,1.115675087374230767e-01
1.036194472795274601e-01,-7.716121095703214472e-01,-1.795412266557619430e-01,-6.318330240422557198e-01,-2.768852950614847375e-01,-5.908483996142434025e-01,-2.768852961973186089e-01,-6.318330291751959038e-01,-1.795412222328278684e-01,-7.716121045377026810e-01,1.036194368511352548e-01,1.302454366567247224e-01,-7.983472948038411454e-01,-1.045169034649058165e-01,-7.205711129287177830e-01,-1.045169013460450769e-01,-7.983472938966109655e-01,1.302454312351539467e-01
1.207055018441832300e-01,-7.771585932928708473e-01,-1.599388695512030389e-01,-6.387652293208357923e-01,-2.577323146582952140e-01,-5.977059579047199200e-01,-2.577323163133352635e-01,-6.387652345162080358e-01,-1.599388648678026770e-01,-7.771585882525740008e-01,1.207054913234851534e-01,1.481703795285348457e-01,-8.045126313954829023e-01,-8.274166726736159605e-02,-7.287020201180134382e-01,-8.274166554687950592e-02,-8.045126298206999316e-01,1.481703731986991901e-01
1.372098807709077883e-01,-7.826730086259079400e-01,-1.405687838091689845e-01,-6.459432621936586072e-01,-2.385460830319005576e-01,-6.049428645932962700e-01,-2.385460854074679671e-01,-6.459432672581977286e-01,-1.405687790067114973e-01,-7.826730037087767933e-01,1.372098704204026687e-01,1.653628631749027855e-01,-8.105019804394150151e-01,-6.156320589731338611e-02,-7.366934990212442580e-01,-6.156320464592095892e-02,-8.105019782221506430e-01,1.653628559881631099e-01
1.531519737166479600e-01,-7.881383020970529341e-01,-1.214547165425775982e-01,-6.533154383858907899e-01,-2.193706117917282317e-01,-6.124956119533286891e-01,-2.193706150165586344e-01,-6.533154431777959958e-01,-1.214547117453761427e-01,-7.881382974012365317e-01,1.531519637429952507e-01,1.818446592305147380e-01,-8.163033475247596371e-01,-4.100024672218462174e-02,-7.445138945140786779e-01,-4.100024600470254799e-02,-8.163033447051167846e-01,1.818446512792185332e-01
1.685496851425953846e-01,-7.935390490423657184e-01,-1.026199212623245954e-01,-6.608330324267674971e-01,-2.002498277567681118e-01,-6.203034951221528814e-01,-2.002498318970494240e-01,-6.608330368555433987e-01,-1.026199165665522550e-01,-7.935390446327945657e-01,1.685496756923710038e-01,1.976385833143540771e-01,-8.219083300895417832e-01,-2.106545495033304571e-02,-7.521381238110457224e-01,-2.106545481942612846e-02,-8.219083267137765603e-01,1.976385747065757814e-01
1.834196849812307628e-01,-7.988614173338386415e-01,-8.408674897625598166e-02,-6.684505012949446545e-01,-1.812268419741235315e-01,-6.283090506349756632e-01,-1.812268427464145404e-01,-6.684505025130519362e-01,-8.408674813499482370e-02,-7.988614162633473903e-01,1.834196824932553815e-01,2.127682634613046186e-01,-8.273116310738384271e-01,-1.765972111104911930e-03,-7.595469361868458780e-01,-1.765973954810251155e-03,-8.273116290656820082e-01,2.127682595574640623e-01
1.977776267688576839e-01,-8.040931219493823168e-01,-6.587629287593695093e-02,-6.761256623758136186e-01,-1.623432709309789446e-01,-6.364584250223693784e-01,-1.623432719720238615e-01,-6.761256633935026628e-01,-6.587629221678108216e-02,-8.040931210467114898e-01,1.977776246038170926e-01,2.272579294196460098e-01,-8.325106146834821974e-01,1.689598621729707789e-02,-7.667261769588106235e-01,1.689598403759146744e-02,-8.325106124809473762e-01,2.272579253306595826e-01
2.116383825075976999e-01,-8.092234092307841742e-01,-4.800805411947690893e-02,-6.838198175849194982e-01,-1.436387010680370557e-01,-6.447016409137241721e-01,-1.436387023714694178e-01,-6.838198184063930540e-01,-4.800805364529506236e-02,-8.092234084939518013e-01,2.116383806670369128e-01,2.411321532883775598e-01,-8.375048687051982466e-01,3.492254690698952391e-02,-7.736661091145957680e-01,3.492254440948550087e-02,-8.375048663323015896e-01,2.411321490489871655e-01
2.250162154511541335e-01,-8.142430061626291238e-01,-3.049969168314227777e-02,-6.914978252210046694e-01,-1.251501978089196165e-01,-6.529927966913562365e-01,-1.251501993640588006e-01,-6.914978258552715307e-01,-3.049969139046639771e-02,-8.142430055856219040e-01,2.250162139288228169e-01,2.544156543767468470e-01,-8.422958316525283040e-01,5.231957225575005477e-02,-7.803607576610083196e-01,5.231956946176583023e-02,-8.422958291308031420e-01,2.544156500160449363e-01
2.379249419813976862e-01,-8.191440752725080987e-01,-1.336681926956600347e-02,-6.991281166475642461e-01,-1.069119385492702523e-01,-6.612901749677032592e-01,-1.069119403429820148e-01,-6.991281171060533817e-01,-1.336681915106317786e-02,-8.191440748467968547e-01,2.379249407662716032e-01,2.671330973464678959e-01,-8.468864466640907418e-01,6.909609077943465461e-02,-7.868073188276869523e-01,6.909608771165766383e-02,-8.468864440124908022e-01,2.671330928882563738e-01
2.503780606374101936e-01,-8.239201565514562287e-01,3.377133901342595224e-03,-7.066826612657695073e-01,-8.895493898028572488e-02,-6.695562748170545975e-01,-8.895494099762163431e-02,-7.066826615612582518e-01,3.377133855659110451e-03,-8.239201562674867141e-01,2.503780597162907906e-01,2.793089170720799430e-01,-8.512808578143027383e-01,8.526376036326097085e-02,-7.930056247658567870e-01,8.526375704457760107e-02,-8.512808550493462523e-01,2.793089125357146041e-01
2.623888523557110775e-01,-8.285660989422209965e-01,1.972100286183299522e-02,-7.141368838350095061e-01,-7.130687349591149915e-02,-6.777577729264978590e-01,-7.130687572115640416e-02,-7.141368839805591895e-01,1.972100266295507415e-02,-8.285660987897114360e-01,2.623888517140203214e-01,2.909671671517350400e-01,-8.554841451341868019e-01,1.008363744833027931e-01,-7.989576669795193098e-01,1.008363709357347066e-01,-8.554841422698640230e-01,2.909671625522584626e-01
2.739704537578044330e-01,-8.330779821750320391e-01,3.565591127802645449e-02,-7.214695398462451781e-01,-5.399198290590295074e-02,-6.858654221425581898e-01,-5.399198532284427143e-02,-7.214695398549495486e-01,3.565591093757466273e-02,-8.330779821437079846e-01,2.739704533807272302e-01,3.021313924291623154e-01,-8.595020962235183637e-01,1.158294158820957764e-01,-8.046671773417497509e-01,1.158294121262881671e-01,-8.595020932713530737e-01,3.021313877777879187e-01
2.851359061760169178e-01,-8.374530304518013057e-01,5.117524616814615041e-02,-7.286625556366888024e-01,-3.703106060210648032e-02,-6.938538969682435109e-01,-3.703106319462207141e-02,-7.286625555212400407e-01,5.117524569743039931e-02,-8.374530305314638046e-01,2.851359060487693720e-01,3.128245248241591780e-01,-8.633410117077395807e-01,1.302596593286035609e-01,-8.101392639493691927e-01,1.302596553832711668e-01,-8.633410086767629998e-01,3.128245201283725296e-01
2.958981836326899373e-01,-8.416895199230584046e-01,6.627458979754942414e-02,-7.357008404447269445e-01,-2.044150692061777463e-02,-7.017015960826717969e-01,-2.044150967301594513e-02,-7.357008402174972650e-01,6.627458920770322448e-02,-8.416895201039765739e-01,2.958981837410851190e-01,3.230688010350848405e-01,-8.670075414377824696e-01,1.441448230215331694e-01,-8.153800980196932446e-01,1.441448189033185390e-01,-8.670075383345394737e-01,3.230687962987759398e-01
3.062702032418487263e-01,-8.457866821179521599e-01,8.095161619109564333e-02,-7.425720776901513220e-01,-4.237440692950997234e-03,-7.093904119553220422e-01,-4.237443590288936246e-03,-7.425720773628898819e-01,8.095161549240692533e-02,-8.457866823908803955e-01,3.062702035724609306e-01,3.328857002009274479e-01,-8.705085481784193835e-01,1.575032666884073063e-01,-8.203966474060895298e-01,1.575032624116642355e-01,-8.705085450070142450e-01,3.328856954245482669e-01
3.162648215242784833e-01,-8.497446055109063590e-01,9.520595984388070809e-02,-7.492665024959455078e-01,1.157014318675807923e-02,-7.169054772044999302e-01,1.157014015840163168e-02,-7.492665020798170428e-01,9.520595904579694235e-02,-8.497446058672284419e-01,3.162648220646893105e-01,3.422958993589527710e-01,-8.738509955452254951e-01,1.703537334316934659e-01,-8.251964520357941701e-01,1.703537290084476408e-01,-8.738509923073222163e-01,3.422958945395428443e-01
3.258948199729932993e-01,-8.535641372878595146e-01,1.090390639782457260e-01,-7.557766719244624065e-01,2.697318101794735079e-02,-7.242348965877172251e-01,2.697317787104225317e-02,-7.557766714299705146e-01,1.090390630892455054e-01,-8.535641377195443136e-01,3.258948207118472773e-01,3.513192444391592395e-01,-8.770418570713861550e-01,1.827151317485164461e-01,-8.297874365385584650e-01,1.827151271884450423e-01,-8.770418537661754943e-01,3.513192395702383064e-01
3.351728829260290921e-01,-8.572467871532043482e-01,1.224540151741999455e-01,-7.620972336672091618e-01,4.196632249747009324e-02,-7.313694725237868122e-01,4.196631924308913408e-02,-7.620972331041370174e-01,1.224540142015861505e-01,-8.572467876529038522e-01,3.351728838532921917e-01,3.599747345683985689e-01,-8.800880434882315528e-01,1.946063538451698327e-01,-8.341777554901101954e-01,1.946063491556246638e-01,-8.800880401124799857e-01,3.599747296400908070e-01
3.441115704453357460e-01,-8.607946347366661755e-01,1.354553704833711403e-01,-7.682246980820726101e-01,5.654669700664457371e-02,-7.383024309220107551e-01,5.654669365431785888e-02,-7.682246974595965394e-01,1.354553694335773606e-01,-8.607946352978090854e-01,3.441115715525124297e-01,3.682805175673303788e-01,-8.829963455480898116e-01,2.060461262841410124e-01,-8.383756669638694481e-01,2.060461214703107335e-01,-8.829963420961219889e-01,3.682805125662695356e-01
3.527232884981369998e-01,-8.642102418461328206e-01,1.480489823018101281e-01,-7.741572175812339029e-01,7.071367195770478231e-02,-7.450291529153547643e-01,7.071366851529353736e-02,-7.741572169079846688e-01,1.480489811803465672e-01,-8.642102424628181900e-01,3.527232897782893728e-01,3.762538946875482737e-01,-8.857733899852124893e-01,2.170528890830881741e-01,-8.423894304252276255e-01,2.170528841479652526e-01,-8.857733864488024356e-01,3.762538895966144326e-01
3.610202583271810983e-01,-8.674965704983845782e-01,1.602418253937131221e-01,-7.798943764943550017e-01,8.446860994285312896e-02,-7.515469169361312929e-01,8.446860641668929581e-02,-7.798943757783485253e-01,1.602418242049934161e-01,-8.674965711653279676e-01,3.610202597750016285e-01,3.839113328295451488e-01,-8.884256064833223610e-01,2.276446995801386930e-01,-8.462272253831276680e-01,2.276446945246208275e-01,-8.884256028516219761e-01,3.839113276277162368e-01
3.690144865016833364e-01,-8.706569073624326194e-01,1.720418295833705535e-01,-7.854369937043979011e-01,9.781463019462616204e-02,-7.578546544800108808e-01,9.781462658970063728e-02,-7.854369929532022399e-01,1.720418283308833285e-01,-8.706569080749633205e-01,3.690144881136568911e-01,3.912684826863490617e-01,-8.909592037827953614e-01,2.378391576449464251e-01,-8.498970876027273080e-01,2.378391524679522306e-01,-8.909592000421817648e-01,3.912684773483795508e-01
3.767177367749279804e-01,-8.736947949812277070e-01,1.834577208050738595e-01,-7.907869396071046664e-01,1.107563786864238786e-01,-7.639527219145882952e-01,1.107563750065108654e-01,-7.907869388279997747e-01,1.834577194914481513e-01,-8.736947957351234306e-01,3.767177385492576080e-01,3.983402014601105656e-01,-8.933801533089232860e-01,2.476533491140875676e-01,-8.534068600617018552e-01,2.476533438126054809e-01,-8.933801494427344725e-01,3.983401959559546013e-01
3.841415045495331082e-01,-8.766139699050128353e-01,1.944988724487168585e-01,-7.959469682947897251e-01,1.232998101205781960e-01,-7.698426898242536343e-01,1.232998063688217627e-01,-7.959469674948935758e-01,1.944988710755930494e-01,-8.766139706964186651e-01,3.841415064862193640e-01,4.051405789936519675e-01,-8.956941789320416181e-01,2.571038046487071349e-01,-8.567641561944692175e-01,2.571037992179752152e-01,-8.956941749203488623e-01,4.051405732880138388e-01
3.912969944758218355e-01,-8.794183076799070298e-01,2.051751682802261390e-01,-8.009205653196089791e-01,1.354519840910493045e-01,-7.755271506522022351e-01,1.354519802703318399e-01,-8.009205645062835721e-01,2.051751668486820335e-01,-8.794183085051932025e-01,3.912969965766059377e-01,4.116829663387442384e-01,-8.979067516777676783e-01,2.662064715295491268e-01,-8.599763333036914981e-01,2.662064659632561447e-01,-8.979067474969812945e-01,4.116829603901978052e-01
3.981951014750222395e-01,-8.821117744812461137e-01,2.154968776558190413e-01,-8.057118109478442758e-01,1.472208768789627364e-01,-7.810095447993368190e-01,1.472208729928053961e-01,-8.057118101288143208e-01,2.154968761658715981e-01,-8.821117753366964909e-01,3.981951037431798457e-01,4.179800059438676940e-01,-9.000230883871704890e-01,2.749766962032019757e-01,-8.630504743165021697e-01,2.749766904937953060e-01,-9.000230840096543616e-01,4.179799997040714032e-01
4.048463952957762624e-01,-8.846983850682372807e-01,2.254745432879275147e-01,-8.103252584709861317e-01,1.586152096498703590e-01,-7.862940048692382833e-01,1.586152057033282659e-01,-8.103252576550039610e-01,2.254745417391587625e-01,-8.846983859498303016e-01,4.048463977358883192e-01,4.240436627908649170e-01,-9.020481534903854737e-01,2.834292156853671640e-01,-8.659933763394919159e-01,2.834292098245300706e-01,-9.020481488839720008e-01,4.240436562033732537e-01
4.112611085669625188e-01,-8.871821666551609198e-01,2.351188814553192563e-01,-8.147658268823061434e-01,1.696442932579814988e-01,-7.913852173860900230e-01,1.696442892591028540e-01,-8.147658260795215268e-01,2.351188798464574070e-01,-8.871821675580244815e-01,4.112611111842882083e-01,4.298852559321481026e-01,-9.039866631938577868e-01,2.915781561765906638e-01,-8.688115446971563793e-01,2.915781501560070210e-01,-9.039866583214244411e-01,4.298852489313469416e-01
4.174491282035258655e-01,-8.895671282423813775e-01,2.444406942674264838e-01,-8.190387070460480867e-01,1.803178894242198071e-01,-7.962883010566179642e-01,1.803178853860368247e-01,-8.190387062688837538e-01,2.444406925969072608e-01,-8.895671291603928221e-01,4.174491310033729419e-01,4.355154899929445378e-01,-9.058430915051935983e-01,2.994370374928287948e-01,-8.715111913552018308e-01,2.994370313055511601e-01,-9.058430863244903986e-01,4.355154825031422039e-01
4.234199899476410733e-01,-8.918572349238860220e-01,2.534507933900639887e-01,-8.231492803716915496e-01,1.906460877201542892e-01,-8.010087004708379421e-01,1.906460836632260514e-01,-8.231492796356820740e-01,2.534507916559467500e-01,-8.918572358486994700e-01,4.234199929337509327e-01,4.409444862914881358e-01,-9.076216776189911517e-01,3.070187821122038474e-01,-8.740982368030139060e-01,3.070187757543755280e-01,-9.076216720825700524e-01,4.409444782260271145e-01
4.291828757749588386e-01,-8.940563866774164925e-01,2.621599344944842147e-01,-8.271030489418814691e-01,2.006391975493231894e-01,-8.055520940348812609e-01,2.006391935053464248e-01,-8.271030482668375594e-01,2.621599326949773379e-01,-8.940563875975034991e-01,4.291828789474776418e-01,4.461818133108848006e-01,-9.093264342763097696e-01,3.143357278309774072e-01,-8.765783146298261608e-01,3.143357213049888244e-01,-9.093264283325729336e-01,4.461818045727731219e-01
4.347466138725203932e-01,-8.961684011535442362e-01,2.705787616084739389e-01,-8.309055760249638434e-01,2.103076541564125601e-01,-8.099243148824712968e-01,2.103076501730112291e-01,-8.309055754363763313e-01,2.705787597427976032e-01,-8.961684020528997152e-01,4.347466172247069771e-01,4.512365163208018060e-01,-9.109611567836105595e-01,3.213996431815790422e-01,-8.789567781601196339e-01,3.213996365005794553e-01,-9.109611503792558462e-01,4.512365068053443284e-01
4.401196808799815452e-01,-8.981969999952214012e-01,2.787177605001081027e-01,-8.345624359138661408e-01,2.196619375953819953e-01,-8.141312835082741284e-01,2.196619337417754503e-01,-8.345624354441586457e-01,2.787177585693799142e-01,-8.981970008515918202e-01,4.401196843931647895e-01,4.561171459992585664e-01,-9.125294324365471610e-01,3.282217449021687106e-01,-8.812387086238953060e-01,3.282217380964367881e-01,-9.125294255215362638e-01,4.561171356005568889e-01
4.453102060877479618e-01,-9.001457982461180674e-01,2.865872202140657410e-01,-8.380791720713007820e-01,2.287125035426269826e-01,-8.181789508988834836e-01,2.287124999161525007e-01,-8.380791717608536695e-01,2.865872182231796184e-01,-9.001457990294225997e-01,4.453102097246894875e-01,4.608317859524376781e-01,-9.140346501486149577e-01,3.348127168755761218e-01,-8.834289244378822348e-01,3.348127100014917645e-01,-9.140346426856087447e-01,4.608317745771568497e-01
4.503259772975076181e-01,-9.020182964375176304e-01,2.941972018960208324e-01,-8.414612626147335295e-01,2.374697248340958966e-01,-8.220732509899680851e-01,2.374697215650505844e-01,-8.414612625115089894e-01,2.941971998559746448e-01,-9.020182971085546342e-01,4.503259809939943459e-01,4.653880790627061281e-01,-9.154800101239112253e-01,3.411827300507799254e-01,-8.855319912476076194e-01,3.411827232009795319e-01,-9.154800021032141188e-01,4.653880666534508936e-01
4.551744480639259294e-01,-9.038178749757601604e-01,3.015575140716676428e-01,-8.447140922401356056e-01,2.459438426311227610e-01,-8.258200613517565625e-01,2.459438398826883643e-01,-8.447140923965714698e-01,3.015575120021727340e-01,-9.038178754866905695e-01,4.551744517207280127e-01,4.697932526275962473e-01,-9.168685334515630503e-01,3.473414629545846788e-01,-8.875522324522137074e-01,3.473414562675408712e-01,-9.168685249125780867e-01,4.697932391987450496e-01
4.598627460582795923e-01,-9.055477904875357531e-01,3.086776935945524936e-01,-8.478429297536704823e-01,2.541449261629596390e-01,-8.294251710837641234e-01,2.541449241194967401e-01,-8.478429302191798911e-01,3.086776915263937382e-01,-9.055477907857791831e-01,4.598627495378116437e-01,4.740541422768087543e-01,-9.182030715282094580e-01,3.532981224747590021e-01,-8.894937399879578876e-01,3.532981161369880274e-01,-9.182030625836212767e-01,4.740541279584277734e-01
4.643976823170696266e-01,-9.072111738163119998e-01,3.155669915343611298e-01,-8.508529104555733191e-01,2.620828400514554346e-01,-8.328942549866551470e-01,2.620828388896170869e-01,-8.508529112639318104e-01,3.155669895092481081e-01,-9.072111738533744640e-01,4.643976854515985409e-01,4.781772146748091146e-01,-9.194863152396475225e-01,3.590614646553055289e-01,-8.913603851922945465e-01,3.590614588877377167e-01,-9.194863060921769637e-01,4.781771997494931314e-01
4.687857611668629909e-01,-9.088110293999571709e-01,3.222343633416477893e-01,-8.537490226925200654e-01,2.697672182808638075e-01,-8.362328531610802029e-01,2.697672181247335876e-01,-8.537490238470756276e-01,3.222343614076911833e-01,-9.088110291445241629e-01,4.687857637839795144e-01,4.821685890336906422e-01,-9.207208038526033533e-01,3.646398152996337960e-01,-8.931558296108207395e-01,3.646398103217648456e-01,-9.207207947876959730e-01,4.821685739382521318e-01
4.730331906498630445e-01,-9.103502357975667980e-01,3.286884626923202157e-01,-8.565360979679927933e-01,2.772074439403911517e-01,-8.394463552638806725e-01,2.772074448162731297e-01,-8.565360994319494159e-01,3.286884608950542130e-01,-9.103502352479888593e-01,4.730331926119613062e-01,4.860340574638539191e-01,-9.219089335776701200e-01,3.700410902162032944e-01,-8.948835356380089312e-01,3.700410861934401163e-01,-9.219089249198132441e-01,4.860340427304709054e-01
4.771458933038988937e-01,-9.118315471645829229e-01,3.349376384682969388e-01,-8.592188040697634754e-01,2.844126339496609313e-01,-8.425399887327608139e-01,2.844126357666953986e-01,-8.592188057693794789e-01,3.349376368399327175e-01,-9.118315463531229126e-01,4.771458945444468913e-01,4.897791041822361358e-01,-9.230529657695238921e-01,3.752728149773937871e-01,-8.965467769072279491e-01,3.752728119759873859e-01,-9.230529578123162215e-01,4.897790903278196883e-01
4.811295171617108180e-01,-9.132575954916073435e-01,3.409899343688596041e-01,-8.618016407373985110e-01,2.913916280795579850e-01,-8.455188103745144845e-01,2.913916306517672639e-01,-8.618016425788292967e-01,3.409899329221353081e-01,-9.132575944768278609e-01,4.811295176985591615e-01,4.934089235979244870e-01,-9.241550347403471033e-01,3.803421441028300154e-01,-8.981486483666216714e-01,3.803421420767811867e-01,-9.241550276825631904e-01,4.934089110108205722e-01
4.849894468378583845e-01,-9.146308934380324995e-01,3.468530906962756788e-01,-8.642889374558976323e-01,2.981529816878715766e-01,-8.483877008046236678e-01,2.981529847852374959e-01,-8.642889393468058401e-01,3.468530894247091600e-01,-9.146308922890518112e-01,4.849894467566673306e-01,4.969284373114328801e-01,-9.252171551796983806e-01,3.852558796066459235e-01,-8.996920759976554383e-01,3.852558784241961742e-01,-9.252171491002366688e-01,4.969284261937771396e-01
4.887308145795538072e-01,-9.159538376111264757e-01,3.525345479176905661e-01,-8.666848530058439692e-01,3.047049616262016425e-01,-8.511513612818477625e-01,3.047049650265915566e-01,-8.666848548714434219e-01,3.525345468019431827e-01,-9.159538363927597349e-01,4.887308140015561575e-01,5.003423100955676217e-01,-9.262412291935928632e-01,3.900204888711965578e-01,-9.011798261495824747e-01,3.900204883597004346e-01,-9.262412240675712560e-01,5.003423004741166524e-01
4.923585111936059633e-01,-9.172287121779987284e-01,3.580414516836244454e-01,-8.689933764550771267e-01,3.110555448179048721e-01,-8.538143125392563260e-01,3.110555483391091447e-01,-8.689933782440588672e-01,3.580414506989600953e-01,-9.172287109421108919e-01,4.923585102451728535e-01,5.036549649268324824e-01,-9.272290529767869272e-01,3.946421218151288102e-01,-9.026145144742305781e-01,3.946421218012458043e-01,-9.272290487132024417e-01,5.036549567058705712e-01
4.958771967892461330e-01,-9.184576927215755138e-01,3.633806590274871184e-01,-8.712183293167369280e-01,3.172124190434461588e-01,-8.563808952514017081e-01,3.172124225527352959e-01,-8.712183309992429514e-01,3.633806581489748000e-01,-9.184576915047727441e-01,4.958771955825445055e-01,5.068705971231131091e-01,-9.281823231268844232e-01,3.991266273336168680e-01,-9.039986144509890575e-01,3.991266276671268098e-01,-9.281823196059031389e-01,5.068705901435911487e-01
4.992913112905851269e-01,-9.196428502652755910e-01,3.685587454990700840e-01,-8.733633686376847116e-01,3.231829855332602475e-01,-8.588552718257257412e-01,3.231829889432219494e-01,-8.733633702003998911e-01,3.685587447052004473e-01,-9.196428490909989151e-01,4.992913099164699720e-01,5.099931876307710610e-01,-9.291026426065263077e-01,4.034795690010614666e-01,-9.053344654980959305e-01,4.034795695631899770e-01,-9.291026397051516117e-01,5.099931817144838231e-01
5.026050846834853036e-01,-9.207861554028300421e-01,3.735820130207309631e-01,-8.754319908225677294e-01,3.289743630437266253e-01,-8.612414292607245558e-01,3.289743663020141540e-01,-8.754319922630077189e-01,3.735820122940032850e-01,-9.207861542843738256e-01,5.026050832109405508e-01,5.130265154995261589e-01,-9.299915263610067928e-01,4.077062400385595420e-01,-9.066242806715250069e-01,4.077062407409446920e-01,-9.299915239670584199e-01,5.130265104754636596e-01
5.058225483404598100e-01,-9.218894839290913135e-01,3.784565034344239409e-01,-8.774275344955078104e-01,3.345933861454210012e-01,-8.635431827920795333e-01,3.345933948536325420e-01,-8.774275380165839078e-01,3.784564990482657820e-01,-9.218894815614377958e-01,5.058225448847785133e-01,5.159741755200031310e-01,-9.308504089163817108e-01,4.118116800141731204e-01,-9.078701546833753966e-01,4.118116754688004311e-01,-9.308504015139300591e-01,5.159741604236246504e-01
5.089475392274909193e-01,-9.229546151958227806e-01,3.831879863551586607e-01,-8.793531916098584755e-01,3.400466396772184319e-01,-8.657641802500264383e-01,3.400466479269122488e-01,-8.793531947816586314e-01,3.831879823486252779e-01,-9.229546129978947189e-01,5.089475357436148428e-01,5.188395647223680296e-01,-9.316806397535544182e-01,4.158006781557770926e-01,-9.090740677867908959e-01,4.158006745614258870e-01,-9.316806334956324598e-01,5.188395516623479642e-01
5.119837170741882160e-01,-9.239832449565377193e-01,3.877819998825134951e-01,-8.812120027702297076e-01,3.453404229509935974e-01,-8.679079073016275903e-01,3.453404307203913337e-01,-8.812120056328917039e-01,3.877819962105892304e-01,-9.239832429159680061e-01,5.119837136128184696e-01,5.216259306519422934e-01,-9.324835029455509350e-01,4.196778021879994935e-01,-9.102378969921434138e-01,4.196777993384451233e-01,-9.324834976256552999e-01,5.216259192934270539e-01
5.149345682278875236e-01,-9.249769836807331114e-01,3.922438383596731915e-01,-8.830068693172449246e-01,3.504807860145009446e-01,-8.699776920895738730e-01,3.504807933044708501e-01,-8.830068719074133377e-01,3.922438349820276948e-01,-9.249769817845783226e-01,5.149345648234707751e-01,5.243363547720986118e-01,-9.332602111169276959e-01,4.234473993522706592e-01,-9.113634189404909991e-01,4.234473970862857595e-01,-9.332602065671847802e-01,5.243363448372592162e-01
5.178034153947491669e-01,-9.259373619472072159e-01,3.965785669069808450e-01,-8.847405569903773470e-01,3.554735303821408565e-01,-8.719767109551114226e-01,3.554735372070798038e-01,-8.847405593407433599e-01,3.965785637883628700e-01,-9.259373601828584377e-01,5.178034120700072407e-01,5.269737683550345109e-01,-9.340119122866368251e-01,4.271136108791942498e-01,-9.124523165500555422e-01,4.271136090713363309e-01,-9.340119083714519821e-01,5.269737596152599401e-01
5.205934258264380832e-01,-9.268658343168656444e-01,4.007910305386417349e-01,-8.864157014054101502e-01,3.603242172514733443e-01,-8.739079940690851478e-01,3.603242236334112669e-01,-8.864157035445674460e-01,4.007910276485885381e-01,-9.268658326725146557e-01,5.205934225958537276e-01,5.295409609791970063e-01,-9.347396937223239055e-01,4.306803829098160841e-01,-9.135061844690874899e-01,4.306803814624577953e-01,-9.347396903322584549e-01,5.295409532467937330e-01
5.233076191422332268e-01,-9.277637830827082377e-01,4.048858631751532933e-01,-8.880348135239353180e-01,3.650381758895977491e-01,-8.757744311443418361e-01,3.650381818542661749e-01,-8.880348154767124802e-01,4.048858604873664668e-01,-9.277637815474577554e-01,5.233076160142902111e-01,5.320405884991580292e-01,-9.354445855530446607e-01,4.341514768264797541e-01,-9.145265342063946257e-01,4.341514756636307704e-01,-9.354445825997894648e-01,5.320405816201819738e-01
5.259488747906178041e-01,-9.286325218880306931e-01,4.088674965029632236e-01,-8.896002850712423360e-01,3.696205120977776870e-01,-8.775787771673134730e-01,3.696205176724072228e-01,-8.896002868591543766e-01,4.088674939950199816e-01,-9.286325204520758936e-01,5.259488717698230786e-01,5.344751805233360908e-01,-9.361275641560921068e-01,4.375304790202165228e-01,-9.155147989563011679e-01,4.375304780825012285e-01,-9.361275615680961781e-01,5.344751743711075864e-01
5.285199391588828455e-01,-9.294732992069703048e-01,4.127401686431824701e-01,-8.911143938666341580e-01,3.740761166804373872e-01,-8.793236580977269456e-01,3.740761218922051823e-01,-8.911143955082216905e-01,4.127401662958145589e-01,-9.294732978614845820e-01,5.285199362468766537e-01,5.368471474297002999e-01,-9.367895553304668166e-01,4.408208101211382179e-01,-9.164723381337869235e-01,4.408208093620106238e-01,-9.367895530495566891e-01,5.368471418996576539e-01
5.310234323380212951e-01,-9.302873016829138475e-01,4.165079325971988156e-01,-8.925793090370480742e-01,3.784096738541101179e-01,-8.810115764943613481e-01,3.784096787293218522e-01,-8.925793105484646217e-01,4.165079303940735223e-01,-9.302873004200540308e-01,5.310234295345579447e-01,5.391587869501714980e-01,-9.374314372707329701e-01,4.440257337185989917e-01,-9.174004416359836656e-01,4.440257331016081999e-01,-9.374314352494157454e-01,5.391587819556493688e-01
5.334618545538820644e-01,-9.310756573235668965e-01,4.201746644470613079e-01,-8.939970960927695609e-01,3.826256695461436319e-01,-8.826449170337690164e-01,3.826256741096102365e-01,-8.939970974878739263e-01,4.201746623738298880e-01,-9.310756561362080186e-01,5.334618518571863088e-01,5.414122903510774076e-01,-9.380540433534201306e-01,4.471483645966914944e-01,-9.183003338449184927e-01,4.471483640930478121e-01,-9.380540415527706122e-01,5.414122858199973409e-01
5.358375922745459707e-01,-9.318394385518425915e-01,4.237440712925069630e-01,-8.953697218480991538e-01,3.867283995425681020e-01,-8.842259518969983745e-01,3.867284038176951322e-01,-8.953697231389833311e-01,4.237440693370362887e-01,-9.318394374337444219e-01,5.358375896821889750e-01,5.436097482362740596e-01,-9.386581647478100532e-01,4.501916765107313312e-01,-9.191731773868736521e-01,4.501916760975821497e-01,-9.386581631356587518e-01,5.436097441082246018e-01
5.381529240080354937e-01,-9.325796651155482397e-01,4.272196989154867230e-01,-8.966990591768141394e-01,3.907219774549409719e-01,-8.857568460053120152e-01,3.907219814633874355e-01,-8.966990603740149224e-01,4.272196970672145211e-01,-9.325796640610997112e-01,5.381529215169414959e-01,5.457531559963284540e-01,-9.392445528620094741e-01,4.531585095285871612e-01,-9.200200766623021220e-01,4.531585091878499449e-01,-9.392445514117264693e-01,5.457531522205588681e-01
5.404100257999876478e-01,-9.332973068564553998e-01,4.306049391619951594e-01,-8.979868915926318973e-01,3.946103424782211877e-01,-8.872396620890490304e-01,3.946103462398737327e-01,-8.979868927052796490e-01,4.306049374115403228e-01,-9.332973058605474881e-01,5.404100234065936093e-01,5.478444189278903753e-01,-9.398139216352601188e-01,4.560515769610429260e-01,-9.208420811600005473e-01,4.560515766783264091e-01,-9.398139203247004581e-01,5.478444154615718098e-01
5.426109764447814010e-01,-9.339932863426843035e-01,4.339030370383064605e-01,-8.992349176502409946e-01,3.983972669221556573e-01,-8.886763655801711570e-01,3.983972704554949451e-01,-8.992349186864589949e-01,4.339030353777710847e-01,-9.339932854008731189e-01,5.426109741455681368e-01,5.498853570441764038e-01,-9.403669496863050759e-01,4.588734719037890208e-01,-9.216401885689082807e-01,4.588734716675657577e-01,-9.403669484968855130e-01,5.498853538508702288e-01
5.447577667428634696e-01,-9.346684838033381126e-01,4.371171022017474317e-01,-9.004447541396188859e-01,4.020863556417361151e-01,-8.900688274377379638e-01,4.020863643621043204e-01,-9.004447562971813479e-01,4.371170976143221587e-01,-9.346684826492290821e-01,5.447577627878739115e-01,5.518777126804182975e-01,-9.409042835857102105e-01,4.616266762771701337e-01,-9.224153483561282618e-01,4.616266706054192870e-01,-9.409042791746979884e-01,5.518777024793725117e-01
5.468522866986489372e-01,-9.353237296405950696e-01,4.402500965523223342e-01,-9.016179443095422297e-01,4.056810849422688992e-01,-8.914188362769441820e-01,4.056810931995176728e-01,-9.016179463225870716e-01,4.402500922173939180e-01,-9.353237285342062002e-01,5.468522828686683823e-01,5.538231421752360939e-01,-9.414265346039659699e-01,4.643135549559619379e-01,-9.231684618282102184e-01,4.643135497688680724e-01,-9.414265305562339314e-01,5.538231327202635113e-01
5.488963564818789553e-01,-9.359598216562179385e-01,4.433048692221723819e-01,-9.027559553153898797e-01,4.091847609322364909e-01,-8.927280911945593145e-01,4.091847687578796244e-01,-9.027559571977137320e-01,4.433048651184388622e-01,-9.359598205941427329e-01,5.488963527724810554e-01,5.557232390951077905e-01,-9.419342883566089730e-01,4.669363792041411609e-01,-9.239003888156999134e-01,4.669363744443439934e-01,-9.419342846309091133e-01,5.557232303085404279e-01
5.516758553298823919e-01,-9.368193805094873206e-01,4.474542047874130457e-01,-9.042923166529153178e-01,4.139417015920293652e-01,-8.944951892090643453e-01,4.139417088620874208e-01,-9.042923183723461378e-01,4.474542009763508021e-01,-9.368193795046528827e-01,5.516758517823237007e-01,5.583094164684381244e-01,-9.426216610150559561e-01,4.705038936702978791e-01,-9.248907822291445591e-01,4.705038894274157224e-01,-9.426216576814281378e-01,5.583094085058628586e-01
5.589694064074152147e-01,-9.390449198944300635e-01,4.583163375375208792e-01,-9.082618931921098149e-01,4.263819074694908950e-01,-8.990583137599297281e-01,4.263819134398433297e-01,-9.082618945526245158e-01,4.583163343913617127e-01,-9.390449190253379319e-01,5.589694032698834247e-01,5.651093962508606516e-01,-9.444083307189179433e-01,4.798706853767693015e-01,-9.274625129163290849e-01,4.798706822064318089e-01,-9.444083282091059184e-01,5.651093900644474921e-01
5.666675501641238455e-01,-9.413458132408786261e-01,4.697373945552458796e-01,-9.123518994976220764e-01,4.394408401356544314e-01,-9.037554000493026596e-01,4.394408449553521834e-01,-9.123519005639656454e-01,4.697373919805836739e-01,-9.413458124968482332e-01,5.666675474334315066e-01,5.723087209885905358e-01,-9.462667804705966468e-01,4.897650313030375013e-01,-9.301333198632317778e-01,4.897650289361591414e-01,-9.462667785891013539e-01,5.723087162113003057e-01
5.748013666623741358e-01,-9.437218839459726727e-01,4.817520406902604524e-01,-9.165586381242939451e-01,4.531521142926775991e-01,-9.085810317725907526e-01,4.531521181073965843e-01,-9.165586389499384978e-01,4.817520386087321693e-01,-9.437218833180405220e-01,5.748013643297630315e-01,5.799409095796732583e-01,-9.481990402420638064e-01,5.002271354040674911e-01,-9.329051659838897281e-01,5.002271336392327683e-01,-9.481990388388068514e-01,5.799409059197498939e-01
5.834049514669277237e-01,-9.461721434935687070e-01,4.943968525808549175e-01,-9.208763613927848368e-01,4.675501628647004138e-01,-9.135272254489847921e-01,4.675501697101523968e-01,-9.208763626643781119e-01,4.943968501951263583e-01,-9.461721437456181993e-01,5.834049496287594394e-01,5.880429852770563404e-01,-9.502067444550142961e-01,5.113006038280447640e-01,-9.357792592663541908e-01,5.113005970401940381e-01,-9.502067408679709670e-01,5.880429774034650059e-01
5.925157689872216915e-01,-9.486945988660291373e-01,5.077103361163425310e-01,-9.252968835846619999e-01,4.826700332615703193e-01,-9.185829717265410199e-01,4.826700387085888222e-01,-9.252968845655251684e-01,5.077103341769937384e-01,-9.486945989366998289e-01,5.925157672178441581e-01,5.966558834647315290e-01,-9.522909728085933168e-01,5.230326546665515774e-01,-9.387557942363872199e-01,5.230326497240456174e-01,-9.522909702038824253e-01,5.966558776090967742e-01
6.021751280166016684e-01,-9.512860631857246174e-01,5.217329719873964322e-01,-9.298091516526023614e-01,4.985470705134418257e-01,-9.237337141015296016e-01,4.985470747268061498e-01,-9.298091523974413297e-01,5.217329704328637074e-01,-9.512860631382648036e-01,6.021751263950918531e-01,6.058249189195297202e-01,-9.544520598426273761e-01,5.354743352810379386e-01,-9.418336395660384941e-01,5.354743317357234522e-01,-9.544520579799461446e-01,6.058249146365662918e-01
6.124286750292284864e-01,-9.539419131940557461e-01,5.365072400709678391e-01,-9.343988019273046230e-01,5.152166541103136987e-01,-9.289608428931513950e-01,5.152166572608883888e-01,-9.343988024806927362e-01,5.365072388545313320e-01,-9.539419130819805082e-01,6.124286736177713131e-01,6.156002919762582071e-01,-9.566893469969888208e-01,5.486806735192187867e-01,-9.450099471127866302e-01,5.486806710223245398e-01,-9.566893456887033409e-01,6.156002889062612837e-01
6.233270156906367543e-01,-9.566558414418707690e-01,5.520776795321014063e-01,-9.390477089041502357e-01,5.327138851997105240e-01,-9.342411842627926788e-01,5.327138902215833305e-01,-9.390477098314193860e-01,5.520776804203252341e-01,-9.566558427249365337e-01,6.233270164090835008e-01,6.260376538019801762e-01,-9.590008831380419929e-01,5.627107879897932374e-01,-9.482796838136259288e-01,5.627107820823850082e-01,-9.590008805724176133e-01,6.260376491073077476e-01
6.349264142843179526e-01,-9.594195766051510921e-01,5.684909824802466538e-01,-9.437335630365768502e-01,5.510733376498069269e-01,-9.395465606213111442e-01,5.510733414186635981e-01,-9.437335637204037342e-01,5.684909828504840501e-01,-9.594195773324483145e-01,6.349264143489931067e-01,6.371987256952715839e-01,-9.613830561339878900e-01,5.776279007873557081e-01,-9.516350709849901168e-01,5.776278968016806958e-01,-9.613830544217577545e-01,6.371987224876267675e-01
6.472896559588814380e-01,-9.622226100805699733e-01,5.857961385765571016e-01,-9.484295074396695835e-01,5.703288326966338140e-01,-9.448434373535364861e-01,5.703288353599159644e-01,-9.484295079221752856e-01,5.857961386675880622e-01,-9.622226104605202668e-01,6.472896557204976808e-01,6.491519567548942327e-01,-9.638301547643657319e-01,5.934992381301413822e-01,-9.550649335780937443e-01,5.934992355357991967e-01,-9.638301536579959583e-01,6.491519546328148316e-01
6.604869756965980887e-01,-9.650518933301064362e-01,6.040446415535800639e-01,-9.531038953073986963e-01,5.905134019532217726e-01,-9.500927830431321608e-01,5.905134053435902031e-01,-9.531038964843620009e-01,6.040446460360369141e-01,-9.650518956654217106e-01,6.604869795786957321e-01,6.619732153680287778e-01,-9.663338464750912404e-01,6.103957364145972120e-01,-9.585539549908985713e-01,6.103957318028861989e-01,-9.663338447718292645e-01,6.619732135848656052e-01
6.745970876128690730e-01,-9.678915387676815252e-01,6.232907635737731100e-01,-9.577202226852110645e-01,6.116594262280032890e-01,-9.552501995650963806e-01,6.116594285382366269e-01,-9.577202234398235481e-01,6.232907661032622837e-01,-9.678915400765447652e-01,6.745970897162495428e-01,6.757464770484502559e-01,-9.688825772408274917e-01,6.283915052495326892e-01,-9.620818629668006494e-01,6.283915024514034053e-01,-9.688825762321917612e-01,6.757464759325263470e-01
6.897082438489218204e-01,-9.707225308450035950e-01,6.435917992754639494e-01,-9.622372964161437503e-01,6.337989844318596688e-01,-9.602663998536036249e-01,6.337989858842402180e-01,-9.622372968690796613e-01,6.435918006655259038e-01,-9.707225315462180149e-01,6.897082449440860019e-01,6.905644076638404183e-01,-9.714608997660858503e-01,6.475629389207859798e-01,-9.656225833867053687e-01,6.475629373485325413e-01,-9.714608992073867633e-01,6.905644069930133577e-01
7.059191032360249141e-01,-9.735224246420352001e-01,6.650082028022022973e-01,-9.666097116664438271e-01,6.569644431258137018e-01,-9.650881662046996157e-01,6.569644443566247105e-01,-9.666097131114186336e-01,6.650082092836036018e-01,-9.735224272483578023e-01,7.059191092180985283e-01,7.065287379190455797e-01,-9.740487509804164334e-01,6.679873227817187953e-01,-9.691434376426133479e-01,6.679873207972895077e-01,-9.740487504395806129e-01,7.065287382935951932e-01
7.233391226137613206e-01,-9.762650446334694143e-01,6.876032844576964731e-01,-9.707886769258270432e-01,6.811890791358204966e-01,-9.696598113913394990e-01,6.811890799322153356e-01,-9.707886776536533979e-01,6.876032876596805954e-01,-9.762650458882836668e-01,7.233391255414979293e-01,7.237501266854080573e-01,-9.766207236564545813e-01,6.897407038396289325e-01,-9.726045052855263329e-01,6.897407028779278804e-01,-9.766207234090219513e-01,7.237501268034249868e-01
7.420878275863656004e-01,-9.789201621066137005e-01,7.114418485755423793e-01,-9.747231897422252711e-01,7.065073089343152368e-01,-9.739251299153206531e-01,7.065073096030856092e-01,-9.747231917133079016e-01,7.114418572999652302e-01,-9.789201650603228666e-01,7.420878353679539741e-01,7.423469749139829377e-01,-9.791453935405021181e-01,7.128946065112383712e-01,-9.759583168387608865e-01,7.128946060882883629e-01,-9.791453935795153551e-01,7.423469760213441404e-01
7.622918641100815407e-01,-9.814531391871319510e-01,7.365868221296275609e-01,-9.783615375796461677e-01,7.329536043769209197e-01,-9.778297625116860736e-01,7.329536060234731476e-01,-9.783615414798835230e-01,7.365868371282368043e-01,-9.814531436440274703e-01,7.622918758828965968e-01,7.624422558481075418e-01,-9.815848051433359034e-01,7.375108851943525945e-01,-9.791501208859535454e-01,7.375108864880344228e-01,-9.815848057144026528e-01,7.624422579045561088e-01
7.840778402603776343e-01,-9.838245277517829734e-01,7.630919292844662305e-01,-9.816529830475383411e-01,7.605582692326346983e-01,-9.813236760022040484e-01,7.605582745248843368e-01,-9.816529878858240021e-01,7.630919436549564727e-01,-9.838245312057637415e-01,7.840778471761179480e-01,7.841564847951685291e-01,-9.838942139541481113e-01,7.636333267834695127e-01,-9.821189550047871863e-01,7.636333299843766076e-01,-9.838942148692533252e-01,7.841564867528136862e-01
8.075574769255480234e-01,-9.859896058798146568e-01,7.909873155685289703e-01,-9.845494038633328948e-01,7.893367618126627683e-01,-9.843633210528713873e-01,7.893367628621603682e-01,-9.845494049589568197e-01,7.909873188897000862e-01,-9.859896066101784262e-01,8.075574785135299916e-01,8.075934906678448044e-01,-9.860221562852115040e-01,7.912734132874761350e-01,-9.847996878567104595e-01,7.912734141781263553e-01,-9.860221565141384925e-01,8.075934912911044705e-01
8.327989321251273447e-01,-9.878977138881310793e-01,8.202526480290462940e-01,-9.870063759463379993e-01,8.192665820213803629e-01,-9.869126801963410411e-01,8.192665836909537314e-01,-9.870063766571033348e-01,8.202526485733792061e-01,-9.878977138492933685e-01,8.327989304763983025e-01,8.328128158739628306e-01,-9.879106867268641068e-01,8.203851995397808405e-01,-9.871258071125199596e-01,8.203852002973934798e-01,-9.879106869100608979e-01,8.328128162478048990e-01
8.597734786774842153e-01,-9.894906195733826904e-01,8.507681431856789489e-01,-9.889824145588341775e-01,8.502413179260783771e-01,-9.889416232470817913e-01,8.502413193214010123e-01,-9.889824147849867186e-01,8.507681419627344255e-01,-9.894906192073816831e-01,8.597734760781832186e-01,8.597777425000863172e-01,-9.894948398886934671e-01,8.508199414864865417e-01,-9.890316239591152581e-01,8.508199416196920994e-01,-9.894948399598643141e-01,8.597777425297958853e-01
