-9.999999999999991118e-01,-9.999999999999991118e-01,-9.999999999999991118e-01,-9.999999999999991118e-01,-9.999999999999991118e-01,-9.999999999999991118e-01,-9.999999999999991118e-01,-9.999999999999991118e-01,-9.999999999999991118e-01,-9.999999999999991118e-01,-9.999999999999991118e-01,-9.999999999999991118e-01,-9.999999999999991118e-01,-9.999999999999991118e-01,-9.999999999999991118e-01,-9.999999999999991118e-01,-9.999999999999991118e-01,-9.999999999999991118e-01
-9.976112655378134297e-01,-9.976158495275091465e-01,-9.976159931714543294e-01,-9.976160057951307669e-01,-9.976160075081897949e-01,-9.976160057951427573e-01,-9.976159931714405626e-01,-9.976158495275441185e-01,-9.976112655378055472e-01,-9.976112655377881167e-01,-9.976158495275364579e-01,-9.976159931714498885e-01,-9.976160057951249938e-01,-9.976160075081601519e-01,-9.976160057951424243e-01,-9.976159931714760898e-01,-9.976158495275467830e-01,-9.976112655378021055e-01
-9.952496558657173420e-01,-9.952677377306320405e-01,-9.952682719327859973e-01,-9.952683194536308120e-01,-9.952683259912529223e-01,-9.952683194536903200e-01,-9.952682719326733096e-01,-9.952677377308910556e-01,-9.952496558656689363e-01,-9.952496558655270498e-01,-9.952677377308439821e-01,-9.952682719327538008e-01,-9.952683194535478783e-01,-9.952683259910217739e-01,-9.952683194537169653e-01,-9.952682719329024597e-01,-9.952677377309361306e-01,-9.952496558656921399e-01
-9.929145768237301883e-01,-9.929547023446118059e-01,-9.929558170529431127e-01,-9.929559177985717300e-01,-9.929559318506575583e-01,-9.929559177987213880e-01,-9.929558170526244787e-01,-9.929547023453595411e-01,-9.929145768235813074e-01,-9.929145768231776303e-01,-9.929547023452299781e-01,-9.929558170528386407e-01,-9.929559177983380280e-01,-9.929559318499806553e-01,-9.929559177988263041e-01,-9.929558170531952443e-01,-9.929547023454887711e-01,-9.929145768237056524e-01
-9.906054538797205433e-01,-9.906758173594160111e-01,-9.906776500623529769e-01,-9.906778190418922270e-01,-9.906778429364666572e-01,-9.906778190428677799e-01,-9.906776500606911950e-01,-9.906758173634850895e-01,-9.906054538786619457e-01,-9.906054538765614037e-01,-9.906758173627211450e-01,-9.906776500616610859e-01,-9.906778190409495366e-01,-9.906778429326368318e-01,-9.906778190435114873e-01,-9.906776500634233429e-01,-9.906758173640121123e-01,-9.906054538795627806e-01
-9.883217312570286017e-01,-9.884301912581151539e-01,-9.884328311601562334e-01,-9.884330806181162998e-01,-9.884331163708783841e-01,-9.884330806198382557e-01,-9.884328311570061976e-01,-9.884301912660770073e-01,-9.883217312549791300e-01,-9.883217312509240404e-01,-9.884301912646584753e-01,-9.884328311586719762e-01,-9.884330806163487138e-01,-9.884331163634569872e-01,-9.884330806210789300e-01,-9.884328311616661367e-01,-9.884301912670412360e-01,-9.883217312568414181e-01
-9.860628711146419700e-01,-9.862169653588449547e-01,-9.862204572470345543e-01,-9.862207971600071010e-01,-9.862208465182449313e-01,-9.862207971628975667e-01,-9.862204572417322401e-01,-9.862169653725093577e-01,-9.860628711109195033e-01,-9.860628711040844152e-01,-9.862169653701370331e-01,-9.862204572442024864e-01,-9.862207971573602183e-01,-9.862208465055030127e-01,-9.862207971649622484e-01,-9.862204572487331955e-01,-9.862169653739003561e-01,-9.860628711142522818e-01
-9.838283527689195562e-01,-9.840353122551626086e-01,-9.840396600841908592e-01,-9.840400985989576910e-01,-9.840401630774930908e-01,-9.840400986034311126e-01,-9.840396600760983326e-01,-9.840353122762702798e-01,-9.838283527627924574e-01,-9.838283527523893346e-01,-9.840353122726787083e-01,-9.840396600793515081e-01,-9.840400985954750324e-01,-9.840401630577464420e-01,-9.840400986064625766e-01,-9.840396600855758624e-01,-9.840353122779910144e-01,-9.838283527680536933e-01
-9.816176719593480149e-01,-9.818844343469028679e-01,-9.818896045626379632e-01,-9.818901483847958245e-01,-9.818902292965318024e-01,-9.818901483911890438e-01,-9.818896045512036652e-01,-9.818844343769008720e-01,-9.816176719501338299e-01,-9.816176719355009794e-01,-9.818844343718979850e-01,-9.818896045550924434e-01,-9.818901483805938524e-01,-9.818902292683596711e-01,-9.818901483952098275e-01,-9.818896045629909031e-01,-9.818844343787858087e-01,-9.816176719576542586e-01
-9.794303401533516196e-01,-9.797635624553779898e-01,-9.797694870772680753e-01,-9.797701418148493380e-01,-9.797702402963990309e-01,-9.797701418233938364e-01,-9.797694870620405894e-01,-9.797635624953572320e-01,-9.794303401404788056e-01,-9.794303401210915361e-01,-9.797635624888282324e-01,-9.797694870663293809e-01,-9.797701418100638326e-01,-9.797702402587115111e-01,-9.797701418283069064e-01,-9.797694870757374108e-01,-9.797635624972126367e-01,-9.794303401504382833e-01
-9.772658838873063969e-01,-9.776719545175766024e-01,-9.776785339978028011e-01,-9.776793044644134234e-01,-9.776794214969215524e-01,-9.776793044748099959e-01,-9.776785339791582707e-01,-9.776719545663440369e-01,-9.772658838710058804e-01,-9.772658838473746723e-01,-9.776719545585547122e-01,-9.776785339833995447e-01,-9.776793044593350412e-01,-9.776794214508029990e-01,-9.776793044801923571e-01,-9.776785339936326924e-01,-9.776719545679252166e-01,-9.772658838829435535e-01
-9.751238441429209702e-01,-9.756088943537082336e-01,-9.756160002300318101e-01,-9.756168907121036682e-01,-9.756170271383598491e-01,-9.756168907232071197e-01,-9.756160002097697959e-01,-9.756088944062796253e-01,-9.751238441248566424e-01,-9.751238440992500145e-01,-9.756088943980845141e-01,-9.756160002133728026e-01,-9.756168907072031438e-01,-9.756170270885613505e-01,-9.756168907282866121e-01,-9.756160002231505368e-01,-9.756088944073791902e-01,-9.751238441373452082e-01
-9.730037757569127699e-01,-9.735736905029415134e-01,-9.735811678616085318e-01,-9.735821823529894337e-01,-9.735823388920771260e-01,-9.735821823630390615e-01,-9.735811678425925209e-01,-9.735736905515901540e-01,-9.730037757399129239e-01,-9.730037757159298861e-01,-9.735736905442395894e-01,-9.735811678451318230e-01,-9.735821823487743609e-01,-9.735823388461067873e-01,-9.735821823670315345e-01,-9.735811678530296165e-01,-9.735736905521836793e-01,-9.730037757509484297e-01
-9.709052468629031374e-01,-9.715656751228870514e-01,-9.715733448875487621e-01,-9.715744872936400434e-01,-9.715746645548416494e-01,-9.715744873016987082e-01,-9.715733448712009501e-01,-9.715656751636870814e-01,-9.709052468485501741e-01,-9.709052468280019443e-01,-9.715656751578152228e-01,-9.715733448728196553e-01,-9.715744872902075668e-01,-9.715746645166325468e-01,-9.715744873044437346e-01,-9.715733448783498982e-01,-9.715656751639559774e-01,-9.709052468571962580e-01
-9.688278383560310347e-01,-9.695842029501449133e-01,-9.695918640057938909e-01,-9.695931383213354238e-01,-9.695933368136268049e-01,-9.695931383271579884e-01,-9.695918639923654103e-01,-9.695842029823095176e-01,-9.688278383447679332e-01,-9.688278383280273243e-01,-9.695842029780582516e-01,-9.695918639934205663e-01,-9.695931383186049413e-01,-9.695933367841242934e-01,-9.695931383288796113e-01,-9.695918639966956132e-01,-9.695842029824713881e-01,-9.688278383509278946e-01
-9.667711433867102189e-01,-9.676286503162688790e-01,-9.676360814813208533e-01,-9.676374919450444478e-01,-9.676377120842729607e-01,-9.676374919488048842e-01,-9.676360814703758306e-01,-9.676286503408398909e-01,-9.667711433782655295e-01,-9.667711433648348285e-01,-9.676286503380735482e-01,-9.676360814712219316e-01,-9.676374919428756272e-01,-9.676377120626469264e-01,-9.676374919498462734e-01,-9.676360814725937232e-01,-9.676286503410699291e-01,-9.667711433822715472e-01
-9.647347668804270304e-01,-9.656984142164936058e-01,-9.657053760744993554e-01,-9.657069273028264789e-01,-9.657071694172300047e-01,-9.657069273049053715e-01,-9.657053760652154484e-01,-9.656984142354574363e-01,-9.647347668741237392e-01,-9.647347668630059658e-01,-9.656984142339133381e-01,-9.657053760661347130e-01,-9.657069273010536747e-01,-9.657071694016906571e-01,-9.657069273055840508e-01,-9.657053760659637387e-01,-9.656984142358668866e-01,-9.647347668764744144e-01
-9.627183250802644476e-01,-9.637929114271648334e-01,-9.637991480280458934e-01,-9.638008451300836832e-01,-9.638011094641492083e-01,-9.638008451307708002e-01,-9.637991480197014571e-01,-9.637929114422179033e-01,-9.627183250755070310e-01,-9.627183250658571945e-01,-9.637929114416972087e-01,-9.637991480208797368e-01,-9.638008451286202982e-01,-9.638011094532088485e-01,-9.638008451313353486e-01,-9.637991480194025851e-01,-9.637929114428944732e-01,-9.627183250766091493e-01
-9.607214451129605370e-01,-9.619115776696207654e-01,-9.619168181104641446e-01,-9.619186667859391804e-01,-9.619189535034688987e-01,-9.619186667854084938e-01,-9.619168181025130604e-01,-9.619115776819178176e-01,-9.607214451093186725e-01,-9.607214451004967293e-01,-9.619115776823240482e-01,-9.619168181041062304e-01,-9.619186667847275940e-01,-9.619189534961235521e-01,-9.619186667860245565e-01,-9.619168181013881824e-01,-9.619115776829257891e-01,-9.607214451094148178e-01
-9.587437645752138193e-01,-9.600538668169341650e-01,-9.600578267109767250e-01,-9.600598333327912126e-01,-9.600601425190635752e-01,-9.600598333311327615e-01,-9.600578267029976631e-01,-9.600538668272986520e-01,-9.587437645723712043e-01,-9.587437645639071970e-01,-9.600538668285948374e-01,-9.600578267051275150e-01,-9.600598333318223210e-01,-9.600601425146378931e-01,-9.600598333319360078e-01,-9.600578267011613542e-01,-9.600538668287037503e-01,-9.587437645716243573e-01
-9.567849311397357281e-01,-9.582192501415491837e-01,-9.582216329830668400e-01,-9.582238046662514552e-01,-9.582241363293921843e-01,-9.582238046635271900e-01,-9.582216329747080819e-01,-9.582192501506479054e-01,-9.567849311374323484e-01,-9.567849311289320369e-01,-9.582192501528169482e-01,-9.582216329774588814e-01,-9.582238046655352504e-01,-9.582241363273494850e-01,-9.582238046646249785e-01,-9.582216329722161863e-01,-9.582192501525185202e-01,-9.567849311359641895e-01
-9.408710466026851682e-01,-9.437187529527016894e-01,-9.436934791603909245e-01,-9.436978180131017080e-01,-9.436984047951236798e-01,-9.436978180025089591e-01,-9.436934791431835778e-01,-9.437187529605284286e-01,-9.408710466016352303e-01,-9.408710465845702142e-01,-9.437187529708571665e-01,-9.436934791522569865e-01,-9.436978180156645468e-01,-9.436984048070964359e-01,-9.436978180082401524e-01,-9.436934791353082108e-01,-9.437187529699906374e-01,-9.408710465937156764e-01
-9.217498087930511286e-01,-9.269625058275969831e-01,-9.268462160660662086e-01,-9.268557614833250469e-01,-9.268566126550634721e-01,-9.268557614318113647e-01,-9.268462159765322728e-01,-9.269625058604075152e-01,-9.217498087926594419e-01,-9.217498086834694515e-01,-9.269625059235808706e-01,-9.268462160219298474e-01,-9.268557615097980928e-01,-9.268566127174835412e-01,-9.268557614701459224e-01,-9.268462159260093536e-01,-9.269625059359347663e-01,-9.217498087364921489e-01
-8.993615200337624627e-01,-9.082679621340562504e-01,-9.079241984375197028e-01,-9.079480079855987151e-01,-9.079487120088091112e-01,-9.079480079308437368e-01,-9.079241983472352562e-01,-9.082679621374961654e-01,-8.993615200521790642e-01,-8.993615198939131083e-01,-9.082679622473415204e-01,-9.079241983864474452e-01,-9.079480080497394079e-01,-9.079487121134247607e-01,-9.079480080099820993e-01,-9.079241982633913244e-01,-9.082679622767833028e-01,-8.993615199401601146e-01
-8.737742555150163071e-01,-8.881085464318780875e-01,-8.872838086138608027e-01,-8.873457358454903687e-01,-8.873443321536442774e-01,-8.873457356928006190e-01,-8.872838083836893652e-01,-8.881085463230585786e-01,-8.737742556605285760e-01,-8.737742550238452033e-01,-8.881085468100330393e-01,-8.872838084106231538e-01,-8.873457361670572530e-01,-8.873443324867538173e-01,-8.873457360879913880e-01,-8.872838079840328351e-01,-8.881085469447672631e-01,-8.737742551076137509e-01
-8.451827938009837116e-01,-8.670703930130998494e-01,-8.653460105149941572e-01,-8.655001746055455136e-01,-8.654901872217589665e-01,-8.655001746016819375e-01,-8.653460106033854515e-01,-8.670703929079995875e-01,-8.451827938970819520e-01,-8.451827936724817247e-01,-8.670703931532688369e-01,-8.653460104093532168e-01,-8.655001747233523890e-01,-8.654901872533999896e-01,-8.655001748211504919e-01,-8.653460103882938403e-01,-8.670703931776031492e-01,-8.451827935636231359e-01
-8.138919951399699038e-01,-8.457910018683199027e-01,-8.425404313261362077e-01,-8.428939199073097743e-01,-8.428579801113776915e-01,-8.428939197933442706e-01,-8.425404319095443073e-01,-8.457910013031387786e-01,-8.138919955992924837e-01,-8.138919948008693783e-01,-8.457910023689045875e-01,-8.425404308909756335e-01,-8.428939204211596259e-01,-8.428579800339546235e-01,-8.428939209014483236e-01,-8.425404309726831631e-01,-8.457910023593679938e-01,-8.138919941869386943e-01
-7.802887698705868180e-01,-8.248940393471153598e-01,-8.192555433633544881e-01,-8.199966197540190516e-01,-8.198949904356674923e-01,-8.199966195319874362e-01,-8.192555442589272152e-01,-8.248940390029404490e-01,-7.802887700859424402e-01,-7.802887698792270177e-01,-8.248940396155481913e-01,-8.192555431450853076e-01,-8.199966197858734596e-01,-8.198949899111869222e-01,-8.199966201559937273e-01,-8.192555436708527372e-01,-8.248940395361692435e-01,-7.802887692695263944e-01
-7.448088334091078622e-01,-8.049338820529639005e-01,-7.958053737581858300e-01,-7.972333068880552709e-01,-7.969863103036103347e-01,-7.972333064667540548e-01,-7.958053745843352011e-01,-8.049338817620440567e-01,-7.448088335102058810e-01,-7.448088333852720400e-01,-8.049338821977860547e-01,-7.958053736897848784e-01,-7.972333068424608538e-01,-7.969863097300382559e-01,-7.972333068219122909e-01,-7.958053741184827334e-01,-8.049338821973539559e-01,-7.448088330498680021e-01
-7.079042772984953658e-01,-7.863585072099392725e-01,-7.724159746855235875e-01,-7.749677030226926888e-01,-7.744324269207343292e-01,-7.749677015689494519e-01,-7.724159769353171612e-01,-7.863585064418670001e-01,-7.079042774349848521e-01,-7.079042769713429495e-01,-7.863585075424359694e-01,-7.724159747254039088e-01,-7.749677028584170957e-01,-7.744324255365657717e-01,-7.749677022001434379e-01,-7.724159757503835655e-01,-7.863585076386272465e-01,-7.079042765762757483e-01
-6.700162268704110691e-01,-7.694929339340119689e-01,-7.492286332878541621e-01,-7.534980884182389538e-01,-7.524414170062249108e-01,-7.534980875369524655e-01,-7.492286341684250006e-01,-7.694929333403399685e-01,-6.700162270968188505e-01,-6.700162262964507454e-01,-7.694929339805651747e-01,-7.492286334319711028e-01,-7.534980885046821397e-01,-7.524414164601433974e-01,-7.534980873285258562e-01,-7.492286335599940283e-01,-7.694929341667277045e-01,-6.700162268499851859e-01
-6.315546418788093863e-01,-7.545403749211334610e-01,-7.263135954422312857e-01,-7.330612746008808855e-01,-7.311325004455329069e-01,-7.330612727808715201e-01,-7.263135970407308406e-01,-7.545403732915902939e-01,-6.315546428115358379e-01,-6.315546398387812399e-01,-7.545403751777874923e-01,-7.263135958029354189e-01,-7.330612748670810586e-01,-7.311324998786381535e-01,-7.330612714712638756e-01,-7.263135957865793912e-01,-7.545403754803134966e-01,-6.315546421065654226e-01
-5.928854056806751593e-01,-7.415956950921205326e-01,-7.036880152027498170e-01,-7.138403739588751185e-01,-7.105470486392643226e-01,-7.138403736072733707e-01,-7.036880152750822903e-01,-7.415956936092079621e-01,-5.928854073627306542e-01,-5.928854039668869369e-01,-7.415956955298221853e-01,-7.036880150073743234e-01,-7.138403742529099150e-01,-7.105470492496357426e-01,-7.138403724160583552e-01,-7.036880149429365350e-01,-7.415956948997327602e-01,-5.928854061786339447e-01
-5.543237481846702286e-01,-7.306654441903196462e-01,-6.813334778851676266e-01,-6.959733553807966322e-01,-6.906634612978661547e-01,-6.959733551084728020e-01,-6.813334777475126280e-01,-7.306654401528986931e-01,-5.543237532240260501e-01,-5.543237433027289329e-01,-7.306654460910937399e-01,-6.813334769552771286e-01,-6.959733555575913222e-01,-6.906634638737738641e-01,-6.959733518541343367e-01,-6.813334774595611876e-01,-7.306654434285431154e-01,-5.543237490501253806e-01
-5.161325063841275540e-01,-7.216897784103467606e-01,-6.592106124326442274e-01,-6.795607370744118914e-01,-6.714132205772850304e-01,-6.795607376018443224e-01,-6.592106124744887552e-01,-7.216897755021230987e-01,-5.161325110275589712e-01,-5.161325035462325239e-01,-7.216897805662630949e-01,-6.592106108436623924e-01,-6.795607365830251823e-01,-6.714132226823227301e-01,-6.795607366023782570e-01,-6.592106130834060052e-01,-7.216897767591370361e-01,-5.161325071538095388e-01
-4.785238034497070192e-01,-7.145630782419409854e-01,-6.372699680932182309e-01,-6.646718793336219289e-01,-6.526961596487991235e-01,-6.646718793843101603e-01,-6.372699690554409768e-01,-7.145630768920113729e-01,-4.785238060611237687e-01,-4.785238030240792084e-01,-7.145630794856481227e-01,-6.372699667881692731e-01,-6.646718791460037856e-01,-6.526961596549760714e-01,-6.646718803156044242e-01,-6.372699694786018165e-01,-7.145630764554105063e-01,-4.785238048656106358e-01
-4.416628769363347140e-01,-7.091515287079093177e-01,-6.154594251236916724e-01,-6.513498738199432481e-01,-6.343939012232422403e-01,-6.513498730130011793e-01,-6.154594269776749726e-01,-7.091515280002085309e-01,-4.416628782574073542e-01,-4.416628780167469182e-01,-7.091515288663702288e-01,-6.154594241965797297e-01,-6.513498747635517727e-01,-6.343938991189816967e-01,-6.513498749779021990e-01,-6.154594266606429054e-01,-7.091515266336205769e-01,-4.416628797969009979e-01
-4.056731417141917762e-01,-7.053069949007861883e-01,-5.937288489865637509e-01,-6.396153362030252421e-01,-6.163808887067496745e-01,-6.396153345495552145e-01,-5.937288526504176378e-01,-7.053069937627004515e-01,-4.056731426851696298e-01,-4.056731443185293551e-01,-7.053069931750610699e-01,-5.937288490959762299e-01,-6.396153397604724677e-01,-6.163808826315106959e-01,-6.396153377265042517e-01,-5.937288503401731976e-01,-7.053069918546507333e-01,-4.056731471576142667e-01
-3.706418115862633034e-01,-7.028772460900748476e-01,-5.720328019642826334e-01,-6.294694204567183871e-01,-5.985329355460549117e-01,-6.294694218328567015e-01,-5.720328022293077463e-01,-7.028772450023812457e-01,-3.706418124481954401e-01,-3.706418099768350460e-01,-7.028772468291858422e-01,-5.720328026777503627e-01,-6.294694190706222603e-01,-5.985329370036704955e-01,-6.294694216442473511e-01,-5.720328038824189498e-01,-7.028772455557988907e-01,-3.706418101891499894e-01
-3.366255912082820601e-01,-7.017129928000812589e-01,-5.503319908037727082e-01,-6.208963107451839214e-01,-5.807334977949101251e-01,-6.208963122833625059e-01,-5.503319898873237914e-01,-7.017129914627429077e-01,-3.366255929624337173e-01,-3.366255885076925303e-01,-7.017129938742826534e-01,-5.503319920662952391e-01,-6.208963079187141965e-01,-5.807335013663811329e-01,-6.208963111795917644e-01,-5.503319923641469824e-01,-7.017129934184604956e-01,-3.366255885143528692e-01
-3.036561914169425003e-01,-7.016723060850328375e-01,-5.285939795498855176e-01,-6.138653924680812501e-01,-5.628779442272635603e-01,-6.138653932615698583e-01,-5.285939793859786295e-01,-7.016723045453743257e-01,-3.036561934644939065e-01,-3.036561888973484113e-01,-7.016723070506689641e-01,-5.285939805489920928e-01,-6.138653903537665268e-01,-5.628779468959115295e-01,-6.138653924488056690e-01,-5.285939819951130936e-01,-7.016723057771064864e-01,-3.036561906335706884e-01
-2.717454028799203281e-01,-7.026230803115479651e-01,-5.067934866396728300e-01,-6.083331978696974174e-01,-5.448762511165913258e-01,-6.083331979857846683e-01,-5.067934873030233156e-01,-7.026230782385897156e-01,-2.717454054254865303e-01,-2.717454001271469299e-01,-7.026230813111364881e-01,-5.067934875243258475e-01,-6.083331961467211002e-01,-5.448762532171380624e-01,-6.083331972616787819e-01,-5.067934904011792696e-01,-7.026230788403606820e-01,-2.717454037220339846e-01
-2.408896592913061518e-01,-7.044440714251631874e-01,-4.849124752697150376e-01,-6.042451872284683168e-01,-5.266544599074034494e-01,-6.042451865419133927e-01,-4.849124770073012236e-01,-7.044440686238300220e-01,-2.408896624174650947e-01,-2.408896560860672165e-01,-7.044440726185718926e-01,-4.849124758726806594e-01,-6.042451858202130266e-01,-5.266544616274486668e-01,-6.042451857872537246e-01,-4.849124808554238775e-01,-7.044440684625107307e-01,-2.408896619490735469e-01
-2.110740126328484179e-01,-7.070249872240316202e-01,-4.629401267609056236e-01,-6.015374046168687761e-01,-5.081552061788767727e-01,-6.015374030331136490e-01,-4.629401297741754240e-01,-7.070249836043726033e-01,-2.110740165026950277e-01,-2.110740087733014025e-01,-7.070249888325390586e-01,-4.629401267150816124e-01,-6.015374035382187179e-01,-5.081552078425144447e-01,-6.015374020045007875e-01,-4.629401345563501913e-01,-7.070249825343922767e-01,-2.110740175390906359e-01
-1.822755075340795894e-01,-7.102659876254112659e-01,-4.408727368416763825e-01,-6.001380197250631987e-01,-4.893375804446929989e-01,-6.001380172485937248e-01,-4.408727411428432497e-01,-7.102659832177380395e-01,-1.822755124409966010e-01,-1.822755028137801880e-01,-7.102659899311007941e-01,-4.408727356514480222e-01,-6.001380190929277436e-01,-4.893375824572163690e-01,-6.001380155824982410e-01,-4.408727470019170314e-01,-7.102659810655044259e-01,-1.822755152854371730e-01
-1.544659683819839813e-01,-7.140768635496863581e-01,-4.187135356918953999e-01,-5.999687702369449482e-01,-4.701765096300516977e-01,-5.999687669628975817e-01,-4.187135410804385671e-01,-7.140768584803883767e-01,-1.544659746175193193e-01,-1.544659625545417025e-01,-7.140768668774037931e-01,-4.187135328265654266e-01,-5.999687702586358196e-01,-4.701765122994878143e-01,-5.999687642866132764e-01,-4.187135482516752827e-01,-7.140768549806326693e-01,-1.544659795693822113e-01
-1.276142361741919307e-01,-7.183760798390781410e-01,-3.964724248312242461e-01,-6.009463105107093472e-01,-4.506618062348100029e-01,-6.009463076175223240e-01,-3.964724284775780205e-01,-7.183760781243485605e-01,-1.276142392185224683e-01,-1.276142341058770779e-01,-7.183760817546274158e-01,-3.964724220184464576e-01,-6.009463119496424310e-01,-4.506618070070387838e-01,-6.009463062475739470e-01,-3.964724320036991378e-01,-7.183760746900900163e-01,-1.276142443680015615e-01
-1.016878940178947421e-01,-7.230898248399986183e-01,-3.741655822189526859e-01,-6.029835132606968795e-01,-4.307969407462216571e-01,-6.029835098227667167e-01,-3.741655860673152034e-01,-7.230898234252889356e-01,-1.016878972656598823e-01,-1.016878914972236952e-01,-7.230898273677888177e-01,-3.741655781673292047e-01,-6.029835153483565913e-01,-4.307969417043296390e-01,-6.029835080505029365e-01,-3.741655905140136573e-01,-7.230898189388763608e-01,-1.016879039030064713e-01
-7.665456435451552253e-02,-7.281511001415557072e-01,-3.518150074687996787e-01,-6.059906477885245168e-01,-4.105977118691793715e-01,-6.059906438300153297e-01,-3.518150112525093576e-01,-7.281510992835076301e-01,-7.665456760654013046e-02,-7.665456132369651010e-02,-7.281511033727097182e-01,-3.518150019714443300e-01,-6.059906506158814210e-01,-4.105977129852082519e-01,-6.059906416456390943e-01,-3.518150167959891439e-01,-7.281510936021448055e-01,-7.665457585383064765e-02
-5.248280674733751122e-02,-7.334989488500432975e-01,-3.294478970091881953e-01,-6.098765533998442567e-01,-3.900907300949605361e-01,-6.098765490024051772e-01,-3.294479004088866070e-01,-7.334989487855790857e-01,-5.248280979397586254e-02,-5.248280314461073459e-02,-7.334989528690414318e-01,-3.294478898898836605e-01,-6.098765570281865500e-01,-3.900907313286973710e-01,-6.098765463897619643e-01,-3.294479072205031001e-01,-7.334989418026011121e-01,-5.248281970885811804e-02
-2.914270111986420192e-02,-7.390777964422532431e-01,-3.070959359158036417e-01,-6.145497285593993775e-01,-3.693118528000299272e-01,-6.145497238676809193e-01,-3.070959385908086370e-01,-7.390777973625548558e-01,-2.914270375753856557e-02,-2.914269686141942456e-02,-7.390778013351235742e-01,-3.070959270274363773e-01,-6.145497330312179596e-01,-3.693118540974621444e-01,-6.145497207894219382e-01,-3.070959468446303187e-01,-7.390777889987396598e-01,-2.914271535917872108e-02
-6.606167286290787546e-03,-7.448369198812802017e-01,-2.847944916067760013e-01,-6.199193648317233851e-01,-3.483045685234090194e-01,-6.199193600336437848e-01,-2.847944932373202565e-01,-7.448369219368673466e-01,-6.606169292250045622e-03,-6.606162260079264173e-03,-7.448369257390456966e-01,-2.847944808260290950e-01,-6.199193701849392557e-01,-3.483045698184019656e-01,-6.199193564274663171e-01,-2.847945031064090249e-01,-7.448369121281459559e-01,-6.606182596622759383e-03
1.515292179679552168e-02,-7.507300305878785718e-01,-2.625817382148371015e-01,-6.258963134604866863e-01,-3.271183703186551495e-01,-6.258963087482277698e-01,-2.625817385395523562e-01,-7.507300339140579037e-01,1.515292069841392419e-02,1.515292771426260746e-02,-7.507300374972902812e-01,-2.625817254425476532e-01,-6.258963197303006876e-01,-3.271183715496983613e-01,-6.258963045401663150e-01,-2.625817501669884813e-01,-7.507300226171245150e-01,1.515290566945413225e-02
3.615878298327674517e-02,-7.567149549144722709e-01,-2.404977418747348272e-01,-6.323939707611823113e-01,-3.058071569147918778e-01,-6.323939687776628515e-01,-2.404977408878251066e-01,-7.567149568153515027e-01,3.615878223557578153e-02,3.615878363097138615e-02,-7.567149567240664121e-01,-2.404977375209418622e-01,-6.323939732746564069e-01,-3.058071563452942065e-01,-6.323939681121122369e-01,-2.404977451864144244e-01,-7.567149525227787610e-01,3.615877656124402706e-02
5.643387062921554481e-02,-7.627533830829276162e-01,-2.185835308920734965e-01,-6.393290912435809492e-01,-2.844276645925462588e-01,-6.393290895363724635e-01,-2.185835291418234960e-01,-7.627533853379343531e-01,5.643387011105729933e-02,5.643387165485608259e-02,-7.627533852802179659e-01,-2.185835259483663584e-01,-6.393290940538198797e-01,-2.844276637903951910e-01,-6.393290886350884161e-01,-2.185835342547458593e-01,-7.627533805456871985e-01,5.643386389107531154e-02
7.599910289470682145e-02,-7.688106854374965327e-01,-1.968802038614554384e-01,-6.466224630920220928e-01,-2.630380380675751972e-01,-6.466224616699174366e-01,-1.968802013838699683e-01,-7.688106881043565988e-01,7.599910280369806537e-02,7.599910435118197027e-02,-7.688106880474085969e-01,-1.968801983220752061e-01,-6.466224661953201558e-01,-2.630380370516742228e-01,-6.466224605031498651e-01,-1.968802072941484016e-01,-7.688106828342800014e-01,7.599909603195104113e-02
9.487411816101541662e-02,-7.748557527989184956e-01,-1.754280757540175040e-01,-6.541995069234749494e-01,-2.416964677704451503e-01,-6.541995057659052426e-01,-1.754280726274742852e-01,-7.748557559198634426e-01,9.487411866427122864e-02,9.487412005255660419e-02,-7.748557558079969265e-01,-1.754280696615821422e-01,-6.541995102785164162e-01,-2.416964665990548045e-01,-6.541995043314656755e-01,-1.754280792366314512e-01,-7.748557502529027641e-01,9.487411141089288624e-02
1.130775451231912504e-01,-7.808608609644214216e-01,-1.542659115131755632e-01,-6.619907360764542004e-01,-2.204599942993392681e-01,-6.619907351435155851e-01,-1.542659078500809300e-01,-7.808608645499270917e-01,1.130775463269193398e-01,1.130775474135308351e-01,-7.808608643271952587e-01,-1.542659049545205829e-01,-6.619907396107979070e-01,-2.204599930581137568e-01,-6.619907334624630657e-01,-1.542659149954682118e-01,-7.808608586140928232e-01,1.130775387292860257e-01
1.306272626523948821e-01,-7.868015401689096855e-01,-1.334302575187800988e-01,-6.699320963855586175e-01,-1.993834682347306597e-01,-6.699320956269736449e-01,-1.334302534553484243e-01,-7.868015441919877784e-01,1.306272645907490815e-01,1.306272652762325570e-01,-7.868015438172843989e-01,-1.334302506137935163e-01,-6.699321000067022247e-01,-1.993834670228848416e-01,-6.699320937366902706e-01,-1.334302609343128443e-01,-7.868015381432907907e-01,1.306272568316156901e-01
1.475406352236212082e-01,-7.926564407503590148e-01,-1.129548866766124648e-01,-6.779651823129579924e-01,-1.785186822199110457e-01,-6.779651816758587302e-01,-1.129548823602186114e-01,-7.926564451501816322e-01,1.475406378634131765e-01,1.475406380993901645e-01,-7.926564446041810541e-01,-1.129548795632873692e-01,-6.779651859208211118e-01,-1.785186811371430871e-01,-6.779651796222605498e-01,-1.129548899560771369e-01,-7.926564391520581898e-01,1.475406301445209012e-01
1.638347143546624585e-01,-7.984071887390521427e-01,-9.287036462429751338e-02,-6.860373342414640696e-01,-1.579136800542652319e-01,-6.860373336775305031e-01,-9.287036019961009137e-02,-7.984071934295813300e-01,1.638347176086518142e-01,1.638347173962483583e-01,-7.984071927159234194e-01,-9.287035744257539360e-02,-6.860373377408088835e-01,-1.579136791886550650e-01,-6.860373315090200208e-01,-9.287036770374407224e-02,-7.984071876351006569e-01,1.638347101260785033e-01
1.795264009250513437e-01,-8.040382281239419893e-01,-7.320373832113560852e-02,-6.941016255971745874e-01,-1.376122407072557230e-01,-6.941016250680962507e-01,-7.320373391744705582e-02,-8.040382330049063997e-01,1.795264046698299976e-01,1.795264040507768000e-01,-8.040382321465988635e-01,-7.320373120028596248e-02,-6.941016289065033984e-01,-1.376122401271785423e-01,-6.941016228300191937e-01,-7.320374114771141527e-02,-8.040382275429256431e-01,1.795263975937130829e-01
1.946325668794244013e-01,-8.095366490879862820e-01,-5.397834279708429300e-02,-7.021167516064291680e-01,-1.176535290619246665e-01,-7.021167510875683249e-01,-5.397833851810068806e-02,-8.095366540558781576e-01,1.946325709738902232e-01,1.946325700187897523e-01,-8.095366530896890289e-01,-5.397833584581704369e-02,-7.021167546644426771e-01,-1.176535288102586174e-01,-7.021167488192101569e-01,-5.397834533050564765e-02,-8.095366490227289269e-01,1.946325644350998529e-01
2.091701376437652693e-01,-8.148920034700791737e-01,-3.521371735066677888e-02,-7.100468337325414048e-01,-9.807190018672168330e-02,-7.100468332140280614e-01,-3.521371326888728115e-02,-8.148920084273736375e-01,2.091701419455865574e-01,2.091701407407915436e-01,-8.148920073971119837e-01,-3.521371065253681154e-02,-7.100468365003838045e-01,-9.807190027937764953e-02,-7.100468309468412897e-01,-3.521371956347366106e-02,-8.148920038836433566e-01,2.091701360293150014e-01
2.231561386223339383e-01,-8.200961100951056348e-01,-1.692561916715818598e-02,-7.178611551189650886e-01,-7.889684021855959684e-02,-7.178611546044417757e-01,-1.692561532276010139e-02,-8.200961149570307196e-01,2.231561430007308333e-01,2.231561416364771233e-01,-8.200961139073017492e-01,-1.692561277965693931e-02,-7.178611575795943445e-01,-7.889684064596384772e-02,-7.178611523620366253e-01,-1.692562104349060528e-02,-8.200961109290050288e-01,2.231561377467495277e-01
2.366077104691218236e-01,-8.251428534560634187e-01,8.738798107999941334e-04,-7.255338427347588492e-01,-6.015302457077062459e-02,-7.255338422384693953e-01,8.738834070303180823e-04,-8.251428581547265440e-01,2.366077148137119557e-01,2.366077133745227434e-01,-8.251428571260299716e-01,8.738858544928124715e-04,-7.255338448902488580e-01,-6.015302530197398634e-02,-7.255338400376026842e-01,8.738782770345077718e-04,-8.251428546391447183e-01,2.366077102215608796e-01
2.495420985372364675e-01,-8.300279796044331970e-01,1.817622796075735181e-02,-7.330435114885522907e-01,-4.186047309142408579e-02,-7.330435110308528568e-01,1.817623132092316407e-02,-8.300279840899473793e-01,2.495421027616978316e-01,2.495421013197394733e-01,-8.300279831151597953e-01,1.817623364678010514e-02,-7.330435133551089777e-01,-4.186047408042192081e-02,-7.330435088828863854e-01,1.817622676706907511e-02,-8.300279810609524356e-01,2.495420987995450868e-01
2.619766221134264272e-01,-8.347488930967955634e-01,3.497617628185792360e-02,-7.403728845074558640e-01,-2.403478183452039535e-02,-7.403728841106913539e-01,3.497617943352937520e-02,-8.347488973366998799e-01,2.619766261563927223e-01,2.619766247680405113e-01,-8.347488964396434508e-01,3.497618161129577297e-02,-7.403728861109728498e-01,-2.403478302658547394e-02,-7.403728820232704511e-01,3.497617541889871257e-02,-8.347488947532348824e-01,2.619766227708165141e-01
2.739286288700095717e-01,-8.393044585601772134e-01,5.127152251106011777e-02,-7.475084022558766694e-01,-6.687412052288399522e-03,-7.475084019405395797e-01,5.127152548943886279e-02,-8.393044625369906475e-01,2.739286326924358361e-01,2.739286313976133647e-01,-8.393044617323563994e-01,5.127152749465356540e-02,-7.475084036271160137e-01,-6.687413390348066061e-03,-7.475083999190355044e-01,5.127152196382198102e-02,-8.393044603499111300e-01,2.739286298182259105e-01
2.854154349067574703e-01,-8.436948052678995280e-01,6.706282552369005612e-02,-7.544398311850690764e-01,1.017398331295986391e-02,-7.544398319230509742e-01,6.706283544969954269e-02,-8.436948176354623907e-01,2.854154477434090453e-01,2.854154424413918312e-01,-8.436948145163877255e-01,6.706284312421947891e-02,-7.544398364021451808e-01,1.017397712259785966e-02,-7.544398254355972888e-01,6.706282656175385770e-02,-8.436948100200720724e-01,2.854154378189554531e-01
2.964542825537030968e-01,-8.479211655914931089e-01,8.235313096969246183e-02,-7.611598818118269216e-01,2.654519942417546408e-02,-7.611598828240533354e-01,8.235314071023214222e-02,-8.479211772499594124e-01,2.964542947871999790e-01,2.964542896215999201e-01,-8.479211742670259566e-01,8.235314754100314660e-02,-7.611598865638600220e-01,2.654519334641540496e-02,-7.611598766583345110e-01,8.235313275587380355e-02,-8.479211704405618111e-01,2.964542858452835494e-01
3.070622496623701680e-01,-8.519856777900126632e-01,9.714764504519164678e-02,-7.676638411233547288e-01,4.242512928681461265e-02,-7.676638423871873229e-01,9.714765460187174684e-02,-8.519856887471162210e-01,3.070622612867062728e-01,3.070622562878743134e-01,-8.519856859090124690e-01,9.714766061358257043e-02,-7.676638454562656477e-01,4.242512339220741446e-02,-7.676638365464699687e-01,9.714764747533130573e-02,-8.519856826561540419e-01,3.070622532143446048e-01
3.172562070940599943e-01,-8.558912503258955251e-01,1.114534617688971302e-01,-7.739492269931749213e-01,5.781539345426854604e-02,-7.739492284792057752e-01,1.114534711360279928e-01,-8.558912605995467882e-01,3.172562181156165506e-01,3.172562132998283380e-01,-8.558912579075694804e-01,1.114534763654494998e-01,-7.739492309483932964e-01,5.781538779548948265e-02,-7.739492229645323906e-01,1.114534647414869434e-01,-8.558912551471762331e-01,3.172562108115080659e-01
3.270527559154405850e-01,-8.596414159909060437e-01,1.252792771855007758e-01,-7.800154666313852125e-01,7.271998970418722119e-02,-7.800154683056436111e-01,1.252792863506714816e-01,-8.596414256056261749e-01,3.270527663486648695e-01,3.270527617222506178e-01,-8.596414230563342862e-01,1.252792908445042597e-01,-7.800154702456724154e-01,7.271998431766955873e-02,-7.800154631157663054e-01,1.252792806032448913e-01,-8.596414207204128299e-01,3.270527597237928297e-01
3.364681743518576074e-01,-8.632402052478409527e-01,1.386351242507800618e-01,-7.858636017418653141e-01,8.714495658841726888e-02,-7.858636035679285037e-01,1.386351331962091260e-01,-8.632402142317943117e-01,3.364681842153637303e-01,3.364681797782789752e-01,-8.632402118190329876e-01,1.386351370082125056e-01,-7.858636050472453949e-01,8.714495149644135852e-02,-7.858635986994364497e-01,1.386351280221276294e-01,-8.632402098507925281e-01,3.364681781928335891e-01
3.455183707841832375e-01,-8.666920337261562191e-01,1.515321267604988198e-01,-7.914960213085654450e-01,1.010980577391584478e-01,-7.914960232498171600e-01,1.515321354654066699e-01,-8.666920421094658211e-01,3.455183800987848275e-01,3.455183758472114564e-01,-8.666920398258354252e-01,1.515321386539337511e-01,-7.914960243331238265e-01,1.010980529524327931e-01,-7.914960186971078393e-01,1.515321308009734969e-01,-8.666920381773335347e-01,3.455183746123235977e-01
3.542188433800267378e-01,-8.700016033871733612e-01,1.639822742857756366e-01,-7.969162220460013213e-01,1.145884900335810558e-01,-7.969162240672688080e-01,1.639822827284974083e-01,-8.700016112007571412e-01,3.542188521674358714e-01,3.542188480955345553e-01,-8.700016090385354062e-01,1.639822853541326730e-01,-7.969162248145740257e-01,1.145884855538384928e-01,-7.969162198227021099e-01,1.639822785188053411e-01,-8.700016076688430466e-01,3.542188471598618493e-01
3.625846465738884472e-01,-8.731738166352012165e-01,1.759982190519367440e-01,-8.021285958108894665e-01,1.276266173615480115e-01,-8.021285978795950067e-01,1.759982272116695778e-01,-8.731738239100862442e-01,3.625846548561078020e-01,3.625846509569804477e-01,-8.731738218616760250e-01,1.759982293351497751e-01,-8.021285983456163393e-01,1.276266131838063311e-01,-8.021285939336197934e-01,1.759982234091131970e-01,-8.731738207354280412e-01,3.625846502777370084e-01
3.706303643218679111e-01,-8.762137024882766800e-01,1.875930948823643085e-01,-8.071382427317845831e-01,1.402237306463166022e-01,-8.071382448187147673e-01,1.875931027404986184e-01,-8.762137092549946438e-01,3.706303721205130297e-01,3.706303683870742494e-01,-8.762137073132614251e-01,1.875931044209540044e-01,-8.071382450525022012e-01,1.402237267607257809e-01,-8.071382411602330276e-01,1.875930993038089911e-01,-8.762137063996328079e-01,3.706303679280796293e-01
3.783700898407153512e-01,-8.791263538202287453e-01,1.987803577031504176e-01,-8.119508084395439251e-01,1.523918339135586220e-01,-8.119508105194366276e-01,1.987803652444749547e-01,-8.791263601087946356e-01,3.783700971774011101e-01,3.783700936026347939e-01,-8.791263582671752230e-01,1.987803665384486052e-01,-8.119508105645039109e-01,1.523918303071202240e-01,-8.119508071359546886e-01,1.987803621372878082e-01,-8.791263575387711082e-01,3.783700933325334637e-01
3.858174113929940252e-01,-8.819168746378102108e-01,2.095736466462087000e-01,-8.165723435485209292e-01,1.641434555652200866e-01,-8.165723455999320812e-01,2.095736538590773912e-01,-8.819168804772969938e-01,3.858174182888152171e-01,3.858174148659962999e-01,-8.819168787297854140e-01,2.095736548194027937e-01,-8.165723454943119020e-01,1.641434522229111292e-01,-8.165723424780204631e-01,2.095736510493961258e-01,-8.819168781623860642e-01,3.858174147576108326e-01
3.929854035812058166e-01,-8.845903363474318937e-01,2.199866644697394125e-01,-8.210091834158109725e-01,1.754914835552547070e-01,-8.210091854211631901e-01,2.199866713464356249e-01,-8.845903417659650714e-01,3.929854100569488695e-01,3.929854067797465267e-01,-8.845903401071175676e-01,2.199866720218273397e-01,-8.210091851977450172e-01,1.754914804609756240e-01,-8.210091825466807602e-01,2.199866688057747766e-01,-8.845903396790584239e-01,3.929854068090952723e-01
3.998866235643550038e-01,-8.871517419919650038e-01,2.300330758187782154e-01,-8.252678461761766560e-01,1.864490228629755442e-01,-8.252678481214377193e-01,2.300330823553418114e-01,-8.871517470166447872e-01,3.998866296405465537e-01,3.998866265029459299e-01,-8.871517454414961090e-01,2.300330827901481967e-01,-8.252678478084058966e-01,1.864490200003046105e-01,-8.252678454798374474e-01,2.300330800581739665e-01,-8.871517451334118842e-01,3.998866266488307342e-01
4.065331055771443935e-01,-8.896059929897965901e-01,2.397264150003418082e-01,-8.293549450350052865e-01,1.970292750219562183e-01,-8.293549504896441382e-01,2.397264320189863573e-01,-8.896060065282267448e-01,4.065331239770388905e-01,4.065331118301790392e-01,-8.896059999586717337e-01,2.397264327858240895e-01,-8.293549507733364301e-01,1.970292685721116155e-01,-8.293549449619522784e-01,2.397264251355404330e-01,-8.896059995058085423e-01,4.065331136416311386e-01
4.129363897118240034e-01,-8.919578848270377502e-01,2.490800426908522935e-01,-8.332771253728427086e-01,2.072454284402112101e-01,-8.332771303936388207e-01,2.490800584397502293e-01,-8.919578973038553293e-01,4.129364068796729237e-01,4.129363952433191542e-01,-8.919578910553844775e-01,2.490800589225373729e-01,-8.332771306122213062e-01,2.072454225143026130e-01,-8.332771254398043670e-01,2.490800522689448626e-01,-8.919578909254772814e-01,4.129363973790926012e-01
4.191074917478768702e-01,-8.942120614270472334e-01,2.581070458893851560e-01,-8.370409933755263987e-01,2.171105814731413286e-01,-8.370409979794337652e-01,2.581070604322026618e-01,-8.942120729199093399e-01,4.191075077533700788e-01,4.191074966241016275e-01,-8.942120669861899351e-01,2.581070606998885908e-01,-8.370409981603911254e-01,2.171105760260820250e-01,-8.370409935454312667e-01,2.581070549041646345e-01,-8.942120671220763484e-01,4.191074990130362332e-01
4.250569387103815266e-01,-8.963730214361141924e-01,2.668202204434551028e-01,-8.406530771152543879e-01,2.266376641571778150e-01,-8.406530813218988651e-01,2.668202338464909507e-01,-8.963730320190088641e-01,4.250569536228864242e-01,4.250569429937245403e-01,-8.963730263921121377e-01,2.668202339566809744e-01,-8.406530814865327272e-01,2.266376591468273194e-01,-8.406530773573712700e-01,2.668202288972855718e-01,-8.963730267443511535e-01,4.250569455747714720e-01
4.307947744447594429e-01,-8.984451041412714334e-01,2.752320274724592286e-01,-8.441197862425080523e-01,2.358393814315722647e-01,-8.441197900734488391e-01,2.752320398033262228e-01,-8.984451138841395013e-01,4.307947883323098304e-01,4.307947781936923848e-01,-8.984451085549978178e-01,2.752320398035185134e-01,-8.441197902377491902e-01,2.358393768186490824e-01,-8.441197865317903171e-01,2.752320353747387260e-01,-8.984451090809877360e-01,4.307947809146400742e-01
4.363305733866643110e-01,-9.004324835037329500e-01,2.833545658968555370e-01,-8.474473820446137839e-01,2.447281662313638695e-01,-8.474473855224426977e-01,2.833545772231399473e-01,-9.004324924723496881e-01,4.363305863153960074e-01,4.363305766555091170e-01,-9.004324874309453941e-01,2.833545771519787593e-01,-8.474473856980910824e-01,2.447281619796082275e-01,-8.474473823607955314e-01,2.833545732622226310e-01,-9.004324880942790044e-01,4.363305794721609732e-01
4.416734556044705773e-01,-9.023391648452174785e-01,2.911995524819053216e-01,-8.506419544513050823e-01,2.533161426350717949e-01,-8.506419575991623905e-01,2.911995628703424321e-01,-9.023391731011142225e-01,4.416734676380553726e-01,4.416734584435051403e-01,-9.023391683367983918e-01,2.911995627587733448e-01,-8.506419577942537780e-01,2.533161387110981488e-01,-8.506419547783171664e-01,2.911995593290764850e-01,-9.023391691064622799e-01,4.416734613185669955e-01
4.468321027695698611e-01,-9.041689837191762003e-01,2.987783082927945033e-01,-8.537094049205062873e-01,2.616150976934511485e-01,-8.537094077614597598e-01,2.987783178083820435e-01,-9.041689913197331618e-01,4.468321139689946375e-01,4.468321052249498715e-01,-9.041689868213280690e-01,2.987783176807845553e-01,-8.537094079813072334e-01,2.616150940668342528e-01,-8.537094052457192550e-01,2.987783146432052006e-01,-9.041689876711280771e-01,4.468321081273287088e-01
4.518147747554784321e-01,-9.059256065604729402e-01,3.061017505711497999e-01,-8.566554342643624143e-01,2.696364606986659251e-01,-8.566554368212144777e-01,3.061017592768262574e-01,-9.059256135590412207e-01,4.518147851788179570e-01,4.518147768695504052e-01,-9.059256093150871436e-01,3.061017591520153180e-01,-8.566554370688714837e-01,2.696364573417143751e-01,-8.566554345781629554e-01,3.061017564482210740e-01,-9.059256102228785412e-01,4.518147797732947613e-01
4.566293266114784255e-01,-9.076125327647663887e-01,3.131803891577710219e-01,-8.594855345979653949e-01,2.773912887858964726e-01,-8.594855368928255857e-01,3.131803971137622766e-01,-9.076125392106906276e-01,4.566293363135651706e-01,4.566293284226867200e-01,-9.076125352095765209e-01,3.131803970057851494e-01,-8.594855371695637736e-01,2.773912856734943033e-01,-8.594855348932123329e-01,3.131803945861115768e-01,-9.076125361568997407e-01,4.566293313065252768e-01
4.612832256948256604e-01,-9.092330978985112555e-01,3.200243266879139736e-01,-8.622049846991580724e-01,2.848902578823719889e-01,-8.622049867532834977e-01,3.200243339515747576e-01,-9.092331038373955288e-01,4.612832347273354561e-01,4.612832272380013032e-01,-9.092331000674678254e-01,3.200243338705796026e-01,-8.622049870590640097e-01,2.848902549918856941e-01,-8.622049849707621449e-01,3.200243316926948411e-01,-9.092331010389660406e-01,4.612832300845937650e-01
4.657835642629629680e-01,-9.107904754360738320e-01,3.266432585482794693e-01,-8.648188462412396138e-01,2.921436593674400783e-01,-8.648188496771843647e-01,3.266432718997591689e-01,-9.107904877202384064e-01,4.657835845340891345e-01,4.657835653603923931e-01,-9.107904776038089345e-01,3.266432715851965152e-01,-8.648188521617181657e-01,2.921436549716306397e-01,-8.648188477270740693e-01,3.266432657714046783e-01,-9.107904801297597164e-01,4.657835731651357447e-01
4.701370948372067815e-01,-9.122876911440076508e-01,3.330464924609239374e-01,-8.673319721383231373e-01,2.991613942053349406e-01,-8.673319750699690633e-01,3.330465044171724842e-01,-9.122877024762967579e-01,4.701371137758159069e-01,4.701370955622228287e-01,-9.122876929389303058e-01,3.330465043530898006e-01,-8.673319775869439141e-01,2.991613901158030608e-01,-8.673319734108460022e-01,3.330464988787295577e-01,-9.122876954827572327e-01,4.701371032358257485e-01
4.743502186973331813e-01,-9.137276135010263811e-01,3.392429349587960941e-01,-8.697489966151946694e-01,3.059529828596350143e-01,-8.697489990965837636e-01,3.392429456478791017e-01,-9.137276239620013563e-01,4.743502364014126060e-01,4.743502191092089371e-01,-9.137276149739115283e-01,3.392429458128674025e-01,-8.697490016336839602e-01,3.059529790507632407e-01,-8.697489976896595198e-01,3.392429406319305008e-01,-9.137276175120679911e-01,4.743502266225150255e-01
4.784290213191031427e-01,-9.151129694128637970e-01,3.452411154893443856e-01,-8.720743472733867296e-01,3.125275647523049760e-01,-8.720743493538896107e-01,3.452411250293390688e-01,-9.151129790761300953e-01,4.784290378791138387e-01,4.784290214691309107e-01,-9.151129706080839421e-01,3.452411254013093012e-01,-8.720743518996197929e-01,3.125275612010833814e-01,-8.720743481652656337e-01,3.452411204758672469e-01,-9.151129731215026375e-01,4.784290287991865842e-01
4.823792833069351360e-01,-9.164463473924573389e-01,3.510491932065273879e-01,-8.743122477753531019e-01,3.188939063174692778e-01,-8.743122494999080452e-01,3.510492017060021230e-01,-9.164463563252500666e-01,4.823792988063770326e-01,4.823792832392743701e-01,-9.164463483487057527e-01,3.510492022628363684e-01,-8.743122520437685008e-01,3.188939030033828836e-01,-8.743122485000063282e-01,3.510491975615557259e-01,-9.164463508220845878e-01,4.823792903683804534e-01
4.862064957106055907e-01,-9.177302034604621905e-01,3.566749684652466001e-01,-8.764667235375980248e-01,3.250604092919080479e-01,-8.764667249469790811e-01,3.566749760236875288e-01,-9.177302117239685142e-01,4.862065102261747818e-01,4.862064954630036517e-01,-9.177302042113062441e-01,3.566749767435170027e-01,-8.764667274793642715e-01,3.250604061964856850e-01,-8.764667241101150585e-01,3.566749722410249013e-01,-9.177302066326276098e-01,4.862065023780024475e-01
4.899158747930065783e-01,-9.189668670771751202e-01,3.621258949471556354e-01,-8.785416080566579300e-01,3.310351202272368565e-01,-8.785416091877954470e-01,3.621259016556572785e-01,-9.189668747272516924e-01,4.899158883954823351e-01,4.899158743977255481e-01,-9.189668676517868118e-01,3.621259025174369262e-01,-8.785416117001962899e-01,3.310351173340826403e-01,-8.785416084916154444e-01,3.621258981927347187e-01,-9.189668700116393474e-01,4.899158810891395266e-01
4.935123762235151812e-01,-9.201585470420207136e-01,3.674090921992668735e-01,-8.805405496827483081e-01,3.368257409223767151e-01,-8.805405505689927192e-01,3.674090981409768308e-01,-9.201585541294312609e-01,4.935123889778139095e-01,4.935123757078890283e-01,-9.201585474655991082e-01,3.674090991245287929e-01,-8.805405530537978587e-01,3.368257382166841563e-01,-8.805405499941497682e-01,3.674090949607616841e-01,-9.201585497568770533e-01,4.935123821694276103e-01
4.970007086792268547e-01,-9.213073373074430750e-01,3.725313584017705959e-01,-8.824670186860481547e-01,3.424396395188707420e-01,-8.824670193574146726e-01,3.725313636524609784e-01,-9.213073438784696867e-01,4.970007206451848014e-01,4.970007080663524923e-01,-9.213073376017792970e-01,3.725313647388591720e-01,-8.824670218080601369e-01,3.424396369874930235e-01,-8.824670188871424070e-01,3.725313607221418244e-01,-9.213073398192355157e-01,4.970007142943715372e-01
5.003853468481314071e-01,-9.224152226682229561e-01,3.774991832157855165e-01,-8.843243144906189901e-01,3.478838620469089093e-01,-8.843243149741195630e-01,3.774991878444420856e-01,-9.224152287649594051e-01,5.003853580807030577e-01,5.003853461574666595e-01,-9.224152228521126373e-01,3.774991890159938857e-01,-8.843243173848964744e-01,3.478838596779380010e-01,-8.843243145939171379e-01,3.774991851351278682e-01,-9.224152249920480884e-01,5.003853521504701973e-01
5.036705438334360130e-01,-9.234840842950433615e-01,3.823187605884483253e-01,-8.861155729736199804e-01,3.531651442431295584e-01,-8.861155732934403728e-01,3.823187646577146936e-01,-9.234840899558474092e-01,5.036705543832652454e-01,5.036705430812558060e-01,-9.234840843846801040e-01,3.823187658981375692e-01,-8.861155756595610056e-01,3.531651420259260266e-01,-8.861155729907775891e-01,3.823187621439051442e-01,-9.234840864446960396e-01,5.036705488395987196e-01
5.068603429651006298e-01,-9.245157050897415685e-01,3.869960014163530970e-01,-8.878437737472515412e-01,3.582899234938285993e-01,-8.878437739250136795e-01,3.869960049830243332e-01,-9.245157103495247330e-01,5.068603528787820611e-01,5.068603421649457985e-01,-9.245157050990397973e-01,3.869960062774131515e-01,-8.878437762424788993e-01,3.582899214187544867e-01,-8.878437736890796295e-01,3.869960026423158173e-01,-9.245157070778231567e-01,5.068603476905094718e-01
5.099585890288059753e-01,-9.255117748461946237e-01,3.915365459887500954e-01,-8.895117473583222800e-01,3.632643507827674756e-01,-8.895117474133470425e-01,3.915365491043212853e-01,-9.255117797367558019e-01,5.099585983492509467e-01,5.099585881919435071e-01,-9.255117747871270950e-01,3.915365504391508655e-01,-8.895117496788796929e-01,3.632643488410511878e-01,-8.895117472348127441e-01,3.915365469170353219e-01,-9.255117766842200222e-01,5.099585934877927107e-01
5.129689389264009414e-01,-9.264738952059218269e-01,3.959457761491398942e-01,-8.911221823540225184e-01,3.680943025462823925e-01,-8.911221823035059275e-01,3.959457788601995487e-01,-9.264738997562591560e-01,5.129689476931986736e-01,5.129689380621231809e-01,-9.264738950887747571e-01,3.959457802233214974e-01,-8.911221845145209652e-01,3.680943007299582459e-01,-8.911221821743223748e-01,3.959457768090420271e-01,-9.264738969044319372e-01,5.129689431323263271e-01
5.158948717844850096e-01,-9.274035844022313624e-01,4.002288271276034370e-01,-8.926776321743307152e-01,3.727853923570870753e-01,-8.926776320335499948e-01,4.002288294762261778e-01,-9.274035886387401728e-01,5.158948800340839025e-01,5.158948709004089750e-01,-9.274035842358058224e-01,4.002288308567588104e-01,-8.926776341880244825e-01,3.727853906587895172e-01,-8.926776319467976117e-01,4.002288275461242106e-01,-9.274035859708886775e-01,5.158948757498603710e-01
5.187396985296768293e-01,-9.283022817898733958e-01,4.043905990086077429e-01,-8.941805218412883782e-01,3.773429823745013678e-01,-8.941805216237979081e-01,4.043906010328366940e-01,-9.283022857367146941e-01,5.187397062958745142e-01,5.187396976320726161e-01,-9.283022815817647544e-01,4.043906024212140515e-01,-8.941805237203147572e-01,3.773429807875505193e-01,-8.941805215734839329e-01,4.043905992104680491e-01,-9.283022832375449340e-01,5.187397022662361135e-01
5.215065709510215974e-01,-9.291713521603518489e-01,4.084357678095910105e-01,-8.956331544236151299e-01,3.817721945136834938e-01,-8.956331541414047637e-01,4.084357695437277336e-01,-9.291713558395491290e-01,5.215065782649922488e-01,5.215065700449657005e-01,-9.291713519170534674e-01,4.084357709315080132e-01,-8.956331561789876439e-01,3.817721930318446755e-01,-8.956331541223777615e-01,4.084357678175014050e-01,-9.291713534951946407e-01,5.215065744698130779e-01
5.241984902701115612e-01,-9.300120898449908413e-01,4.123687961527982004e-01,-8.970377172615526806e-01,3.860779212963216245e-01,-8.970377169251846361e-01,4.123687976277214395e-01,-9.300120932766748894e-01,5.241984971607216437e-01,5.241984893596794981e-01,-9.300120895720617176e-01,4.123687990075638465e-01,-8.970377189032952003e-01,3.860779199138246187e-01,-8.970377169330070455e-01,4.123687959875051989e-01,-9.300120910745274250e-01,5.241984935815733326e-01
5.268183152406744618e-01,-9.308257226096696701e-01,4.161939435205296856e-01,-8.983962879422600079e-01,3.902648363564517608e-01,-8.983962875610862486e-01,4.161939447641533896e-01,-9.308257258122883959e-01,5.268183217347053304e-01,5.268183143292179960e-01,-9.308257223119238422e-01,4.161939461297478604e-01,-8.983962894795585186e-01,3.902648350679238654e-01,-8.983962875919160318e-01,4.161939432010502982e-01,-9.308257237408360529e-01,5.268183183546863990e-01
5.293687697996133368e-01,-9.316134153467825474e-01,4.199152760901722070e-01,-8.997108400212159296e-01,3.943374045830331243e-01,-8.997108396034174671e-01,4.199152771275244667e-01,-9.316134183371713728e-01,5.293687759218224098e-01,5.293687688897360522e-01,-9.316134150283009729e-01,4.199152784734280774e-01,-8.997108414623699035e-01,3.943374033833798586e-01,-8.997108396539559294e-01,4.199152756338395687e-01,-9.316134163859985939e-01,5.293687727255588227e-01
5.318524502905082052e-01,-9.323762735702942894e-01,4.235366761476753172e-01,-9.009832484872126734e-01,3.982998918860636284e-01,-9.009832480399651011e-01,4.235366770013044291e-01,-9.323762763639262818e-01,5.318524560639610321e-01,5.318524493842888834e-01,-9.323762732346078108e-01,4.235366783229641552e-01,-9.009832498398341327e-01,3.982998907705708191e-01,-9.009832481073563049e-01,4.235366755702647534e-01,-9.323762745235160132e-01,5.318524530373128778e-01
5.342718322816784049e-01,-9.331153467212811581e-01,4.270618510849180094e-01,-9.022152949730229965e-01,4.021563745811355672e-01,-9.022152945026189474e-01,4.270618517751178511e-01,-9.331153493323272041e-01,5.342718377277629882e-01,5.342718313807635067e-01,-9.331153463714225715e-01,4.270618530687064207e-01,-9.022152962440398438e-01,4.021563735453037025e-01,-9.022152945843983085e-01,4.270618504008445449e-01,-9.331153475940342501e-01,5.342718348578483489e-01
5.366292738330887824e-01,-9.338316315568213621e-01,4.304943441933996584e-01,-9.034086718871123800e-01,4.059107474042755737e-01,-9.034086703048855860e-01,4.304943434757855791e-01,-9.338316365246484008e-01,5.366292860008562426e-01,5.366292717370273468e-01,-9.338316290891556237e-01,4.304943447218529951e-01,-9.034086749502228120e-01,4.059107491616315011e-01,-9.034086717043217085e-01,4.304943369073498394e-01,-9.338316318695092377e-01,5.366292800758852843e-01
5.389270343617944548e-01,-9.345260740510579200e-01,4.338375340619285425e-01,-9.045649905022683512e-01,4.095667360597917139e-01,-9.045649889003278821e-01,4.338375331069482255e-01,-9.345260787141667080e-01,5.389270459155396376e-01,5.389270323275955343e-01,-9.345260716457782779e-01,4.338375343466209788e-01,-9.045649933918912255e-01,4.095667378653116142e-01,-9.045649902559168565e-01,4.338375267231194821e-01,-9.345260742978500623e-01,5.389270403074825078e-01
5.411672609686111191e-01,-9.351995737263165687e-01,4.370946554900076442e-01,-9.056857802653326406e-01,4.131278995809734567e-01,-9.056857786542501509e-01,4.370946543303039222e-01,-9.351995781045868705e-01,5.411672719400967280e-01,5.411672589931832977e-01,-9.351995713823152423e-01,4.370946555508498088e-01,-9.056857829941866722e-01,4.131279014333307797e-01,-9.056857799669512099e-01,4.370946481187886201e-01,-9.351995739099288052e-01,5.411672666247744345e-01
5.433520069052828472e-01,-9.358529852606923827e-01,4.402687982099321440e-01,-9.067724965564533113e-01,4.165976421053715351e-01,-9.067724949453339622e-01,4.402687968746795133e-01,-9.358529893725009430e-01,5.433520173244112961e-01,5.433520049853930445e-01,-9.358529829766344399e-01,4.402687980653062771e-01,-9.067724991362252629e-01,4.165976440031451955e-01,-9.067724962162617697e-01,4.402687908245615511e-01,-9.358529853837418422e-01,5.433520122795842955e-01
5.454832333627303020e-01,-9.364871212111696153e-01,4.433629160991798823e-01,-9.078265238096814294e-01,4.199792194075804286e-01,-9.078265222063743867e-01,4.433629146144860145e-01,-9.364871250735118391e-01,5.454832432576413037e-01,5.454832314951707506e-01,-9.364871189855706879e-01,4.433629157661233555e-01,-9.078265262511236999e-01,4.199792213491806980e-01,-9.078265234367488556e-01,4.433629087160722015e-01,-9.364871212761709529e-01,5.454832384629249020e-01
5.475628142717208213e-01,-9.371027543442635999e-01,4.463798338817054345e-01,-9.088491793180792921e-01,4.232757460531246796e-01,-9.088491777292967422e-01,4.463798322708674160e-01,-9.371027579728452572e-01,5.475628236688777628e-01,5.475628124533090668e-01,-9.371027521755121992e-01,4.463798333759421699e-01,-9.088491816310469984e-01,4.232757480367856373e-01,-9.088491789204237170e-01,4.463798265155975442e-01,-9.371027543536577520e-01,5.475628191056401972e-01
5.495925408299355830e-01,-9.377006198313923013e-01,4.493222534916335720e-01,-9.098417168331852656e-01,4.264902022110256818e-01,-9.098417152646061101e-01,4.493222517753970857e-01,-9.377006232407811837e-01,5.495925497543281413e-01,5.495925390575259195e-01,-9.377006177177973356e-01,4.493222528277065475e-01,-9.098417190267358290e-01,4.264902042349043576e-01,-9.098417164178325134e-01,4.493222461556234393e-01,-9.377006197875565885e-01,5.495925454054404469e-01
5.515741257713526746e-01,-9.382814173164083504e-01,4.521927601136597197e-01,-9.108053299680523018e-01,4.296254401370652731e-01,-9.108053284244632675e-01,4.521927583105105342e-01,-9.382814205201432944e-01,5.515741342466176089e-01,5.515741240419334002e-01,-9.382814152562485299e-01,4.521927593050834027e-01,-9.108053320505374861e-01,4.296254421992580785e-01,-9.108053295411597805e-01,4.521927528193900869e-01,-9.382814172216608073e-01,5.515741300963502569e-01
5.542698598152790979e-01,-9.390669146760359798e-01,4.560943151356972036e-01,-9.121076063349755625e-01,4.338857376460385495e-01,-9.121076048329305186e-01,4.560943132381014564e-01,-9.390669176128506601e-01,5.542698676991563156e-01,5.542698581412546233e-01,-9.390669126877516648e-01,4.560943141454963379e-01,-9.121076082747714420e-01,4.338857397584663378e-01,-9.121076059007983128e-01,4.560943079169079706e-01,-9.390669145138103024e-01,5.542698638029535108e-01
5.613503310323676443e-01,-9.411043940151286868e-01,4.663220375737546775e-01,-9.154800713485711228e-01,4.450476376949510371e-01,-9.154800699894416471e-01,4.663220355437307507e-01,-9.411043963179491767e-01,5.613503374698006754e-01,5.613503294868884552e-01,-9.411043922099170400e-01,4.663220361864516827e-01,-9.154800729563428163e-01,4.450476399255758331e-01,-9.154800709347808985e-01,4.663220306468024434e-01,-9.411043936867408144e-01,5.613503341595181828e-01
5.688344200159435315e-01,-9.432168651668699777e-01,4.770994136273158936e-01,-9.189675434184217950e-01,4.567987808672784311e-01,-9.189675422472443067e-01,4.770994116065400692e-01,-9.432168668978890835e-01,5.688344250915239320e-01,5.688344185819037557e-01,-9.432168635445266069e-01,4.770994119388511923e-01,-9.189675447350657000e-01,4.567987831933153497e-01,-9.189675430734207673e-01,4.770994071345355247e-01,-9.432168646834483416e-01,5.688344222888462864e-01
5.767545017962421028e-01,-9.454053112243485657e-01,4.884643335379112439e-01,-9.225695027027205342e-01,4.691775435872618805e-01,-9.225695017505437523e-01,4.884643316494752252e-01,-9.454053124506337502e-01,5.767545056158731587e-01,5.767545004589281765e-01,-9.454053097828999386e-01,4.884643316525434931e-01,-9.225695037678922628e-01,4.691775459705835316e-01,-9.225695024629068097e-01,4.884643276130147815e-01,-9.454053106045473553e-01,5.767545032485434930e-01
5.851461846708511105e-01,-9.476700872363196249e-01,5.004573068573071604e-01,-9.262839891003383785e-01,4.822244631708493268e-01,-9.262839883815663367e-01,5.004573051992242672e-01,-9.476700880299187002e-01,5.851461873645736889e-01,5.851461834215074820e-01,-9.476700859729936255e-01,5.004573048856810757e-01,-9.262839899511994268e-01,4.822244655556069404e-01,-9.262839889866941734e-01,5.004573016172558786e-01,-9.476700865078967473e-01,5.851461853696464654e-01
5.940486894397358775e-01,-9.500107406350144501e-01,5.131215514403606459e-01,-9.301072434844787074e-01,4.959821711953477097e-01,-9.301072432125206957e-01,5.131215486082518762e-01,-9.500107408849410850e-01,5.940486918089037394e-01,5.940486871047171435e-01,-9.500107371732082751e-01,5.131215424346639020e-01,-9.301072448093359313e-01,4.959821833302983651e-01,-9.301072447476959049e-01,5.131215368645521968e-01,-9.500107376339651521e-01,5.940486886665929944e-01
6.035052881983642425e-01,-9.524257901498822676e-01,5.265030414127198632e-01,-9.340332987450747915e-01,5.104953008405532788e-01,-9.340332988219584021e-01,5.265030393844589707e-01,-9.524257899689249074e-01,6.035052890431067407e-01,6.035052860253180551e-01,-9.524257873137580432e-01,5.265030334970735026e-01,-9.340332997516037628e-01,5.104953114633913325e-01,-9.340333000097137406e-01,5.265030295070340927e-01,-9.524257873762921323e-01,6.035052864445780152e-01
6.135637879407651596e-01,-9.549124773397739130e-01,5.406505571699795620e-01,-9.380534918650920151e-01,5.258102622012622573e-01,-9.380534922270169496e-01,5.406505559344267908e-01,-9.549124768595369517e-01,6.135637876346444752e-01,6.135637859438389796e-01,-9.549124750661928118e-01,5.406505504616475610e-01,-9.380534926144217245e-01,5.258102712387263677e-01,-9.380534931229864704e-01,5.406505478900422990e-01,-9.549124748340191982e-01,6.135637854961248916e-01
6.242770999682200062e-01,-9.574664628896298879e-01,5.556156627140206306e-01,-9.421559378056947320e-01,5.419750063456000300e-01,-9.421559383508347763e-01,5.556156621609842361e-01,-9.574664622465491881e-01,6.242770989265777892e-01,6.242770982021330628e-01,-9.574664611213714593e-01,5.556156572879559219e-01,-9.421559383454984893e-01,5.419750137255541222e-01,-9.421559390023139802e-01,5.556156558736499163e-01,-9.574664607106215808e-01,6.242770972062789969e-01
6.357038767112999089e-01,-9.600814849460219680e-01,5.714526555449607192e-01,-9.463249470542057784e-01,5.590386718288014034e-01,-9.463249476601325316e-01,5.714526554814076675e-01,-9.600814842701186347e-01,6.357038753523580610e-01,6.357038752552703897e-01,-9.600814836280435749e-01,5.714526514037332472e-01,-9.463249474211598011e-01,5.590386775281747100e-01,-9.463249481071949187e-01,5.714526508085350232e-01,-9.600814831553787787e-01,6.357038740387144227e-01
6.479092316215789848e-01,-9.627489730509360966e-01,5.882184575212707767e-01,-9.505404159839658806e-01,5.770511391336846652e-01,-9.505404186738605210e-01,5.882184604188162025e-01,-9.627489709721316347e-01,6.479092254723752831e-01,6.479092277671215649e-01,-9.627489698230431436e-01,5.882184459863134540e-01,-9.505404155608887518e-01,5.770511555326705011e-01,-9.505404188700474766e-01,5.882184478895471358e-01,-9.627489685829954125e-01,6.479092228640002116e-01
6.609655333081208006e-01,-9.654576208793790304e-01,6.059724549690562734e-01,-9.547772518001400588e-01,5.960625727905043414e-01,-9.547772537553881333e-01,6.059724574868505798e-01,-9.654576194112564069e-01,6.609655287655427092e-01,6.609655305975177253e-01,-9.654576187847448976e-01,6.059724473603100847e-01,-9.547772513542397421e-01,5.960625832220899367e-01,-9.547772536885517081e-01,6.059724492698927989e-01,-9.654576178623059945e-01,6.609655270679767325e-01
6.749532542082421482e-01,-9.681929346106655787e-01,6.247762291966266757e-01,-9.590048178795526068e-01,6.161227412044439911e-01,-9.590048191003318623e-01,6.247762309743686293e-01,-9.681929337241341749e-01,6.749532513501493858e-01,6.749532525768117130e-01,-9.681929333802224980e-01,6.247762246044146206e-01,-9.590048174674287162e-01,6.161227470607646417e-01,-9.590048189006161738e-01,6.247762260068774332e-01,-9.681929328180596261e-01,6.749532504353904505e-01
6.899618006327224995e-01,-9.709367591638634609e-01,6.446931758212304242e-01,-9.631865741230460909e-01,6.372804149448181299e-01,-9.631865751242473239e-01,6.446931786551099997e-01,-9.709367588717394693e-01,6.899617984909386381e-01,6.899617979252065103e-01,-9.709367579238123991e-01,6.446931719238214731e-01,-9.631865722879159319e-01,6.372804151915901771e-01,-9.631865736385367693e-01,6.446931750912596737e-01,-9.709367578552208222e-01,6.899617967386566519e-01
7.060901880147921750e-01,-9.736668215575859930e-01,6.657879191091921056e-01,-9.672799624569330401e-01,6.595826362075976057e-01,-9.672799613054905432e-01,6.657879187173298963e-01,-9.736668230486975606e-01,7.060901922833354716e-01,7.060901868322218000e-01,-9.736668216194613867e-01,6.657879215252749949e-01,-9.672799598622598971e-01,6.595826199334788864e-01,-9.672799587235916263e-01,6.657879230082436317e-01,-9.736668228246130319e-01,7.060901901517093737e-01
7.234472678043899485e-01,-9.763563016428176145e-01,6.881252437622922269e-01,-9.712366441496484981e-01,6.830737205024887126e-01,-9.712366434813703986e-01,6.881252434768770909e-01,-9.763563025353965141e-01,7.234472705751031629e-01,7.234472672686215189e-01,-9.763563017171311698e-01,6.881252457002875467e-01,-9.712366429029757331e-01,6.830737107309080569e-01,-9.712366422501199636e-01,6.881252465497464943e-01,-9.763563024068756535e-01,7.234472692157338791e-01
7.421509133517560919e-01,-9.789734568937654702e-01,7.117681579436928585e-01,-9.750032747605268391e-01,7.077939026589511462e-01,-9.750032743982955941e-01,7.117681576573874347e-01,-9.789734573626295289e-01,7.421509149073686196e-01,7.421509131730102959e-01,-9.789734569302519507e-01,7.117681591444866562e-01,-9.750032742273924136e-01,7.077938974460927790e-01,-9.750032738852348890e-01,7.117681595084235369e-01,-9.789734572826741532e-01,7.421509141959502509e-01
7.623251625631031203e-01,-9.814813637528252421e-01,7.367742784369988307e-01,-9.785228994792217749e-01,7.337768070205007431e-01,-9.785228983086632359e-01,7.367742751298241854e-01,-9.814813645647514351e-01,7.623251671922445238e-01,7.623251645745783289e-01,-9.814813642872179944e-01,7.367742806234025554e-01,-9.785228989489388463e-01,7.337767963836199225e-01,-9.785228976748492347e-01,7.367742784838750003e-01,-9.814813649763467485e-01,7.623251667336239379e-01
7.840933348811256476e-01,-9.838377516666904077e-01,7.631888012265521937e-01,-9.817369809653005985e-01,7.610443488043825422e-01,-9.817369805528859406e-01,7.631887998173234600e-01,-9.838377519389850390e-01,7.840933365914670716e-01,7.840933355452257558e-01,-9.838377518361941521e-01,7.631888019849816240e-01,-9.817369808002829323e-01,7.610443447018588881e-01,-9.817369803544937490e-01,7.631888012465146698e-01,-9.838377520643863949e-01,7.840933362214106417e-01
8.075636082463490961e-01,-9.859949077599881040e-01,7.910310782973447585e-01,-9.845879108659540968e-01,7.895962334802144600e-01,-9.845879101690273583e-01,7.910310749374630523e-01,-9.859949080328987980e-01,8.075636111374010495e-01,8.075636106221347754e-01,-9.859949081792453995e-01,7.910310781264996427e-01,-9.845879106011546922e-01,7.895962290579630061e-01,-9.845879097863146079e-01,7.910310752741741558e-01,-9.859949085495869348e-01,8.075636113278966688e-01
8.328008952373564533e-01,-9.878994541722080358e-01,8.202692686899397678e-01,-9.870214061250002224e-01,8.193883370060786042e-01,-9.870214052517507497e-01,8.202692641727491463e-01,-9.878994544785414389e-01,8.328008976537532027e-01,8.328008996152997945e-01,-9.878994547287435202e-01,8.202692666900207596e-01,-9.870214055348331961e-01,8.193883366809605606e-01,-9.870214045859287966e-01,8.202692610851650690e-01,-9.878994551178943428e-01,8.328009004160304984e-01
8.597739550952658849e-01,-9.894910601096570391e-01,8.507731651655077165e-01,-9.889871927098070614e-01,8.502896320901311977e-01,-9.889871925811387632e-01,8.507731643627910456e-01,-9.894910601280572093e-01,8.597739555422888591e-01,8.597739557516588249e-01,-9.894910601909182590e-01,8.507731647361548299e-01,-9.889871926225453080e-01,8.502896320624337978e-01,-9.889871924928034241e-01,8.507731638965562171e-01,-9.894910602455251336e-01,8.597739557499770591e-01
