-1.000000000000033307e+00,-1.000000000000033307e+00,-1.000000000000033307e+00,-1.000000000000033307e+00,-1.000000000000033307e+00,-1.000000000000033307e+00,-1.000000000000033307e+00,-1.000000000000033307e+00,-1.000000000000033307e+00,-1.000000000000033307e+00,-1.000000000000033307e+00,-1.000000000000033307e+00,-1.000000000000033307e+00,-1.000000000000033307e+00,-1.000000000000033307e+00,-1.000000000000033307e+00,-1.000000000000033307e+00,-1.000000000000033307e+00,-1.000000000000033307e+00,-1.000000000000033307e+00
-9.976112590951017323e-01,-9.976158452385709419e-01,-9.976159873392916877e-01,-9.976159996372857552e-01,-9.976160012850614489e-01,-9.976159996374811545e-01,-9.976159873392187460e-01,-9.976158452385269770e-01,-9.976112590950578785e-01,-9.976112591185406497e-01,-9.976158452974405177e-01,-9.976159874678610651e-01,-9.976159999379353716e-01,-9.976160021045921145e-01,-9.976160024998880216e-01,-9.976160021047213444e-01,-9.976159999378031440e-01,-9.976159874679501049e-01,-9.976158452972807567e-01,-9.976112591187787926e-01
-9.952496305478581995e-01,-9.952677209765032895e-01,-9.952682490964588347e-01,-9.952682953623959161e-01,-9.952683016479176858e-01,-9.952682953627003393e-01,-9.952682490962539985e-01,-9.952677209766350730e-01,-9.952496305480457162e-01,-9.952496306393284753e-01,-9.952677212048107735e-01,-9.952682495951574726e-01,-9.952682965257838577e-01,-9.952683048087394013e-01,-9.952683063286259513e-01,-9.952683048091984785e-01,-9.952682965252938052e-01,-9.952682495955134101e-01,-9.952677212045399902e-01,-9.952496306398852521e-01
-9.929145208500509412e-01,-9.929546655205826466e-01,-9.929557667431111456e-01,-9.929558647684429973e-01,-9.929558782736037648e-01,-9.929558647688294659e-01,-9.929557667428999812e-01,-9.929546655215027995e-01,-9.929145208509605469e-01,-9.929145210499527030e-01,-9.929546660193127039e-01,-9.929557678311838886e-01,-9.929558673027577553e-01,-9.929558851352257021e-01,-9.929558884259219731e-01,-9.929558851365578587e-01,-9.929558673007878866e-01,-9.929557678327481929e-01,-9.929546660192622998e-01,-9.929145210514062070e-01
-9.906053560854841677e-01,-9.906757533945916849e-01,-9.906775624675447922e-01,-9.906777267867490355e-01,-9.906777497433112423e-01,-9.906777267870662262e-01,-9.906775624680610459e-01,-9.906757533972421204e-01,-9.906053560876257880e-01,-9.906053564301156023e-01,-9.906757542557336205e-01,-9.906775643441741996e-01,-9.906777311514769480e-01,-9.906777615202564391e-01,-9.906777671547105646e-01,-9.906777615233415268e-01,-9.906777311456804735e-01,-9.906775643487384375e-01,-9.906757542568868091e-01,-9.906053564334273975e-01
-9.883215810611613028e-01,-9.884300935796839216e-01,-9.884326970828778425e-01,-9.884329395260111895e-01,-9.884329738644539454e-01,-9.884329395257568374e-01,-9.884326970856729400e-01,-9.884300935852035064e-01,-9.883215810649090827e-01,-9.883215815833443774e-01,-9.884300948866073799e-01,-9.884326999290126148e-01,-9.884329461361991420e-01,-9.884329916420014905e-01,-9.884330001278686106e-01,-9.884329916475039779e-01,-9.884329461232393976e-01,-9.884326999390760093e-01,-9.884300948910049733e-01,-9.883215815894765832e-01
-9.860626584874522260e-01,-9.862168278604106497e-01,-9.862202680667316868e-01,-9.862205982500935608e-01,-9.862206456406478194e-01,-9.862205982486165201e-01,-9.862202680735562277e-01,-9.862168278692480250e-01,-9.860626584925207272e-01,-9.860626592178840522e-01,-9.862168296881365093e-01,-9.862202720462277528e-01,-9.862206074788435473e-01,-9.862206703887183012e-01,-9.862206821748792374e-01,-9.862206703962993481e-01,-9.862206074561912228e-01,-9.862202720635253606e-01,-9.862168296979657578e-01,-9.860626592270907986e-01
-9.838280682020984491e-01,-9.840351292680959983e-01,-9.840394077220289137e-01,-9.840398334828582838e-01,-9.840398953690326911e-01,-9.840398334801476743e-01,-9.840394077323381117e-01,-9.840351292781331916e-01,-9.838280682068855088e-01,-9.838280691727150362e-01,-9.840351316834528017e-01,-9.840394129817396918e-01,-9.840398456608672184e-01,-9.840399279543630140e-01,-9.840399434354434316e-01,-9.840399279617120243e-01,-9.840398456323606879e-01,-9.840394130031504538e-01,-9.840351316977604679e-01,-9.838280691829000002e-01
-9.816173064391908731e-01,-9.818842006109066434e-01,-9.818892814480840725e-01,-9.818898092270489375e-01,-9.818898868577191630e-01,-9.818898092238262931e-01,-9.818892814592443674e-01,-9.818842006195178662e-01,-9.816173064424577044e-01,-9.816173076809437958e-01,-9.818842036750048408e-01,-9.818892881199524636e-01,-9.818898246500478155e-01,-9.818899280524174822e-01,-9.818899475761209139e-01,-9.818899280576672828e-01,-9.818898246224210258e-01,-9.818892881403635808e-01,-9.818842036902164505e-01,-9.816173076896661520e-01
-9.794298851363454350e-01,-9.797632730899592524e-01,-9.797690861152603681e-01,-9.797697212963933922e-01,-9.797698157530345675e-01,-9.797697212931966160e-01,-9.797690861255221595e-01,-9.797632730963372616e-01,-9.794298851380728310e-01,-9.794298866755353217e-01,-9.797632768593692587e-01,-9.797690943191588175e-01,-9.797697402333036543e-01,-9.797698662432036132e-01,-9.797698901174834996e-01,-9.797698662462561714e-01,-9.797697402095013608e-01,-9.797690943364647520e-01,-9.797632768731997510e-01,-9.794298866820779770e-01
-9.772653312766362843e-01,-9.776716049977147716e-01,-9.776780485396885378e-01,-9.776787957515018501e-01,-9.776789079679643057e-01,-9.776787957484809333e-01,-9.776780485485881966e-01,-9.776716050021088122e-01,-9.772653312772219270e-01,-9.772653331357756823e-01,-9.776716095239849080e-01,-9.776780583844109085e-01,-9.776788184458007347e-01,-9.776789683629166783e-01,-9.776789968596936165e-01,-9.776789683643338780e-01,-9.776788184257494407e-01,-9.776780583987594309e-01,-9.776716095358483072e-01,-9.772653331403540200e-01
-9.751231862659728300e-01,-9.756084804874962657e-01,-9.756154240473768890e-01,-9.756162874270126739e-01,-9.756164182056166201e-01,-9.756162874241240957e-01,-9.756154240549939072e-01,-9.756084804903076835e-01,-9.751231862657309124e-01,-9.751231884652582504e-01,-9.756084858171203411e-01,-9.756154356311719233e-01,-9.756163140973167502e-01,-9.756164890457096339e-01,-9.756165224038628736e-01,-9.756164890460261585e-01,-9.756163140800774292e-01,-9.756154356432714669e-01,-9.756084858271125704e-01,-9.751231884681617057e-01
-9.730030053433554871e-01,-9.735732084106474282e-01,-9.735804951215203396e-01,-9.735814785459193654e-01,-9.735816285711142992e-01,-9.735814785431061713e-01,-9.735804951279883879e-01,-9.735732084121551111e-01,-9.730030053424864045e-01,-9.730030079013605171e-01,-9.735732145854659736e-01,-9.735805085326451058e-01,-9.735815093875124226e-01,-9.735817103343759049e-01,-9.735817487627672628e-01,-9.735817103339154954e-01,-9.735815093723134694e-01,-9.735805085431079586e-01,-9.735732145936977222e-01,-9.730030079027658374e-01
-9.709043570214278551e-01,-9.715651212178506579e-01,-9.715725701276406445e-01,-9.715736774156914501e-01,-9.715738472652908353e-01,-9.715736774129078990e-01,-9.715725701329973596e-01,-9.715651212181941609e-01,-9.709043570200394102e-01,-9.709043599553198733e-01,-9.715651282754799167e-01,-9.715725854452661459e-01,-9.715737126025132397e-01,-9.715739403732787105e-01,-9.715739840537981342e-01,-9.715739403722819523e-01,-9.715737125888862513e-01,-9.715725854544253748e-01,-9.715651282819013357e-01,-9.709043599552087400e-01
-9.688268225552337798e-01,-9.695835739202144365e-01,-9.695909821116588390e-01,-9.695922172002425787e-01,-9.695924073544990307e-01,-9.695922171974441506e-01,-9.695909821159387487e-01,-9.695835739194776925e-01,-9.688268225533850364e-01,-9.688268258807390954e-01,-9.695835818944206208e-01,-9.695909994066383986e-01,-9.695922568869109748e-01,-9.695925121776074462e-01,-9.695925612679473504e-01,-9.695925121762525301e-01,-9.695922568744643755e-01,-9.695909994147502431e-01,-9.695835818989489985e-01,-9.688268258790267984e-01
-9.667699954375681415e-01,-9.676279431064377379e-01,-9.676350876658939004e-01,-9.676364547625733170e-01,-9.676366656112717068e-01,-9.676364547596917332e-01,-9.676350876692766390e-01,-9.676279431046875823e-01,-9.667699954352551028e-01,-9.667699991689163719e-01,-9.676279520274161383e-01,-9.676351070014764799e-01,-9.676364990862119653e-01,-9.676367824735713219e-01,-9.676368371097231469e-01,-9.676367824719535049e-01,-9.676364990743622219e-01,-9.676351070089260764e-01,-9.676279520301409587e-01,-9.667699991655427372e-01
-9.647334809195536875e-01,-9.656976260127214662e-01,-9.657042658588689266e-01,-9.657057695735533631e-01,-9.657060014213412202e-01,-9.657057695705065781e-01,-9.657042658616280528e-01,-9.656976260099737752e-01,-9.647334809166928649e-01,-9.647334850696279718e-01,-9.656976359073807803e-01,-9.657042872913211840e-01,-9.657058186552486267e-01,-9.657061306049407046e-01,-9.657061909033811675e-01,-9.657061306030876313e-01,-9.657058186433059577e-01,-9.657042872985444060e-01,-9.656976359084943340e-01,-9.647334850645152837e-01
-9.627168955545352125e-01,-9.637920396413897084e-01,-9.637979172240296322e-01,-9.637995626817736916e-01,-9.637998157520895059e-01,-9.637995626785089698e-01,-9.637979172264006245e-01,-9.637920396375974086e-01,-9.627168955510007065e-01,-9.627169001350968092e-01,-9.637920505336542432e-01,-9.637979408031719375e-01,-9.637996166278415267e-01,-9.637999575010670616e-01,-9.638000235607182553e-01,-9.637999574989818408e-01,-9.637996166152468236e-01,-9.637979408105021850e-01,-9.637920505332641108e-01,-9.627169001280977412e-01
-9.607198667642544709e-01,-9.619106199254157108e-01,-9.619154628036906685e-01,-9.619172557406887591e-01,-9.619175301785822807e-01,-9.619172557371835630e-01,-9.619154628058879108e-01,-9.619106199204928709e-01,-9.607198667598928488e-01,-9.607198717860033765e-01,-9.619106318364666341e-01,-9.619154885734397809e-01,-9.619173146439684574e-01,-9.619176847025956434e-01,-9.619177566066752227e-01,-9.619176847002770536e-01,-9.619173146302676392e-01,-9.619154885811352917e-01,-9.619106318346165585e-01,-9.607198717769231955e-01
-9.587420324261550775e-01,-9.600528209364243004e-01,-9.600563432450959223e-01,-9.600582900896478256e-01,-9.600585859636445729e-01,-9.600582900858855018e-01,-9.600563432474370495e-01,-9.600528209302600091e-01,-9.587420324207508449e-01,-9.587420378986841740e-01,-9.600528338848745014e-01,-9.600563712439824648e-01,-9.600583540307477959e-01,-9.600587534412705626e-01,-9.600588312590134787e-01,-9.600587534386807453e-01,-9.600583540153903028e-01,-9.600563712523613180e-01,-9.600528338817123641e-01,-9.587420378873358073e-01
-9.567830404801528354e-01,-9.582181141331717056e-01,-9.582200179449439359e-01,-9.582221258849366041e-01,-9.582224431880697058e-01,-9.582221258808846232e-01,-9.582200179479193336e-01,-9.582181141256161938e-01,-9.567830404733820293e-01,-9.567830464119484457e-01,-9.582181281352319946e-01,-9.582200482065934555e-01,-9.582221949333197264e-01,-9.582226237698622251e-01,-9.582227075580953546e-01,-9.582226237669015934e-01,-9.582221949155447227e-01,-9.582200482160834198e-01,-9.582181281311045185e-01,-9.567830463981694677e-01
-9.408670236917001661e-01,-9.437164498077400543e-01,-9.436901284116202548e-01,-9.436943637279356922e-01,-9.436949231716093012e-01,-9.436943637150316810e-01,-9.436901284714740434e-01,-9.437164497434789023e-01,-9.408670236171978729e-01,-9.408670354482389087e-01,-9.437164769499679640e-01,-9.436901867326012994e-01,-9.436944956330581835e-01,-9.436952629585564356e-01,-9.436954183687107367e-01,-9.436952629270642934e-01,-9.436944955002163349e-01,-9.436901867978734204e-01,-9.437164769507204731e-01,-9.408670353627166527e-01
-9.217419713227290590e-01,-9.269582867795338466e-01,-9.268398770636118167e-01,-9.268493004306030958e-01,-9.268501031513753929e-01,-9.268493004617257558e-01,-9.268398770809320730e-01,-9.269582867013067551e-01,-9.217419712459925529e-01,-9.217419924661442998e-01,-9.269583339720328663e-01,-9.268399777962591513e-01,-9.268495258360250899e-01,-9.268506770690583263e-01,-9.268509369532407227e-01,-9.268506770943438777e-01,-9.268495257639980389e-01,-9.268399778190761218e-01,-9.269583337806055479e-01,-9.217419922296828938e-01
-8.993473679666570408e-01,-9.082609037671853791e-01,-9.079131174198470378e-01,-9.079368854861714633e-01,-9.079375037141887983e-01,-9.079368855572227393e-01,-9.079131174276696692e-01,-9.082609037346520697e-01,-8.993473679111744223e-01,-8.993474024156797864e-01,-9.082609778586816507e-01,-9.079132755152745649e-01,-9.079372341725153728e-01,-9.079384020430808500e-01,-9.079388170722073603e-01,-9.079384021150722628e-01,-9.079372341603755281e-01,-9.079132755328093163e-01,-9.082609776361161291e-01,-8.993474021481995262e-01
-8.737503507835608918e-01,-8.880976792122670105e-01,-8.872657171279210164e-01,-8.873279429199939505e-01,-8.873263739028951491e-01,-8.873279433727256915e-01,-8.872657170877754629e-01,-8.880976792745204351e-01,-8.737503506187759283e-01,-8.737504028551986712e-01,-8.880977867070816156e-01,-8.872659452383626633e-01,-8.873284302891434328e-01,-8.873277711448697147e-01,-8.873285011813873968e-01,-8.873277715707447166e-01,-8.873284304146920043e-01,-8.872659452886081377e-01,-8.880977857169050083e-01,-8.737504016733708134e-01
-8.451447342640694416e-01,-8.670549074423601343e-01,-8.653181637870838161e-01,-8.654735087115845715e-01,-8.654631711848994602e-01,-8.654735089380768409e-01,-8.653181634402836719e-01,-8.670549076907420050e-01,-8.451447343600979600e-01,-8.451448067315854296e-01,-8.670550488826823665e-01,-8.653184735004888495e-01,-8.654740974141760246e-01,-8.654656129858657732e-01,-8.654672979662072496e-01,-8.654656132794604773e-01,-8.654740975590879959e-01,-8.653184736177417236e-01,-8.670550484978239991e-01,-8.451448062942109596e-01
-8.138345072818502501e-01,-8.457704900404100501e-01,-8.424996790928280799e-01,-8.428562164320995143e-01,-8.428194889723955585e-01,-8.428562164439593607e-01,-8.424996786164233864e-01,-8.457704902697001925e-01,-8.138345074492407960e-01,-8.138346026106040298e-01,-8.457706615519681170e-01,-8.425000952927318432e-01,-8.428566880435716113e-01,-8.428247124781248489e-01,-8.428295804976175809e-01,-8.428247125459995548e-01,-8.428566880106402870e-01,-8.425000954180756896e-01,-8.457706616355260554e-01,-8.138346027871287136e-01
-7.802059053883998452e-01,-8.248687149749950320e-01,-8.191984058571070149e-01,-8.199460119731882823e-01,-8.198426305944080950e-01,-8.199460121009901625e-01,-8.191984043865340182e-01,-8.248687156951505228e-01,-7.802059058423483906e-01,-7.802060263776910976e-01,-8.248688972039899259e-01,-8.191990290895959648e-01,-8.199456118781341951e-01,-8.198553472244780593e-01,-8.198698568444203749e-01,-8.198553474518821549e-01,-8.199456116638803582e-01,-8.191990294715243426e-01,-8.248688972435425093e-01,-7.802060271099514610e-01
-7.446942404437455476e-01,-8.049047309100059167e-01,-7.957280934026668140e-01,-7.971684791017522587e-01,-7.969177719970945706e-01,-7.971684792213804549e-01,-7.957280924434438907e-01,-8.049047314008557219e-01,-7.446942405540701859e-01,-7.446943995955944695e-01,-8.049048530356643916e-01,-7.957292851548217749e-01,-7.971651106147669141e-01,-7.969488171904053342e-01,-7.969888757486098818e-01,-7.969488171612114646e-01,-7.971651101381962423e-01,-7.957292853662303322e-01,-8.049048530831947046e-01,-7.446944007612247285e-01
-7.077515006831760491e-01,-7.863273278434421698e-01,-7.723145495387733206e-01,-7.748881017102742241e-01,-7.743454592465766062e-01,-7.748881020943845233e-01,-7.723145477469905984e-01,-7.863273289408982958e-01,-7.077515005519519065e-01,-7.077517508747213082e-01,-7.863271725771108223e-01,-7.723173590508958242e-01,-7.748768215204876464e-01,-7.744164185127582201e-01,-7.745161380714001842e-01,-7.744164185041548798e-01,-7.748768202719107379e-01,-7.723173596001058350e-01,-7.863271720867400782e-01,-7.077517540339679503e-01
-6.698189948752708567e-01,-7.694622812413016710e-01,-7.490988192488200470e-01,-7.534040820086133072e-01,-7.523337153382824161e-01,-7.534040824373279266e-01,-7.490988190675176295e-01,-7.694622817855170105e-01,-6.698189940468877168e-01,-6.698195230814147916e-01,-7.694612620977969719e-01,-7.491058179410368112e-01,-7.533747479216348353e-01,-7.524826546336991218e-01,-7.527070979239884885e-01,-7.524826544763292269e-01,-7.533747469155440690e-01,-7.491058183429968320e-01,-7.694612611044808759e-01,-6.698195254951684330e-01
-6.313070987439041160e-01,-7.545134248439835378e-01,-7.261509093989522157e-01,-7.329542492409857335e-01,-7.310015492622453648e-01,-7.329542500806734973e-01,-7.261509103445114022e-01,-7.545134256440053644e-01,-6.313070965645020127e-01,-6.313084305022844678e-01,-7.545101670836307228e-01,-7.261675580130476648e-01,-7.328883992408304904e-01,-7.312890147382273831e-01,-7.317505200501983609e-01,-7.312890143228286677e-01,-7.328883972608428721e-01,-7.261675589927040209e-01,-7.545101643642863065e-01,-6.313084350648369147e-01
-5.925822797322757296e-01,-7.415760698699567222e-01,-7.034877245070696450e-01,-7.137227798674873336e-01,-7.103899289397470618e-01,-7.137227812799400439e-01,-7.034877284576243062e-01,-7.415760707184799738e-01,-5.925822753727568726e-01,-5.925856859438949353e-01,-7.415677365861343961e-01,-7.035243287794066269e-01,-7.135900734449908134e-01,-7.109041741067664288e-01,-7.117809900520010169e-01,-7.109041730920311331e-01,-7.135900699861561503e-01,-7.035243310028185260e-01,-7.415677307955476083e-01,-5.925856930469464157e-01
-5.539604282838620497e-01,-7.306570340471572056e-01,-6.810906062520447612e-01,-6.958486949666382593e-01,-6.904766888208481168e-01,-6.958486951510582941e-01,-6.810906098866700287e-01,-7.306570335361157742e-01,-5.539604267001099203e-01,-5.539685904933893124e-01,-7.306383915606240453e-01,-6.811647599483046100e-01,-6.956034625499587509e-01,-6.913371695420872376e-01,-6.928924959933233652e-01,-6.913371690549320325e-01,-6.956034610837238397e-01,-6.811647618889120626e-01,-7.306383885275780088e-01,-5.539685914354606222e-01
-5.157050451089213450e-01,-7.216965911820849566e-01,-6.589199323096808225e-01,-6.794335109943021589e-01,-6.711926109377590599e-01,-6.794335105404658570e-01,-6.589199390149085289e-01,-7.216965895179918711e-01,-5.157050440271206959e-01,-5.157229930607015733e-01,-7.216588808203292515e-01,-6.590592273548244728e-01,-6.790120101485472848e-01,-6.725511424365665514e-01,-6.751504950038567099e-01,-6.725511418292501320e-01,-6.790120074717826970e-01,-6.590592313109469025e-01,-7.216588763260760597e-01,-5.157229930917502925e-01
-4.780288420076267975e-01,-7.145891219426956376e-01,-6.369260147581758957e-01,-6.645474946483312939e-01,-6.524367530286003802e-01,-6.645474928225632016e-01,-6.369260179513034359e-01,-7.145891197756278901e-01,-4.780288440791461979e-01,-4.780651343922192043e-01,-7.145188679750738014e-01,-6.371706675565931288e-01,-6.638663501141509604e-01,-6.544761683084701076e-01,-6.586012886409520206e-01,-6.544761690965976708e-01,-6.638663485217298765e-01,-6.371706702406043643e-01,-7.145188667282209583e-01,-4.780651329530365978e-01
-4.410975127987720734e-01,-7.092007483708070437e-01,-6.150564874142919747e-01,-6.512345274663198236e-01,-6.340899284705947547e-01,-6.512345238594776653e-01,-6.150564921186045808e-01,-7.092007441144061453e-01,-4.410975182351355994e-01,-4.411655261109831416e-01,-7.090786738114371879e-01,-6.154615444302190541e-01,-6.501906575074223316e-01,-6.370204652343224305e-01,-6.432784651871968906e-01,-6.370204673575945442e-01,-6.501906548224247739e-01,-6.154615481810106203e-01,-7.090786729478774086e-01,-4.411655231716168912e-01
-4.050347719386910850e-01,-7.053832360189491446e-01,-5.932609824974458546e-01,-6.395158790776155344e-01,-6.160257917600250321e-01,-6.395158731479198000e-01,-5.932609883514073923e-01,-7.053832287871679707e-01,-4.050347829206243366e-01,-4.051539011065994345e-01,-7.051834723860423981e-01,-5.938977509121659004e-01,-6.379879635085508038e-01,-6.200796694946190124e-01,-6.292068311297096539e-01,-6.200796741563741055e-01,-6.379879599814609614e-01,-5.938977545575800931e-01,-7.051834730107722216e-01,-4.051538957584234213e-01
-3.699279689885447975e-01,-7.029842485055851631e-01,-5.714938400453105638e-01,-6.293931992650066976e-01,-5.981194387388635292e-01,-6.293931976616410351e-01,-5.714938387881469684e-01,-7.029842455188526351e-01,-3.699279748839691129e-01,-3.701245413711203858e-01,-7.026739898806048101e-01,-5.724503186844249747e-01,-6.272445530153782922e-01,-6.035442166486879589e-01,-6.164044263975799742e-01,-6.035442196632263556e-01,-6.272445540527245011e-01,-5.724503152501729808e-01,-7.026739927999046120e-01,-3.701245402504741988e-01
-3.358337815926300540e-01,-7.018544147092046215e-01,-5.497155349604190278e-01,-6.208510489429805990e-01,-5.802536651902094889e-01,-6.208510487114133891e-01,-5.497155316102458888e-01,-7.018544113724305422e-01,-3.358337884059592882e-01,-3.361415879071242285e-01,-7.013940551295563264e-01,-5.510957677086172346e-01,-6.179335701563336558e-01,-5.873049920743114161e-01,-6.048832527988567964e-01,-5.873049953619153829e-01,-6.179335739646466541e-01,-5.510957590689663510e-01,-7.013940607258591919e-01,-3.361415864221592442e-01
-3.027838012111129240e-01,-7.018517178201340023e-01,-5.278934478551770004e-01,-6.138590149947027452e-01,-5.623233202920923102e-01,-6.138590172961402303e-01,-5.278934438409604857e-01,-7.018517180826557844e-01,-3.027838013603136869e-01,-3.032439712027150125e-01,-7.011955948992312226e-01,-5.298157001838922353e-01,-6.100179596452062203e-01,-5.712574677821617986e-01,-5.946493154091796463e-01,-5.712574662113771851e-01,-6.100179653639535848e-01,-5.298156912264633256e-01,-7.011955995113303697e-01,-3.032439707698941778e-01
-2.707896291989209114e-01,-7.028439754654812743e-01,-5.060021413926154565e-01,-6.083737028250157941e-01,-5.442379754983727169e-01,-6.083737071643120498e-01,-5.060021345844126772e-01,-7.028439774620633962e-01,-2.707896267789884348e-01,-2.714499768727392515e-01,-7.019415631777687903e-01,-5.085961271155783336e-01,-6.034528157624474698e-01,-5.553046321648307249e-01,-5.857022878875207672e-01,-5.553046273210060502e-01,-6.034528263966039141e-01,-5.085961119409502240e-01,-7.019415708146419242e-01,-2.714499751419998108e-01
-2.398475262892064974e-01,-7.047098367388664464e-01,-4.840234989105023922e-01,-6.043404892355428437e-01,-5.259234234898610971e-01,-6.043404962720010376e-01,-4.840234876934857988e-01,-7.047098420181358014e-01,-2.398475192944214684e-01,-2.407612773779869153e-01,-7.035073972029048939e-01,-4.874267152025060779e-01,-5.981872724419889931e-01,-5.393589177324327189e-01,-5.780351600583935046e-01,-5.393589072183131439e-01,-5.981872909166287000e-01,-4.874266907400836013e-01,-7.035074092587884076e-01,-2.407612731474877699e-01
-2.099424307320638949e-01,-7.073388624996397311e-01,-4.619467131273536920e-01,-6.016951916127716293e-01,-5.073222155341432504e-01,-6.016951952860424280e-01,-4.619467054862442801e-01,-7.073388695908142676e-01,-2.099424213971961273e-01,-2.111664947545423832e-01,-7.057813732834924414e-01,-4.663001832868859386e-01,-5.941659789892079768e-01,-5.233433785028764884e-01,-5.716339508050531926e-01,-5.233433675380743111e-01,-5.941659927939278996e-01,-4.663001687734922851e-01,-7.057813802325056951e-01,-2.111664892556148754e-01
-1.810513847095788220e-01,-7.106310041464998228e-01,-4.397682054834343157e-01,-6.003656140097786142e-01,-4.883935201608500254e-01,-6.003656186759498414e-01,-4.397681941881382839e-01,-7.106310154538381108e-01,-1.810513699411726019e-01,-1.826442746081953505e-01,-7.086642255725990047e-01,-4.452119147644433284e-01,-5.913302049475150923e-01,-5.071923379687056643e-01,-5.664775772541661425e-01,-5.071923211405610088e-01,-5.913302254987892193e-01,-4.452118939667936148e-01,-7.086642353652989890e-01,-1.826442654171991087e-01
-1.531463571518890676e-01,-7.144957652068277820e-01,-4.174914783216215342e-01,-6.002729751087870769e-01,-4.691125482477445652e-01,-6.002729764789085376e-01,-4.174914725945508276e-01,-7.144957731213283925e-01,-1.531463468398870931e-01,-1.551659264660873450e-01,-7.120683536605879604e-01,-4.241596333170172817e-01,-5.896187749608163831e-01,-4.908515388101217791e-01,-5.625379349046524258e-01,-4.908515291250612478e-01,-5.896187852842597055e-01,-4.241596245728357362e-01,-7.120683586301893575e-01,-1.551659181040221935e-01
-1.261965105613353511e-01,-7.188512302892839934e-01,-3.951268635088580061e-01,-6.013332781959778162e-01,-4.494695742731878996e-01,-6.013332797080337411e-01,-3.951268558904105777e-01,-7.188512408853956481e-01,-1.261964966569727453e-01,-1.286976503392140148e-01,-7.159167192434886529e-01,-4.031433781800949356e-01,-5.889686633310186048e-01,-4.742781120263165895e-01,-5.597801113590984423e-01,-4.742780992762660741e-01,-5.889686766105319826e-01,-4.031433670484134701e-01,-7.159167259082177548e-01,-1.286976382380493056e-01
-1.001699238958075333e-01,-7.236231139368594079e-01,-3.726911559350754577e-01,-6.034585856422469696e-01,-4.294687651439308418e-01,-6.034585873137775502e-01,-3.726911461204147624e-01,-7.236231274579554285e-01,-1.001699059782943102e-01,-1.032023896760049519e-01,-7.201416864305592025e-01,-3.821654481189111219e-01,-5.893155703750941887e-01,-4.574402137529019474e-01,-5.581627657667542763e-01,-4.574401975739893489e-01,-5.893155866592434400e-01,-3.821654345697634847e-01,-7.201416951390732235e-01,-1.032023728271869029e-01
-7.503487514282812521e-02,-7.287438697978905200e-01,-3.502071280599695635e-01,-6.065582453382097894e-01,-4.091267980078410194e-01,-6.065582460824550104e-01,-3.502071237749583288e-01,-7.287438764276702452e-01,-7.503486614748483552e-02,-7.864134760733038076e-02,-7.246838233095848070e-01,-3.612304950086820954e-01,-5.905942964441108778e-01,-4.403165931068874217e-01,-5.576386102228569897e-01,-4.403165877716455623e-01,-5.905943013030801048e-01,-3.612304909250640961e-01,-7.246838285309527006e-01,-7.864133601222816905e-02
-5.076074069327984190e-02,-7.341519077883662536e-01,-3.277029277171122912e-01,-6.105400635366575735e-01,-3.884713506333069000e-01,-6.105400645623124678e-01,-3.277029224148512165e-01,-7.341519154628627364e-01,-5.076073014100519754e-02,-5.497522821146048899e-02,-7.294907594766979475e-01,-3.403456240038423841e-01,-5.927390453323015951e-01,-4.228960476923842027e-01,-5.581549916187439342e-01,-4.228960417462714894e-01,-5.927390502860034882e-01,-3.403456196438533476e-01,-7.294907661876550709e-01,-5.497521322386012682e-02
-2.731851704953934187e-02,-7.397909786501645213e-01,-3.052113297322117669e-01,-6.153114158699910519e-01,-3.675395245415657430e-01,-6.153114172898224155e-01,-3.052113232882579519e-01,-7.397909872007436549e-01,-2.731850511276981419e-02,-3.216516298855352091e-02,-7.345161731635800884e-01,-3.195204255259381787e-01,-5.956837612827072803e-01,-4.051767280576017427e-01,-5.596545258972904779e-01,-4.051767216062975852e-01,-5.956837659889695491e-01,-3.195204211109985426e-01,-7.345161814620391194e-01,-3.216514440968196165e-02
-4.681118390563281974e-03,-7.456096532729294957e-01,-2.827689104236121298e-01,-6.207803148475625754e-01,-3.463761900366573721e-01,-6.207803167350278706e-01,-2.827689027901403307e-01,-7.456096624211318025e-01,-4.681105361325058056e-03,-1.017344975692787562e-02,-7.397188680660058413e-01,-2.987670165334824768e-01,-5.993623699979790942e-01,-3.871654423318847682e-01,-5.620757943818931457e-01,-3.871654355069014120e-01,-5.993623740438627223e-01,-2.987670123682177326e-01,-7.397188778680119370e-01,-1.017342779565351407e-02
1.717656214158790051e-02,-7.515609375835027306e-01,-2.604151299136812092e-01,-6.268564080789140736e-01,-3.250323267035293284e-01,-6.268564096424196208e-01,-2.604151268078943038e-01,-7.515609411689305741e-01,1.717656719971612234e-02,1.103593907880623913e-02,-7.450619972577887662e-01,-2.780999890697926080e-01,-6.037090620287192122e-01,-3.688768633522104268e-01,-5.653540703493458164e-01,-3.688768638207752248e-01,-6.037090609443860334e-01,-2.780999884590626969e-01,-7.450620030245429515e-01,1.103595112618600479e-02
3.827771831017128673e-02,-7.576019664529582975e-01,-2.381913868814012347e-01,-6.334519054959164563e-01,-3.035633641544421280e-01,-6.334519072517466043e-01,-2.381913836745727098e-01,-7.576019699046588896e-01,3.827772330802477196e-02,3.149698703360052920e-02,-7.505123987801459728e-01,-2.575362923401993687e-01,-6.086585673151054809e-01,-3.503327083236162931e-01,-5.694220718447022822e-01,-3.503327093153346672e-01,-6.086585653129792384e-01,-2.575362922246134945e-01,-7.505124049550417897e-01,3.149699984014438237e-02
5.864385037054404420e-02,-7.636937986492665642e-01,-2.161400322971853138e-01,-6.404824102100676875e-01,-2.820276021266735489e-01,-6.404824119803980143e-01,-2.161400292810783386e-01,-7.636938017607353135e-01,5.864385508970602900e-02,5.124147495052636114e-02,-7.560400811477174798e-01,-2.370950260603397197e-01,-6.141464766931228336e-01,-3.315608377243794425e-01,-5.742107252711321497e-01,-3.315608392952372752e-01,-6.141464735804520458e-01,-2.370950266821025831e-01,-7.560400873585344517e-01,5.124148775859135863e-02
7.829500470076258822e-02,-7.698012364348580938e-01,-1.943034363930313257e-01,-6.478676512070484783e-01,-2.604846931922095710e-01,-6.478676527542508445e-01,-1.943034339166639368e-01,-7.698012389919353105e-01,7.829500891551120778e-02,7.029888137512303736e-02,-7.616177898446551131e-01,-2.167971696499826906e-01,-6.201095527887348080e-01,-3.125943523950421854e-01,-5.796499354625519462e-01,-3.125943546163936215e-01,-6.201095483646126283e-01,-2.167971712873511814e-01,-7.616177956861697185e-01,7.029889337631062274e-02
9.725006571516277287e-02,-7.758926892853583723e-01,-1.727230985672337515e-01,-6.555320959842747541e-01,-2.389942572732099424e-01,-6.555320970679214820e-01,-1.727230969546257322e-01,-7.758926911053189990e-01,9.725006922584529534e-02,8.869641247657797378e-02,-7.672206841070206007e-01,-1.966652392844576158e-01,-6.264860699410635947e-01,-2.934706492832946378e-01,-5.856693447417956611e-01,-2.934706522173453069e-01,-6.264860640649954071e-01,-1.966652421735763379e-01,-7.672206892160610137e-01,8.869642295328891701e-02
1.155270462903914830e-01,-7.819400489184284986e-01,-1.514388450253911500e-01,-6.634054374520960140e-01,-2.176146409956927485e-01,-6.634054378915043015e-01,-1.514388444924208432e-01,-7.819400498978132941e-01,1.155270489732981160e-01,1.064591025528641155e-01,-7.728260918744489505e-01,-1.767228931384994817e-01,-6.332161582359517871e-01,-2.742304696216147919e-01,-5.921990710663989077e-01,-2.742304732629614050e-01,-6.332161509231648555e-01,-1.767228973710817663e-01,-7.728260959807428110e-01,1.064591109677780062e-01
1.331433600966381026e-01,-7.879185647807931403e-01,-1.304881335190729574e-01,-6.714229496864489999e-01,-1.964018448858225185e-01,-6.714229493958784323e-01,-1.304881341343148704e-01,-7.879185649269144776e-01,1.331433619446445726e-01,1.236099711533706069e-01,-7.784133305008706927e-01,-1.569944995541917021e-01,-6.402421448302229035e-01,-2.549169524954288946e-01,-5.991704116927810686e-01,-2.549169567161745364e-01,-6.402421363107420049e-01,-1.569945050135646003e-01,-7.784133334353922073e-01,1.236099771611035847e-01
1.501160613856735992e-01,-7.938067105359902786e-01,-1.099054802021465910e-01,-6.795257126272951087e-01,-1.754086316443710380e-01,-6.795257116110140494e-01,-1.099054819066366817e-01,-7.938067099624758205e-01,1.501160625123046932e-01,1.401702186476651013e-01,-7.839635784632785764e-01,-1.375046857135578393e-01,-6.475088815638949669e-01,-2.355747113838426721e-01,-6.065164992654310527e-01,-2.355747159313962003e-01,-6.475088722536416208e-01,-1.375046920956371488e-01,-7.839635801390570924e-01,1.401702220630636764e-01
1.664620434690036177e-01,-7.995860358418619418e-01,-8.972201635233342798e-02,-6.876607106972740802e-01,-1.546838208616166943e-01,-6.876607090190538507e-01,-8.972201901334342367e-02,-7.995860347305783211e-01,1.664620440707032523e-01,1.561594441506005682e-01,-7.894597843717451324e-01,-1.182778847415110468e-01,-6.549640476362553754e-01,-2.162489516485262830e-01,-6.141728979826066581e-01,-2.162489562044384583e-01,-6.549640380321338773e-01,-1.182778916471338565e-01,-7.894597847642592647e-01,1.561594449213323244e-01
1.821981919181888954e-01,-8.052410009924688694e-01,-6.996517579638455997e-02,-6.957808147050531522e-01,-1.342717679265671982e-01,-6.957808124556514873e-01,-6.996517925875295196e-02,-8.052409995432038281e-01,1.821981922163363743e-01,1.715958719894469242e-01,-7.948866011086757055e-01,-9.933789831469798381e-02,-6.625584168886338166e-01,-1.969846462463911707e-01,-6.220781289572321349e-01,-1.969846505090904754e-01,-6.625584074492263387e-01,-9.933790535628636564e-02,-7.948866002478240933e-01,1.715958701869112479e-01
1.973414923623544592e-01,-8.107587946652334843e-01,-5.065850783878513008e-02,-7.038446599286247718e-01,-1.142120181183762379e-01,-7.038446572049396055e-01,-5.065851195412401919e-02,-8.107587930560498091e-01,1.973414925542191500e-01,1.864965752700019075e-01,-8.002303347341019890e-01,-8.070748999128862788e-02,-6.702460808255246150e-01,-1.778257851756421259e-01,-6.301741160184742840e-01,-1.778257889231247280e-01,-6.702460718919946991e-01,-8.070749686506011045e-02,-8.002303327013862155e-01,1.864965710819728173e-01
2.119090956633830625e-01,-8.161291370193848316e-01,-3.182160564523033031e-02,-7.118164357424487942e-01,-9.453912137154876771e-02,-7.118164326384801566e-01,-3.182161028113045242e-02,-8.161291353859223552e-01,2.119090958945788472e-01,2.008776874565365023e-01,-8.054788997246440374e-01,-6.240802189421534862e-02,-6.779846206701960476e-01,-1.588147114701387030e-01,-6.384065458741748911e-01,-1.588147145838395002e-01,-6.779846124434165677e-01,-6.240802840405781926e-02,-8.054788966471690959e-01,2.008776811675380691e-01
2.259183452461294150e-01,-8.213440717251602186e-01,-1.347013652878670427e-02,-7.196656034988607731e-01,-7.528258921084407529e-02,-7.196656001027588179e-01,-1.347014156780118599e-02,-8.213440701573617719e-01,2.259183456054041361e-01,2.147545951767218242e-01,-8.106217740567954744e-01,-4.445914435752334332e-02,-6.857352242296923528e-01,-1.399915531803265778e-01,-6.467251395702156014e-01,-1.399915556352688828e-01,-6.857352167884607219e-01,-4.445915040382614897e-02,-8.106217700943973981e-01,2.147545871346990820e-01
2.393867725600017649e-01,-8.263977512404447889e-01,4.384041576645320015e-03,-7.273665596754343987e-01,-5.646697290130531233e-02,-7.273665560692464949e-01,4.384036240787814176e-03,-8.263977497895547142e-01,2.393867730878385669e-01,2.281421076285428118e-01,-8.156499495108298081e-01,-2.687854489646282138e-02,-6.934627459396420779e-01,-1.213937569944578271e-01,-6.550838353070245201e-01,-1.213937588336809481e-01,-6.934627392761081310e-01,-2.687855045000123871e-02,-8.156499448396821172e-01,2.281420982068840808e-01
2.523320671532470194e-01,-8.312862198694412896e-01,2.173269410592706258e-02,-7.348982607162108938e-01,-3.811204082934618875e-02,-7.348982569751769667e-01,2.173268857018939570e-02,-8.312862185578513419e-01,2.523320678545742934e-01,2.410545999471970235e-01,-8.205558742827280261e-01,-9.681759645733915842e-03,-7.011357109363609563e-01,-1.030557253162593390e-01,-6.634408856258620091e-01,-1.030557266222206364e-01,-7.011357049920367013e-01,-9.681764720341417413e-03,-8.205558690800380806e-01,2.410545895123591131e-01
2.647720278021568618e-01,-8.360071989577004814e-01,3.857097085034157102e-02,-7.422438247158487101e-01,-2.023303333959279582e-02,-7.422438209074964099e-01,3.857096520299407860e-02,-8.360071977889833583e-01,2.647720286598909123e-01,2.535061296287559607e-01,-8.253333864932177466e-01,7.117952609072169742e-03,-7.087262662341996533e-01,-8.500855495236658843e-02,-6.717588745928821936e-01,-8.500855582345945294e-02,-7.087262609278160985e-01,7.117947977871779547e-03,-8.253333809254608244e-01,2.535061185174512510e-01
2.767245007158428693e-01,-8.405598781206822245e-01,5.489712955085032653e-02,-7.493901233360591441e-01,-2.840974438855115025e-03,-7.493901195196819298e-01,5.489712387107353875e-02,-8.405598770873414782e-01,2.767245017012401886e-01,2.655105265427638583e-01,-8.299776384155614917e-01,2.350967630843705733e-02,-7.162100839148342057e-01,-6.727987233300924963e-02,-6.800046627251331577e-01,-6.727987286778124021e-02,-7.162100791607275418e-01,2.350967207760507743e-02,-8.299776326310168706e-01,2.655105150486679610e-01
2.882073101498672241e-01,-8.449447157687864918e-01,7.071223619285081641e-02,-7.563273753073842531e-01,1.405697832874028275e-02,-7.563273715335452341e-01,7.071223055038872163e-02,-8.449447148581872291e-01,2.882073112306795526e-01,2.770814581861416048e-01,-8.344850121966571610e-01,3.948484952224003142e-02,-7.235662225872341313e-01,-4.989375755592617701e-02,-6.881492689345921621e-01,-4.989375784371534450e-02,-7.235662183054909491e-01,3.948484564923959717e-02,-8.344850063218618441e-01,2.770814465550927586e-01
2.992381859475529149e-01,-8.491632514834779322e-01,8.601985423539405817e-02,-7.630487507300796057e-01,3.045716218703173328e-02,-7.630487470402711470e-01,8.601984868915324434e-02,-8.491632506806556790e-01,2.992381870916143161e-01,2.882324726386827907e-01,-8.388530285240780593e-01,5.503722508290322113e-02,-7.307769542558762987e-01,-3.287074755639481788e-02,-6.961676997204372386e-01,-3.287074767286425614e-02,-7.307769503774597109e-01,5.503722153008645812e-02,-8.388530226632471276e-01,2.882324610691283095e-01
3.098346916537536022e-01,-8.532179320736024142e-01,1.008257329780778699e-01,-7.695499932934730669e-01,4.635902941440019076e-02,-7.695499897203786910e-01,1.008257275762478034e-01,-8.532179313636123474e-01,3.098346928320347970e-01,2.989770221906369874e-01,-8.430802501108739522e-01,7.016278966396345684e-02,-7.378275641287972419e-01,-1.622790743449187625e-02,-7.040387362066243826e-01,-1.622790744051095385e-02,-7.378275605965369799e-01,7.016278639960740748e-02,-8.430802443469372909e-01,2.989770108374975033e-01
3.200141560091719350e-01,-8.571119524679484680e-01,1.151375032381553309e-01,-7.758290655846962203e-01,6.176477082774991384e-02,-7.758290621532832887e-01,1.151374980193041742e-01,-8.571119518374749058e-01,3.200141571977281330e-01,3.093284708578941666e-01,-8.471661820617399918e-01,8.485964851413790866e-02,-7.447061308720328565e-01,2.104163641414275683e-05,-7.117446894790681045e-01,2.104169355382080994e-05,-7.447061276396005347e-01,8.485964551199552675e-02,-8.471661764583658938e-01,3.093284598376334071e-01
3.297936098546749850e-01,-8.608491119970550498e-01,1.289643865825270130e-01,-7.818858209268035875e-01,7.667895121922399526e-02,-7.818858176545391281e-01,1.289643815750513567e-01,-8.608491114339984485e-01,3.297936110336122661e-01,3.193000890349152465e-01,-8.511111712011543151e-01,9.912788360924612574e-02,-7.514032944571513717e-01,1.586554952556208653e-02,-7.192711341260648039e-01,1.586554961085408222e-02,-7.514032914879139602e-01,9.912788084813864420e-02,-8.511111658054414386e-01,3.193000784316631369e-01
3.391897297896162566e-01,-8.644336861059538357e-01,1.423169226112062924e-01,-7.877217037045090020e-01,9.110816325381038139e-02,-7.877217006028163215e-01,1.423169178354946052e-01,-8.644336856004372072e-01,3.391897309442611919e-01,3.289050384026768747e-01,-8.549163063215010627e-01,1.129693926733012221e-01,-7.579120181282048563e-01,3.129803043415663871e-02,-7.266066290147248363e-01,3.129803052240791306e-02,-7.579120153928804449e-01,1.129693901355839636e-01,-8.549163011665694700e-01,3.289050282740178521e-01
3.482187893679411506e-01,-8.678703131392311310e-01,1.552067172768646641e-01,-7.933394789194208041e-01,1.050607043553154207e-01,-7.933394759942974384e-01,1.552067127451593476e-01,-8.678703126825366709e-01,3.482187904867902195e-01,3.381563499434033782e-01,-8.585833210835711604e-01,1.263877159202594636e-01,-7.642273502073027025e-01,4.631363266235340864e-02,-7.337424332455273479e-01,4.631363273636894540e-02,-7.642273476827464718e-01,1.263877135913113736e-01,-8.585833161911227140e-01,3.381563403254333466e-01
3.568966181392073111e-01,-8.711638955201920220e-01,1.676462139410964114e-01,-7.987429907521568229e-01,1.185462794355131161e-01,-7.987429880054914832e-01,1.676462096596347817e-01,-8.711638951053408686e-01,3.568966192144967797e-01,3.470668975855101257e-01,-8.621145010294222200e-01,1.393878566063325997e-01,-7.703461905727682080e-01,6.090999408318760466e-02,-7.406722240351382158e-01,6.090999413166052479e-02,-7.703461882400024496e-01,1.393878544732753133e-01,-8.621144964119226151e-01,3.470668884974629220e-01
3.652385684984035819e-01,-8.743195144347292169e-01,1.796484878412453190e-01,-8.039369491808718848e-01,1.315757309352656168e-01,-8.039369466110454221e-01,1.796484838109673743e-01,-8.743195140559463230e-01,3.652385695250500719e-01,3.556493696183908315e-01,-8.655125958573799405e-01,1.519761005950742982e-01,-7.762670657093291293e-01,7.508699130083705542e-02,-7.473918220373041432e-01,7.508699131700248552e-02,-7.762670635524691054e-01,1.519760986461697050e-01,-8.655125915200290176e-01,3.556493610665975025e-01
3.732594900321508091e-01,-8.773423569789754461e-01,1.912270638258672106e-01,-8.089267431805078346e-01,1.441607965536457758e-01,-8.089267407833700130e-01,1.912270600435644341e-01,-8.773423566315452504e-01,3.732594910072773997e-01,3.639162396361270702e-01,-8.687807378077769815e-01,1.641598392365954395e-01,-7.819899153377809498e-01,8.884648918941727425e-02,-7.538989284215111830e-01,8.884648916958470810e-02,-7.819899133430605609e-01,1.641598374607604049e-01,-8.687807337500579319e-01,3.639162316168265132e-01
3.809737129869616989e-01,-8.802376569511507487e-01,2.023957578202679741e-01,-8.137182796046960043e-01,1.563138912983797202e-01,-8.137182741054401758e-01,2.023957514329316476e-01,-8.802376548778068077e-01,3.809737146387998097e-01,3.718797524480318972e-01,-8.719223747885826992e-01,1.759474031846279263e-01,-7.875158948592444474e-01,1.021920939373168191e-01,-7.601928735646360513e-01,1.021920924220042354e-01,-7.875158881943356004e-01,1.759473938073686794e-01,-8.719223626668187732e-01,3.718797280895209112e-01
3.883950274347851006e-01,-8.830106342434731470e-01,2.131685335539559301e-01,-8.183178400942303643e-01,1.680479302426632071e-01,-8.183178349590453093e-01,2.131685275523341194e-01,-8.830106323508664090e-01,3.883950290780634473e-01,3.795518407872828237e-01,-8.749411695948026146e-01,1.873478841153066454e-01,-7.928471824171308135e-01,1.151289276372405301e-01,-7.662743997790670836e-01,1.151289261557691124e-01,-7.928471762748716678e-01,1.873478754213499242e-01,-8.749411582503245910e-01,3.795518179008555704e-01
3.955366897766535716e-01,-8.856664667926910095e-01,2.235593913985473580e-01,-8.227319681665044016e-01,1.793761466335719867e-01,-8.227319633801529752e-01,2.235593857725526323e-01,-8.856664650641618008e-01,3.955366914007188983e-01,3.869441887442787165e-01,-8.778409889699636537e-01,1.983710107854012583e-01,-7.979868232986966348e-01,1.276633924931921404e-01,-7.721454283794173534e-01,1.276633910420714169e-01,-7.979868176439701699e-01,1.983710027437237400e-01,-8.778409783818024170e-01,3.869441672880989391e-01
4.024114124339627785e-01,-8.882102467777702737e-01,2.335822631288496098e-01,-8.269673650355351402e-01,1.903119622069323058e-01,-8.269673605809479966e-01,2.335822578645742054e-01,-8.882102451981661595e-01,4.024114140305286025e-01,3.940681524932967972e-01,-8.806258157311670498e-01,2.090269935615131636e-01,-8.029385687206862521e-01,1.398029740973808499e-01,-7.778088803900702342e-01,1.398029726732470113e-01,-8.029385635187198389e-01,2.090269861381402472e-01,-8.806258058715372705e-01,3.940681324143469055e-01
4.090313688836756945e-01,-8.906469557929783676e-01,2.432509293910835868e-01,-8.310308068188980712e-01,2.008688636707813280e-01,-8.310308026775432566e-01,2.432509244712360297e-01,-8.906469543480948214e-01,4.090313704456566279e-01,4.009347582547239108e-01,-8.832997100744112151e-01,2.193264039471161664e-01,-8.077067416274816836e-01,1.515560491103747354e-01,-7.832684988693090489e-01,1.515560477101969283e-01,-8.077067368443935358e-01,2.193263971063705853e-01,-8.832997009109468944e-01,4.009347394927657571e-01
4.154082001359326037e-01,-8.929814436185180559e-01,2.525789507237135578e-01,-8.349290751812881162e-01,2.110603010359362042e-01,-8.349290713341726011e-01,2.525789461290712801e-01,-8.929814422953979980e-01,4.154082016573968916e-01,4.075546887669104223e-01,-8.858667686040813116e-01,2.292800626189283597e-01,-8.122961156520674963e-01,1.629317125650585896e-01,-7.885286934423383354e-01,1.629317111861624257e-01,-8.122961112554436536e-01,2.292800563250093626e-01,-8.858667601022511828e-01,4.075546712588943854e-01
4.215530242572669284e-01,-8.952184121549486839e-01,2.615796116988159392e-01,-8.386689005999673485e-01,2.208996028667112310e-01,-8.386688970283994182e-01,2.615796074096415347e-01,-8.952184109421625902e-01,4.215530257337845033e-01,4.139382731662089587e-01,-8.883310892694072924e-01,2.388989402542669727e-01,-8.167118087081182143e-01,1.739396223945423592e-01,-7.935944027090180430e-01,1.739396210343471527e-01,-8.167118046670056586e-01,2.388989344718007168e-01,-8.883310813937123074e-01,4.139382568481924651e-01
4.274764483712920615e-01,-8.973624037430222300e-01,2.702658765896804871e-01,-8.422569165698257088e-01,2.303999065447180916e-01,-8.422569132564506900e-01,2.702658725861261102e-01,-8.973624026307562840e-01,4.274764497984393508e-01,4.200954801064772370e-01,-8.906967417265103659e-01,2.481940706712398859e-01,-8.209591902609547631e-01,1.845898608271915875e-01,-7.984709734954222871e-01,1.845898594844729290e-01,-8.209591865481383754e-01,2.481940653696656229e-01,-8.906967344447651591e-01,4.200954649221826376e-01
4.331885826228950576e-01,-8.994177931745502841e-01,2.786503550721217692e-01,-8.456996232215995279e-01,2.395741017403611728e-01,-8.456996201538643509e-01,2.786503513372125540e-01,-8.994177921567025891e-01,4.331885839948772521e-01,4.260359138947317215e-01,-8.929677426313511468e-01,2.571764756217025938e-01,-8.250438012299929902e-01,1.948928119796826119e-01,-8.031640557621264609e-01,1.948928106568417196e-01,-8.250437978262179506e-01,2.571764707838695152e-01,-8.929677359236344314e-01,4.260358998152328769e-01
4.386990556716174883e-01,-9.013887828113211764e-01,2.867452765994608632e-01,-8.490033589996092145e-01,2.484347853808147599e-01,-8.490033561399711326e-01,2.867452731005590838e-01,-9.013887818660302198e-01,4.386990569955163677e-01,4.317688135353894285e-01,-8.951480354545404694e-01,2.658571005048723235e-01,-8.289712854479942550e-01,2.048590547267858664e-01,-8.076795118395956319e-01,2.048590534030505506e-01,-8.289712822922534752e-01,2.658570960304225683e-01,-8.951480292229150315e-01,4.317688003646993344e-01
4.440170312507444317e-01,-9.032794001703805531e-01,2.945624721765979226e-01,-8.521742791287773011e-01,2.569942267107160894e-01,-8.521742764662111336e-01,2.945624688976914984e-01,-9.032793992933592087e-01,4.440170325224115366e-01,4.373030536805490032e-01,-8.972414739271867834e-01,2.742467598306527199e-01,-8.327473314280844363e-01,2.144992698560855282e-01,-8.120233388779984907e-01,2.144992685345248895e-01,-8.327473285056199437e-01,2.742467557064671713e-01,-8.972414681543746662e-01,4.373030413939811845e-01
4.491512255719404267e-01,-9.050934977069151621e-01,3.021133624640410797e-01,-8.552183398957345917e-01,2.652643407953396704e-01,-8.552183374165281959e-01,3.021133593884225421e-01,-9.050934968925073987e-01,4.491512267905978240e-01,4.426471484983399707e-01,-8.992518093933561385e-01,2.823560920871988067e-01,-8.363776236101806427e-01,2.238241602731473878e-01,-8.162016028424494696e-01,2.238241589532707354e-01,-8.363776209011525298e-01,2.823560882892818813e-01,-8.992518040514327904e-01,4.426471370474913680e-01
4.541099251629358013e-01,-9.068347542014996154e-01,3.094089511695151673e-01,-8.581412877109373394e-01,2.732566694657867501e-01,-8.581412854010906921e-01,3.094089482807156344e-01,-9.068347534438634394e-01,4.541099263287061705e-01,4.478092568397977202e-01,-9.011826808792532395e-01,2.901955225341479316e-01,-8.398678017743190782e-01,2.328443831787922469e-01,-8.202203831516632349e-01,2.328443818592885184e-01,-8.398677992585641405e-01,2.901955190361947268e-01,-9.011826759380046070e-01,4.478092461707854910e-01
4.589010049540188652e-01,-9.085066775110000048e-01,3.164598228693696336e-01,-8.609486521853749741e-01,2.809823684524914156e-01,-8.609486500312950596e-01,3.164598201515418929e-01,-9.085066768045260144e-01,4.589010060673489599e-01,4.527971891216644451e-01,-9.030376078701183307e-01,2.977752333366685544e-01,-8.432234277812329371e-01,2.415704930074117907e-01,-8.240857265714458535e-01,2.415704916871690699e-01,-8.432234254398358608e-01,2.977752301131671997e-01,-9.030376032999495317e-01,4.527971791812095415e-01
4.635319463946248608e-01,-9.101126083684443202e-01,3.232761444844703957e-01,-8.636457425055784620e-01,2.884521997527671466e-01,-8.636457404946693561e-01,3.232761419230286704e-01,-9.101126077081191923e-01,4.635319474564703057e-01,4.576184154837509288e-01,-9.048199853244985880e-01,3.051051401187186429e-01,-8.464499586906057971e-01,2.500128940014465506e-01,-8.278036092866384310e-01,2.500128926794967787e-01,-8.464499565062184594e-01,3.051051371458185502e-01,-9.048199810972041846e-01,4.576184062206681835e-01
4.680098561943344393e-01,-9.116557268183418383e-01,3.298676704965468609e-01,-8.662376478357685095e-01,2.956765266877242060e-01,-8.662376433979255275e-01,3.298676662631930268e-01,-9.116557240690299491e-01,4.680098581298275939e-01,4.622800891958908642e-01,-9.065330886873921301e-01,3.121948826561423140e-01,-8.495527289813046279e-01,2.581818012012783714e-01,-8.313799018528311713e-01,2.581817955146675780e-01,-8.495527210383242434e-01,3.121948675538768203e-01,-9.065330751971532042e-01,4.622800603449861989e-01
4.723414808571271273e-01,-9.131390499627125568e-01,3.362437468056252432e-01,-8.687292331914207022e-01,3.026653211247808395e-01,-8.687292290288380903e-01,3.362437427865464512e-01,-9.131390473974808630e-01,4.723414827597850474e-01,4.667889990461585592e-01,-9.081800395761592259e-01,3.190537774626837630e-01,-8.525369194878147372e-01,2.660872096348871896e-01,-8.348203618194531828e-01,2.660872041650187980e-01,-8.525369120981922677e-01,3.190537633692034358e-01,-9.081800270019496635e-01,4.667889719692797090e-01
4.765332289506357677e-01,-9.145654489752099714e-01,3.424133239805394746e-01,-8.711251505376987891e-01,3.094281562114375439e-01,-8.711251466287255329e-01,3.424133201565535134e-01,-9.145654465769397223e-01,4.765332308139710871e-01,4.711516674333132704e-01,-9.097638555406224459e-01,3.256908613523015750e-01,-8.554075670518814789e-01,2.737388688080616972e-01,-8.381305884002980822e-01,2.737388635347592358e-01,-8.554075601633857051e-01,3.256908481862328397e-01,-9.097638438132122918e-01,4.711516420075094191e-01
4.805911845275315786e-01,-9.159376472784037659e-01,3.483849645417629315e-01,-8.734298376828379951e-01,3.159742192907284419e-01,-8.734298340073818334e-01,3.483849608950607135e-01,-9.159376450315181994e-01,4.805911863462386524e-01,4.753743022725264167e-01,-9.112874172507955395e-01,3.321148510014292898e-01,-8.581695405145669531e-01,2.811462641918199834e-01,-8.413160253784029985e-01,2.811462590971160469e-01,-8.581695340800935545e-01,3.321148386881964121e-01,-9.112874063058720164e-01,4.753742783826548912e-01
4.845211243430957992e-01,-9.172582285922744605e-01,3.541668550633610413e-01,-8.756475250505519892e-01,3.223123176495254483e-01,-8.756475215902091991e-01,3.541668515781704607e-01,-9.172582264830499987e-01,4.845211261136186387e-01,4.794628232551990665e-01,-9.127534788856148662e-01,3.383341497749883242e-01,-8.608275384959659382e-01,2.883186030483717577e-01,-8.443819458979573422e-01,2.883185981163257638e-01,-8.608275324729751654e-01,3.383341382463777580e-01,-9.127534686637043260e-01,4.794628007940668901e-01
4.883285336036078395e-01,-9.185296430853048255e-01,3.597668183537656716e-01,-8.777822418691410000e-01,3.284508876101061015e-01,-8.777822386070130989e-01,3.597668150160864275e-01,-9.185296411015995144e-01,4.883285353237405424e-01,4.834228732661242089e-01,-9.141646706698227653e-01,3.443568481694578298e-01,-8.633860858149329243e-01,2.952648046204708332e-01,-8.473334449933425105e-01,2.952647998371542015e-01,-8.633860801651944694e-01,3.443568373633036916e-01,-9.141646611161112768e-01,4.834228521342824880e-01
4.920186211058106274e-01,-9.197542135213028214e-01,3.651923261935394738e-01,-8.798378229331695888e-01,3.343980047626153862e-01,-8.798378198538251427e-01,3.651923229906495760e-01,-9.197542116521479905e-01,4.920186227740604989e-01,4.872598298248798643e-01,-9.155235019682681497e-01,3.501907263751175559e-01,-8.658495319617662833e-01,3.019934939392676099e-01,-8.501754348889852819e-01,3.019934892924583392e-01,-8.658495266512066246e-01,3.501907162351380887e-01,-9.155234930322384557e-01,4.872598099298204311e-01
4.955963337475592922e-01,-9.209341413411750166e-01,3.704505124176485364e-01,-8.818179157586653050e-01,3.401613950436853107e-01,-8.818179128479621820e-01,3.704505093383707592e-01,-9.209341395769008454e-01,4.955963353634608159e-01,4.909788164554205192e-01,-9.168323648057881137e-01,3.558432585748659283e-01,-8.682220512612736085e-01,3.085129986883844433e-01,-8.529126426069157940e-01,3.085129941676043597e-01,-8.682220462594311128e-01,3.558432490500299528e-01,-9.168323564410962856e-01,4.909787977117272550e-01
4.990663704024906888e-01,-9.220715126332919009e-01,3.755481861672353983e-01,-8.837259879830458020e-01,3.457484464095623156e-01,-8.837259852281119654e-01,3.755481832015962196e-01,-9.220715109652337649e-01,4.990663719661467823e-01,4.945847139081771537e-01,-9.180935377023944355e-01,3.613216186503975802e-01,-8.705076444155988025e-01,3.148313486350043933e-01,-8.555496094844274868e-01,3.148313442312136168e-01,-8.705076396954127826e-01,3.613216096946241240e-01,-9.180935298664691935e-01,4.945846962367038691e-01
5.024331951544711572e-01,-9.231683039543427949e-01,3.804918451657346434e-01,-8.855653348902440269e-01,3.511662208990461997e-01,-8.855653322795138394e-01,3.804918423055249077e-01,-9.231683023751339201e-01,5.024331966671417016e-01,4.980821711691287290e-01,-9.193091897293057535e-01,3.666326870058336240e-01,-8.727101411572566469e-01,3.209562771916259494e-01,-8.580906922532185455e-01,3.209562728970274392e-01,-8.727101366944866045e-01,3.666326785773262875e-01,-9.193091823831436304e-01,4.980821544969058490e-01
5.057010499012000171e-01,-9.242263879757690592e-01,3.852876889052018750e-01,-8.873390869638602130e-01,3.564214669122131030e-01,-8.873390844865590710e-01,3.852876861424739952e-01,-9.242263864784016070e-01,5.057010513637836269e-01,5.014756162065010514e-01,-9.204813847079178490e-01,3.717830582614252699e-01,-8.748332037829064101e-01,3.268952247320594529e-01,-8.605400653838863878e-01,3.268952205402079203e-01,-8.748331995563074504e-01,3.717830503226510208e-01,-9.204813778157434623e-01,5.014756004659332023e-01
5.088739663304104877e-01,-9.252475389314243071e-01,3.899416316436504770e-01,-8.890502173887698811e-01,3.615206315643734736e-01,-8.890502150352940225e-01,3.899416289721094886e-01,-9.252475375100566168e-01,5.088739677448878007e-01,5.047692664162994891e-01,-9.216120854876064250e-01,3.767790496084319485e-01,-8.768803313753008588e-01,3.326553433373005686e-01,-8.629017244423888844e-01,3.326553392426472300e-01,-8.768803273657950204e-01,3.767790421253012223e-01,-9.216120790166568710e-01,5.047692515451200901e-01
5.119557772920467764e-01,-9.262334378585393990e-01,3.944593151469825143e-01,-8.907015494424181945e-01,3.664698729995541915e-01,-8.907015472039553350e-01,3.944593125608773510e-01,-9.262334365077853349e-01,5.119557786603130545e-01,5.079671387351990530e-01,-9.227031582473896876e-01,3.816267096386251056e-01,-8.788548645434370865e-01,3.382435026812655732e-01,-8.651794902385200325e-01,3.382434986792113851e-01,-8.788548607342204777e-01,3.816267025803740665e-01,-9.227031521675926884e-01,5.079671246757400116e-01
5.149501275760284269e-01,-9.271856776183159399e-01,3.988461211115850724e-01,-8.922957637257407093e-01,3.712750725707850696e-01,-8.922957615942527232e-01,3.988461186057642993e-01,-9.271856763332939622e-01,5.149501289000738558e-01,5.110730594009343930e-01,-9.237563767795979874e-01,3.863318275008038594e-01,-8.807599905460326006e-01,3.436662968188247125e-01,-8.673770135854013130e-01,3.436662929055034343e-01,-8.807599869222362265e-01,3.863318208396790965e-01,-9.237563710633613923e-01,5.110730460998267333e-01
5.178604841196443598e-01,-9.281057676943001988e-01,4.031071832272928868e-01,-8.938354051983155024e-01,3.759418468125800272e-01,-8.938354031664832444e-01,4.031071807975086241e-01,-9.281057664707594856e-01,5.178604854017960779e-01,5.140906733449618349e-01,-9.247734267200540259e-01,3.908999422537689505e-01,-8.825987486799770076e-01,3.489300516650697404e-01,-8.694977805139190163e-01,3.489300478373519310e-01,-8.825987452283333701e-01,3.908999359644361737e-01,-9.247734213420844007e-01,5.140906607530052463e-01
5.206901456657910821e-01,-9.289951387672258365e-01,4.072473988491965846e-01,-8.953228899908626248e-01,3.804755591473100718e-01,-8.953228880520409660e-01,4.072473964915874767e-01,-9.289951376012582918e-01,5.206901469082951817e-01,5.170234532091229074e-01,-9.257559096971917922e-01,3.953363523083514575e-01,-8.843740358368997745e-01,3.540408329884267014e-01,-8.715451178119673070e-01,3.540408292436190152e-01,-8.843740325456715956e-01,3.953363463679050449e-01,-9.257559046342086484e-01,5.170234412806006263e-01
5.234422518923834700e-01,-9.298551470661464702e-01,4.112714402541851610e-01,-8.967605119753105924e-01,3.848813312815804188e-01,-8.967605101234499276e-01,4.112714379655768582e-01,-9.298551459543304976e-01,5.234422530976835519e-01,5.198747079818151207e-01,-9.267053473784181428e-01,3.996461248708359504e-01,-8.860886121483326772e-01,3.590044547677027631e-01,-8.735221987800048105e-01,3.590044511036099006e-01,-8.860886090070047016e-01,3.996461192582788091e-01,-9.267053426090379187e-01,5.198746966745055875e-01
5.261197920387068461e-01,-9.306870785012985037e-01,4.151837654703448566e-01,-8.981504490802819651e-01,3.891640542579071216e-01,-8.981504473098450569e-01,4.151837632478467266e-01,-9.306870774404716329e-01,5.261197932091085105e-01,5.226475912551045155e-01,-9.276231853979595154e-01,4.038341053147091464e-01,-8.877451066539175928e-01,3.638264877867707359e-01,-8.754320491137380644e-01,3.638264842015450640e-01,-8.877451036531406325e-01,4.038341000108987555e-01,-9.276231809024759745e-01,5.226475805297874366e-01
5.287256130498474427e-01,-9.314921525821626691e-01,4.189886286699621154e-01,-8.994947693440101810e-01,3.933283991388091261e-01,-8.994947676499727152e-01,4.189886265110345231e-01,-9.314921515694551957e-01,5.287256141876197635e-01,5.253451091055313382e-01,-9.285107971538907323e-01,4.079049264223101878e-01,-8.893460229396449312e-01,3.685122683608013094e-01,-8.772775528395120315e-01,3.685122648528180722e-01,-8.893460200710456842e-01,4.079049214097192344e-01,-9.285107929141214189e-01,5.253450989257604231e-01
5.312624263672958147e-01,-9.322715271293177119e-01,4.226900913892315259e-01,-9.007954388814695124e-01,3.973788289215253733e-01,-9.007954353854894514e-01,4.226900871141058835e-01,-9.322715233731875273e-01,5.312624270270541738e-01,5.279701423856766329e-01,-9.293694961076794936e-01,4.118630321490860391e-01,-8.908937499477012079e-01,3.730669081820747190e-01,-8.790614534158971427e-01,3.730668975217386052e-01,-8.908937395267225723e-01,4.118630087531118811e-01,-9.293694815551306609e-01,5.279701115355718288e-01
5.337328187241150435e-01,-9.330262977005751024e-01,4.262920269624481673e-01,-9.020543186020961723e-01,4.013196019498754818e-01,-9.020543152401617748e-01,4.262920227696587183e-01,-9.330262941015802225e-01,5.337328193858301706e-01,5.305253942390120159e-01,-9.302005044079721952e-01,4.157126271718841193e-01,-8.923905462266157329e-01,3.774952986821057399e-01,-8.807863790642153079e-01,3.774952883716385932e-01,-8.923905362817440290e-01,4.157126048472622459e-01,-9.302004905715809402e-01,5.305253647926331251e-01
5.361392537404301439e-01,-9.337575071511787783e-01,4.297981372836746083e-01,-9.032731827996489660e-01,4.051547912103130034e-01,-9.032731795635617900e-01,4.297981331705981178e-01,-9.337575037001384359e-01,5.361392544044885078e-01,5.330134871409581976e-01,-9.310050090885806373e-01,4.194577752232305778e-01,-8.938385774298691633e-01,3.818021263729975967e-01,-8.824548191215865200e-01,3.818021163929086192e-01,-8.938385679300882014e-01,4.194577539084448636e-01,-9.310049959235852102e-01,5.330134590142986406e-01
5.384840818187622835e-01,-9.344661445171256187e-01,4.332119563293802544e-01,-9.044537151751187443e-01,4.088882868820871708e-01,-9.044537120573418187e-01,4.332119522936248579e-01,-9.344661412055329519e-01,5.384840824856027552e-01,5.354369086484014328e-01,-9.317841297198630190e-01,4.231023470841031031e-01,-8.952398997901522826e-01,3.859918768193577598e-01,-8.840691494697276998e-01,3.859918671519464439e-01,-8.952398907073999546e-01,4.231023267226059481e-01,-9.317841171848987303e-01,5.354368817633150535e-01
5.407695453767319416e-01,-9.351531490524728207e-01,4.365368597085037550e-01,-9.055975158497223676e-01,4.125238066970219331e-01,-9.055975128434199384e-01,4.365368557481498768e-01,-9.351531458725999002e-01,5.407695460471045878e-01,5.377980328465447046e-01,-9.325389304586491068e-01,4.266500438747945489e-01,-8.965964706161628772e-01,3.900688441417703434e-01,-8.856316330521307734e-01,3.900688347708469728e-01,-8.965964619248941725e-01,4.266500244144239562e-01,-9.325389185154463467e-01,5.377980071303497533e-01
5.429977845795128655e-01,-9.358194130145898182e-01,4.397760725199018061e-01,-9.067061058668897111e-01,4.160649042631686667e-01,-9.067061029657378368e-01,4.397760686334591385e-01,-9.358194099594037141e-01,5.429977852543870220e-01,5.400991261611870486e-01,-9.332704229712840416e-01,4.301044048303362954e-01,-8.979101531205613274e-01,3.940371391558167291e-01,-8.871444252099875971e-01,3.940371300667733223e-01,-8.979101447974660033e-01,4.301043862227512671e-01,-9.332704115844683290e-01,5.400991015464687850e-01
5.451708427431015691e-01,-9.364657842888907124e-01,4.429326768232220157e-01,-9.077809314571008148e-01,4.195149770062253647e-01,-9.077809286553147894e-01,4.429326730092695286e-01,-9.364657813518285634e-01,5.451708434233655254e-01,5.423423528685941131e-01,-9.339795692137859984e-01,4.334688147820003890e-01,-8.991827210639309342e-01,3.979006972859842062e-01,-8.886095788394320349e-01,3.979006884653545906e-01,-8.991827130877853014e-01,4.334687969825488096e-01,-9.339795583505364762e-01,5.423423292924334227e-01
5.472906714267868900e-01,-9.370930688611919246e-01,4.460096187371682119e-01,-9.088233680753907695e-01,4.228772737404671300e-01,-9.088233653676638379e-01,4.460096149945419475e-01,-9.370930660362187803e-01,5.472906721133832253e-01,5.445297803147721716e-01,-9.346672840724494780e-01,4.367465113416540423e-01,-9.004158632105967452e-01,4.016632862357564782e-01,-8.900290493605443887e-01,4.016632776712035224e-01,-9.004158555619756754e-01,4.367464943088331664e-01,-9.346672737023096200e-01,5.445297577185553850e-01
5.493591352337563460e-01,-9.377020331463933323e-01,4.490097151804295916e-01,-9.098347242206288321e-01,4.261549018789584364e-01,-9.098347216021233086e-01,4.490097115083116486e-01,-9.377020304280305751e-01,5.493591359278098274e-01,5.466633838582446447e-01,-9.353344378693981831e-01,4.399405917895791163e-01,-9.016111875949974763e-01,4.053285134028908887e-01,-8.914046994932198764e-01,4.053285050830424119e-01,-9.016111802560098365e-01,4.399405754847035555e-01,-9.353344279640858350e-01,5.466633621873999704e-01
5.513780163369158549e-01,-9.382934061812540083e-01,4.519356602700776437e-01,-9.108162450462184978e-01,4.293508342955876245e-01,-9.108162425123862427e-01,4.519356566674573861e-01,-9.382934035642478410e-01,5.513780170391817670e-01,5.487450515487892755e-01,-9.359818587374807430e-01,4.430540196682812848e-01,-9.027702255989296098e-01,4.088998330315273266e-01,-8.927383038369441914e-01,4.088998249459705470e-01,-9.027702185532283652e-01,4.430540040553409553e-01,-9.359818492706688531e-01,5.487450307522994120e-01
5.533490187441127972e-01,-9.388678816877515931e-01,4.547900313905861580e-01,-9.117691157713703198e-01,4.324679158514628807e-01,-9.117691133180751972e-01,4.547900278567552634e-01,-9.388678791673187307e-01,5.533490194554724351e-01,5.507765885554487539e-01,-9.366103348700337561e-01,4.460896310883514237e-01,-9.038944358430893722e-01,4.123805530984226975e-01,-8.940315532548814836e-01,4.123805452374708080e-01,-9.038944290755350774e-01,4.460896161335989873e-01,-9.366103258172064905e-01,5.507765685857081150e-01
5.560303667504586933e-01,-9.396448060965492122e-01,4.586695573386981861e-01,-9.130568018678811848e-01,4.367034039973740622e-01,-9.130567995209213361e-01,4.586695539000030797e-01,-9.396448037038207524e-01,5.560303674757922643e-01,5.535390635105933432e-01,-9.374595725124399426e-01,4.502128129081889307e-01,-9.054120532804883492e-01,4.171061129640742937e-01,-8.957769003183500001e-01,4.171061054025657078e-01,-9.054120468789755849e-01,4.502127988219872812e-01,-9.374595640009857345e-01,5.535390446239233375e-01
5.630731216979889542e-01,-9.416599307826082343e-01,4.688390233467341073e-01,-9.163911034770155783e-01,4.477995841651539743e-01,-9.163911013933698779e-01,4.688390201673663937e-01,-9.416599287062590307e-01,5.630731224679227376e-01,5.607880631414519090e-01,-9.396582388691636645e-01,4.610058362089624606e-01,-9.093326188383107356e-01,4.294631519561196153e-01,-9.002830876119278791e-01,4.294631451505930841e-01,-9.093326133353407670e-01,4.610058242612317114e-01,-9.396582316650298194e-01,5.607880468800752194e-01
5.705174805211810085e-01,-9.437490561276390411e-01,4.795542784094649069e-01,-9.198385522892831290e-01,4.594804875837250058e-01,-9.198385504617792030e-01,4.795542755185673300e-01,-9.437490543569633239e-01,5.705174813455178295e-01,5.684394204568861131e-01,-9.419311435092867502e-01,4.723533313410028800e-01,-9.133712874632832213e-01,4.424332110418300323e-01,-9.049204465932351171e-01,4.424332049929105559e-01,-9.133712828197676492e-01,4.723533214345030373e-01,-9.419311375171038891e-01,5.684394066454077077e-01
5.783957058665566420e-01,-9.459131513250592649e-01,4.908529659894533825e-01,-9.233986038633286153e-01,4.717842042029696259e-01,-9.233986022854456799e-01,4.908529634163182331e-01,-9.459131498464832255e-01,5.783957067466259927e-01,5.765241320102887368e-01,-9.442781221873112196e-01,4.842897583610962231e-01,-9.175243883580919135e-01,4.560496499604004272e-01,-9.096835958957232293e-01,4.560496446688673822e-01,-9.175243845303199253e-01,4.842897503703439410e-01,-9.442781173010303952e-01,5.765241204566725619e-01
5.867432877587659412e-01,-9.481525679961068098e-01,5.027753493702421528e-01,-9.270692990546193224e-01,4.847509911803761784e-01,-9.270692963420703592e-01,5.027753432763475416e-01,-9.481525637105749915e-01,5.867432857968606363e-01,5.850762232983685029e-01,-9.466982216519539417e-01,4.968515242700305423e-01,-9.217862498886606470e-01,4.703466900080607860e-01,-9.145646396264086597e-01,4.703466780423807281e-01,-9.217862384549081467e-01,4.968514964304991954e-01,-9.466982082367605411e-01,5.850761971369651260e-01
5.955993293813608425e-01,-9.504668615104113760e-01,5.153643951052809813e-01,-9.308469046066543129e-01,4.984232039962528393e-01,-9.308469022788554703e-01,5.153643897852263622e-01,-9.504668580211198536e-01,5.955993280152274139e-01,5.941330731162549617e-01,-9.491894893359835716e-01,5.100769481699871655e-01,-9.261487948705401374e-01,4.853591930337347038e-01,-9.195527269637588930e-01,4.853591832406597417e-01,-9.261487857822048309e-01,5.100769259871228423e-01,-9.491894786665660000e-01,5.941330519425145340e-01
6.050069715999362163e-01,-9.528545800458110282e-01,5.286658532482795270e-01,-9.347255205668476563e-01,5.128452148152167211e-01,-9.347255186205272182e-01,5.286658487426494357e-01,-9.528545772798004965e-01,6.050069707875932457e-01,6.037359375035052933e-01,-9.517488216218041863e-01,5.240064135769659792e-01,-9.306011644219068790e-01,5.011224144823125393e-01,-9.246335359840163193e-01,5.011224066902993934e-01,-9.306011574354098315e-01,5.240063964395442753e-01,-9.517488133354972124e-01,6.037359206952712665e-01
6.150138915478418067e-01,-9.553130118708682561e-01,5.427282879810750860e-01,-9.386966031795559440e-01,5.280632226462144141e-01,-9.386966016052405992e-01,5.427282842959402220e-01,-9.553130097447510849e-01,6.150138912018707771e-01,6.139304112842619565e-01,-9.543717024757663037e-01,5.386823376847539313e-01,-9.351292562521728025e-01,5.176717238593390169e-01,-9.297887875907806521e-01,5.176717178754473014e-01,-9.351292510990596440e-01,5.386823249122620894e-01,-9.543716962098737211e-01,6.139303982349735289e-01
6.256728628503299694e-01,-9.578378921080403785e-01,5.576030827370024312e-01,-9.427484450445181574e-01,5.441250121276940410e-01,-9.427484438219325691e-01,5.576030798364373098e-01,-9.578378905294511192e-01,6.256728628412938642e-01,6.247670532406772725e-01,-9.570519640000334505e-01,5.541492615182934678e-01,-9.397152927854797166e-01,5.350423287962724483e-01,-9.349957492557391392e-01,5.350423243984805399e-01,-9.397152891697941879e-01,5.541492523772812984e-01,-9.570519594030877375e-01,6.247670433765974973e-01
6.370423933753706081e-01,-9.604230655983118092e-01,5.733444029142155118e-01,-9.468656088645279745e-01,5.610796311155307192e-01,-9.468656069342278325e-01,5.733443960686870344e-01,-9.604230619073210740e-01,6.370423902645034886e-01,6.363021093978672438e-01,-9.597815236673368222e-01,5.704539695163178825e-01,-9.443374107326325539e-01,5.532690284128860547e-01,-9.402267946784790276e-01,5.532690206647222775e-01,-9.443374016583830910e-01,5.704539452703469848e-01,-9.597815133184289804e-01,6.363020924156921332e-01
6.491874446327560166e-01,-9.630601057970480383e-01,5.900090964584465691e-01,-9.510283269511630166e-01,5.789769673950910800e-01,-9.510283255369528232e-01,5.900090914002456000e-01,-9.630601032286334462e-01,6.491874427213298882e-01,6.485983080519425181e-01,-9.625500784317324587e-01,5.876455868599710364e-01,-9.489692891247238915e-01,5.723860440122638948e-01,-9.454490851888616154e-01,5.723860392367937644e-01,-9.489692833115261905e-01,5.876455705170046118e-01,-9.625500713180255019e-01,6.485982961414025194e-01
6.621802245353166638e-01,-9.657378967441507811e-01,6.076565581579504993e-01,-9.552119322430230319e-01,5.978672863759241229e-01,-9.552119312784781435e-01,6.076565545895676879e-01,-9.657378950425735686e-01,6.621802234073074223e-01,6.617258559759686687e-01,-9.653448486395312944e-01,6.057758935917170184e-01,-9.535799374751342539e-01,5.924269771776963234e-01,-9.506244042163414232e-01,5.924269745441015367e-01,-9.535799340292444581e-01,6.057758831861407289e-01,-9.653448439885004007e-01,6.617258480416000621e-01
6.761010360360765192e-01,-9.684421834828217390e-01,6.263484872930143998e-01,-9.593863341795283439e-01,6.178006552893000602e-01,-9.593863329752655433e-01,6.263484799040461848e-01,-9.684421803655740568e-01,6.761010307467810732e-01,6.757634271632565470e-01,-9.681502572516895722e-01,6.248995329113671282e-01,-9.581336020842146084e-01,6.134249538545508695e-01,-9.557092833468205928e-01,6.134249505303505101e-01,-9.581335945245371688e-01,6.248995110756020432e-01,-9.681502489279856238e-01,6.757634187439647278e-01
6.910391011621689339e-01,-9.711551060851315587e-01,6.461485188647537736e-01,-9.635156417815404772e-01,6.388263050023372802e-01,-9.635156410599452492e-01,6.461485140751824785e-01,-9.711551042032430248e-01,6.910390979413092438e-01,6.907991867697219623e-01,-9.709476233724125827e-01,6.450742458503117005e-01,-9.625899139560128992e-01,6.354129949945933609e-01,-9.606554743211088709e-01,6.354129939576934616e-01,-9.625899099969321693e-01,6.450742333955539198e-01,-9.709476185491433542e-01,6.907991821316370462e-01
7.070932530715554609e-01,-9.738547420005213562e-01,6.671216534571712264e-01,-9.675580465155613208e-01,6.609919284205185708e-01,-9.675580455819832171e-01,6.671216446422338908e-01,-9.738547391037154499e-01,7.070932432849422744e-01,7.069316917103278808e-01,-9.737148872556045109e-01,6.663610799018742092e-01,-9.669043664632896995e-01,6.584245709287965820e-01,-9.654108501838212231e-01,6.584245677741245029e-01,-9.669043573008634374e-01,6.663610558141530582e-01,-9.737148798141145312e-01,7.069316906760354513e-01
7.243721364784780903e-01,-9.765146725554291196e-01,6.893332019570693747e-01,-9.714660459897959122e-01,6.843427277197948744e-01,-9.714660455053767407e-01,6.893331970211045157e-01,-9.765146710367125227e-01,7.243721312736729478e-01,7.242702431223367876e-01,-9.764262720616363467e-01,6.888239596728864544e-01,-9.710290613339760402e-01,6.824941921758357344e-01,-9.699208119810014406e-01,6.824941913367486013e-01,-9.710290571233397561e-01,6.888239479817832578e-01,-9.764262685182552026e-01,7.242702433310854726e-01
7.429934641730231437e-01,-9.791036156125434431e-01,7.128469066768206019e-01,-9.751871918088341751e-01,7.089200510245481368e-01,-9.751871910351308514e-01,7.128469003020304617e-01,-9.791036137740931622e-01,7.429934543636048661e-01,7.429341793782783254e-01,-9.790519724004492774e-01,7.125284422288852282e-01,-9.749138767350593593e-01,7.076576056435371909e-01,-9.741301774438676508e-01,7.076575991378821762e-01,-9.749138681160249842e-01,7.125284227321160291e-01,-9.790519681989902079e-01,7.429341808825644655e-01
7.630811368455192589e-01,-9.815851353185410799e-01,7.377212771459488172e-01,-9.786654094486295641e-01,7.347588198536177950e-01,-9.786654091342057438e-01,7.377212744103487374e-01,-9.815851345704224018e-01,7.630811327918571862e-01,7.630499449331950013e-01,-9.815577708207344765e-01,7.375382285479594735e-01,-9.785078614564417521e-01,7.339506223721965483e-01,-9.779854427229025537e-01,7.339506202941543656e-01,-9.785078583717971012e-01,7.375382212454124620e-01,-9.815577693703850803e-01,7.630499461333283273e-01
7.847584536186926751e-01,-9.839174597092401608e-01,7.640026167299502902e-01,-9.818429689925345372e-01,7.618824646573655324e-01,-9.818429686103522513e-01,7.640026151784672370e-01,-9.839174591977831730e-01,7.847584497713184781e-01,7.847439997617799978e-01,-9.839046291523252386e-01,7.639079483156430150e-01,-9.817608935270171200e-01,7.614048920039848678e-01,-9.814371916063865386e-01,7.614048865323945758e-01,-9.817608896310772160e-01,7.639079402175924516e-01,-9.839046280175912651e-01,7.847439990356854800e-01
8.081337996684568870e-01,-9.860533557293087448e-01,7.917116286915487633e-01,-9.846628949857274549e-01,7.902923509625980891e-01,-9.846628947126067066e-01,7.917116294478835359e-01,-9.860533556440994607e-01,8.081337989786822051e-01,8.081281128936050884e-01,-9.860482050667334075e-01,7.916688146823143146e-01,-9.846252289912336142e-01,7.900371719837995244e-01,-9.844421688315944108e-01,7.900371642085060042e-01,-9.846252257082768189e-01,7.916688083221061767e-01,-9.860482042241452971e-01,8.081281083261383502e-01
8.332727153513668217e-01,-9.879398583394509714e-01,8.208181821811078027e-01,-9.870712772585176209e-01,8.199462417112308721e-01,-9.870712772410582536e-01,8.208181842883824908e-01,-9.879398586562326834e-01,8.332727186096137162e-01,8.332709114175820275e-01,-9.879381653988689171e-01,8.208019006732517608e-01,-9.870565553885665144e-01,8.198263517908416231e-01,-9.869642829917955051e-01,8.198263446596066872e-01,-9.870565534575649336e-01,8.208018967643428976e-01,-9.879381643878403230e-01,8.332709052505544722e-01
8.601453462673177564e-01,-9.895169269221345543e-01,8.511943478430190613e-01,-9.890178705475574095e-01,8.507153387038299819e-01,-9.890178706897495564e-01,8.511943491463974665e-01,-9.895169272378572245e-01,8.601453499494161603e-01,8.601449180441649300e-01,-9.895164980346228267e-01,8.511894192590002683e-01,-9.890131818852219148e-01,8.506676906725100240e-01,-9.889729533004765205e-01,8.506676868686896542e-01,-9.890131810411517677e-01,8.511894171129085196e-01,-9.895164970779649627e-01,8.601449146332592610e-01
