-9.999999999999968914e-01,-9.999999999999968914e-01,-9.999999999999968914e-01,-9.999999999999968914e-01,-9.999999999999968914e-01,-9.999999999999968914e-01,-9.999999999999968914e-01,-9.999999999999968914e-01,-9.999999999999968914e-01,-9.999999999999968914e-01,-9.999999999999968914e-01,-9.999999999999968914e-01,-9.999999999999968914e-01,-9.999999999999968914e-01,-9.999999999999968914e-01,-9.999999999999968914e-01,-9.999999999999968914e-01,-9.999999999999968914e-01,-9.999999999999968914e-01,-9.999999999999968914e-01
-9.976112581434529725e-01,-9.976158420753210576e-01,-9.976159717539933025e-01,-9.976158420752503364e-01,-9.976112581434058990e-01,-9.976112589653445273e-01,-9.976158452386061359e-01,-9.976159874678210970e-01,-9.976159999967946224e-01,-9.976160022569365848e-01,-9.976160028590967954e-01,-9.976160030530226708e-01,-9.976160031008562967e-01,-9.976160030530109024e-01,-9.976160028591437579e-01,-9.976160022569916519e-01,-9.976159999965440450e-01,-9.976159874679508821e-01,-9.976158452385258668e-01,-9.976112589654871909e-01
-9.952496268629718035e-01,-9.952677088455774701e-01,-9.952681902213649234e-01,-9.952677088455996746e-01,-9.952496268631965126e-01,-9.952496300415688557e-01,-9.952677209768359123e-01,-9.952682495949038977e-01,-9.952682967537819225e-01,-9.952683053991241424e-01,-9.952683077191362138e-01,-9.952683084692830473e-01,-9.952683086542862823e-01,-9.952683084688390691e-01,-9.952683077192341354e-01,-9.952683053994898499e-01,-9.952682967531252256e-01,-9.952682495954874309e-01,-9.952677209764595467e-01,-9.952496300417656983e-01
-9.929145128191733116e-01,-9.929546393253338987e-01,-9.929556414841801404e-01,-9.929546393260291204e-01,-9.929145128204391879e-01,-9.929145197380345733e-01,-9.929546655224574803e-01,-9.929557678306513147e-01,-9.929558678001054739e-01,-9.929558864229197646e-01,-9.929558914547015336e-01,-9.929558930875006517e-01,-9.929558934907599665e-01,-9.929558930859716526e-01,-9.929558914553914262e-01,-9.929558864244095728e-01,-9.929558677981448200e-01,-9.929557678326607073e-01,-9.929546655211402006e-01,-9.929145197382528432e-01
-9.906053422480365356e-01,-9.906757086566183590e-01,-9.906773516278496450e-01,-9.906757086589534911e-01,-9.906053422513699802e-01,-9.906053541543291541e-01,-9.906757534001549015e-01,-9.906775643435286050e-01,-9.906777320090970340e-01,-9.906777637402950365e-01,-9.906777723693350746e-01,-9.906777751788589104e-01,-9.906777758741699413e-01,-9.906777751754552996e-01,-9.906777723720261442e-01,-9.906777637444167395e-01,-9.906777320038255841e-01,-9.906775643484797556e-01,-9.906757533969023921e-01,-9.906053541547219510e-01
-9.883215600942497625e-01,-9.884300263619808513e-01,-9.884323847310995115e-01,-9.884300263673478915e-01,-9.883215601007743212e-01,-9.883215781123597665e-01,-9.884300935919506648e-01,-9.884326999291039861e-01,-9.884329474365419754e-01,-9.884329950072671123e-01,-9.884330080222042403e-01,-9.884330122732432056e-01,-9.884330133278451669e-01,-9.884330122674471752e-01,-9.884330080291385823e-01,-9.884329950159379541e-01,-9.884329474252492309e-01,-9.884326999386977564e-01,-9.884300935857005532e-01,-9.883215781131082789e-01
-9.860626291925723708e-01,-9.862167347008236051e-01,-9.862198409776790076e-01,-9.862167347102218651e-01,-9.860626292025659323e-01,-9.860626543364765517e-01,-9.862168278810924393e-01,-9.862202720482351470e-01,-9.862206092968708315e-01,-9.862206750920005094e-01,-9.862206931947161692e-01,-9.862206991246750265e-01,-9.862207005993176567e-01,-9.862206991169469861e-01,-9.862206932078536603e-01,-9.862206751062606580e-01,-9.862206092774623567e-01,-9.862202720631724207e-01,-9.862168278715233161e-01,-9.860626543377958297e-01
-9.838280294932724157e-01,-9.840350071223298301e-01,-9.840388548816884073e-01,-9.840350071341077420e-01,-9.838280295043456691e-01,-9.838280626793245442e-01,-9.840351292925645366e-01,-9.840394129859557637e-01,-9.840398480658588687e-01,-9.840399341715274639e-01,-9.840399579858999379e-01,-9.840399658053355925e-01,-9.840399677526990851e-01,-9.840399657979725934e-01,-9.840399580033241111e-01,-9.840399341884760176e-01,-9.840398480413427018e-01,-9.840394130031518971e-01,-9.840351292818009243e-01,-9.838280626811413132e-01
-9.816172573325542272e-01,-9.818840468037304259e-01,-9.818885936195368425e-01,-9.818840468150106249e-01,-9.816172573419373881e-01,-9.816172993887158915e-01,-9.818842006323216243e-01,-9.818892881251338745e-01,-9.818898277053826895e-01,-9.818899359438124641e-01,-9.818899660242348393e-01,-9.818899759211381362e-01,-9.818899783870463915e-01,-9.818899759159459562e-01,-9.818899660415936204e-01,-9.818899359592012654e-01,-9.818898276813639026e-01,-9.818892881406535711e-01,-9.818842006228994945e-01,-9.816172993906719935e-01
-9.794298247413797398e-01,-9.797630852732699402e-01,-9.797682554569790980e-01,-9.797630852827856618e-01,-9.794298247483134157e-01,-9.794298764129694135e-01,-9.797632731057490663e-01,-9.797690943240924266e-01,-9.797697439957675503e-01,-9.797698759534045898e-01,-9.797699127921848383e-01,-9.797699249365779961e-01,-9.797699279631225666e-01,-9.797699249336087046e-01,-9.797699128071576391e-01,-9.797698759655919520e-01,-9.797697439748589421e-01,-9.797690943367545202e-01,-9.797632730983816263e-01,-9.794298764148152703e-01
-9.772652587879658848e-01,-9.776713811145374411e-01,-9.776770682680114843e-01,-9.776713811223118888e-01,-9.772652587928045698e-01,-9.772653207448227519e-01,-9.776716050083412712e-01,-9.776780583884963072e-01,-9.776788229662429774e-01,-9.776789800218023130e-01,-9.776790240551394007e-01,-9.776790386001834587e-01,-9.776790422262331415e-01,-9.776790385988708421e-01,-9.776790240673890464e-01,-9.776789800309526601e-01,-9.776788229485448012e-01,-9.776780583988204931e-01,-9.776716050026876825e-01,-9.772653207464755409e-01
-9.751231009558614105e-01,-9.756082187413348539e-01,-9.756142881403707667e-01,-9.756082187477741474e-01,-9.751231009591070364e-01,-9.751231737997071436e-01,-9.756084804942710687e-01,-9.756154356341768530e-01,-9.756163194215532464e-01,-9.756165027701219072e-01,-9.756165543834719456e-01,-9.756165714661667598e-01,-9.756165757270219840e-01,-9.756165714660193222e-01,-9.756165543933585926e-01,-9.756165027768376463e-01,-9.756163194063736110e-01,-9.756154356430387642e-01,-9.756084804898133012e-01,-9.751231738011564287e-01
-9.730029065548901901e-01,-9.735729072393712880e-01,-9.735791980601945506e-01,-9.735729072448411348e-01,-9.730029065568770452e-01,-9.730029908258341909e-01,-9.735732084147981080e-01,-9.735805085344474419e-01,-9.735815155568858792e-01,-9.735817262294289565e-01,-9.735817857624199378e-01,-9.735818055047351649e-01,-9.735818104320490551e-01,-9.735818055054488163e-01,-9.735817857702968592e-01,-9.735817262341870393e-01,-9.735815155436103874e-01,-9.735805085425783822e-01,-9.735732084111450302e-01,-9.730029908270689809e-01
-9.709042441623912945e-01,-9.715647792714708908e-01,-9.715711066706469445e-01,-9.715647792762206469e-01,-9.709042441632924625e-01,-9.709043403445507536e-01,-9.715651212203841869e-01,-9.715725854456678245e-01,-9.715737196542636456e-01,-9.715739585334342010e-01,-9.715740262843185482e-01,-9.715740487944947157e-01,-9.715740544164818138e-01,-9.715740487959074745e-01,-9.715740262903586055e-01,-9.715739585365084086e-01,-9.715737196425503486e-01,-9.715725854536131356e-01,-9.715651212172767837e-01,-9.709043403455432930e-01
-9.688266950925485954e-01,-9.695831900420253113e-01,-9.695893470995405883e-01,-9.695831900462534847e-01,-9.688266950924419030e-01,-9.688268036189393584e-01,-9.695835739220721727e-01,-9.695909994053845127e-01,-9.695922648544307298e-01,-9.695925326874820227e-01,-9.695926089171472695e-01,-9.695926342909841900e-01,-9.695926406327527447e-01,-9.695926342930096808e-01,-9.695926089214362831e-01,-9.695925326890438845e-01,-9.695922648440727931e-01,-9.695909994135978316e-01,-9.695835739193292557e-01,-9.688268036196520105e-01
-9.667698528924159040e-01,-9.676275163171551563e-01,-9.676332758518786381e-01,-9.676275163211031094e-01,-9.667698528913244438e-01,-9.667699741492888910e-01,-9.676279431088230520e-01,-9.676351069984792108e-01,-9.676365079994435625e-01,-9.676368054087800541e-01,-9.676368903443655078e-01,-9.676369186663849042e-01,-9.676369257503054655e-01,-9.676369186690050306e-01,-9.676368903470610183e-01,-9.676368054090065396e-01,-9.676365079901231292e-01,-9.676351070074268312e-01,-9.676279431062819736e-01,-9.667699741497107757e-01
-9.647333228627081869e-01,-9.656971554968279969e-01,-9.657022717629080155e-01,-9.656971555007812791e-01,-9.647333228605861066e-01,-9.647334571936100334e-01,-9.656976260169629622e-01,-9.657042872865255756e-01,-9.657058285408944842e-01,-9.657061560327422356e-01,-9.657062498709043652e-01,-9.657062812153357489e-01,-9.657062890612985173e-01,-9.657062812186114620e-01,-9.657062498722366328e-01,-9.657061560318119797e-01,-9.657058285321509228e-01,-9.657042872966941083e-01,-9.656976260144702895e-01,-9.647334571937649095e-01
-9.627167216021494944e-01,-9.637915247357249360e-01,-9.637957350079146002e-01,-9.637915247399528873e-01,-9.627167215988650106e-01,-9.627168693117673648e-01,-9.637920396487839048e-01,-9.637979407964457623e-01,-9.637996275096345489e-01,-9.637999854810885836e-01,-9.638000883909639827e-01,-9.638001228226233952e-01,-9.638001314481776660e-01,-9.638001228266702691e-01,-9.638000883911255201e-01,-9.637999854791302612e-01,-9.637996275010326519e-01,-9.637979408082928412e-01,-9.637920396462164030e-01,-9.627168693116835430e-01
-9.607196765740977362e-01,-9.619100601097543279e-01,-9.619130861651127296e-01,-9.619100601144953133e-01,-9.607196765694401286e-01,-9.607198379317316572e-01,-9.619106199373417265e-01,-9.619154885646761244e-01,-9.619173265429936670e-01,-9.619177152875704184e-01,-9.619178274134845275e-01,-9.619178649886013233e-01,-9.619178744091280153e-01,-9.619178649935650194e-01,-9.619178274125994577e-01,-9.619177152846654089e-01,-9.619173265341817158e-01,-9.619154885786169729e-01,-9.619106199346028063e-01,-9.607198379314272341e-01
-9.587418256939923555e-01,-9.600522158254202187e-01,-9.600537653282462669e-01,-9.600522158309162668e-01,-9.587418256876739653e-01,-9.587420009366353080e-01,-9.600528209543831570e-01,-9.600563712331086075e-01,-9.600583669655590180e-01,-9.600587866774951129e-01,-9.600589081414423465e-01,-9.600589489084281336e-01,-9.600589591373637210e-01,-9.600589489144846223e-01,-9.600589081396280200e-01,-9.600587866737140263e-01,-9.600583669561694178e-01,-9.600563712495457924e-01,-9.600528209513827793e-01,-9.587420009361288242e-01
-9.567828169364402946e-01,-9.582174634696052351e-01,-9.582172312659625879e-01,-9.582174634761276844e-01,-9.567828169280843120e-01,-9.567830062716042860e-01,-9.582181141588069773e-01,-9.582200481935786440e-01,-9.582222089201020143e-01,-9.582226596976544108e-01,-9.582227906015730046e-01,-9.582228346017023224e-01,-9.582228456507466685e-01,-9.582228346090823079e-01,-9.582227905989900707e-01,-9.582226596930685236e-01,-9.582222089096468221e-01,-9.582200482129161756e-01,-9.582181141554519943e-01,-9.567830062709395955e-01
-9.408665906278761426e-01,-9.437152646667963385e-01,-9.436846533308173024e-01,-9.437152647209422485e-01,-9.408665905214412817e-01,-9.408669542705933031e-01,-9.437164500401731271e-01,-9.436901866821435503e-01,-9.436945227131120495e-01,-9.436953323213458367e-01,-9.436955773933448643e-01,-9.436956609400970475e-01,-9.436956821597548561e-01,-9.436956610136267853e-01,-9.436955773877973019e-01,-9.436953322921073362e-01,-9.436945226127049224e-01,-9.436901867980040937e-01,-9.437164500254112687e-01,-9.408669542826882948e-01
-9.217412140046425950e-01,-9.269564315303571167e-01,-9.268285002906795356e-01,-9.269564316718928998e-01,-9.217412137866757282e-01,-9.217418442893909880e-01,-9.269582876260999971e-01,-9.268399775559681419e-01,-9.268495728856124272e-01,-9.268507970991928246e-01,-9.268512095951007002e-01,-9.268513515227296828e-01,-9.268513878363140446e-01,-9.268513516472161040e-01,-9.268512095256830063e-01,-9.268507970736930002e-01,-9.268495728917520715e-01,-9.268399777948044260e-01,-9.269582875973141345e-01,-9.217418442682003832e-01
-8.993461388442655080e-01,-9.082586443010218780e-01,-9.078869230255605105e-01,-9.082586445164588795e-01,-8.993461385765192384e-01,-8.993471553758451975e-01,-9.082609064165251267e-01,-9.079132751532914547e-01,-9.079373085061779314e-01,-9.079385905554830938e-01,-9.079392402690472652e-01,-9.079394581934403519e-01,-9.079395145684810986e-01,-9.079394583146236375e-01,-9.079392402035348919e-01,-9.079385905750081420e-01,-9.079373085595118242e-01,-9.079132753742157336e-01,-9.082609063623156009e-01,-8.993471553323689749e-01
-8.737483914925197048e-01,-8.880966740628358780e-01,-8.872022177196434711e-01,-8.880966753608505737e-01,-8.737483901149255550e-01,-8.737500224868950394e-01,-8.880976865405082465e-01,-8.872659438025413126e-01,-8.873285378465152196e-01,-8.873280437056643155e-01,-8.873290967908868954e-01,-8.873293953326351069e-01,-8.873294765852233201e-01,-8.873293958764300049e-01,-8.873290965800919583e-01,-8.873280439293004251e-01,-8.873285382468064642e-01,-8.872659447552935230e-01,-8.880976862377638614e-01,-8.737500221841154602e-01
-8.451413314560489720e-01,-8.670605432533912138e-01,-8.651680746654992760e-01,-8.670605440531895525e-01,-8.451413308773831901e-01,-8.451442666509147994e-01,-8.670549219045541323e-01,-8.653184716937468712e-01,-8.654742418986491881e-01,-8.654659818052581333e-01,-8.654680313971445660e-01,-8.654683635419899712e-01,-8.654684760537547650e-01,-8.654683635783415596e-01,-8.654680313173072070e-01,-8.654659820471077847e-01,-8.654742421189067780e-01,-8.653184721234115084e-01,-8.670549217075986803e-01,-8.451442663793720111e-01
-8.138274671082033063e-01,-8.457963519756099835e-01,-8.421686809909731952e-01,-8.457963521723097511e-01,-8.138274670548895084e-01,-8.138338976674108771e-01,-8.457705129510252329e-01,-8.425000923471772651e-01,-8.428568668545600717e-01,-8.428252023119380265e-01,-8.428302309735749009e-01,-8.428303503120451179e-01,-8.428305246814462581e-01,-8.428303500353385713e-01,-8.428302309270923054e-01,-8.428252024575182411e-01,-8.428568667640730094e-01,-8.425000924237614486e-01,-8.457705129292196755e-01,-8.138338975182932700e-01
-7.801891936947943362e-01,-8.249436164300854024e-01,-8.185262903949177549e-01,-8.249436168467285668e-01,-7.801891937159378676e-01,-7.802052142682357472e-01,-8.248687309137354706e-01,-8.191990263511381709e-01,-8.199458063147171405e-01,-8.198560584355341074e-01,-8.198696512503549361e-01,-8.198686824319469935e-01,-8.198690583214958139e-01,-8.198686815981138798e-01,-8.198696512433161221e-01,-8.198560589347999583e-01,-8.199458059954387590e-01,-8.191990266527571229e-01,-8.248687310177653664e-01,-7.802052137989000657e-01
-7.446535960157928402e-01,-8.050818540479955931e-01,-7.944691708688842446e-01,-8.050818536876417353e-01,-7.446535962698300759e-01,-7.446936919637456853e-01,-8.049046535695970617e-01,-7.957292979719661208e-01,-7.971652477162437522e-01,-7.969501153158182749e-01,-7.969856446476528689e-01,-7.969810386585756135e-01,-7.969821372423158135e-01,-7.969810379405029011e-01,-7.969856446284920848e-01,-7.969501156067486658e-01,-7.971652470774406307e-01,-7.957292978805821093e-01,-8.049046538412150120e-01,-7.446936917107092047e-01
-7.076576685446159809e-01,-7.866940295605935329e-01,-7.701233462661055684e-01,-7.866940281319210193e-01,-7.076576694165037651e-01,-7.077517046439756321e-01,-7.863268558243884376e-01,-7.723174534818304515e-01,-7.748766632807009280e-01,-7.744193817461745288e-01,-7.745047010617358563e-01,-7.744901368271362996e-01,-7.744935529368855986e-01,-7.744901354260149695e-01,-7.745047009698142748e-01,-7.744193823355477457e-01,-7.748766617533902057e-01,-7.723174529289684731e-01,-7.863268565510224128e-01,-7.077517041913274909e-01
-6.696189689238244425e-01,-7.701485014758718828e-01,-7.455239831088954494e-01,-7.701484972403453977e-01,-6.696189712838711561e-01,-6.698213641038535116e-01,-7.694605711466973030e-01,-7.491062127424258366e-01,-7.533736250102960330e-01,-7.524899578494373964e-01,-7.526766484985255579e-01,-7.526384222526415479e-01,-7.526483053268169243e-01,-7.526384202479134977e-01,-7.526766479478688154e-01,-7.524899585066437968e-01,-7.533736221206797090e-01,-7.491062105936734383e-01,-7.694605724930952961e-01,-6.698213636416774364e-01
-6.309146280611449553e-01,-7.556966866257911475e-01,-7.206385057113134929e-01,-7.556966831647277116e-01,-6.309146295721930198e-01,-6.313145395807329141e-01,-7.545084831365134193e-01,-7.261688475531808962e-01,-7.328846791615193368e-01,-7.313064123838173280e-01,-7.316809834299468074e-01,-7.315925970542962453e-01,-7.316183606485168189e-01,-7.315925978688797571e-01,-7.316809823858584361e-01,-7.313064109490703402e-01,-7.328846782311303487e-01,-7.261688452342294209e-01,-7.545084827468022670e-01,-6.313145398453605672e-01
-5.918695030381404543e-01,-7.434817287189868784e-01,-6.953935052220814317e-01,-7.434817228871213324e-01,-5.918695058821683563e-01,-5.926002360280877568e-01,-7.415637501852402336e-01,-7.035279382262906722e-01,-7.135802498150509710e-01,-7.109426761448897070e-01,-7.116385822207862422e-01,-7.114535423062378072e-01,-7.115141886446014752e-01,-7.114535452482375621e-01,-7.116385798827296050e-01,-7.109426720303322345e-01,-7.135802498804476590e-01,-7.035279340771561918e-01,-7.415637482424105587e-01,-5.926002367243413671e-01
-5.527526036270158372e-01,-7.335533225159183157e-01,-6.696997594203840665e-01,-7.335533210379124869e-01,-5.527526053593627697e-01,-5.539982373239572544e-01,-7.306296580570392774e-01,-6.811736746732826031e-01,-6.955807959738014024e-01,-6.914158634859005614e-01,-6.926249729494512453e-01,-6.922681153627203710e-01,-6.923984141376864354e-01,-6.922681180136348589e-01,-6.926249719837422880e-01,-6.914158602519904218e-01,-6.955807979350101533e-01,-6.811736733465948435e-01,-7.306296563057061988e-01,-5.539982379112529109e-01
-5.137798465735781139e-01,-7.258849443550972058e-01,-6.434722903126620652e-01,-7.258849431259781770e-01,-5.137798492456474575e-01,-5.157775886579840652e-01,-7.216412218862555683e-01,-6.590791202824636263e-01,-6.789647158448939290e-01,-6.727004768835734838e-01,-6.746827202718150840e-01,-6.740406842908145402e-01,-6.742991134516603813e-01,-6.740406883452503273e-01,-6.746827193561912850e-01,-6.727004708628588903e-01,-6.789647200197388432e-01,-6.590791185125559615e-01,-7.216412189045912084e-01,-5.157775896704716034e-01
-4.751209249166258308e-01,-7.203908338652639243e-01,-6.166446249286624548e-01,-7.203908350548702266e-01,-4.751209255997387304e-01,-4.781583174242771683e-01,-7.144856893650961549e-01,-6.372113642010700518e-01,-6.637754660462877876e-01,-6.547413810820403857e-01,-6.578317076386157591e-01,-6.567433070217453261e-01,-6.572213984110382157e-01,-6.567433075456106106e-01,-6.578317088929966916e-01,-6.547413785817579601e-01,-6.637754683434363701e-01,-6.372113634750935507e-01,-7.144856889053361471e-01,-4.781583182053540937e-01
-4.369080663632554096e-01,-7.169414200745178878e-01,-5.891775401138630297e-01,-7.169414225534592733e-01,-4.369080664224659349e-01,-4.413151514020506871e-01,-7.090202430633821828e-01,-6.155388215326491608e-01,-6.500277568420457230e-01,-6.374648217410856521e-01,-6.420769933550560804e-01,-6.403242343750591425e-01,-6.411566853091472673e-01,-6.403242335819701037e-01,-6.420769966522370531e-01,-6.374648178427921863e-01,-6.500277598559200953e-01,-6.155388194353882403e-01,-7.090202433869438048e-01,-4.413151522521010506e-01
-3.992450849724396011e-01,-7.153764997132600056e-01,-5.610633166461487242e-01,-7.153765038803666654e-01,-3.992450833279346800e-01,-4.053822783285587206e-01,-7.050862269334277066e-01,-5.940352949450727893e-01,-6.377129975721936850e-01,-6.207871275904376374e-01,-6.274144219138493295e-01,-6.247148087835282526e-01,-6.260896120282340993e-01,-6.247148051104860489e-01,-6.274144289180779710e-01,-6.207871214943041505e-01,-6.377130015200149771e-01,-5.940352897004513855e-01,-7.050862294737568758e-01,-4.053822785660415873e-01
-3.622154748480496123e-01,-7.155161827790985640e-01,-5.323264514003925862e-01,-7.155161851258712291e-01,-3.622154715822826776e-01,-3.704584702380530059e-01,-7.025199547391004495e-01,-5.726816881362999379e-01,-6.268040583976148827e-01,-6.046212557367631746e-01,-6.138343908572818641e-01,-6.098349668589221340e-01,-6.120027977255970697e-01,-6.098349616903341319e-01,-6.138343964652973606e-01,-6.046212543514886129e-01,-6.268040595925887803e-01,-5.726816836728191307e-01,-7.025199591738962024e-01,-3.704584683475245499e-01
-3.258889427437848818e-01,-7.171697813211938000e-01,-5.030217775351322196e-01,-7.171697843573839881e-01,-3.258889369764758071e-01,-3.366121420733507730e-01,-7.011604686452124202e-01,-5.514661277913491810e-01,-6.172594825453271428e-01,-5.888814273460021287e-01,-6.013241944786980042e-01,-5.955976390141001220e-01,-5.988797947139403721e-01,-5.955976305933509130e-01,-6.013242034328800667e-01,-5.888814244529732012e-01,-6.172594853473698517e-01,-5.514661191708900567e-01,-7.011604770815853538e-01,-3.366121368168052408e-01
-2.903261717270325115e-01,-7.201429340343913355e-01,-4.732308219146541539e-01,-7.201429352995475375e-01,-2.903261681344425083e-01,-3.038861789881849296e-01,-7.008547321130541574e-01,-5.303831651157728810e-01,-6.090271802503700593e-01,-5.734861097119181572e-01,-5.898694424345867215e-01,-5.819121930896612449e-01,-5.867066792207807913e-01,-5.819121883168967280e-01,-5.898694469822558517e-01,-5.734861086521916285e-01,-6.090271828992672720e-01,-5.303831594179635456e-01,-7.008547386400858503e-01,-3.038861727555449699e-01
-2.555818419500538452e-01,-7.242432999696046814e-01,-4.430569346982248247e-01,-7.242433014290202697e-01,-2.555818372549711337e-01,-2.723023017791258438e-01,-7.014608539507773965e-01,-5.094324978357688272e-01,-6.020476348731567118e-01,-5.583598465871446592e-01,-5.794547416314321797e-01,-5.686872184327178559e-01,-5.754725750928046946e-01,-5.686872126765971647e-01,-5.794547469758868363e-01,-5.583598452766187492e-01,-6.020476391932024773e-01,-5.094324892470699639e-01,-7.014608639947355062e-01,-2.723022911768505638e-01
-2.217061825853595403e-01,-7.292850425209610465e-01,-4.126197736373400926e-01,-7.292850440756009078e-01,-2.217061769736641264e-01,-2.418649977845249155e-01,-7.028497963073603305e-01,-4.886175585435035829e-01,-5.962566172740154657e-01,-5.434341238852158362e-01,-5.700640350111833010e-01,-5.558326417962998756e-01,-5.651695280649429165e-01,-5.558326359916807569e-01,-5.700640398219321003e-01,-5.434341234729338499e-01,-5.962566228463962448e-01,-4.886175472025985900e-01,-7.028498104565437110e-01,-2.418649816435642641e-01
-1.887454022251489061e-01,-7.350923030916285406e-01,-3.820495455780364980e-01,-7.350923034455433269e-01,-1.887454010998141085e-01,-2.125649593049912245e-01,-7.049059996498864278e-01,-4.679441616860039455e-01,-5.915874416723563289e-01,-5.286476468527451233e-01,-5.616806433959794509e-01,-5.432614140579603568e-01,-5.557919239911771614e-01,-5.432614138881788346e-01,-5.616806429082716878e-01,-5.286476477524568729e-01,-5.915874452421217011e-01,-4.679441563584670338e-01,-7.049060072122120824e-01,-2.125649493040898119e-01
-1.567413919769844455e-01,-7.415017690344853918e-01,-3.514814291798978863e-01,-7.415017692494445534e-01,-1.567413912484957039e-01,-1.843821217796750012e-01,-7.075272127424374613e-01,-4.474193626391053669e-01,-5.879727588767102997e-01,-5.139461998251800834e-01,-5.542871942172105104e-01,-5.308907783433391980e-01,-5.473357053118732551e-01,-5.308907799590506515e-01,-5.542871911723077361e-01,-5.139462027328594029e-01,-5.879727625815749370e-01,-4.474193566474550243e-01,-7.075272224627183748e-01,-1.843821086168558887e-01
-1.257309537520648057e-01,-7.483644900309742720e-01,-3.210503564077128447e-01,-7.483644900918233756e-01,-1.257309535605135864e-01,-1.572881837260880489e-01,-7.106238916631220093e-01,-4.270505038410925547e-01,-5.853459519482793194e-01,-4.992822809696889075e-01,-5.478654907737748880e-01,-5.186431877707952109e-01,-5.397974994422383155e-01,-5.186431920526669570e-01,-5.478654838774257296e-01,-4.992822868261206359e-01,-5.853459555419537885e-01,-4.270504971534693217e-01,-7.106239041777779875e-01,-1.572881665254146633e-01
-9.574494440430159070e-02,-7.555469610642309153e-01,-2.908865193728982779e-01,-7.555469609761886751e-01,-9.574494569686609058e-02,-1.312488052527899796e-01,-7.141182427725266679e-01,-4.068445477167303981e-01,-5.836421474780232321e-01,-4.846146314723553949e-01,-5.423963441690388132e-01,-5.064469840317223914e-01,-5.331737688540918452e-01,-5.064469879917754547e-01,-5.423963392394874905e-01,-4.846146341387329026e-01,-5.836421501557601532e-01,-4.068445451556659820e-01,-7.141182477574367082e-01,-1.312487983507479306e-01
-6.680750482698606663e-02,-7.629315708109247751e-01,-2.611117031829696122e-01,-7.629315708479754710e-01,-6.680750639241803124e-02,-1.062254791862257547e-01,-7.179430817177818724e-01,-3.868076673695906020e-01,-5.827988901821200551e-01,-4.699077231519655506e-01,-5.378594412302730721e-01,-4.942368170013350381e-01,-5.274600645451975600e-01,-4.942368225680690008e-01,-5.378594337638189504e-01,-4.699077273494712270e-01,-5.827988932108630893e-01,-3.868076645891627141e-01,-7.179430881018600275e-01,-1.062254705589780746e-01
-3.893544908067526900e-02,-7.704165528876648628e-01,-2.318364231610354209e-01,-7.704165532033298014e-01,-3.893545079616307636e-02,-8.217697266216802965e-02,-7.220407226485159313e-01,-3.669449656906628721e-01,-5.827565822318223621e-01,-4.551313057719432731e-01,-5.342331712416763523e-01,-4.819539445753830975e-01,-5.226503395155375209e-01,-4.819539520179165759e-01,-5.342331604673498102e-01,-4.551313119504342142e-01,-5.827565856696392821e-01,-3.669449624530468079e-01,-7.220407309756067260e-01,-8.217696169418338414e-02
-1.213799649768431549e-02,-7.779154485306984945e-01,-2.031580294812461718e-01,-7.779154490436809288e-01,-1.213799730002734084e-02,-5.906059992787658641e-02,-7.263617900790713122e-01,-3.472604376931202053e-01,-5.834586683305772459e-01,-4.402599849063406068e-01,-5.314945124916374830e-01,-4.695463597590401328e-01,-5.187364258350413149e-01,-4.695463622695491002e-01,-5.314945088079268132e-01,-4.402599858464741334e-01,-5.834586706666622380e-01,-3.472604371094770159e-01,-7.263617915373727918e-01,-5.906059854455658620e-02
1.358320716623716284e-02,-7.853562267354127213e-01,-1.751596225631240344e-01,-7.853562275766915457e-01,1.358320648268012895e-02,-3.683323405194373346e-02,-7.308640970187378905e-01,-3.277570509813807487e-01,-5.848516554899969577e-01,-4.252728605545499363e-01,-5.296189457365343412e-01,-4.569688152452663354e-01,-5.157076210044521103e-01,-4.569688181870101840e-01,-5.296189405285102181e-01,-4.252728622519147406e-01,-5.848516581851377349e-01,-3.277570501496472888e-01,-7.308640992272126269e-01,-3.683323195149135199e-02
3.823381116823468262e-02,-7.926801758708842405e-01,-1.479096644538658023e-01,-7.926801770765803390e-01,3.823381058189154885e-02,-1.545205069659937036e-02,-7.355116573671829361e-01,-3.084368801806686711e-01,-5.868850282987009281e-01,-4.101532710398456683e-01,-5.285803325190836510e-01,-4.441828155149956103e-01,-5.135503596561104001e-01,-4.441828189155314632e-01,-5.285803254618819391e-01,-4.101532737538300388e-01,-5.868850314014903979e-01,-3.084368788847607346e-01,-7.355116605487451720e-01,-1.545204763227289724e-02
6.182622003250686643e-02,-7.998406053860304121e-01,-1.214622389988881945e-01,-7.998406069627036485e-01,6.182621945630692450e-02,5.124834089626183198e-03,-7.402737321443524365e-01,-2.893013537600608309e-01,-5.895110497255520166e-01,-3.948885604954618933e-01,-5.283508702308121752e-01,-4.311565086631021226e-01,-5.122480126031627723e-01,-4.311565122585362397e-01,-5.283508614840342066e-01,-3.948885641198099927e-01,-5.895110533334591008e-01,-2.893013520221797696e-01,-7.402737360897808649e-01,5.124837769621452647e-03
8.437889646809131061e-02,-8.068014816827585589e-01,-9.585775986792940961e-02,-8.068014835775825233e-01,8.437889570167624032e-02,2.493790912384037661e-02,-7.451240071874196680e-01,-2.703515104156555271e-01,-5.926845209283990723e-01,-3.794699134011981778e-01,-5.289010409343897212e-01,-4.178645590709748614e-01,-5.117807567681300629e-01,-4.178645621323118231e-01,-5.289010314038230520e-01,-3.794699172418173894e-01,-5.926845251565222572e-01,-2.703515086708526693e-01,-7.451240110422305829e-01,2.493791218699004802e-02
1.059155519822893576e-01,-8.135360491240454239e-01,-7.112401920536001731e-02,-8.135360511845122211e-01,1.059155506554306514e-01,4.402593031337992402e-02,-7.500398660227634018e-01,-2.515882712057375126e-01,-5.963625110662558182e-01,-3.638922213437111863e-01,-5.301995884088891442e-01,-4.042879830037393041e-01,-5.121255231555461584e-01,-4.042879844125670252e-01,-5.301995796470237998e-01,-3.638922241931230595e-01,-5.963625159874217374e-01,-2.515882702732139542e-01,-7.500398684044928821e-01,4.402593081639299966e-02
1.264642856115784086e-01,-8.200254923008432062e-01,-4.727745143960028484e-02,-8.200254942626615806e-01,1.264642831785409705e-01,6.242568523663080682e-02,-7.550017599345849595e-01,-2.330127036154345799e-01,-6.005040817099727146e-01,-3.481539711109248869e-01,-5.322135206545446362e-01,-3.904139557305250641e-01,-5.132560112204892500e-01,-3.904139543022859815e-01,-5.322135144006228114e-01,-3.481539716145124475e-01,-6.005040873102523991e-01,-2.330127044524836211e-01,-7.550017593601288102e-01,6.242568112597048080e-02
1.460567096754166738e-01,-8.262576737903877255e-01,-2.432451637524592897e-02,-8.262576736382618581e-01,1.460567069279073427e-01,8.017183797776056275e-02,-7.599926659705911192e-01,-2.146262676507156297e-01,-6.050700209964066101e-01,-3.322571433864602852e-01,-5.349081396474592021e-01,-3.762355862718889110e-01,-5.151427682218765458e-01,-3.762355817414752002e-01,-5.349081430795923353e-01,-3.322571386167504359e-01,-6.050700230021516246e-01,-2.146262706399670317e-01,-7.599926605520873624e-01,8.017182927272507864e-02
1.647271554224287171e-01,-8.322259987340554499e-01,-2.263075188618278791e-03,-8.322259979975197286e-01,1.647271512332078580e-01,9.729686080755388378e-02,-7.649976431150901091e-01,-1.964310047040284113e-01,-6.100226119137497349e-01,-3.162070901225722541e-01,-5.382471089070973713e-01,-3.617516869964751414e-01,-5.177532973659347837e-01,-3.617516805680486280e-01,-5.382471147049256999e-01,-3.162070832916411001e-01,-6.100226139148507976e-01,-1.964310091350111864e-01,-7.649976355745988776e-01,9.729684906263635913e-02
1.825118508850014087e-01,-8.379283579509178015e-01,1.891619871851416695e-02,-8.379283565351152152e-01,1.825118450825725103e-01,1.138309890016564047e-01,-7.700034372965697260e-01,-1.784297333922761908e-01,-6.153254121282645261e-01,-3.000124303545069759e-01,-5.421925408492054288e-01,-3.469664641919886772e-01,-5.210522709566924870e-01,-3.469664560989510482e-01,-5.421925487317142967e-01,-3.000124216920563303e-01,-6.153254140706707620e-01,-1.784297391249648201e-01,-7.700034279330054687e-01,1.138309746460508948e-01
1.994482619278678537e-01,-8.433662351652808642e-01,3.922855468698474568e-02,-8.433662330422613262e-01,1.994482544848117378e-01,1.298022524866576655e-01,-7.749981803359650145e-01,-1.606261496916495668e-01,-6.209430972512902658e-01,-2.836848841849808345e-01,-5.467051355202869889e-01,-3.318892216835038766e-01,-5.250017360275873735e-01,-3.318892123106957359e-01,-5.467051449903177485e-01,-2.836848741118124240e-01,-6.209430991046589465e-01,-1.606261564500812145e-01,-7.749981696223042782e-01,1.298022361869579921e-01
2.155744795126162405e-01,-8.485439192648673856e-01,5.869397648089935693e-02,-8.485439164722805572e-01,2.155744705404770700e-01,1.452365307264903149e-01,-7.799711378187503819e-01,-1.430249020549723693e-01,-6.268413348216319569e-01,-2.672390934162817699e-01,-5.517443477321735124e-01,-3.165340050071868139e-01,-5.295613917098829226e-01,-3.165339947920502994e-01,-5.517443582228085397e-01,-2.672390824289782585e-01,-6.268413365779581525e-01,-1.430249095111711388e-01,-7.799711262754982499e-01,1.452365132121740121e-01
2.309287038847374074e-01,-8.534678371826600607e-01,7.733612408228932034e-02,-8.534678338141667986e-01,2.309286936128921996e-01,1.601576402840049207e-01,-7.849125125856780683e-01,-1.256316123423157904e-01,-6.329867043993462339e-01,-2.506924021558694093e-01,-5.572685920099283985e-01,-3.009192121329717917e-01,-5.346889019792218090e-01,-3.009192014950279326e-01,-5.572686029886917414e-01,-2.506923907419421060e-01,-6.329867060669227552e-01,-1.256316201804209831e-01,-7.849125006936659155e-01,1.601576222280168826e-01
2.455488154917644938e-01,-8.581459945715954607e-01,9.518140547578575472e-02,-8.581459907621650229e-01,2.455488042369475821e-01,1.745874461594806581e-01,-7.898132946028582069e-01,-1.084528491408309758e-01,-6.393466598859984806e-01,-2.340645996045825905e-01,-5.632354814842621682e-01,-2.850671664726304733e-01,-5.403402448019121174e-01,-2.850671557731452310e-01,-5.632354925118503441e-01,-2.340645881913485660e-01,-6.393466614818386073e-01,-1.084528570957722649e-01,-7.898132827560141456e-01,1.745874281141663320e-01
2.594720269881239938e-01,-8.625875132615061780e-01,1.122581769904240218e-01,-8.625875091699118924e-01,2.594720151183541046e-01,1.885459913655322117e-01,-7.946651504957662482e-01,-9.149605704531094119e-02,-6.458895308628298526e-01,-2.173776259640454733e-01,-5.696020969940126522e-01,-2.690036542888055715e-01,-5.464700921597661631e-01,-2.690036438136405028e-01,-5.696021077467473548e-01,-2.173776148940294028e-01,-6.458895324059749088e-01,-9.149606491896576654e-02,-7.946651389846191016e-01,1.885459737407350067e-01
2.727346087504811112e-01,-8.668022538823008105e-01,1.285960657842644128e-01,-8.668022496729862469e-01,2.727345966469150174e-01,2.020516397564253719e-01,-7.994603463687923739e-01,-7.476944695873971591e-02,-6.525845582627891606e-01,-2.006552447869418554e-01,-5.763252811150803012e-01,-2.527574307081305593e-01,-5.530322141981158790e-01,-2.527574206659853329e-01,-5.763252913821508283e-01,-2.006552343119013260e-01,-6.525845597691918298e-01,-7.476945462022878408e-02,-7.994603353838058979e-01,2.020516228245711199e-01
2.853716793760501802e-01,-8.708005121693344064e-01,1.442254049331658516e-01,-8.708005079962133355e-01,2.853716673977854112e-01,2.151212275548460839e-01,-8.041916978791892046e-01,-5.828185368221738827e-02,-6.594019585416627249e-01,-1.839226872324873918e-01,-5.833619504629222741e-01,-2.363597005848505628e-01,-5.599798995766999132e-01,-2.363596911139991819e-01,-5.833619601294615098e-01,-1.839226775183606111e-01,-6.594019600213787413e-01,-5.828186105830951425e-02,-8.041916875251347019e-01,2.151212114708727641e-01
2.974170524044677522e-01,-8.745927780873739010e-01,1.591767698930799946e-01,-8.745927740815606644e-01,2.974170408609397853e-01,2.277702193749046589e-01,-8.088525419073422373e-01,-4.204256796102767701e-02,-6.663130097085345760e-01,-1.672062754702203224e-01,-5.906694185362642013e-01,-2.198435822848684440e-01,-5.672663831491840947e-01,-2.198435734636915717e-01,-5.906694275607893285e-01,-1.672062666076147008e-01,-6.663130111651285326e-01,-4.204257502194953811e-02,-8.088525322221038483e-01,2.277702042019505713e-01
3.089031307662679082e-01,-8.781895478212253803e-01,1.734806044686288962e-01,-8.781895440837281797e-01,3.089031198999581118e-01,2.400128648761603034e-01,-8.134367245772771149e-01,-2.606115071133591199e-02,-6.732901521280262314e-01,-1.505330338094512110e-01,-5.982057206656222759e-01,-2.032435639092290969e-01,-5.748452714757774640e-01,-2.032435557678109461e-01,-5.982057290572473374e-01,-1.505330258266678045e-01,-6.732901535591993003e-01,-2.606115745643352785e-02,-8.134367155504954594e-01,2.400128506108670234e-01
3.198608410371622801e-01,-8.816011797387134363e-01,1.871669245216381616e-01,-8.816011763379305588e-01,3.198608310167186386e-01,2.518623525383837936e-01,-8.179386008435607369e-01,-1.034723735199577499e-02,-6.803070969191793438e-01,-1.339302969532329413e-01,-6.059299323602878040e-01,-1.865949624292693454e-01,-5.826709564736136659e-01,-1.865949549601326474e-01,-6.059299401595001910e-01,-1.339302898288297627e-01,-6.803070983187311516e-01,-1.034724379665141920e-02,-8.179385924331465940e-01,2.518623391331488159e-01
3.303196003316020701e-01,-8.848377865312928581e-01,2.002650882411868838e-01,-8.848377835043226280e-01,3.303195912535658030e-01,2.633309574439977041e-01,-8.223530413759366775e-01,5.089659991139527939e-03,-6.873389350316351232e-01,-1.174253250552784456e-01,-6.138024725286134187e-01,-1.699333965944068159e-01,-5.906990077665941197e-01,-1.699333897622286038e-01,-6.138024797919978681e-01,-1.174253187302096019e-01,-6.873389363913654515e-01,5.089653825418278404e-03,-8.223530335212300146e-01,2.633309448247022622e-01
3.403073094994136794e-01,-8.879091568094021891e-01,2.128036226759184024e-01,-8.879091541659928088e-01,3.403073013961289695e-01,2.744301804015887303e-01,-8.266754430355029992e-01,2.024034513020434023e-02,-6.943622406440328465e-01,-1.010449350020049958e-01,-6.217853836662353695e-01,-1.532942842662649019e-01,-5.988865350183116831e-01,-1.532942780161486440e-01,-6.217853904555846745e-01,-1.010449293902238171e-01,-6.943622419557600178e-01,2.024033922313076689e-02,-8.266754356674124171e-01,2.744301684812784359e-01
3.498503671300370321e-01,-8.908247004323612828e-01,2.248100972599517688e-01,-8.908246981602621073e-01,3.498503599810703357e-01,2.851708762378417084e-01,-8.309017398355714734e-01,3.509611881442331605e-02,-7.013551633539181207e-01,-8.481515659158839204e-02,-6.298425821133056823e-01,-1.367123740619954342e-01,-6.071925126654709182e-01,-1.367123683265449863e-01,-6.298425884883306347e-01,-8.481515158927781239e-02,-7.013551646112171634e-01,3.509611315185460351e-02,-8.309017328840735406e-01,2.851708649269325546e-01
3.589736996715569006e-01,-8.935934127602942478e-01,2.363110361431717266e-01,-8.935934108310871204e-01,3.589736934165880800e-01,2.955633696114773334e-01,-8.350284118968851477e-01,4.964894260145946703e-02,-7.082975046452366641e-01,-6.876092111522304207e-02,-6.379400727963281392e-01,-1.202213199220641127e-01,-6.155780609413268323e-01,-1.202213146275415701e-01,-6.379400788099732766e-01,-6.876091660908174863e-02,-7.082975058445244443e-01,4.964893717802512652e-02,-8.350284052962568815e-01,2.955633588250243804e-01
3.677008037134838481e-01,-8.962238538207365490e-01,2.473318622001747236e-01,-8.962238521954972725e-01,3.677007982651316897e-01,3.056175572426798048e-01,-8.390524905211934614e-01,6.389158129398198049e-02,-7.151707752586445865e-01,-5.290578836125599954e-02,-6.460461243963577793e-01,-1.038533055591054077e-01,-6.240066787854525732e-01,-1.038533006305460693e-01,-6.460461300924101868e-01,-5.290578423540996666e-02,-7.151707764000025946e-01,6.389157611430182349e-02,-8.390524842136535266e-01,3.056175469055463223e-01
3.760537971470079843e-01,-8.987241390825121412e-01,2.578968665950188144e-01,-8.987241377168344592e-01,3.760537924024941470e-01,3.153429959824476936e-01,-8.429715580967924726e-01,7.781772089255722946e-02,-7.219582312746695152e-01,-3.727171637748016852e-02,-6.541314025133322385e-01,-8.763872382661987148e-02,-6.324444260573645060e-01,-8.763871919237192776e-02,-6.541314079252356084e-01,-3.727171251989380707e-02,-7.219582323618595199e-01,7.781771597072605073e-02,-8.429715520346042767e-01,3.153429860324475364e-01
3.840534765011358598e-01,-9.011019391297614423e-01,2.680291986986989561e-01,-9.011019379780020877e-01,3.840534723523608140e-01,3.247489766444043857e-01,-8.467837420931911829e-01,9.142206027950222635e-02,-7.286448878784039795e-01,-2.187887655973314027e-02,-6.621690600220202505e-01,-7.160591400232158010e-02,-6.408600542963069913e-01,-7.160590959764058516e-02,-6.621690651730074428e-01,-2.187887286743034343e-02,-7.286448889187256972e-01,9.142205563780735067e-02,-8.467837362398348278e-01,3.247489670341651702e-01
3.917193782594564633e-01,-9.033644860383920339e-01,2.777508719809597681e-01,-9.033644850569979567e-01,3.917193746011339295e-01,3.338445839687518846e-01,-8.504877028841685283e-01,1.047003760508914416e-01,-7.352175108470822007e-01,-6.745514898010548932e-03,-6.701347853417894962e-01,-5.578095794909702920e-02,-6.492250869849823802e-01,-5.578095371916957923e-02,-6.701347902455908612e-01,-6.745511281742231149e-03,-7.352175118506597551e-01,1.047003717174500581e-01,-8.504876972145252179e-01,3.338445746662073166e-01
3.990698423941609896e-01,-9.055185846839970409e-01,2.870827822247000727e-01,-9.055185838339812054e-01,3.990698391300785963e-01,3.426387434657536257e-01,-8.540826155438914213e-01,1.176495609934922748e-01,-7.416645867360786015e-01,8.112141395856975468e-03,-6.780068106918560877e-01,-4.018753421178725138e-02,-6.575138517979894903e-01,-4.018753011389555874e-02,-6.780068153540831366e-01,8.112145008008090144e-03,-7.416645877149929955e-01,1.176495569994428919e-01,-8.540826100437997059e-01,3.426387344537218382e-01
4.061220767195935499e-01,-9.075706275661519218e-01,2.960447350434836089e-01,-9.075706268147212263e-01,4.061220737669784531e-01,3.511402561870464734e-01,-8.575681460849425841e-01,1.302676376224548571e-01,-7.479762735052792877e-01,2.267993405892039516e-02,-6.857658835209350379e-01,-2.484682742690823634e-02,-6.657034685788664197e-01,-2.484682343185517367e-02,-6.857658879407851904e-01,2.267993771884160153e-02,-7.479762744724506307e-01,1.302676339987477727e-01,-8.575681407501720699e-01,3.511402474619554348e-01
4.128922209733272286e-01,-9.095266120277060162e-01,3.046554802259758277e-01,-9.095266113491794480e-01,4.128922182656323270e-01,3.593578226904809436e-01,-8.609444228462276305e-01,1.425537489230882526e-01,-7.541443339049203054e-01,3.694578407139380294e-02,-6.933952051505613001e-01,-9.777489032398015145e-03,-6.737737977558866387e-01,-9.777485125081763345e-03,-6.933952093226769531e-01,3.694578780923597761e-02,-7.541443348727331353e-01,1.425537456969679928e-01,-8.609444176809722959e-01,3.593578142603531811e-01
4.193954097871868680e-01,-9.113921589886253560e-01,3.129327508941241454e-01,-9.113921583646680258e-01,4.193954072752551498e-01,3.673000576005868711e-01,-8.642120038968403861e-01,1.545081289699019589e-01,-7.601620543279934417e-01,5.089966626263285610e-02,-7.008803412465477445e-01,5.004355798649856579e-03,-6.817073545633625109e-01,5.004359619558491207e-03,-7.008803451630128967e-01,5.089967008644585844e-02,-7.601620553069563524e-01,1.545081261616313983e-01,-8.642119989119181334e-01,3.673000494825681139e-01
4.256458339201135699e-01,-9.131725325108122071e-01,3.208933058526937665e-01,-9.131725319300956212e-01,4.256458315719648944e-01,3.749754962280867354e-01,-8.673718414067476123e-01,1.661320564299467728e-01,-7.660241520439063923e-01,6.453355299107249587e-02,-7.082091090417140800e-01,1.948506079984313466e-02,-6.894891947909607133e-01,1.948506452319478943e-02,-7.082091126940722736e-01,6.453355688789030875e-02,-7.660241530414468869e-01,1.661320540500162146e-01,-8.673718366176215167e-01,3.749754884456508730e-01
4.316567992964538414e-01,-9.148726596696010738e-01,3.285529738358674012e-01,-9.148726591270097686e-01,4.316567970958772316e-01,3.823925947067784992e-01,-8.704252439556245946e-01,1.774277941119704050e-01,-7.717266737747365823e-01,7.784133196167912494e-02,-7.153714463002333046e-01,3.365337702778778417e-02,-6.971067778658837089e-01,3.365338063217707121e-02,-7.153714496813461388e-01,7.784133589999644998e-02,-7.717266747941826655e-01,1.774277921589401674e-01,-8.704252393802860421e-01,3.823925872866923426e-01
4.374407887142390816e-01,-9.164971537660224765e-01,3.359267057448898086e-01,-9.164971515222480880e-01,4.374407802421276248e-01,3.895597292476362106e-01,-8.733738406317421710e-01,1.883985134206195844e-01,-7.772668849982600214e-01,9.081870268946043434e-02,-7.223592676264082302e-01,4.750034099049568054e-02,-7.045498129472705928e-01,4.750034959762671621e-02,-7.223592722064733351e-01,9.081871216518100365e-02,-7.772668891060650065e-01,1.883985132230703019e-01,-8.733738309928381627e-01,3.895597138245714963e-01
4.430094942293753002e-01,-9.180503195591542820e-01,3.430285904571946931e-01,-9.180503174769323316e-01,4.430094863306130448e-01,3.964851701820324426e-01,-8.762195300565079892e-01,1.990482325172945322e-01,-7.826431737265897581e-01,1.034630601807890737e-01,-7.291663082364943094e-01,6.101915261339158070e-02,-7.118100931624770089e-01,6.101916066908240344e-02,-7.291663122787409579e-01,1.034630693925760181e-01,-7.826431777938966938e-01,1.990482331011547701e-01,-8.762195210396808154e-01,3.964851558122591824e-01
4.483739013529532969e-01,-9.195361940208969243e-01,3.498719450201182579e-01,-9.195361921006063310e-01,4.483738940226233982e-01,4.031770970579919289e-01,-8.789644600810083697e-01,2.093817066222304346e-01,-7.878549181406107049e-01,1.157733617286541145e-01,-7.357879702272184241e-01,7.420501456186530398e-02,-7.188813233599686825e-01,7.420502203313175671e-02,-7.357879737553548738e-01,1.157733705880432118e-01,-7.878549221575481543e-01,2.093817078965457545e-01,-8.789644516807312291e-01,4.031770837206668512e-01
4.535443142680046225e-01,-9.209585492974404763e-01,3.564693270129379310e-01,-9.209585475404461485e-01,4.535443075043759653e-01,4.096435676701590811e-01,-8.816109780172938226e-01,2.194043587450487109e-01,-7.929023913772765830e-01,1.277499924118134511e-01,-7.422211606537663098e-01,8.705498310634979253e-02,-7.257589448370844742e-01,8.705498996793981092e-02,-7.422211636982867233e-01,1.277500008375123675e-01,-7.929023953292995142e-01,2.194043606100810062e-01,-8.816109702204590892e-01,4.096435553336190694e-01
4.585304069665880333e-01,-9.223209138367721716e-01,3.628325849721640850e-01,-9.223209122442130870e-01,4.585304007676010984e-01,4.158925089669930353e-01,-8.841615981275965375e-01,2.291221886960303489e-01,-7.977866514193523440e-01,1.393946248158546841e-01,-7.484641350800615989e-01,9.956780229777943692e-02,-7.324399613678747034e-01,9.956780853479667293e-02,-7.484641376770150289e-01,1.393946327389729567e-01,-7.977866552889546492e-01,2.291221910484447233e-01,-8.841615909141264940e-01,4.158924975900799015e-01
4.633412656651678119e-01,-9.236265887291730259e-01,3.689728991859726470e-01,-9.236265873010951477e-01,4.633412600258891567e-01,4.219317033375099002e-01,-8.866189680831909614e-01,2.385416879392509015e-01,-8.025094391781519843e-01,1.507100793368244818e-01,-7.545163449683230938e-01,1.117437384486502372e-01,-7.389227692611680665e-01,1.117437440578386704e-01,-7.545163471576264991e-01,1.507100867041150094e-01,-8.025094429464801893e-01,2.385416906768291767e-01,-8.866189614270627573e-01,4.219316928713978676e-01
4.679854284852874025e-01,-9.248786631291796567e-01,3.749008207683219851e-01,-9.248786618640096879e-01,4.679854233962942867e-01,4.277687754331203074e-01,-8.889858378423589613e-01,2.476697574686783643e-01,-8.070730821983878034e-01,1.617001872180048316e-01,-7.603782915975011436e-01,1.235844162501001792e-01,-7.452069939114400743e-01,1.235844212398453240e-01,-7.603782934211116284e-01,1.617001939932631305e-01,-8.070730858467055624e-01,2.476697604943366160e-01,-8.889858317129162302e-01,4.277687658234636814e-01
4.724709225030701010e-01,-9.260800287546434584e-01,3.806263089162367219e-01,-9.260800276490055438e-01,4.724709179498529088e-01,4.334111799500318662e-01,-8.912650311391759894e-01,2.565136298488260858e-01,-8.114804047505955742e-01,1.723696584447665936e-01,-7.660513880163282163e-01,1.350926593139472331e-01,-7.512933346789282263e-01,1.350926637034379207e-01,-7.660513895166594089e-01,1.723696646088873075e-01,-8.114804082616241532e-01,2.565136330738420067e-01,-8.912650255026595136e-01,4.334111711392895638e-01
4.768052982866650136e-01,-9.272333934755313534e-01,3.861587663028465678e-01,-9.272333925242901564e-01,4.768052942497352231e-01,4.388661906767155063e-01,-8.934594196825476065e-01,2.650807962567278686e-01,-8.157346448027963381e-01,1.827239561286467251e-01,-7.715378300872470785e-01,1.462723373229028179e-01,-7.571834194153277409e-01,1.462723411405121854e-01,-7.715378313057469351e-01,1.827239616783448151e-01,-8.157346481616574163e-01,2.650807996028301528e-01,-8.934594145035505974e-01,4.388661826062533744e-01
4.809956620496781410e-01,-9.283412940169301075e-01,3.915070725958783582e-01,-9.283412932133936479e-01,4.809956585051809452e-01,4.441408910057769166e-01,-8.955719000860893342e-01,2.733789390895347005e-01,-8.198393781249624368e-01,1.927691785639527033e-01,-7.768404772829550220e-01,1.571282214193349958e-01,-7.628796694938523304e-01,1.571282247005544586e-01,-7.768404782589430901e-01,1.927691835095892980e-01,-8.198393813197235591e-01,2.733789424899263354e-01,-8.955718953288296369e-01,4.441408836176333752e-01
4.850487055539208781e-01,-9.294061078092885619e-01,3.966796161201049387e-01,-9.294061071455255174e-01,4.850487024745849807e-01,4.492421660215503154e-01,-8.976053734851980881e-01,2.814158704675049361e-01,-8.237984495806792706e-01,2.025119497470409813e-01,-7.819627435616967048e-01,1.676658489727172185e-01,-7.683851758108882768e-01,1.676658517580573438e-01,-7.819627443315998461e-01,2.025119541101124687e-01,-8.237984526026242982e-01,2.814158738670657356e-01,-8.976053691146037572e-01,4.492421592598561109e-01
4.889707338965468830e-01,-9.304300640247386012e-01,4.016843237038161818e-01,-9.304300634919211443e-01,4.889707312527512006e-01,4.541766962027643517e-01,-8.995627277471631711e-01,2.891994767654299525e-01,-8.276159114987967635e-01,2.119593188120477145e-01,-7.869084983700973535e-01,1.778913984426913064e-01,-7.737035859009869787e-01,1.778914007756097759e-01,-7.869084989669496988e-01,2.119593226224806282e-01,-8.276159143423955644e-01,2.891994801201902554e-01,-8.995627237296759393e-01,4.541766900147257147e-01
4.927676913153051785e-01,-9.314152538412950877e-01,4.065286887645558345e-01,-9.314152534300483843e-01,4.927676890761267248e-01,4.589509527224051588e-01,-9.014468221416056526e-01,2.967376691444448267e-01,-8.312959688904428823e-01,2.211186685558872433e-01,-7.916819775994672348e-01,1.878115746982466083e-01,-7.788390020441791073e-01,1.878115766234048911e-01,-7.916819780527515338e-01,2.211186718495911363e-01,-8.312959715531839100e-01,2.967376724206698402e-01,-9.014468184457773425e-01,4.589509470589718809e-01
4.964451851431606055e-01,-9.323636399791763729e-01,4.112197977007462368e-01,-9.323636396798642423e-01,4.964451832772532880e-01,4.635711942838835475e-01,-9.032604743122969460e-01,3.040383399304268930e-01,-8.348429311826379706e-01,2.299976329989053547e-01,-7.962877041502525177e-01,1.974335048616815136e-01,-7.837958900399945028e-01,1.974335064233944670e-01,-7.962877044858132081e-01,2.299976358153933698e-01,-8.348429336646188137e-01,3.040383431032845363e-01,-9.032604709090734652e-01,4.635711890999928420e-01
5.000085080385943126e-01,-9.332770655533628723e-01,4.157643546625246489e-01,-9.332770653563521313e-01,5.000085065149619812e-01,4.680434654005670714e-01,-9.050064493735097138e-01,3.111093245885467318e-01,-8.382611700719069248e-01,2.386040237488336047e-01,-8.007304176317882050e-01,2.067646445137696909e-01,-7.885789981694366624e-01,2.067646457549484063e-01,-8.007304178720473509e-01,2.386040261294697096e-01,-8.382611723755220012e-01,3.111093276408609110e-01,-9.050064462364160178e-01,4.680434606552421051e-01
5.034626586130720449e-01,-9.341572622865845776e-01,4.201687047800355401e-01,-9.341572621824254519e-01,5.034626574015784728e-01,4.723735960047103499e-01,-9.066874509454109221e-01,3.179583689754633680e-01,-8.415550830588993669e-01,2.469457648019602325e-01,-8.050150126367205949e-01,2.158126939175578074e-01,-7.931932857572866480e-01,2.158126948788545163e-01,-8.050150128008473072e-01,2.469457667883916130e-01,-8.415550851884071593e-01,3.179583718963722161e-01,-9.066874480504972800e-01,4.723735916608704510e-01
5.068123605706735813e-01,-9.350058581255400458e-01,4.244388559290706020e-01,-9.350058581050932904e-01,5.068123596423880217e-01,4.765672022583041234e-01,-9.083061139399928319e-01,3.245931015037784029e-01,-8.447290622010577010e-01,2.550308353182668686e-01,-8.091464849736108578e-01,2.245855237864416432e-01,-7.976438606769018502e-01,2.245855245057244431e-01,-8.091464850778209428e-01,2.550308369513548667e-01,-8.447290641622731133e-01,3.245931042876237238e-01,-9.083061112657278002e-01,4.765671982824997155e-01
5.100620804686046839e-01,-9.358243843016845753e-01,4.285804991145190646e-01,-9.358243843562381592e-01,5.100620797961056274e-01,4.806296884322437402e-01,-9.098649989118143822e-01,3.310210098268751011e-01,-8.477874676134913301e-01,2.628672198433536500e-01,-8.131298852127666343e-01,2.330911100302538175e-01,-8.019359250999450461e-01,2.330911105423429663e-01,-8.131298852706508873e-01,2.628672211624082378e-01,-8.477874694134626132e-01,3.310210124721639779e-01,-9.098649964389267097e-01,4.806296847943714035e-01
5.132160442010527124e-01,-9.366142818762018818e-01,4.325990275515178007e-01,-9.366142819975133982e-01,5.132160437585252533e-01,4.845662497190973972e-01,-9.113665877941286020e-01,3.372494216405716450e-01,-8.507346052532905878e-01,2.704628654120128095e-01,-8.169702788928991932e-01,2.413374768545979709e-01,-8.060747287790988036e-01,2.413374771909778393e-01,-8.169702789156232381e-01,2.704628664540064675e-01,-8.507346068998601352e-01,3.372494241488723787e-01,-9.113665855053532106e-01,4.845662463919834795e-01
5.162782523013718095e-01,-9.373769078062854643e-01,4.364995545214689909e-01,-9.373769079866625109e-01,5.162782520648306894e-01,4.883818758473166266e-01,-9.128132808499622719e-01,3.432854891976300227e-01,-8.535747085366885978e-01,2.778256449513483162e-01,-8.206727127454067627e-01,2.493326475575861623e-01,-8.100655291573708450e-01,2.493326477465408197e-01,-8.206727127422001056e-01,2.778256457507776167e-01,-8.535747100382943264e-01,3.432854915728514311e-01,-9.128132787299717554e-01,4.883818728065676407e-01
5.192524941522018711e-01,-9.381135405682227146e-01,4.402869300787251028e-01,-9.381135408005363274e-01,5.192524940995050242e-01,4.920813553712282684e-01,-9.142073946792557138e-01,3.491361771424646432e-01,-8.563119233610065884e-01,2.849633264031235513e-01,-8.242421863153790440e-01,2.570846023588416740e-01,-8.139135576172061848e-01,2.570846024254740403e-01,-8.242421862937492349e-01,2.849633269916521661e-01,-8.563119247263157874e-01,3.491361793899893096e-01,-9.142073927144144241e-01,4.920813525948665168e-01
5.221423611858904135e-01,-9.388253853701522544e-01,4.439657566797447497e-01,-9.388253856478134818e-01,5.221423612966054062e-01,4.956692805182743022e-01,-9.155511611348753354e-01,3.548082532882209650e-01,-8.589502961284563032e-01,2.918835469968907304e-01,-8.276836283884621004e-01,2.646012426031898457e-01,-8.176239912140336186e-01,2.646012425696158132e-01,-8.276836283544494188e-01,2.918835474034116029e-01,-8.589502973663057928e-01,3.548082554145822187e-01,-9.155511593130083448e-01,4.956692779864061982e-01
5.249512591520805183e-01,-9.395135789853328312e-01,4.475404038038142129e-01,-9.395135793022709736e-01,5.249512594073857397e-01,4.991500524850180920e-01,-9.168467270136173575e-01,3.603082819819094507e-01,-8.614937643992315319e-01,2.985937921296052955e-01,-8.310018776696534992e-01,2.718903607020450863e-01,-8.212019292765373457e-01,2.718903605875787610e-01,-8.310018776279848307e-01,2.985937923802330918e-01,-8.614937655184684573e-01,3.603082839943880789e-01,-9.168467253237694292e-01,4.991500501795089750e-01
5.276824195236657911e-01,-9.401791942347907938e-01,4.510150216309554150e-01,-9.401791945854911514e-01,5.276824199065149879e-01,5.025278870830837130e-01,-9.180961544011321251e-01,3.656426197267947376e-01,-8.639461498314106036e-01,3.051013783361450349e-01,-8.342016672001142386e-01,2.789596152047851829e-01,-8.246523742991178629e-01,2.789596150261880458e-01,-8.342016671546234052e-01,3.051013784542582763e-01,-8.639461508405585910e-01,3.656426216326668088e-01,-9.180961528336024635e-01,5.025278849875545184e-01
5.303389101062908617e-01,-9.408232441457802242e-01,4.543935538385914241e-01,-9.408232445252654452e-01,5.303389106013274290e-01,5.058068206453180116e-01,-9.193014215616803764e-01,3.708174127550151744e-01,-8.663111530948014449e-01,3.114134398694285988e-01,-8.372876120412018341e-01,2.858165104271649382e-01,-8.279802165974887718e-01,2.858165101988877632e-01,-8.372876119949961282e-01,3.114134398757164579e-01,-8.663111540018715306e-01,3.708174145611212169e-01,-9.193014201078387737e-01,5.058068187448889752e-01
5.329236449124359343e-01,-9.414466858110041025e-01,4.576797495757045642e-01,-9.414466862148720416e-01,5.329236455061893141e-01,5.089907161145836856e-01,-9.204644242769102203e-01,3.758385962752486265e-01,-8.685923504790711291e-01,3.175369184447525139e-01,-8.402641997952308150e-01,2.924683801051642940e-01,-8.311902222437603793e-01,2.924683798396167655e-01,-8.402641997511066663e-01,3.175369183571739584e-01,-8.685923512910730393e-01,3.758385979869754423e-01,-9.204644229292404667e-01,5.089907143958547486e-01
5.354393933552809015e-01,-9.420504239711228189e-01,4.608771746686783910e-01,-9.420504243953785606e-01,5.354393940356217962e-01,5.120832692438070932e-01,-9.215869775471605685e-01,3.807118951385111694e-01,-8.707931919411250332e-01,3.234785557398987543e-01,-8.431357835765400655e-01,2.989223745815943190e-01,-8.342870238440243114e-01,2.989223742894377978e-01,-8.431357835368608056e-01,3.234785555743210916e-01,-8.707931926645742227e-01,3.807118967606132331e-01,-9.215869762989354896e-01,5.120832676943477546e-01
5.378887888102934500e-01,-9.426353143405250545e-01,4.639892221070017753e-01,-9.426353147796489029e-01,5.378887895580091172e-01,5.150880148342014131e-01,-9.226708175734681383e-01,3.854428256696651456e-01,-8.729170003530893895e-01,3.292448882770468432e-01,-8.459065770918159366e-01,3.051854510709032797e-01,-8.372751137695233492e-01,3.051854507600700317e-01,-8.459065770515954430e-01,3.292448880533616062e-01,-8.729170010054791984e-01,3.854428272291750557e-01,-9.226708164138074375e-01,5.150880134381354836e-01
5.402743366120303925e-01,-9.432021667034967694e-01,4.670191218788778409e-01,-9.432021671544228436e-01,5.402743374178236024e-01,5.180083330385061302e-01,-9.237176040010027789e-01,3.900366986290880744e-01,-8.749669718433114030e-01,3.348422443716518315e-01,-8.485806514758812424e-01,3.112643666299644840e-01,-8.401588394583907604e-01,3.112643663076488654e-01,-8.485806514365299424e-01,3.348422441016840612e-01,-8.749669724301801788e-01,3.900367001302858516e-01,-9.237176029247389231e-01,5.180083317859445202e-01
5.425984214893565527e-01,-9.437517477830262846e-01,4.699699501562085713e-01,-9.437517482430166638e-01,5.425984223447948285e-01,5.208474555287435637e-01,-9.247289222763177552e-01,3.944986227886897456e-01,-8.769461768701720672e-01,3.402767428065920918e-01,-8.511619336959961313e-01,3.171656733917441739e-01,-8.429424005369152706e-01,3.171656730640116106e-01,-8.511619336586777607e-01,3.402767425005495672e-01,-8.769461773966671370e-01,3.944986242353392125e-01,-9.247289212786488077e-01,5.208474544104485515e-01
5.448633143552594760e-01,-9.442847839743536698e-01,4.728446375285138004e-01,-9.442847836894647795e-01,5.448633123723924943e-01,5.236084668338050196e-01,-9.257062833431863869e-01,3.988334989728741231e-01,-8.788575561858257279e-01,3.455542904892207057e-01,-8.536542085983738204e-01,3.228957150326849379e-01,-8.456298502599894906e-01,3.228957143273979979e-01,-8.536542062318336344e-01,3.455542924671522464e-01,-8.788575601085428790e-01,3.988335077589972300e-01,-9.257062816176024889e-01,5.236084657070565473e-01
5.470711794613161150e-01,-9.448019636033433422e-01,4.756459787056927513e-01,-9.448019633692907870e-01,5.470711776906553858e-01,5.262943296367081913e-01,-9.266511375074893975e-01,4.030460664394396320e-01,-8.807039468600582621e-01,3.506805939506411618e-01,-8.560611099261434820e-01,3.284606289603112517e-01,-8.482250840055791663e-01,3.284606282139465594e-01,-8.560611076232618188e-01,3.506805958265727385e-01,-8.807039506099086923e-01,4.030460750237414569e-01,-9.266511359476821141e-01,5.262943287680188487e-01
5.492240794530593995e-01,-9.453039395667888201e-01,4.783766375417942696e-01,-9.453039393783813082e-01,5.492240778761147135e-01,5.289078617450793107e-01,-9.275648601414899774e-01,4.071408455556716488e-01,-8.824880494261235775e-01,3.556611466289643086e-01,-8.583861365530286447e-01,3.338663415053607642e-01,-8.507318572941970913e-01,3.338663407294227836e-01,-8.583861343135921196e-01,3.556611484176704363e-01,-8.824880530132341860e-01,4.071408539455344533e-01,-9.275648587372572473e-01,5.289078611169342192e-01
5.513239817134395482e-01,-9.457913312793745364e-01,4.810391559042290210e-01,-9.457913311317720506e-01,5.513239803128850980e-01,5.314517611202531633e-01,-9.284487656142925704e-01,4.111221852941218113e-01,-8.842124549800701727e-01,3.605012423047423420e-01,-8.606326449371877185e-01,3.391185730696921197e-01,-8.531537761485129545e-01,3.391185722739128439e-01,-8.606326427604220619e-01,3.605012440192387757e-01,-8.842124584143199462e-01,4.111221934971067138e-01,-9.284487643559913295e-01,5.314517607161129975e-01
5.533727634953897745e-01,-9.462647267319188593e-01,4.836359598752927869e-01,-9.462647266206525298e-01,5.533727622551449787e-01,5.339286066328517988e-01,-9.293041071143145482e-01,4.149942584799807266e-01,-8.858796425942453423e-01,3.652059765511107559e-01,-8.628038544674980770e-01,3.442228397056170675e-01,-8.554943024364762838e-01,3.442228388981942722e-01,-8.628038523522572056e-01,3.652059782028018731e-01,-8.858796458851396771e-01,4.149942665035684652e-01,-9.293041059928555114e-01,5.339286064371028262e-01
5.553722168835285578e-01,-9.467246843633969622e-01,4.861693660032725406e-01,-9.467246842843581867e-01,5.553722157887287514e-01,5.363408634600750347e-01,-9.301320792637859380e-01,4.187610677087540978e-01,-8.874919829376588520e-01,3.697802512751021675e-01,-8.649028507821677758e-01,3.491844564570367737e-01,-8.577567569160271521e-01,3.491844556447813996e-01,-8.649028487270026266e-01,3.697802528738443062e-01,-8.874919860942148686e-01,4.187610755601449131e-01,-9.301320782705828627e-01,5.363408634579599488e-01
5.573240534403602897e-01,-9.471717348068544595e-01,4.886415871711490277e-01,-9.471717347562774725e-01,5.573240524772944404e-01,5.386908882969072554e-01,-9.309338206909103519e-01,4.224264513381077446e-01,-8.890517420242733948e-01,3.742287796885366280e-01,-8.669325894350154993e-01,3.540085413590044472e-01,-8.599443227214287333e-01,3.540085405475608127e-01,-8.669325874383013719e-01,3.742287812428858329e-01,-8.890517450550545764e-01,4.224264590242414741e-01,-9.309338198178800372e-01,5.386908884745073012e-01
5.592299085595447972e-01,-9.476063825186289424e-01,4.910547381085337282e-01,-9.476063824930676116e-01,5.592299077155855613e-01,5.409809343762957967e-01,-9.317104165472656074e-01,4.259940895007012229e-01,-8.905610850383459676e-01,3.785560916047612801e-01,-8.688958998215657870e-01,3.587000199617877971e-01,-8.620600491885941352e-01,3.587000191557203621e-01,-8.688958978814840250e-01,3.785560931219864589e-01,-8.905610879513751188e-01,4.259940970281161365e-01,-9.317104157867563963e-01,5.409809347204379559e-01
5.610913455469623834e-01,-9.480291072994113666e-01,4.934108405704659139e-01,-9.480291072957259813e-01,5.610913448105094847e-01,5.432131562953281811e-01,-9.324629009603682128e-01,4.294675100926703681e-01,-8.920220801936254995e-01,3.827665389712948119e-01,-8.707954892898365218e-01,3.632636302632583636e-01,-8.641068559318840769e-01,3.632636294662763277e-01,-8.707954874045077398e-01,3.827665404576776620e-01,-8.920220829964864429e-01,4.294675174676393370e-01,-9.324629003051867482e-01,5.432131567936264727e-01
5.629098594488309848e-01,-9.484403657151642131e-01,4.957118282053571967e-01,-9.484403657304973922e-01,5.629098588092451561e-01,5.453896146469437989e-01,-9.331922594140936722e-01,4.328500947014918276e-01,-8.934367025914391469e-01,3.868643015629390502e-01,-8.726339473730407859e-01,3.677039279501199132e-01,-8.660875370981928612e-01,3.677039271651643126e-01,-8.726339455405225376e-01,3.868643030238237412e-01,-8.934367052912411955e-01,4.328501019299484387e-01,-9.331922588574598221e-01,5.453896152877326653e-01
5.646868806443854361e-01,-9.488405924250022938e-01,4.979595511323940960e-01,-9.488405924567562266e-01,5.646868800919019327e-01,5.475122804577489122e-01,-9.338994310511345986e-01,4.361450844424237805e-01,-8.948068380481195572e-01,3.908533927701973165e-01,-8.744137500908867322e-01,3.720252918623875860e-01,-8.680047657356814161e-01,3.720252910917393185e-01,-8.744137483092074836e-01,3.908533942101102832e-01,-8.948068406515222728e-01,4.361450915299891484e-01,-9.338994305866552548e-01,5.475122812300444730e-01
5.671069579106515768e-01,-9.493830179555344806e-01,5.010194265656633394e-01,-9.493830180063749236e-01,5.671069574652601863e-01,5.503964539175236759e-01,-9.348536424807063483e-01,4.406156203534663529e-01,-8.966532162650072690e-01,3.962614317729074020e-01,-8.768107892155567740e-01,3.778818272391034627e-01,-8.705864529469670154e-01,3.778818264912410241e-01,-8.768107875016790675e-01,3.962614331896443520e-01,-8.966532187437807888e-01,4.406156272525824091e-01,-9.348536421351492098e-01,5.503964548566445680e-01
5.734781173982911318e-01,-9.507963867305013750e-01,5.090678777640650354e-01,-9.507963868151578790e-01,5.734781171760245932e-01,5.579523768475573853e-01,-9.373164086899263836e-01,4.522897568046813643e-01,-9.014047384551937547e-01,4.103588691649015519e-01,-8.829710947853013359e-01,3.931366742911014400e-01,-8.772186747537482621e-01,3.931366736151242769e-01,-8.829710932408335600e-01,4.103588705431454597e-01,-9.014047406409388952e-01,4.522897632254324063e-01,-9.373164086216172475e-01,5.579523781591801956e-01
5.802362175780934050e-01,-9.522721367518784952e-01,5.175934194152973511e-01,-9.522721368504917239e-01,5.802362175114015308e-01,5.659076793608919242e-01,-9.398498693551571304e-01,4.645174189109474994e-01,-9.062691121712512787e-01,4.250819574510202314e-01,-8.892632500967077025e-01,4.090480469125684637e-01,-8.839882096870387285e-01,4.090480463193766347e-01,-8.892632487157361432e-01,4.250819588084657208e-01,-9.062691140963116121e-01,4.645174248480521406e-01,-9.398498695254235979e-01,5.659076809652208162e-01
5.874153756725423170e-01,-9.538129878760267522e-01,5.266361409300476248e-01,-9.538129866316225058e-01,5.874153713366911944e-01,5.742907361708926572e-01,-9.424515478716898320e-01,4.773257851830353671e-01,-9.112357825995287541e-01,4.404513382519543718e-01,-8.956696351447318571e-01,4.256320909997866053e-01,-8.908747509753616178e-01,4.256320894143350020e-01,-8.956696304772111539e-01,4.404513441227721482e-01,-9.112357889569960845e-01,4.773258013059276106e-01,-9.424515495415484168e-01,5.742907420322158618e-01
5.950534787232153455e-01,-9.554215166721182761e-01,5.362401785477579619e-01,-9.554215156425985844e-01,5.950534752500572511e-01,5.831326865929415959e-01,-9.451179695523291846e-01,4.907430309794779122e-01,-9.162914205045309401e-01,4.564864441755104307e-01,-9.021684186275686912e-01,4.429023924292421754e-01,-8.978532531865248689e-01,4.429023909497957767e-01,-9.021684146539424853e-01,4.564864493829643988e-01,-9.162914259487935364e-01,4.907430450916406284e-01,-9.451179713524944237e-01,5.831326922732480433e-01
6.031926711266009100e-01,-9.571000624214012209e-01,5.464541454928717457e-01,-9.571000615801457112e-01,6.031926683939998757e-01,5.924678329808904520e-01,-9.478445204431843463e-01,5.047983996000301454e-01,-9.214196226950264190e-01,4.732053167368197033e-01,-9.087332519415940446e-01,4.608697030688106433e-01,-9.048936268074447842e-01,4.608697017048636324e-01,-9.087332486256120001e-01,4.732053212343625415e-01,-9.214196272727854797e-01,5.047984116614459005e-01,-9.478445222499646272e-01,5.924678382792571973e-01
6.118798656916114576e-01,-9.588505804269654709e-01,5.573315493555570654e-01,-9.588505797533990460e-01,6.118798635972496625e-01,6.023341976729186253e-01,-9.506253446620551717e-01,5.195224978928605353e-01,-9.266007442687903550e-01,4.906246161263398964e-01,-9.153330513843669358e-01,4.795417789110305584e-01,-9.119605145090464715e-01,4.795417776644433916e-01,-9.153330486824529100e-01,4.906246198667607028e-01,-9.266007480249037753e-01,5.195225078893463966e-01,-9.506253463586897823e-01,6.023342024086215662e-01
6.211673274301503511e-01,-9.606744606250197105e-01,5.689312327224148591e-01,-9.606744601044552301e-01,6.211673258926484475e-01,6.127741635155465882e-01,-9.534532325891966753e-01,5.349476504245167519e-01,-9.318117697612167127e-01,5.087597747140689686e-01,-9.219319559931895558e-01,4.989234664758227522e-01,-9.190132952228228236e-01,4.989234653498945682e-01,-9.219319538566410621e-01,5.087597776671310967e-01,-9.318117727406637352e-01,5.349476583839943844e-01,-9.534532340771100234e-01,6.127741675475907313e-01
6.311133132666235657e-01,-9.625722904688331916e-01,5.813178011491295649e-01,-9.625722885534818696e-01,6.311133077499661015e-01,6.238352502941283406e-01,-9.563195223546561152e-01,5.511084138936663823e-01,-9.370262955380532777e-01,5.276253931576477818e-01,-9.284895013377023609e-01,5.190171086713605275e-01,-9.260063495707246961e-01,5.190171056717850506e-01,-9.284894970017411042e-01,5.276253991370555285e-01,-9.370263016405900869e-01,5.511084267308704598e-01,-9.563195252062606233e-01,6.238352573041552329e-01
6.417827426518364353e-01,-9.645435377998735627e-01,5.945619866913995910e-01,-9.645435364389502997e-01,6.417827389355225121e-01,6.355710390670125109e-01,-9.592140123873654778e-01,5.680422813691144990e-01,-9.422146585474625580e-01,5.472359634821604146e-01,-9.349610567167028208e-01,5.398233414822884990e-01,-9.328896390623515611e-01,5.398233388938532551e-01,-9.349610535587511428e-01,5.472359674783491279e-01,-9.422146629308352228e-01,5.680422903005187818e-01,-9.592140144493702669e-01,6.355710441598401150e-01
6.532479413976558513e-01,-9.665861688365807725e-01,6.087409571053994384e-01,-9.665861679354610381e-01,6.532479391251055922e-01,6.480422175360830428e-01,-9.621248687711447811e-01,5.857904992792657417e-01,-9.473441712568085871e-01,5.676068722808520484e-01,-9.412985820085922883e-01,5.613424300442655390e-01,-9.396096927786743436e-01,5.613424279270904371e-01,-9.412985798197288645e-01,5.676068746958398137e-01,-9.473441742061137205e-01,5.857905050083509479e-01,-9.621248701431297512e-01,6.480422210070407862e-01
6.655893487039272749e-01,-9.686961400427053226e-01,6.239384131796453792e-01,-9.686961377495321157e-01,6.655893429192512034e-01,6.613177604366955453e-01,-9.650385273781791895e-01,6.043990645902679315e-01,-9.523795400733369165e-01,5.887558139466236851e-01,-9.474516951768603423e-01,5.835760988991920417e-01,-9.461109568519808777e-01,5.835760940965790677e-01,-9.474516915380204463e-01,5.887558170905552446e-01,-9.523795448161190835e-01,6.043990701051614733e-01,-9.650385290944090144e-01,6.613177630555227005e-01
6.788961719401593875e-01,-9.708667694816310867e-01,6.402444067293219243e-01,-9.708667680737100847e-01,6.788961687654542221e-01,6.754761428126855316e-01,-9.679395487581943236e-01,6.239197227134385404e-01,-9.572833896511843133e-01,6.107044833961067232e-01,-9.533690425990786199e-01,6.065298873948388181e-01,-9.523375248901821966e-01,6.065298838654444857e-01,-9.533690402734975589e-01,6.107044847369604845e-01,-9.572833924755878021e-01,6.239197251765414842e-01,-9.679395496136853350e-01,6.754761439129652878e-01
6.932669180599997372e-01,-9.730879855552079238e-01,6.577547292842583770e-01,-9.730879847634240631e-01,6.932669165713069015e-01,6.906065094320782416e-01,-9.708104114414789487e-01,6.444108190349006060e-01,-9.620168564960041024e-01,6.334803787632831140e-01,-9.589998996645484608e-01,6.302159388464857459e-01,-9.582351574347597323e-01,6.302159364688136867e-01,-9.589998982873725319e-01,6.334803791394645334e-01,-9.620168580155528115e-01,6.444108197558174878e-01,-9.708104117925541177e-01,6.906065096883671206e-01
7.088095387696482508e-01,-9.753454067836606622e-01,6.765695436857240841e-01,-9.753454051622003629e-01,7.088095353582825053e-01,7.068095512333633090e-01,-9.736311881918211508e-01,6.659377291786612307e-01,-9.665402142422899745e-01,6.571185265540407938e-01,-9.642958628380923214e-01,6.546558431891281726e-01,-9.637533966505040794e-01,6.546558391207243366e-01,-9.642958608108485041e-01,6.571185257398237667e-01,-9.665402160059226588e-01,6.659377278367708541e-01,-9.736311880289367782e-01,7.068095477647737823e-01
7.256409282230068536e-01,-9.776192904231632008e-01,6.967909166379637753e-01,-9.776192896191711057e-01,7.256409268264731871e-01,7.241977320053952782e-01,-9.763790770601540325e-01,6.885724001203784583e-01,-9.708134334053915016e-01,6.816625945853165280e-01,-9.692124637436425605e-01,6.798830843913974409e-01,-9.688475682881355633e-01,6.798830821261510060e-01,-9.692124626862097525e-01,6.816625938259912587e-01,-9.708134341954789415e-01,6.885723988386860395e-01,-9.763790768277279541e-01,7.241977296921480178e-01
7.438852298062512691e-01,-9.798833934191448769e-01,7.185186433605593725e-01,-9.798833923422791692e-01,7.438852269369844450e-01,7.428942886075076135e-01,-9.790277826124325067e-01,7.123913426201893273e-01,-9.747966351597536772e-01,7.071647050334930462e-01,-9.737105015260385521e-01,7.059442718150747975e-01,-9.734803794492771223e-01,7.059442695449704708e-01,-9.737105002325218139e-01,7.071647028268586155e-01,-9.747966355501238578e-01,7.123913407503015272e-01,-9.790277818714152591e-01,7.428942833205509633e-01
7.636698983159152521e-01,-9.821038135443473927e-01,7.418433815481838556e-01,-9.821038125336014613e-01,7.636698930225049864e-01,7.630298411361484678e-01,-9.815467406477227374e-01,7.374710357248426273e-01,-9.784504248684405825e-01,7.336828673429123260e-01,-9.777568925855413262e-01,7.328977846326302226e-01,-9.776228131510078523e-01,7.328977839816315232e-01,-9.777568911778700134e-01,7.336828629924643241e-01,-9.784504241152072179e-01,7.374710347816859635e-01,-9.815467393716871269e-01,7.630298342899293207e-01
7.851178257422285478e-01,-9.842379931632739831e-01,7.668355851226403841e-01,-9.842379928281480561e-01,7.851178240221293736e-01,7.847348260774114070e-01,-9.839002765185188570e-01,7.638790864604806385e-01,-9.817361511977947819e-01,7.612742621080095251e-01,-9.813248928232525259e-01,7.608078703934290088e-01,-9.812540906059801227e-01,7.608078702780534108e-01,-9.813248923442191574e-01,7.612742605946389851e-01,-9.817361509639241923e-01,7.638790860940817273e-01,-9.839002760965233074e-01,7.847348237590948683e-01
8.083323318553714554e-01,-9.862340694001041630e-01,7.935275902346671240e-01,-9.862340693403265357e-01,8.083323299929785488e-01,8.081243677029137373e-01,-9.860467712774486637e-01,7.916583178313097990e-01,-9.846161551507731646e-01,7.899814748871823999e-01,-9.843935769526548363e-01,7.897308750830782653e-01,-9.843605417225725907e-01,7.897308757039728233e-01,-9.843935766840394841e-01,7.899814732657199912e-01,-9.846161545443032903e-01,7.916583178242884156e-01,-9.860467709982608797e-01,8.081243671599732670e-01
8.333691448557112302e-01,-9.880306546003232437e-01,8.218842462574572627e-01,-9.880306547206554324e-01,8.333691437401532509e-01,8.332695594439075704e-01,-9.879377885890295863e-01,8.207988172964612028e-01,-9.870538418746811482e-01,8.198063593853103237e-01,-9.869463489835161862e-01,8.196879751507526457e-01,-9.869331821531429627e-01,8.196879756803375772e-01,-9.869463488959093755e-01,8.198063580602099609e-01,-9.870538411671528900e-01,8.207988168930679951e-01,-9.879377884915243602e-01,8.332695604879774010e-01
8.601849081825299059e-01,-9.895564007358556013e-01,8.517536014852103987e-01,-9.895564011160240536e-01,8.601849131803329662e-01,8.601444956698530708e-01,-9.895164238470388618e-01,8.511887390892369787e-01,-9.890125587211345826e-01,8.506619606460961158e-01,-9.889675406331130958e-01,8.506146799571308037e-01,-9.889632523599994895e-01,8.506146766580016116e-01,-9.889675396732056090e-01,8.506619569180360330e-01,-9.890125565349395798e-01,8.511887327417763105e-01,-9.895164233324229563e-01,8.601444958284819586e-01
