1.324150673004741985e-01
-1.205037546517798708e-01
1.536723387857407697e-01
2.441095396453045741e-01
-3.886484031159620489e-02
1.219160265728214121e-03
-2.011911583921960900e-01
1.603723204504509670e-01
1.728983329974592698e-02
1.057707770736164288e-01
-6.756163753288507712e-02
1.289530355496385505e-01
1.559666768803052439e-01
1.961334286013625139e-01
-6.554332308856097855e-02
-2.230572957614038176e-01
-2.390479875397871767e-01
-1.227670121893733590e-01
-4.991169545182094769e-02
2.878255208605634552e-02
