-1.000000000000000000e+00,-1.000000000000000000e+00,-1.000000000000000000e+00,-1.000000000000000000e+00,-1.000000000000000000e+00,-1.000000000000000000e+00,-1.000000000000000000e+00,-1.000000000000000000e+00,-1.000000000000000000e+00,-1.000000000000000000e+00,-1.000000000000000000e+00,-1.000000000000000000e+00,-1.000000000000000000e+00,-1.000000000000000000e+00,-1.000000000000000000e+00
-9.999971240986633703e-01,-9.999971241015931378e-01,-9.999971241017323598e-01,-9.999971241017449053e-01,-9.999971241017472368e-01,-9.999971241017476808e-01,-9.999971241017476808e-01,-9.999971241017477919e-01,-9.999971241017477919e-01,-9.999971241017475698e-01,-9.999971241017470147e-01,-9.999971241017446832e-01,-9.999971241017323598e-01,-9.999971241015930268e-01,-9.999971240986633703e-01
-9.999884476065467043e-01,-9.999884477048325282e-01,-9.999884477083215151e-01,-9.999884477086320445e-01,-9.999884477086872225e-01,-9.999884477087016554e-01,-9.999884477087062074e-01,-9.999884477087072066e-01,-9.999884477087062074e-01,-9.999884477087017665e-01,-9.999884477086874446e-01,-9.999884477086322665e-01,-9.999884477083216261e-01,-9.999884477048328613e-01,-9.999884476065468153e-01
-9.999741505869611524e-01,-9.999741511567228347e-01,-9.999741511769763003e-01,-9.999741511787804127e-01,-9.999741511791011561e-01,-9.999741511791844228e-01,-9.999741511792100690e-01,-9.999741511792162862e-01,-9.999741511792100690e-01,-9.999741511791843118e-01,-9.999741511791012671e-01,-9.999741511787803017e-01,-9.999741511769760782e-01,-9.999741511567228347e-01,-9.999741505869611524e-01
-9.999537956657270632e-01,-9.999537974319813172e-01,-9.999537974930734485e-01,-9.999537974985153177e-01,-9.999537974994833212e-01,-9.999537974997336764e-01,-9.999537974998116141e-01,-9.999537974998302658e-01,-9.999537974998116141e-01,-9.999537974997338985e-01,-9.999537974994834322e-01,-9.999537974985155397e-01,-9.999537974930736706e-01,-9.999537974319813172e-01,-9.999537956657271742e-01
-9.999282084973211138e-01,-9.999282130884686870e-01,-9.999282132498837905e-01,-9.999282132642722809e-01,-9.999282132668316780e-01,-9.999282132674941481e-01,-9.999282132676997614e-01,-9.999282132677490553e-01,-9.999282132676997614e-01,-9.999282132674941481e-01,-9.999282132668317891e-01,-9.999282132642720589e-01,-9.999282132498839015e-01,-9.999282130884686870e-01,-9.999282084973211138e-01
-9.998960598549853085e-01,-9.998960689671914093e-01,-9.998960692814319318e-01,-9.998960693094443020e-01,-9.998960693144288703e-01,-9.998960693157187274e-01,-9.998960693161192959e-01,-9.998960693162152191e-01,-9.998960693161191848e-01,-9.998960693157188384e-01,-9.998960693144289813e-01,-9.998960693094445240e-01,-9.998960692814320428e-01,-9.998960689671915203e-01,-9.998960598549855305e-01
-9.998593076781991940e-01,-9.998593254467396108e-01,-9.998593260696305718e-01,-9.998593261251947917e-01,-9.998593261350852135e-01,-9.998593261376449437e-01,-9.998593261384396413e-01,-9.998593261386300446e-01,-9.998593261384397524e-01,-9.998593261376450547e-01,-9.998593261350853245e-01,-9.998593261251952358e-01,-9.998593260696307938e-01,-9.998593254467399438e-01,-9.998593076781991940e-01
-9.998152661808685782e-01,-9.998152951428138646e-01,-9.998152961415646134e-01,-9.998152962306798841e-01,-9.998152962465460813e-01,-9.998152962506527963e-01,-9.998152962519276654e-01,-9.998152962522331988e-01,-9.998152962519276654e-01,-9.998152962506526853e-01,-9.998152962465458593e-01,-9.998152962306797731e-01,-9.998152961415643913e-01,-9.998152951428139756e-01,-9.998152661808685782e-01
-9.997674628889081649e-01,-9.997675113909024747e-01,-9.997675130881225058e-01,-9.997675132396562914e-01,-9.997675132666484776e-01,-9.997675132736371095e-01,-9.997675132758067074e-01,-9.997675132763267358e-01,-9.997675132758068184e-01,-9.997675132736369985e-01,-9.997675132666484776e-01,-9.997675132396562914e-01,-9.997675130881223948e-01,-9.997675113909024747e-01,-9.997674628889080539e-01
-9.997114508374049802e-01,-9.997115217083154537e-01,-9.997115241534456631e-01,-9.997115243718497357e-01,-9.997115244107629417e-01,-9.997115244208385487e-01,-9.997115244239670462e-01,-9.997115244247168908e-01,-9.997115244239671572e-01,-9.997115244208385487e-01,-9.997115244107627197e-01,-9.997115243718498467e-01,-9.997115241534455521e-01,-9.997115217083153427e-01,-9.997114508374049802e-01
-9.996526938613591318e-01,-9.996528016429107044e-01,-9.996528054060214163e-01,-9.996528057423359481e-01,-9.996528058022990937e-01,-9.996528058178311138e-01,-9.996528058226544777e-01,-9.996528058238105530e-01,-9.996528058226544777e-01,-9.996528058178311138e-01,-9.996528058022990937e-01,-9.996528057423357261e-01,-9.996528054060211943e-01,-9.996528016429104824e-01,-9.996526938613590207e-01
-9.995846600620996725e-01,-9.995848072614875734e-01,-9.995848123408452857e-01,-9.995848127950561768e-01,-9.995848128760517204e-01,-9.995848128970320490e-01,-9.995848129035476148e-01,-9.995848129051093656e-01,-9.995848129035476148e-01,-9.995848128970321600e-01,-9.995848128760516094e-01,-9.995848127950562878e-01,-9.995848123408453967e-01,-9.995848072614874624e-01,-9.995846600620996725e-01
-9.995150254661433475e-01,-9.995152345867810428e-01,-9.995152418637861524e-01,-9.995152425147961761e-01,-9.995152426310043303e-01,-9.995152426611220164e-01,-9.995152426704773108e-01,-9.995152426727199613e-01,-9.995152426704773108e-01,-9.995152426611220164e-01,-9.995152426310044413e-01,-9.995152425147961761e-01,-9.995152418637861524e-01,-9.995152345867811539e-01,-9.995150254661433475e-01
-9.994349499892029032e-01,-9.994352232436726213e-01,-9.994352326679868392e-01,-9.994352335116702957e-01,-9.994352336622582822e-01,-9.994352337012822884e-01,-9.994352337134035924e-01,-9.994352337163091571e-01,-9.994352337134035924e-01,-9.994352337012823995e-01,-9.994352336622583932e-01,-9.994352335116701846e-01,-9.994352326679867282e-01,-9.994352232436725103e-01,-9.994349499892027922e-01
-9.993544879885081222e-01,-9.993548565216889834e-01,-9.993548692858140736e-01,-9.993548704288068851e-01,-9.993548706331197851e-01,-9.993548706861067332e-01,-9.993548707025707856e-01,-9.993548707065180725e-01,-9.993548707025707856e-01,-9.993548706861066222e-01,-9.993548706331197851e-01,-9.993548704288068851e-01,-9.993548692858139626e-01,-9.993548565216888724e-01,-9.993544879885080112e-01
-9.992623864562911740e-01,-9.992628539150207878e-01,-9.992628700165058220e-01,-9.992628714594173900e-01,-9.992628717172185038e-01,-9.992628717840562613e-01,-9.992628718048212066e-01,-9.992628718097992246e-01,-9.992628718048212066e-01,-9.992628717840563723e-01,-9.992628717172183928e-01,-9.992628714594172790e-01,-9.992628700165055999e-01,-9.992628539150210099e-01,-9.992623864562912850e-01
-9.991711174824566832e-01,-9.991717220012432676e-01,-9.991717428108120025e-01,-9.991717446758849874e-01,-9.991717450098043241e-01,-9.991717450964705538e-01,-9.991717451234094494e-01,-9.991717451298689490e-01,-9.991717451234094494e-01,-9.991717450964705538e-01,-9.991717450098044351e-01,-9.991717446758850985e-01,-9.991717428108120025e-01,-9.991717220012432676e-01,-9.991711174824566832e-01
-9.990670446847937924e-01,-9.990677961547483887e-01,-9.990678219861172105e-01,-9.990678243030475247e-01,-9.990678247174372695e-01,-9.990678248249241777e-01,-9.990678248583249044e-01,-9.990678248663328320e-01,-9.990678248583249044e-01,-9.990678248249241777e-01,-9.990678247174376025e-01,-9.990678243030477468e-01,-9.990678219861173215e-01,-9.990677961547483887e-01,-9.990670446847940145e-01
-9.989649561532895072e-01,-9.989658941557122418e-01,-9.989659262051853172e-01,-9.989659290799046687e-01,-9.989659295955146678e-01,-9.989659297294544160e-01,-9.989659297711046548e-01,-9.989659297810934424e-01,-9.989659297711046548e-01,-9.989659297294544160e-01,-9.989659295955145568e-01,-9.989659290799045577e-01,-9.989659262051852062e-01,-9.989658941557122418e-01,-9.989649561532896183e-01
-9.988490087508007376e-01,-9.988501589208074183e-01,-9.988501983506471449e-01,-9.988502018900649038e-01,-9.988502025237864235e-01,-9.988502026882476459e-01,-9.988502027393648675e-01,-9.988502027516216186e-01,-9.988502027393648675e-01,-9.988502026882474238e-01,-9.988502025237864235e-01,-9.988502018900649038e-01,-9.988501983506471449e-01,-9.988501589208074183e-01,-9.988490087508006265e-01
-9.987360527359924189e-01,-9.987374449289888600e-01,-9.987374920911538112e-01,-9.987374963245796433e-01,-9.987374970854007161e-01,-9.987374972832303577e-01,-9.987374973447759041e-01,-9.987374973595389838e-01,-9.987374973447760151e-01,-9.987374972832302467e-01,-9.987374970854004941e-01,-9.987374963245795323e-01,-9.987374920911537002e-01,-9.987374449289888600e-01,-9.987360527359925300e-01
-9.986083707972245316e-01,-9.986100622713277586e-01,-9.986101200684364132e-01,-9.986101252602725964e-01,-9.986101261909362536e-01,-9.986101264325917271e-01,-9.986101265077218514e-01,-9.986101265257383286e-01,-9.986101265077217404e-01,-9.986101264325915050e-01,-9.986101261909358096e-01,-9.986101252602724854e-01,-9.986101200684363022e-01,-9.986100622713278696e-01,-9.986083707972244206e-01
-9.984844628877104222e-01,-9.984864552668342164e-01,-9.984865221270865510e-01,-9.984865281334659448e-01,-9.984865292152729221e-01,-9.984865294968607863e-01,-9.984865295845072319e-01,-9.984865296055355222e-01,-9.984865295845072319e-01,-9.984865294968606753e-01,-9.984865292152729221e-01,-9.984865281334659448e-01,-9.984865221270865510e-01,-9.984864552668343274e-01,-9.984844628877105333e-01
-9.983452300033486271e-01,-9.983476359784356768e-01,-9.983477178752558912e-01,-9.983477252370385191e-01,-9.983477265583993177e-01,-9.983477269017199118e-01,-9.983477270084892830e-01,-9.983477270340961329e-01,-9.983477270084891719e-01,-9.983477269017200229e-01,-9.983477265583995397e-01,-9.983477252370385191e-01,-9.983477178752558912e-01,-9.983476359784358989e-01,-9.983452300033486271e-01
-9.982102496779630130e-01,-9.982130154281433354e-01,-9.982131073150481981e-01,-9.982131155777703713e-01,-9.982131170694700240e-01,-9.982131174581777566e-01,-9.982131175792294808e-01,-9.982131176082785773e-01,-9.982131175792294808e-01,-9.982131174581779787e-01,-9.982131170694701350e-01,-9.982131155777703713e-01,-9.982131073150481981e-01,-9.982130154281433354e-01,-9.982102496779631240e-01
-9.980596913954860039e-01,-9.980630178986705792e-01,-9.980631306238085809e-01,-9.980631407642119868e-01,-9.980631425870964968e-01,-9.980631430610810151e-01,-9.980631432085379506e-01,-9.980631432439083239e-01,-9.980631432085380617e-01,-9.980631430610811261e-01,-9.980631425870963858e-01,-9.980631407642119868e-01,-9.980631306238085809e-01,-9.980630178986706902e-01,-9.980596913954860039e-01
-9.979134843045718295e-01,-9.979172256860566748e-01,-9.979173487085916117e-01,-9.979173597854406053e-01,-9.979173617901535565e-01,-9.979173623131252224e-01,-9.979173624760742101e-01,-9.979173625151863680e-01,-9.979173624760742101e-01,-9.979173623131250004e-01,-9.979173617901536675e-01,-9.979173597854406053e-01,-9.979173487085916117e-01,-9.979172256860566748e-01,-9.979134843045719405e-01
-9.977518646183107798e-01,-9.977563523331727247e-01,-9.977565036053355207e-01,-9.977565172241971148e-01,-9.977565196769335731e-01,-9.977565203152836126e-01,-9.977565205139617976e-01,-9.977565205616272248e-01,-9.977565205139617976e-01,-9.977565203152837237e-01,-9.977565196769335731e-01,-9.977565172241971148e-01,-9.977565036053355207e-01,-9.977563523331728357e-01,-9.977518646183107798e-01
-9.975942471544434476e-01,-9.975991976740185008e-01,-9.975993587831563092e-01,-9.975993733143636577e-01,-9.975993759509149683e-01,-9.975993766394479767e-01,-9.975993768540905027e-01,-9.975993769056216154e-01,-9.975993768540905027e-01,-9.975993766394477547e-01,-9.975993759509147463e-01,-9.975993733143637687e-01,-9.975993587831561982e-01,-9.975991976740185008e-01,-9.975942471544435586e-01
-9.974218627658697489e-01,-9.974277885639063479e-01,-9.974279870427058547e-01,-9.974280049266557313e-01,-9.974280081548793087e-01,-9.974280089960344542e-01,-9.974280092579759227e-01,-9.974280093208331976e-01,-9.974280092579759227e-01,-9.974280089960343432e-01,-9.974280081548793087e-01,-9.974280049266555093e-01,-9.974279870427058547e-01,-9.974277885639064589e-01,-9.974218627658696379e-01
-9.972526292501261436e-01,-9.972590564789768353e-01,-9.972592635760494373e-01,-9.972592822969232884e-01,-9.972592857019626500e-01,-9.972592865920187899e-01,-9.972592868696064095e-01,-9.972592869362617574e-01,-9.972592868696064095e-01,-9.972592865920187899e-01,-9.972592857019625390e-01,-9.972592822969233994e-01,-9.972592635760492152e-01,-9.972590564789767242e-01,-9.972526292501261436e-01
-9.970698012950823808e-01,-9.970774795892358711e-01,-9.970777347790571454e-01,-9.970777577920040269e-01,-9.970777619577139150e-01,-9.970777630447237305e-01,-9.970777633834571052e-01,-9.970777634647647325e-01,-9.970777633834571052e-01,-9.970777630447237305e-01,-9.970777619577139150e-01,-9.970777577920041379e-01,-9.970777347790570344e-01,-9.970774795892359821e-01,-9.970698012950824918e-01
-9.968887339909626721e-01,-9.968969433204424302e-01,-9.968972054313490760e-01,-9.968972291909357075e-01,-9.968972335218686531e-01,-9.968972346547557706e-01,-9.968972350081959366e-01,-9.968972350930782600e-01,-9.968972350081959366e-01,-9.968972346547559926e-01,-9.968972335218684311e-01,-9.968972291909355965e-01,-9.968972054313491871e-01,-9.968969433204424302e-01,-9.968887339909624501e-01
-9.966957969440732867e-01,-9.967055808679324835e-01,-9.967059029669596004e-01,-9.967059320347592122e-01,-9.967059373145327195e-01,-9.967059386947416666e-01,-9.967059391252046652e-01,-9.967059392285663177e-01,-9.967059391252046652e-01,-9.967059386947417776e-01,-9.967059373145326084e-01,-9.967059320347593232e-01,-9.967059029669596004e-01,-9.967055808679324835e-01,-9.966957969440732867e-01
-9.965026789562272391e-01,-9.965130183706628619e-01,-9.965133458908607134e-01,-9.965133756769625206e-01,-9.965133811157094179e-01,-9.965133825389463906e-01,-9.965133829830568057e-01,-9.965133830897248135e-01,-9.965133829830568057e-01,-9.965133825389462796e-01,-9.965133811157094179e-01,-9.965133756769627427e-01,-9.965133458908608244e-01,-9.965130183706627509e-01,-9.965026789562272391e-01
-9.962999665107308278e-01,-9.963122487333985200e-01,-9.963126484123260296e-01,-9.963126845011857080e-01,-9.963126910835201633e-01,-9.963126928080509037e-01,-9.963126933464533375e-01,-9.963126934757872144e-01,-9.963126933464534485e-01,-9.963126928080509037e-01,-9.963126910835201633e-01,-9.963126845011858190e-01,-9.963126484123258075e-01,-9.963122487333986310e-01,-9.962999665107308278e-01
-9.960945974489068266e-01,-9.961074630964572574e-01,-9.961078680878314717e-01,-9.961079050566497006e-01,-9.961079118139849475e-01,-9.961079135823035502e-01,-9.961079141341103727e-01,-9.961079142666490194e-01,-9.961079141341103727e-01,-9.961079135823034392e-01,-9.961079118139851696e-01,-9.961079050566497006e-01,-9.961078680878316938e-01,-9.961074630964571464e-01,-9.960945974489068266e-01
-9.958824253708635776e-01,-9.958976381810914491e-01,-9.958981262725484784e-01,-9.958981703616087700e-01,-9.958981784435230189e-01,-9.958981805665698683e-01,-9.958981812301977987e-01,-9.958981813896923274e-01,-9.958981812301977987e-01,-9.958981805665696463e-01,-9.958981784435227969e-01,-9.958981703616088810e-01,-9.958981262725483674e-01,-9.958976381810915601e-01,-9.958824253708635776e-01
-9.956646394714161463e-01,-9.956804815395520203e-01,-9.956809780348454542e-01,-9.956810235408426468e-01,-9.956810318607075549e-01,-9.956810340370872980e-01,-9.956810347161383357e-01,-9.956810348792338727e-01,-9.956810347161382246e-01,-9.956810340370871870e-01,-9.956810318607073329e-01,-9.956810235408426468e-01,-9.956809780348453431e-01,-9.956804815395519093e-01,-9.956646394714163684e-01
-9.954432857597412809e-01,-9.954619000264128825e-01,-9.954624871183613832e-01,-9.954625401690846420e-01,-9.954625499524452081e-01,-9.954625525304575673e-01,-9.954625533374337198e-01,-9.954625535314909346e-01,-9.954625533374336088e-01,-9.954625525304577893e-01,-9.954625499524453192e-01,-9.954625401690847530e-01,-9.954624871183614943e-01,-9.954619000264129935e-01,-9.954432857597413919e-01
-9.952129719474802627e-01,-9.952323002205006874e-01,-9.952329044743087882e-01,-9.952329600930973630e-01,-9.952329702558846414e-01,-9.952329729124398394e-01,-9.952329737410947619e-01,-9.952329739401050146e-01,-9.952329737410947619e-01,-9.952329729124398394e-01,-9.952329702558848634e-01,-9.952329600930978071e-01,-9.952329044743086772e-01,-9.952323002205006874e-01,-9.952129719474801517e-01
-9.949826550827330918e-01,-9.950051779293713761e-01,-9.950058738950348092e-01,-9.950059368241309654e-01,-9.950059485127312753e-01,-9.950059516036634522e-01,-9.950059525727018572e-01,-9.950059528058793346e-01,-9.950059525727018572e-01,-9.950059516036633411e-01,-9.950059485127312753e-01,-9.950059368241310764e-01,-9.950058738950348092e-01,-9.950051779293712650e-01,-9.949826550827330918e-01
-9.947397781915449100e-01,-9.947631667522377485e-01,-9.947638973771478765e-01,-9.947639649117802074e-01,-9.947639772352502296e-01,-9.947639804537304897e-01,-9.947639814573689954e-01,-9.947639816983780969e-01,-9.947639814573689954e-01,-9.947639804537307118e-01,-9.947639772352506737e-01,-9.947639649117802074e-01,-9.947638973771482096e-01,-9.947631667522378596e-01,-9.947397781915450210e-01
-9.945006347752038955e-01,-9.945276063096720742e-01,-9.945284198732573522e-01,-9.945284935417094685e-01,-9.945285073408509646e-01,-9.945285110037926923e-01,-9.945285121540337059e-01,-9.945285124309992675e-01,-9.945285121540337059e-01,-9.945285110037924703e-01,-9.945285073408509646e-01,-9.945284935417094685e-01,-9.945284198732575742e-01,-9.945276063096721852e-01,-9.945006347752038955e-01
-9.942452567825347254e-01,-9.942733475800434872e-01,-9.942742255180224697e-01,-9.942743069772000952e-01,-9.942743218134122429e-01,-9.942743256850459233e-01,-9.942743268921281352e-01,-9.942743271819706186e-01,-9.942743268921281352e-01,-9.942743256850459233e-01,-9.942743218134122429e-01,-9.942743069772000952e-01,-9.942742255180224697e-01,-9.942733475800435983e-01,-9.942452567825349474e-01
-9.939973203810680280e-01,-9.940293104782528255e-01,-9.940302489929404572e-01,-9.940303342299274814e-01,-9.940303503509558825e-01,-9.940303546465942830e-01,-9.940303559976251258e-01,-9.940303563231518424e-01,-9.940303559976252368e-01,-9.940303546465942830e-01,-9.940303503509559935e-01,-9.940303342299274814e-01,-9.940302489929404572e-01,-9.940293104782528255e-01,-9.939973203810681390e-01
-9.937296200202420104e-01,-9.937631253029545197e-01,-9.937641735873850024e-01,-9.937642711226138958e-01,-9.937642888491340365e-01,-9.937642934735180233e-01,-9.937642949154255056e-01,-9.937642952616643210e-01,-9.937642949154255056e-01,-9.937642934735180233e-01,-9.937642888491340365e-01,-9.937642711226140069e-01,-9.937641735873847804e-01,-9.937631253029544087e-01,-9.937296200202420104e-01
-9.934728034568182098e-01,-9.935104101613330130e-01,-9.935114798290149984e-01,-9.935115775135171523e-01,-9.935115961860525591e-01,-9.935116011784609347e-01,-9.935116027506580849e-01,-9.935116031296885586e-01,-9.935116027506580849e-01,-9.935116011784610457e-01,-9.935115961860525591e-01,-9.935115775135172633e-01,-9.935114798290148874e-01,-9.935104101613330130e-01,-9.934728034568184318e-01
-9.931930919738282126e-01,-9.932327956559260373e-01,-9.932340388939683296e-01,-9.932341546814889011e-01,-9.932341756852309800e-01,-9.932341811679861188e-01,-9.932341828785640203e-01,-9.932341832894039380e-01,-9.932341828785641313e-01,-9.932341811679863408e-01,-9.932341756852312020e-01,-9.932341546814890121e-01,-9.932340388939683296e-01,-9.932327956559260373e-01,-9.931930919738282126e-01
-9.929271755983092307e-01,-9.929710269181885041e-01,-9.929722336692681228e-01,-9.929723448903997607e-01,-9.929723663843798009e-01,-9.929723721445170570e-01,-9.929723739598255161e-01,-9.929723743976328620e-01,-9.929723739598255161e-01,-9.929723721445169460e-01,-9.929723663843798009e-01,-9.929723448903999827e-01,-9.929722336692682338e-01,-9.929710269181886151e-01,-9.929271755983092307e-01
-9.926359058146110304e-01,-9.926826635357577366e-01,-9.926841269716782934e-01,-9.926842630251480060e-01,-9.926842876777554059e-01,-9.926842941267544074e-01,-9.926842961414786837e-01,-9.926842966255943201e-01,-9.926842961414786837e-01,-9.926842941267544074e-01,-9.926842876777554059e-01,-9.926842630251481170e-01,-9.926841269716781824e-01,-9.926826635357576256e-01,-9.926359058146108083e-01
-9.923605344046571020e-01,-9.924112949216093993e-01,-9.924126460746930389e-01,-9.924127723812476987e-01,-9.924127970389420295e-01,-9.924128036498808259e-01,-9.924128057330684483e-01,-9.924128062355276336e-01,-9.924128057330685593e-01,-9.924128036498808259e-01,-9.924127970389421405e-01,-9.924127723812479207e-01,-9.924126460746931500e-01,-9.924112949216092883e-01,-9.923605344046573240e-01
-9.920582998142528641e-01,-9.921130367793019600e-01,-9.921147447106680728e-01,-9.921149026151951933e-01,-9.921149312403643172e-01,-9.921149387605555647e-01,-9.921149411152837549e-01,-9.921149416815467914e-01,-9.921149411152837549e-01,-9.921149387605555647e-01,-9.921149312403644283e-01,-9.921149026151951933e-01,-9.921147447106680728e-01,-9.921130367793020710e-01,-9.920582998142529751e-01
-9.917729907112997623e-01,-9.918313735691882682e-01,-9.918328802194178451e-01,-9.918330239482555655e-01,-9.918330522228440138e-01,-9.918330597861254594e-01,-9.918330621664208646e-01,-9.918330627403783017e-01,-9.918330621664207536e-01,-9.918330597861252373e-01,-9.918330522228439028e-01,-9.918330239482555655e-01,-9.918328802194177340e-01,-9.918313735691881572e-01,-9.917729907112997623e-01
-9.914605113097739730e-01,-9.915242162450993435e-01,-9.915261895264577685e-01,-9.915263700991673312e-01,-9.915264029354006192e-01,-9.915264116227452407e-01,-9.915264143520816642e-01,-9.915264150091834816e-01,-9.915264143520816642e-01,-9.915264116227450186e-01,-9.915264029354006192e-01,-9.915263700991672202e-01,-9.915261895264577685e-01,-9.915242162450994545e-01,-9.914605113097738620e-01
-9.911646761476422540e-01,-9.912314598793910969e-01,-9.912331397769053032e-01,-9.912333044195877907e-01,-9.912333369118955240e-01,-9.912333455535784488e-01,-9.912333482664343887e-01,-9.912333489201310410e-01,-9.912333482664342776e-01,-9.912333455535783377e-01,-9.912333369118954129e-01,-9.912333044195876797e-01,-9.912331397769051922e-01,-9.912314598793908749e-01,-9.911646761476423650e-01
-9.908427682815795778e-01,-9.909164815280578908e-01,-9.909187340130846122e-01,-9.909189369261870439e-01,-9.909189740936944490e-01,-9.909189840295563600e-01,-9.909189871650375681e-01,-9.909189879210360541e-01,-9.909189871650374570e-01,-9.909189840295562490e-01,-9.909189740936943380e-01,-9.909189369261869329e-01,-9.909187340130843902e-01,-9.909164815280578908e-01,-9.908427682815795778e-01
-9.905357501343285964e-01,-9.906117988761122817e-01,-9.906136794241240384e-01,-9.906138699546037651e-01,-9.906139074337799721e-01,-9.906139173078949423e-01,-9.906139203964490214e-01,-9.906139211399174194e-01,-9.906139203964490214e-01,-9.906139173078951643e-01,-9.906139074337800832e-01,-9.906138699546039872e-01,-9.906136794241242605e-01,-9.906117988761123927e-01,-9.905357501343288185e-01
-9.902052790053305076e-01,-9.902900734219505230e-01,-9.902926075461118138e-01,-9.902928309986011035e-01,-9.902928724863259147e-01,-9.902928837347748647e-01,-9.902928873033149948e-01,-9.902928881651869020e-01,-9.902928873033149948e-01,-9.902928837347746427e-01,-9.902928724863259147e-01,-9.902928309986009925e-01,-9.902926075461118138e-01,-9.902900734219503009e-01,-9.902052790053306186e-01
-9.898864057860831123e-01,-9.899726910502278932e-01,-9.899748120098712523e-01,-9.899750350570619695e-01,-9.899750784454917074e-01,-9.899750897319684606e-01,-9.899750932476553134e-01,-9.899750940929891163e-01,-9.899750932476553134e-01,-9.899750897319683496e-01,-9.899750784454918184e-01,-9.899750350570619695e-01,-9.899748120098713633e-01,-9.899726910502280042e-01,-9.898864057860831123e-01
-9.895482213307925656e-01,-9.896451765672548140e-01,-9.896479788466605587e-01,-9.896482194352871353e-01,-9.896482651317958235e-01,-9.896482777433557310e-01,-9.896482817666591991e-01,-9.896482827400003845e-01,-9.896482817666590881e-01,-9.896482777433555089e-01,-9.896482651317960455e-01,-9.896482194352871353e-01,-9.896479788466605587e-01,-9.896451765672549250e-01,-9.895482213307924546e-01
-9.892168745807004004e-01,-9.893144969175545755e-01,-9.893169124019274285e-01,-9.893171761140823195e-01,-9.893172264134028060e-01,-9.893172393074523008e-01,-9.893172433092138895e-01,-9.893172442705927550e-01,-9.893172433092137785e-01,-9.893172393074523008e-01,-9.893172264134030280e-01,-9.893171761140824305e-01,-9.893169124019274285e-01,-9.893144969175547976e-01,-9.892168745807006225e-01
-9.888717341041535214e-01,-9.889819076331768377e-01,-9.889849454953965058e-01,-9.889851984971312904e-01,-9.889852482938411571e-01,-9.889852623195577452e-01,-9.889852668153286119e-01,-9.889852679043886763e-01,-9.889852668153286119e-01,-9.889852623195577452e-01,-9.889852482938410461e-01,-9.889851984971312904e-01,-9.889849454953963948e-01,-9.889819076331768377e-01,-9.888717341041535214e-01
-9.885274297355628459e-01,-9.886376388513596902e-01,-9.886404180847854217e-01,-9.886407315045937505e-01,-9.886407896409021845e-01,-9.886408043317380656e-01,-9.886408088834046648e-01,-9.886408099767713953e-01,-9.886408088834046648e-01,-9.886408043317381766e-01,-9.886407896409022955e-01,-9.886407315045938615e-01,-9.886404180847853107e-01,-9.886376388513595792e-01,-9.885274297355627349e-01
-9.881759136048409164e-01,-9.883003148089715140e-01,-9.883035365962471452e-01,-9.883037969030248338e-01,-9.883038508945005685e-01,-9.883038664127971051e-01,-9.883038713983866019e-01,-9.883038726066132318e-01,-9.883038713983867130e-01,-9.883038664127971051e-01,-9.883038508945006795e-01,-9.883037969030249448e-01,-9.883035365962472563e-01,-9.883003148089716250e-01,-9.881759136048410275e-01
-9.878183877368410526e-01,-9.879425991989290168e-01,-9.879458251672732505e-01,-9.879461969316211123e-01,-9.879462635076003973e-01,-9.879462801468051891e-01,-9.879462853125943189e-01,-9.879462865549095696e-01,-9.879462853125943189e-01,-9.879462801468053001e-01,-9.879462635076005084e-01,-9.879461969316214454e-01,-9.879458251672732505e-01,-9.879425991989291278e-01,-9.878183877368411636e-01
-9.874608172953295293e-01,-9.876003926837126912e-01,-9.876037325827211610e-01,-9.876039964876497379e-01,-9.876040552750978696e-01,-9.876040724297335816e-01,-9.876040779281533011e-01,-9.876040792593225870e-01,-9.876040779281533011e-01,-9.876040724297333595e-01,-9.876040552750976476e-01,-9.876039964876498489e-01,-9.876037325827212721e-01,-9.876003926837129132e-01,-9.874608172953295293e-01
-9.870901064558151861e-01,-9.872299114462784742e-01,-9.872336759835795839e-01,-9.872341122076796482e-01,-9.872341871723425699e-01,-9.872342058367182815e-01,-9.872342116754331265e-01,-9.872342130835111140e-01,-9.872342116754331265e-01,-9.872342058367182815e-01,-9.872341871723423479e-01,-9.872341122076797593e-01,-9.872336759835796949e-01,-9.872299114462784742e-01,-9.870901064558154081e-01
-9.867264757393167107e-01,-9.868821130606684200e-01,-9.868855019771524129e-01,-9.868857698660075117e-01,-9.868858349315285938e-01,-9.868858539716470757e-01,-9.868858600186244390e-01,-9.868858614784309369e-01,-9.868858600186243279e-01,-9.868858539716469647e-01,-9.868858349315288159e-01,-9.868857698660078448e-01,-9.868855019771526349e-01,-9.868821130606686420e-01,-9.867264757393168217e-01
-9.863429772782955629e-01,-9.865001391826264676e-01,-9.865045325462310499e-01,-9.865050338907490612e-01,-9.865051161787410372e-01,-9.865051368394684994e-01,-9.865051433989471263e-01,-9.865051449879966849e-01,-9.865051433989470153e-01,-9.865051368394686104e-01,-9.865051161787409262e-01,-9.865050338907489502e-01,-9.865045325462309389e-01,-9.865001391826264676e-01,-9.863429772782956739e-01
-9.859729117168115620e-01,-9.861454681576337089e-01,-9.861488503138855499e-01,-9.861491300494510392e-01,-9.861492041095253347e-01,-9.861492254130544977e-01,-9.861492320622590180e-01,-9.861492336599889663e-01,-9.861492320622590180e-01,-9.861492254130544977e-01,-9.861492041095252237e-01,-9.861491300494509282e-01,-9.861488503138853279e-01,-9.861454681576337089e-01,-9.859729117168116730e-01
-9.855774085158888198e-01,-9.857538378347530106e-01,-9.857589310414649475e-01,-9.857594892392212982e-01,-9.857595764927140625e-01,-9.857595990114302875e-01,-9.857596063259477237e-01,-9.857596081081192452e-01,-9.857596063259476127e-01,-9.857595990114303985e-01,-9.857595764927139514e-01,-9.857594892392211872e-01,-9.857589310414649475e-01,-9.857538378347527885e-01,-9.855774085158888198e-01
-9.852001640724793452e-01,-9.853905196910988096e-01,-9.853938733695836172e-01,-9.853941837795093805e-01,-9.853942709541887446e-01,-9.853942950065827100e-01,-9.853943023289769565e-01,-9.853943040786810048e-01,-9.853943023289768455e-01,-9.853942950065824880e-01,-9.853942709541887446e-01,-9.853941837795094916e-01,-9.853938733695835062e-01,-9.853905196910986986e-01,-9.852001640724794562e-01
-9.847937988502479811e-01,-9.849914982459743173e-01,-9.849973180555019470e-01,-9.849979126115337991e-01,-9.849980011713179717e-01,-9.849980253516552597e-01,-9.849980334458424691e-01,-9.849980354292542373e-01,-9.849980334458424691e-01,-9.849980253516551487e-01,-9.849980011713180827e-01,-9.849979126115341321e-01,-9.849973180555021690e-01,-9.849914982459746504e-01,-9.847937988502479811e-01
-9.844083132260827984e-01,-9.846174466345777310e-01,-9.846208064056626297e-01,-9.846211798422117578e-01,-9.846212854108549184e-01,-9.846213127074050497e-01,-9.846213207808505175e-01,-9.846213227014340985e-01,-9.846213207808502954e-01,-9.846213127074051608e-01,-9.846212854108549184e-01,-9.846211798422119799e-01,-9.846208064056627407e-01,-9.846174466345776199e-01,-9.844083132260830205e-01
-9.839925028678823127e-01,-9.842134791641429237e-01,-9.842199788532983717e-01,-9.842205751800715552e-01,-9.842206605952100729e-01,-9.842206863196525379e-01,-9.842206952220396987e-01,-9.842206974107988726e-01,-9.842206952220395877e-01,-9.842206863196524269e-01,-9.842206605952101839e-01,-9.842205751800716662e-01,-9.842199788532985938e-01,-9.842134791641430347e-01,-9.839925028678825347e-01
-9.835975055240421261e-01,-9.838265855570716978e-01,-9.838300625470770555e-01,-9.838305450671157582e-01,-9.838306745552213295e-01,-9.838307054041453004e-01,-9.838307142920815762e-01,-9.838307164060666743e-01,-9.838307142920813542e-01,-9.838307054041453004e-01,-9.838306745552213295e-01,-9.838305450671158692e-01,-9.838300625470772776e-01,-9.838265855570715868e-01,-9.835975055240421261e-01
-9.831737950519023883e-01,-9.834199451067507924e-01,-9.834269784136562276e-01,-9.834275291651359829e-01,-9.834276074786770794e-01,-9.834276349463911826e-01,-9.834276447125027687e-01,-9.834276471079479442e-01,-9.834276447125028797e-01,-9.834276349463907385e-01,-9.834276074786771904e-01,-9.834275291651359829e-01,-9.834269784136564496e-01,-9.834199451067509035e-01,-9.831737950519026104e-01
-9.827679740061334712e-01,-9.830184583910342999e-01,-9.830222542092496019e-01,-9.830229016677858311e-01,-9.830230590682897951e-01,-9.830230933012027439e-01,-9.830231030252308821e-01,-9.830231053566769184e-01,-9.830231030252306601e-01,-9.830230933012029659e-01,-9.830230590682899061e-01,-9.830229016677860532e-01,-9.830222542092496019e-01,-9.830184583910341889e-01,-9.827679740061335822e-01
-9.823378421458356380e-01,-9.826108324236599856e-01,-9.826181415687365028e-01,-9.826185931176945054e-01,-9.826186630782856035e-01,-9.826186931200027175e-01,-9.826187038578192423e-01,-9.826187064604428034e-01,-9.826187038578192423e-01,-9.826186931200022734e-01,-9.826186630782856035e-01,-9.826185931176943944e-01,-9.826181415687366139e-01,-9.826108324236600966e-01,-9.823378421458356380e-01
-9.819200527125693245e-01,-9.821937809832101962e-01,-9.821981892342699361e-01,-9.821990577075505602e-01,-9.821992428351182802e-01,-9.821992794866193366e-01,-9.821992900068885479e-01,-9.821992925799344354e-01,-9.821992900068884369e-01,-9.821992794866193366e-01,-9.821992428351183912e-01,-9.821990577075506712e-01,-9.821981892342698250e-01,-9.821937809832103072e-01,-9.819200527125695466e-01
-9.814846945606604534e-01,-9.817858651959303629e-01,-9.817930945538317911e-01,-9.817934000684837015e-01,-9.817934661326970236e-01,-9.817935005086794176e-01,-9.817935123885683790e-01,-9.817935151989389819e-01,-9.817935123885683790e-01,-9.817935005086791955e-01,-9.817934661326971346e-01,-9.817934000684838125e-01,-9.817930945538317911e-01,-9.817858651959306959e-01,-9.814846945606604534e-01
-9.810541799336319757e-01,-9.813534415315575687e-01,-9.813588285243234344e-01,-9.813599582584940917e-01,-9.813601636058753019e-01,-9.813602007021746676e-01,-9.813602119293397541e-01,-9.813602147696119937e-01,-9.813602119293395321e-01,-9.813602007021746676e-01,-9.813601636058750799e-01,-9.813599582584939807e-01,-9.813588285243234344e-01,-9.813534415315576798e-01,-9.810541799336320867e-01
-9.806143042340685900e-01,-9.809446320898624894e-01,-9.809513753972257666e-01,-9.809515145092921884e-01,-9.809515900095920893e-01,-9.809516315047982493e-01,-9.809516447254144067e-01,-9.809516477415319846e-01,-9.809516447254142957e-01,-9.809516315047981383e-01,-9.809515900095920893e-01,-9.809515145092922994e-01,-9.809513753972259886e-01,-9.809446320898627114e-01,-9.806143042340685900e-01
-9.801708837547078446e-01,-9.804984343907553468e-01,-9.805051894616589880e-01,-9.805065832640471601e-01,-9.805067912699494403e-01,-9.805068259498066485e-01,-9.805068378176189370e-01,-9.805068409585308009e-01,-9.805068378176187149e-01,-9.805068259498067595e-01,-9.805067912699494403e-01,-9.805065832640472712e-01,-9.805051894616589880e-01,-9.804984343907555688e-01,-9.801708837547080666e-01
-9.797265695576630185e-01,-9.800867180617945928e-01,-9.800925992225006933e-01,-9.800926017383899680e-01,-9.800927109528642100e-01,-9.800927630021373238e-01,-9.800927776816082959e-01,-9.800927808907342609e-01,-9.800927776816082959e-01,-9.800927630021371018e-01,-9.800927109528640990e-01,-9.800926017383898570e-01,-9.800925992225006933e-01,-9.800867180617944818e-01,-9.797265695576629074e-01
-9.792707432802130185e-01,-9.796297382225290784e-01,-9.796381873501249782e-01,-9.796397871253798018e-01,-9.796399693776625117e-01,-9.796399986164298079e-01,-9.796400112359574530e-01,-9.796400147296404626e-01,-9.796400112359573420e-01,-9.796399986164296969e-01,-9.796399693776625117e-01,-9.796397871253799128e-01,-9.796381873501252002e-01,-9.796297382225291894e-01,-9.792707432802132406e-01
-9.788213999386987663e-01,-9.792118671839622479e-01,-9.792166448609578300e-01,-9.792166126354107103e-01,-9.792167898969519335e-01,-9.792168554641054179e-01,-9.792168714443247879e-01,-9.792168748109676413e-01,-9.792168714443247879e-01,-9.792168554641051958e-01,-9.792167898969518225e-01,-9.792166126354109323e-01,-9.792166448609579410e-01,-9.792118671839624700e-01,-9.788213999386986552e-01
-9.783543237584466645e-01,-9.787481438406130385e-01,-9.787584311543563453e-01,-9.787600998309374800e-01,-9.787602201839018523e-01,-9.787602423365789894e-01,-9.787602562207436963e-01,-9.787602601480913656e-01,-9.787602562207436963e-01,-9.787602423365789894e-01,-9.787602201839018523e-01,-9.787600998309375910e-01,-9.787584311543563453e-01,-9.787481438406131495e-01,-9.783543237584467755e-01
-9.778987862774540796e-01,-9.783201413486629638e-01,-9.783238183650070363e-01,-9.783239361407546353e-01,-9.783242199110738779e-01,-9.783242994922773939e-01,-9.783243160949157691e-01,-9.783243195541092563e-01,-9.783243160949157691e-01,-9.783242994922775049e-01,-9.783242199110741000e-01,-9.783239361407549683e-01,-9.783238183650071473e-01,-9.783201413486629638e-01,-9.778987862774540796e-01
-9.774220943845929321e-01,-9.778540657058711894e-01,-9.778660260995417630e-01,-9.778675454702097092e-01,-9.778675689615290434e-01,-9.778675861025639682e-01,-9.778676023855312760e-01,-9.778676068518340481e-01,-9.778676023855312760e-01,-9.778675861025636351e-01,-9.778675689615289324e-01,-9.778675454702099312e-01,-9.778660260995417630e-01,-9.778540657058713004e-01,-9.774220943845930432e-01
-9.769588611879238549e-01,-9.774120368365996070e-01,-9.774149485689306305e-01,-9.774154726555493999e-01,-9.774158931218699387e-01,-9.774159821198316056e-01,-9.774159979770263851e-01,-9.774160014516460881e-01,-9.774159979770261630e-01,-9.774159821198318276e-01,-9.774158931218700497e-01,-9.774154726555495110e-01,-9.774149485689308525e-01,-9.774120368365999401e-01,-9.769588611879240769e-01
-9.764743509276068156e-01,-9.769474009842110673e-01,-9.769604674705445468e-01,-9.769615636341023590e-01,-9.769614719614430065e-01,-9.769614925195798660e-01,-9.769615130055984142e-01,-9.769615181005008031e-01,-9.769615130055983032e-01,-9.769614925195796440e-01,-9.769614719614427845e-01,-9.769615636341026921e-01,-9.769604674705445468e-01,-9.769474009842111784e-01,-9.764743509276069267e-01
-9.760019340975732982e-01,-9.764885241555373296e-01,-9.764913754106107069e-01,-9.764925903196861601e-01,-9.764931509720644609e-01,-9.764932373009755917e-01,-9.764932504792301904e-01,-9.764932539459523220e-01,-9.764932504792300794e-01,-9.764932373009757027e-01,-9.764931509720645719e-01,-9.764925903196863821e-01,-9.764913754106105959e-01,-9.764885241555376627e-01,-9.760019340975732982e-01
-9.755111746380719095e-01,-9.760275125757936765e-01,-9.760407129201384979e-01,-9.760411177074106437e-01,-9.760409294814356151e-01,-9.760409699806700257e-01,-9.760409967753052030e-01,-9.760410024756904779e-01,-9.760409967753052030e-01,-9.760409699806696926e-01,-9.760409294814356151e-01,-9.760411177074107547e-01,-9.760407129201384979e-01,-9.760275125757937875e-01,-9.755111746380720206e-01
-9.750284896823490088e-01,-9.755509821396493031e-01,-9.755547994319557770e-01,-9.755569387941234183e-01,-9.755575957290807398e-01,-9.755576592274658454e-01,-9.755576679126676254e-01,-9.755576715326104154e-01,-9.755576679126674033e-01,-9.755576592274657344e-01,-9.755575957290806288e-01,-9.755569387941236403e-01,-9.755547994319557770e-01,-9.755509821396493031e-01,-9.750284896823492309e-01
-9.745324560815854520e-01,-9.750933905040357619e-01,-9.751054772138910698e-01,-9.751050242929781842e-01,-9.751048143860098216e-01,-9.751048984218494420e-01,-9.751049328982507314e-01,-9.751049389118527921e-01,-9.751049328982508424e-01,-9.751048984218489979e-01,-9.751048143860098216e-01,-9.751050242929782952e-01,-9.751054772138911808e-01,-9.750933905040358729e-01,-9.745324560815855630e-01
-9.740391421618286305e-01,-9.746010062696507381e-01,-9.746069758626023649e-01,-9.746101161095490628e-01,-9.746107629543242501e-01,-9.746107786658075867e-01,-9.746107825890056864e-01,-9.746107868835734989e-01,-9.746107825890054643e-01,-9.746107786658075867e-01,-9.746107629543243611e-01,-9.746101161095491738e-01,-9.746069758626021429e-01,-9.746010062696507381e-01,-9.740391421618286305e-01
-9.735379933999237512e-01,-9.741439870155760294e-01,-9.741537084651248346e-01,-9.741524467511928354e-01,-9.741523547591758314e-01,-9.741525071170885619e-01,-9.741525481549779819e-01,-9.741525537525154155e-01,-9.741525481549780929e-01,-9.741525071170883399e-01,-9.741523547591759424e-01,-9.741524467511929464e-01,-9.741537084651250566e-01,-9.741439870155761405e-01,-9.735379933999239732e-01
-9.730345442517036592e-01,-9.736400932633995087e-01,-9.736492742622746555e-01,-9.736532266252899692e-01,-9.736536965159336976e-01,-9.736536436076701495e-01,-9.736536460678356653e-01,-9.736536520517558024e-01,-9.736536460678353322e-01,-9.736536436076701495e-01,-9.736536965159338086e-01,-9.736532266252903023e-01,-9.736492742622747665e-01,-9.736400932633995087e-01,-9.730345442517036592e-01
-9.366875840833708278e-01,-9.393577481045021216e-01,-9.393983462437893728e-01,-9.393997237104212417e-01,-9.394001172434015556e-01,-9.394005993000215105e-01,-9.394007493897181815e-01,-9.394007764492285917e-01,-9.394007493897182925e-01,-9.394005993000215105e-01,-9.394001172434011115e-01,-9.393997237104214637e-01,-9.393983462437890397e-01,-9.393577481045017885e-01,-9.366875840833711608e-01
-8.844524247682106211e-01,-8.961836775434152136e-01,-8.960539716764430729e-01,-8.960653250761131394e-01,-8.960712203715168744e-01,-8.960726956081103145e-01,-8.960730693637273259e-01,-8.960731647534010413e-01,-8.960730693637272148e-01,-8.960726956081104255e-01,-8.960712203715170965e-01,-8.960653250761130284e-01,-8.960539716764429619e-01,-8.961836775434155467e-01,-8.844524247682109541e-01
-8.177549180925736128e-01,-8.476156116845594557e-01,-8.461248079613081785e-01,-8.461678264966838725e-01,-8.461763064182515892e-01,-8.461780230039546158e-01,-8.461787728652814256e-01,-8.461789980201469552e-01,-8.461787728652812035e-01,-8.461780230039545048e-01,-8.461763064182528105e-01,-8.461678264966837615e-01,-8.461248079613088446e-01,-8.476156116845600108e-01,-8.177549180925732797e-01
-7.473951018610996977e-01,-8.067473429703557741e-01,-8.012566846879682902e-01,-8.015430362193909364e-01,-8.015501318693015742e-01,-8.015529507188938751e-01,-8.015544488909330800e-01,-8.015548388221741538e-01,-8.015544488909331911e-01,-8.015529507188929870e-01,-8.015501318693019073e-01,-8.015430362193913805e-01,-8.012566846879685123e-01,-8.067473429703551080e-01,-7.473951018610986985e-01
-6.810471358020573351e-01,-7.801186515506922659e-01,-7.662509497306319028e-01,-7.675142064445816814e-01,-7.674751022693846458e-01,-7.674802269893631346e-01,-7.674823152312866270e-01,-7.674827606445921990e-01,-7.674823152312879593e-01,-7.674802269893623574e-01,-7.674751022693818703e-01,-7.675142064445803491e-01,-7.662509497306322359e-01,-7.801186515506903785e-01,-6.810471358020561139e-01
-6.191428272403027844e-01,-7.627621350283675383e-01,-7.350744220202650725e-01,-7.389295910828497238e-01,-7.386320937902628447e-01,-7.386492044232569887e-01,-7.386509460096382096e-01,-7.386512762260212250e-01,-7.386509460096400970e-01,-7.386492044232566556e-01,-7.386320937902589590e-01,-7.389295910828473923e-01,-7.350744220202662937e-01,-7.627621350283664281e-01,-6.191428272403015631e-01
-5.597971783108945942e-01,-7.481093585549820624e-01,-7.020131254379358143e-01,-7.110551901770602035e-01,-7.099129613740805533e-01,-7.100039872454619871e-01,-7.100020092283071405e-01,-7.100023416301202150e-01,-7.100020092283073625e-01,-7.100039872454624312e-01,-7.099129613740785549e-01,-7.110551901770587602e-01,-7.020131254379364805e-01,-7.481093585549830616e-01,-5.597971783108933730e-01
-5.036230453284202824e-01,-7.357255051522938460e-01,-6.690040777655734683e-01,-6.862450885368407416e-01,-6.831093022731952180e-01,-6.834865592923387023e-01,-6.834611318199013130e-01,-6.834627999452805858e-01,-6.834611318198993146e-01,-6.834865592923399236e-01,-6.831093022731959952e-01,-6.862450885368408526e-01,-6.690040777655720250e-01,-7.357255051522955114e-01,-5.036230453284200603e-01
-4.532239079758104139e-01,-7.287739134163933041e-01,-6.412774694990120983e-01,-6.690493248141056171e-01,-6.622753255740302381e-01,-6.634313469724668622e-01,-6.633048452346212986e-01,-6.633154551469568894e-01,-6.633048452346186341e-01,-6.634313469724667511e-01,-6.622753255740319034e-01,-6.690493248141060612e-01,-6.412774694990089897e-01,-7.287739134163937482e-01,-4.532239079758114131e-01
-4.097851391452878578e-01,-7.278197574819080806e-01,-6.198794545373358389e-01,-6.590920713276301468e-01,-6.470063534215478862e-01,-6.497790785773486233e-01,-6.493437881418203661e-01,-6.493954540101780637e-01,-6.493437881418193669e-01,-6.497790785773469580e-01,-6.470063534215471091e-01,-6.590920713276293696e-01,-6.198794545373327303e-01,-7.278197574819067484e-01,-4.097851391452889125e-01
-3.716238445122416745e-01,-7.293633761728433029e-01,-6.006691007671287608e-01,-6.511509752295423503e-01,-6.326764982496368983e-01,-6.381270935387437504e-01,-6.369721542943089787e-01,-6.371639186305400049e-01,-6.369721542943107551e-01,-6.381270935387428622e-01,-6.326764982496327905e-01,-6.511509752295414621e-01,-6.006691007671280946e-01,-7.293633761728410825e-01,-3.716238445122417855e-01
-3.361426644315188561e-01,-7.296206487847147759e-01,-5.795833466966835434e-01,-6.411351089819838922e-01,-6.160812716474435291e-01,-6.251586064869000259e-01,-6.226633448063811915e-01,-6.232283954089401501e-01,-6.226633448063843002e-01,-6.251586064869014692e-01,-6.160812716474372008e-01,-6.411351089819852245e-01,-5.795833466966857639e-01,-7.296206487847123334e-01,-3.361426644315181345e-01
-3.024749402326822323e-01,-7.281098891173374277e-01,-5.570475383971796868e-01,-6.300986669027103249e-01,-5.988405670551179005e-01,-6.119991066716541361e-01,-6.074620474647003388e-01,-6.088305224784879011e-01,-6.074620474647014490e-01,-6.119991066716577999e-01,-5.988405670551113502e-01,-6.300986669027137665e-01,-5.570475383971830174e-01,-7.281098891173355403e-01,-3.024749402326807890e-01
-2.718000252624035995e-01,-7.271555073789988111e-01,-5.367342666474060886e-01,-6.219934967909913626e-01,-5.847954654203643132e-01,-6.018746852701266636e-01,-5.947603383798258925e-01,-5.975537146556930690e-01,-5.947603383798233390e-01,-6.018746852701309935e-01,-5.847954654203595393e-01,-6.219934967909958035e-01,-5.367342666474070878e-01,-7.271555073789980339e-01,-2.718000252624011570e-01
-2.453516752073664486e-01,-7.286878259986884210e-01,-5.209543222630188541e-01,-6.186135432505766030e-01,-5.751914535861358813e-01,-5.957354527133371658e-01,-5.858771673956999493e-01,-5.907790514900581602e-01,-5.858771673956950643e-01,-5.957354527133407185e-01,-5.751914535861341049e-01,-6.186135432505803777e-01,-5.209543222630148573e-01,-7.286878259986890871e-01,-2.453516752073628682e-01
-2.226157409118912633e-01,-7.322271923306180597e-01,-5.082754605082657751e-01,-6.177418533046563631e-01,-5.674307441335628699e-01,-5.912429872334019620e-01,-5.788095365312410090e-01,-5.863344162267263293e-01,-5.788095365312375673e-01,-5.912429872334034053e-01,-5.674307441335642022e-01,-6.177418533046579174e-01,-5.082754605082584476e-01,-7.322271923306210573e-01,-2.226157409118876274e-01
-2.016108652270203194e-01,-7.357721572268072219e-01,-4.954915574385573285e-01,-6.159008352388192220e-01,-5.582135042118687718e-01,-5.856841082661989883e-01,-5.708925921337645315e-01,-5.811668582385769444e-01,-5.708925921337649756e-01,-5.856841082661983222e-01,-5.582135042118725465e-01,-6.159008352388187779e-01,-4.954915574385512778e-01,-7.357721572268123289e-01,-2.016108652270175994e-01
-1.807029458588380599e-01,-7.379806541115445651e-01,-4.810239741511328493e-01,-6.119424579665421193e-01,-5.469414991393314329e-01,-5.788575035830072490e-01,-5.616508865453385679e-01,-5.743580106968357857e-01,-5.616508865453433419e-01,-5.788575035830040294e-01,-5.469414991393357628e-01,-6.119424579665405650e-01,-4.810239741511315170e-01,-7.379806541115496721e-01,-1.807029458588356730e-01
-1.599545546210192071e-01,-7.392278101025817616e-01,-4.660007384290488774e-01,-6.076229221082067866e-01,-5.357393925468436624e-01,-5.727517199221557886e-01,-5.527258611485428297e-01,-5.673066031557735256e-01,-5.527258611485503792e-01,-5.727517199221494604e-01,-5.357393925468476592e-01,-6.076229221082039000e-01,-4.660007384290527632e-01,-7.392278101025836490e-01,-1.599545546210156544e-01
-1.407560791773403708e-01,-7.408211110942422017e-01,-4.524658419600309234e-01,-6.052060695838840099e-01,-5.267224425300013335e-01,-5.689484859927484983e-01,-5.456133416338790898e-01,-5.616483089234425297e-01,-5.456133416338869724e-01,-5.689484859927407268e-01,-5.267224425300048862e-01,-6.052060695838796800e-01,-4.524658419600373627e-01,-7.408211110942395372e-01,-1.407560791773351805e-01
-1.242885704743529746e-01,-7.435201038827304876e-01,-4.411651458222154432e-01,-6.051429395313592252e-01,-5.198802835463559591e-01,-5.669695200834269366e-01,-5.401177981866577271e-01,-5.576561754549709260e-01,-5.401177981866631672e-01,-5.669695200834203863e-01,-5.198802835463604000e-01,-6.051429395313541182e-01,-4.411651458222226596e-01,-7.435201038827252695e-01,-1.242885704743499492e-01
-1.103792531560556928e-01,-7.468879598051992863e-01,-4.311861729423533962e-01,-6.060799414234416815e-01,-5.135568425220740085e-01,-5.651048247153822590e-01,-5.349434795111049912e-01,-5.545428881602390003e-01,-5.349434795111067675e-01,-5.651048247153783732e-01,-5.135568425220802258e-01,-6.060799414234365745e-01,-4.311861729423601686e-01,-7.468879598051949564e-01,-1.103792531560590373e-01
-9.772616176453596815e-02,-7.499130216257818837e-01,-4.213111118856055493e-01,-6.065648562934116139e-01,-5.064257089757289165e-01,-5.623268038987514483e-01,-5.292326125821733562e-01,-5.516726975448538184e-01,-5.292326125821714689e-01,-5.623268038987505602e-01,-5.064257089757350228e-01,-6.065648562934060628e-01,-4.213111118856096571e-01,-7.499130216257788861e-01,-9.772616176454414216e-02
-8.507317198950375969e-02,-7.520264074833205026e-01,-4.112341204866586941e-01,-6.062878070751269721e-01,-4.986397969658936669e-01,-5.590953551132640253e-01,-5.231929757825483085e-01,-5.490674065005851645e-01,-5.231929757825450888e-01,-5.590953551132651356e-01,-4.986397969658977192e-01,-6.062878070751216431e-01,-4.112341204866591937e-01,-7.520264074833179491e-01,-8.507317198951125370e-02
-7.215763120941452724e-02,-7.534765704689683208e-01,-4.014653292296080367e-01,-6.057828743127926518e-01,-4.912355133969035781e-01,-5.565135746959815055e-01,-5.174303749747722891e-01,-5.469114821220597555e-01,-5.174303749747707348e-01,-5.565135746959836149e-01,-4.912355133969044108e-01,-6.057828743127896542e-01,-4.014653292296073706e-01,-7.534765704689664334e-01,-7.215763120941739994e-02
-5.969014223664050045e-02,-7.549222767875427564e-01,-3.924879271932352753e-01,-6.054601117635618479e-01,-4.848738986805366524e-01,-5.551125518428638994e-01,-5.121176639380170537e-01,-5.450375197949536288e-01,-5.121176639380190521e-01,-5.551125518428656758e-01,-4.848738986805348761e-01,-6.054601117635631802e-01,-3.924879271932364966e-01,-7.549222767875427564e-01,-5.969014223663807878e-02
-4.856963364476504785e-02,-7.568210822781886726e-01,-3.842913114016953680e-01,-6.052407656482157172e-01,-4.793324246183350290e-01,-5.545278297268871892e-01,-5.069748764477729486e-01,-5.431033848216104687e-01,-5.069748764477770564e-01,-5.545278297268871892e-01,-4.793324246183312543e-01,-6.052407656482206022e-01,-3.842913114016979770e-01,-7.568210822781906710e-01,-4.856963364475849060e-02
-3.908453113656086553e-02,-7.591456847880238001e-01,-3.766044990019569161e-01,-6.049537011131442821e-01,-4.739627048488112004e-01,-5.540344478729251065e-01,-5.018096176557595989e-01,-5.410848002745952678e-01,-5.018096176557638177e-01,-5.540344478729228861e-01,-4.739627048488072592e-01,-6.049537011131490560e-01,-3.766044990019573047e-01,-7.591456847880275749e-01,-3.908453113655321193e-02
-3.070570402385760719e-02,-7.615163794219363957e-01,-3.693199010830013895e-01,-6.047749940074340635e-01,-4.683935646378323270e-01,-5.531724016931193200e-01,-4.968138564069829455e-01,-5.393756260163141691e-01,-4.968138564069862206e-01,-5.531724016931166554e-01,-4.683935646378309947e-01,-6.047749940074365060e-01,-3.693199010829972817e-01,-7.615163794219412807e-01,-3.070570402385268752e-02
-2.253600252086331024e-02,-7.635137075363589432e-01,-3.625239830135369434e-01,-6.051292768652325460e-01,-4.627857534295742870e-01,-5.519528098287649343e-01,-4.923212669813306630e-01,-5.383605845688159697e-01,-4.923212669813326059e-01,-5.519528098287629359e-01,-4.627857534295772846e-01,-6.051292768652323240e-01,-3.625239830135290608e-01,-7.635137075363633841e-01,-2.253600252086176634e-02
-1.401341873440618141e-02,-7.649619745852054287e-01,-3.561651571191030152e-01,-6.061879896249777744e-01,-4.575219680651433363e-01,-5.506643028516572391e-01,-4.883982227624205086e-01,-5.379213700099803042e-01,-4.883982227624210082e-01,-5.506643028516561289e-01,-4.575219680651499976e-01,-6.061879896249762201e-01,-3.561651571190951326e-01,-7.649619745852077601e-01,-1.401341873440652142e-02
-5.316046451261100154e-03,-7.660688441506545709e-01,-3.498855969943550637e-01,-6.075885588205490739e-01,-4.527865724285102256e-01,-5.496113732683309827e-01,-4.847793994653336602e-01,-5.374305429389248934e-01,-4.847793994653331606e-01,-5.496113732683295394e-01,-4.527865724285171645e-01,-6.075885588205468535e-01,-3.498855969943516220e-01,-7.660688441506535717e-01,-5.316046451260761883e-03
2.860682519021058579e-03,-7.672931442900470245e-01,-3.432802439324827426e-01,-6.086975066555084801e-01,-4.484541450933438034e-01,-5.489910631889136639e-01,-4.811931993099908267e-01,-5.363015048220166614e-01,-4.811931993099909377e-01,-5.489910631889116654e-01,-4.484541450933479667e-01,-6.086975066555061487e-01,-3.432802439324869059e-01,-7.672931442900432497e-01,2.860682519022046937e-03
9.971930221147791429e-03,-7.689812039197856386e-01,-3.363102430670354415e-01,-6.091301646373430412e-01,-4.442379983606742355e-01,-5.488112498583633814e-01,-4.776199226420458910e-01,-5.345297967343072276e-01,-4.776199226420482224e-01,-5.488112498583611609e-01,-4.442379983606750127e-01,-6.091301646373399326e-01,-3.363102430670462661e-01,-7.689812039197814197e-01,9.971930221146703757e-03
1.614423452118694466e-02,-7.710854276873519986e-01,-3.294565699592785224e-01,-6.090698525862994206e-01,-4.398909200402072450e-01,-5.488266237715182516e-01,-4.741943885555357507e-01,-5.326817227551884359e-01,-4.741943885555400251e-01,-5.488266237715164753e-01,-4.398909200402064124e-01,-6.090698525862945356e-01,-3.294565699592907349e-01,-7.710854276873475577e-01,1.614423452118282643e-02
2.207933250665285174e-02,-7.732159092653592136e-01,-3.234188389298517929e-01,-6.091267354429601433e-01,-4.353578341964194354e-01,-5.486633876834472456e-01,-4.709801750768952688e-01,-5.314183683943083381e-01,-4.709801750768997652e-01,-5.486633876834460244e-01,-4.353578341964197129e-01,-6.091267354429534819e-01,-3.234188389298607302e-01,-7.732159092653549948e-01,2.207933250664689817e-02
2.842820296638189428e-02,-7.749541346665684838e-01,-3.185525361299804681e-01,-6.098169645383740844e-01,-4.308061514433887407e-01,-5.481106462941093271e-01,-4.678854730154068386e-01,-5.310090634455526537e-01,-4.678854730154095032e-01,-5.481106462941078838e-01,-4.308061514433920713e-01,-6.098169645383679782e-01,-3.185525361299844649e-01,-7.749541346665652641e-01,2.842820296637659644e-02
3.518857051990362250e-02,-7.761672082572116382e-01,-3.145366880369371287e-01,-6.111142505177072914e-01,-4.265291394051008433e-01,-5.473189822581270292e-01,-4.647254545814884508e-01,-5.311735696427106745e-01,-4.647254545814886728e-01,-5.473189822581243646e-01,-4.265291394051066165e-01,-6.111142505177031836e-01,-3.145366880369366847e-01,-7.761672082572095288e-01,3.518857051990179757e-02
4.166517911920022965e-02,-7.770828379518104345e-01,-3.105854215698889420e-01,-6.124929941181551651e-01,-4.228017375591383575e-01,-5.467329564649905382e-01,-4.613671443079491175e-01,-5.313564466520080964e-01,-4.613671443079485623e-01,-5.467329564649872076e-01,-4.228017375591455185e-01,-6.124929941181540549e-01,-3.105854215698859999e-01,-7.770828379518097684e-01,4.166517911920213091e-02
4.705577989415886397e-02,-7.780639852560016223e-01,-3.060183770851309104e-01,-6.133854606494750783e-01,-4.197139764419763330e-01,-5.467724067407047084e-01,-4.578616037944103212e-01,-5.312034230898294851e-01,-4.578616037944109873e-01,-5.467724067407015998e-01,-4.197139764419823837e-01,-6.133854606494768547e-01,-3.060183770851276908e-01,-7.780639852560029546e-01,4.705577989416308976e-02
5.116998871357125722e-02,-7.792796389581078120e-01,-3.007447810716826209e-01,-6.136232312543548062e-01,-4.170209417733570234e-01,-5.474594331667319569e-01,-4.544195148303012965e-01,-5.307962584983582088e-01,-4.544195148303039611e-01,-5.474594331667297364e-01,-4.170209417733594659e-01,-6.136232312543584699e-01,-3.007447810716801229e-01,-7.792796389581118088e-01,5.116998871357819612e-02
5.464410493159246873e-02,-7.805804820811543809e-01,-2.953382370410446711e-01,-6.135375649435712564e-01,-4.141833941145296460e-01,-5.483292886398821731e-01,-4.512469577918080121e-01,-5.304851679747912829e-01,-4.512469577918123420e-01,-5.483292886398816179e-01,-4.141833941145274256e-01,-6.135375649435751422e-01,-2.953382370410425062e-01,-7.805804820811601541e-01,5.464410493160205828e-02
5.844804479209481096e-02,-7.816983972988471585e-01,-2.906546782632620785e-01,-6.136970418327428733e-01,-4.107033314670169855e-01,-5.487800581755404306e-01,-4.484129603790784069e-01,-5.305555330831045469e-01,-4.484129603790826812e-01,-5.487800581755417628e-01,-4.107033314670113233e-01,-6.136970418327463150e-01,-2.906546782632576376e-01,-7.816983972988540419e-01,5.844804479210621156e-02
6.311716292516453275e-02,-7.825462895857826506e-01,-2.871973781839750606e-01,-6.144875642162836993e-01,-4.065391074604769450e-01,-5.485735322003765235e-01,-4.458341425446228357e-01,-5.309906458956380471e-01,-4.458341425446243900e-01,-5.485735322003804093e-01,-4.065391074604710608e-01,-6.144875642162874740e-01,-2.871973781839674000e-01,-7.825462895857894230e-01,6.311716292517588478e-02
6.837482008442941073e-02,-7.832913739876513626e-01,-2.846330863347164009e-01,-6.158192770103492197e-01,-4.022137719376364107e-01,-5.480276890884412389e-01,-4.433417436429929470e-01,-5.314459963274978938e-01,-4.433417436429892833e-01,-5.480276890884472341e-01,-4.022137719376325804e-01,-6.158192770103549929e-01,-2.846330863347071305e-01,-7.832913739876570247e-01,6.837482008443716841e-02
7.342352606653756997e-02,-7.841657865272015915e-01,-2.819074559233024635e-01,-6.171856012582965789e-01,-3.984731114993775858e-01,-5.477421937086435211e-01,-4.407834612741824420e-01,-5.314655321715142655e-01,-4.407834612741741709e-01,-5.477421937086501824e-01,-3.984731114993758094e-01,-6.171856012583041284e-01,-2.819074559232930266e-01,-7.841657865272053662e-01,7.342352606654029001e-02
7.759641959916391274e-02,-7.852765165298153383e-01,-2.780434177185958644e-01,-6.180855791067589866e-01,-3.957708153874084922e-01,-5.481197819779601854e-01,-4.381289540936106341e-01,-5.308536945311796984e-01,-4.381289540936016413e-01,-5.481197819779661806e-01,-3.957708153874072710e-01,-6.180855791067663141e-01,-2.780434177185875932e-01,-7.852765165298157823e-01,7.759641959916245557e-02
8.083647688002311427e-02,-7.866034833477691945e-01,-2.730396144334838460e-01,-6.184977873464501119e-01,-3.939873311879175666e-01,-5.490747088632175199e-01,-4.355276156296966072e-01,-5.299360242302180168e-01,-4.355276156296916668e-01,-5.490747088632221828e-01,-3.939873311879150686e-01,-6.184977873464556630e-01,-2.730396144334792385e-01,-7.866034833477667521e-01,8.083647688001827092e-02
8.370704667594336401e-02,-7.880767038128368984e-01,-2.679764466974660087e-01,-6.189183905568127475e-01,-3.925060582014175958e-01,-5.500848627149828030e-01,-4.332128870706273283e-01,-5.293898090053268390e-01,-4.332128870706292156e-01,-5.500848627149861336e-01,-3.925060582014135990e-01,-6.189183905568154120e-01,-2.679764466974673409e-01,-7.880767038128330126e-01,8.370704667593684145e-02
8.699157925480387188e-02,-7.895423265732237628e-01,-2.640499127963585879e-01,-6.198021032273121067e-01,-3.904933591403437210e-01,-5.504769054891097690e-01,-4.312282494203930616e-01,-5.296461510151685426e-01,-4.312282494203997230e-01,-5.504769054891109903e-01,-3.904933591403403903e-01,-6.198021032273114406e-01,-2.640499127963659709e-01,-7.895423265732202101e-01,8.699157925479780729e-02
9.112276891400013235e-02,-7.907078034276667777e-01,-2.614214367568010733e-01,-6.209651577630623809e-01,-3.873081979367681837e-01,-5.498378855562388035e-01,-4.292625648830927787e-01,-5.304107601534341354e-01,-4.292625648830999396e-01,-5.498378855562366940e-01,-3.873081979367684058e-01,-6.209651577630578290e-01,-2.614214367568116204e-01,-7.907078034276637801e-01,9.112276891399627432e-02
9.575542030522833647e-02,-7.913287054419242406e-01,-2.591574030696326414e-01,-6.217422709809922177e-01,-3.830487036759247510e-01,-5.484711316326905672e-01,-4.269640851117471048e-01,-5.309268812066917365e-01,-4.269640851117513236e-01,-5.484711316326849051e-01,-3.830487036759305242e-01,-6.217422709809845571e-01,-2.591574030696411901e-01,-7.913287054419209099e-01,9.575542030522876669e-02
9.985023499874390307e-02,-7.915477710038885117e-01,-2.563743782564570362e-01,-6.218421596381205063e-01,-3.788596648517950638e-01,-5.475161136014486951e-01,-4.244995151722947280e-01,-5.308073558737242958e-01,-4.244995151722951165e-01,-5.475161136014409236e-01,-3.788596648518071097e-01,-6.218421596381125127e-01,-2.563743782564613105e-01,-7.915477710038856252e-01,9.985023499874735864e-02
1.024225951695975911e-01,-7.919013115347390830e-01,-2.532420082656824945e-01,-6.218513908466839490e-01,-3.763295306270570961e-01,-5.482393579128905792e-01,-4.225431398680430939e-01,-5.304551816959024446e-01,-4.225431398680414841e-01,-5.482393579128828076e-01,-3.763295306270725837e-01,-6.218513908466770657e-01,-2.532420082656839933e-01,-7.919013115347384169e-01,1.024225951696012271e-01
1.034974085754454820e-01,-7.928048871918995655e-01,-2.506228427234002964e-01,-6.226248920318514513e-01,-3.760388233357374599e-01,-5.507643899476435401e-01,-4.214299821031354809e-01,-5.304969002891097851e-01,-4.214299821031353699e-01,-5.507643899476373228e-01,-3.760388233357513377e-01,-6.226248920318468993e-01,-2.506228427234021838e-01,-7.928048871919015639e-01,1.034974085754492013e-01
1.043548707905709444e-01,-7.940402887162968382e-01,-2.488015099891432991e-01,-6.241805007914111858e-01,-3.765892178569353321e-01,-5.534907748750512724e-01,-4.204241824244282499e-01,-5.309250115336207054e-01,-4.204241824244318582e-01,-5.534907748750477197e-01,-3.765892178569437143e-01,-6.241805007914096315e-01,-2.488015099891464077e-01,-7.940402887163007239e-01,1.043548707905757184e-01
1.065899637727033694e-01,-7.949024918676391716e-01,-2.469202052833060490e-01,-6.254630541932248988e-01,-3.754851820529555573e-01,-5.541940772389339909e-01,-4.182348921409786424e-01,-5.311039273825535201e-01,-4.182348921409850817e-01,-5.541940772389323255e-01,-3.754851820529554463e-01,-6.254630541932261201e-01,-2.469202052833084915e-01,-7.949024918676428353e-01,1.065899637727095312e-01
1.106608855629495208e-01,-7.949645050890381537e-01,-2.439238255937207223e-01,-6.254334172847217932e-01,-3.714502400760735790e-01,-5.521223624254626428e-01,-4.145071020972779241e-01,-5.307146098710296966e-01,-4.145071020972835307e-01,-5.521223624254626428e-01,-3.714502400760654188e-01,-6.254334172847249018e-01,-2.439238255937198341e-01,-7.949645050890401521e-01,1.106608855629567234e-01
1.153138908474634350e-01,-7.946657256919041901e-01,-2.399515181804443009e-01,-6.243527468030491967e-01,-3.659389477037430227e-01,-5.490326308588650006e-01,-4.106086330216583979e-01,-5.304092926622409054e-01,-4.106086330216599523e-01,-5.490326308588679982e-01,-3.659389477037316429e-01,-6.243527468030545258e-01,-2.399515181804385833e-01,-7.946657256919046342e-01,1.153138908474692081e-01
1.186262311062401820e-01,-7.949940717992914907e-01,-2.364303191003375160e-01,-6.237260730615338256e-01,-3.620297768170294139e-01,-5.478238830655994818e-01,-4.085206622120480802e-01,-5.311582836962989163e-01,-4.085206622120439168e-01,-5.478238830656070313e-01,-3.620297768170205877e-01,-6.237260730615414861e-01,-2.364303191003285787e-01,-7.949940717992920458e-01,1.186262311062414032e-01
1.198317420124769550e-01,-7.964677802379508398e-01,-2.345758151819400950e-01,-6.247813533231079131e-01,-3.615076840802071700e-01,-5.498462320963788397e-01,-4.087636477477368802e-01,-5.329037813180746985e-01,-4.087636477477269992e-01,-5.498462320963899419e-01,-3.615076840802026181e-01,-6.247813533231179051e-01,-2.345758151819303527e-01,-7.964677802379525051e-01,1.198317420124730137e-01
1.201469438934936740e-01,-7.984906721030613497e-01,-2.339687982815495115e-01,-6.271272550203921270e-01,-3.630642777029575718e-01,-5.535703816868768889e-01,-4.096454823768705400e-01,-5.342246175862339630e-01,-4.096454823768575504e-01,-5.535703816868887683e-01,-3.630642777029551294e-01,-6.271272550204021190e-01,-2.339687982815405465e-01,-7.984906721030633481e-01,1.201469438934885947e-01
1.216575261773110150e-01,-7.998680744523662955e-01,-2.329032281354906364e-01,-6.291521101306947195e-01,-3.635547971146135815e-01,-5.560538192465170892e-01,-4.088611927615501962e-01,-5.337105159493231721e-01,-4.088611927615384833e-01,-5.560538192465264151e-01,-3.635547971146093071e-01,-6.291521101307021580e-01,-2.329032281354833089e-01,-7.998680744523669617e-01,1.216575261773105709e-01
1.252725881165671629e-01,-8.000028735962488868e-01,-2.301480265429728944e-01,-6.297117486864758362e-01,-3.610111911325085132e-01,-5.557008232171113393e-01,-4.058153607847000410e-01,-5.316307025170203815e-01,-4.058153607846945454e-01,-5.557008232171171125e-01,-3.610111911325016854e-01,-6.297117486864796110e-01,-2.301480265429688976e-01,-8.000028735962485538e-01,1.252725881165731303e-01
1.297819166347795594e-01,-7.995000134055979535e-01,-2.261593101719185928e-01,-6.292033545640602910e-01,-3.563177828199509123e-01,-5.535193164729514947e-01,-4.021431278484001171e-01,-5.299074230115038420e-01,-4.021431278484034477e-01,-5.535193164729541593e-01,-3.563177828199446395e-01,-6.292033545640615122e-01,-2.261593101719201748e-01,-7.995000134055989527e-01,1.297819166347878306e-01
1.329965656710042632e-01,-7.995332938807444556e-01,-2.224954370050745978e-01,-6.289518411819906563e-01,-3.520484499124612032e-01,-5.518218219214702236e-01,-3.999113176496946753e-01,-5.302561198667761211e-01,-3.999113176497044453e-01,-5.518218219214690023e-01,-3.520484499124593158e-01,-6.289518411819903232e-01,-2.224954370050811203e-01,-7.995332938807480083e-01,1.329965656710099253e-01
1.338631543952612246e-01,-8.006493177326766686e-01,-2.202126039461573259e-01,-6.297467624276305020e-01,-3.499387313769751207e-01,-5.519708603360067301e-01,-3.995114851452215565e-01,-5.324580231535038788e-01,-3.995114851452315485e-01,-5.519708603360008459e-01,-3.499387313769802832e-01,-6.297467624276282816e-01,-2.202126039461638762e-01,-8.006493177326808874e-01,1.338631543952632508e-01
1.334681883606512187e-01,-8.022533719487567883e-01,-2.190108481338506607e-01,-6.311439906561642221e-01,-3.495910492248995860e-01,-5.534627831414309362e-01,-3.994568528739349533e-01,-5.346145101440152869e-01,-3.994568528739413371e-01,-5.534627831414209442e-01,-3.495910492249122981e-01,-6.311439906561590041e-01,-2.190108481338532975e-01,-8.022533719487583426e-01,1.334681883606522179e-01
1.339742294244731236e-01,-8.032637007775107474e-01,-2.178839612552886940e-01,-6.321335027020497099e-01,-3.493850489380705970e-01,-5.549314447650262050e-01,-3.981157637571223207e-01,-5.350706749079398028e-01,-3.981157637571245966e-01,-5.549314447650148807e-01,-3.493850489380894153e-01,-6.321335027020420494e-01,-2.178839612552883054e-01,-8.032637007775087490e-01,1.339742294244748444e-01
1.365728995387877620e-01,-8.031992325776211583e-01,-2.163110891608600039e-01,-6.322695702161884590e-01,-3.482477803318506648e-01,-5.556537908674681336e-01,-3.953905395014000179e-01,-5.339626078083247185e-01,-3.953905395014005730e-01,-5.556537908674580306e-01,-3.482477803318715925e-01,-6.322695702161800213e-01,-2.163110891608616415e-01,-8.031992325776173836e-01,1.365728995387877343e-01
1.404346402079844069e-01,-8.025958651349236472e-01,-2.146029136341442434e-01,-6.320036161796109830e-01,-3.463888534380569761e-01,-5.559522449831810764e-01,-3.926192749191781406e-01,-5.328827581027276716e-01,-3.926192749191801390e-01,-5.559522449831735269e-01,-3.463888534380745732e-01,-6.320036161796036556e-01,-2.146029136341520982e-01,-8.025958651349196504e-01,1.404346402079806877e-01
1.435786951956766200e-01,-8.024157949865804440e-01,-2.132043320250000262e-01,-6.320154538087897622e-01,-3.445754302022186466e-01,-5.563925540663067215e-01,-3.910314158348788816e-01,-5.331947804985599504e-01,-3.910314158348831004e-01,-5.563925540663015035e-01,-3.445754302022283611e-01,-6.320154538087836560e-01,-2.132043320250138208e-01,-8.024157949865766692e-01,1.435786951956697921e-01
1.447340152118495871e-01,-8.031246997826013700e-01,-2.119899223703649027e-01,-6.324849776533050250e-01,-3.431173339568245884e-01,-5.569711933059882103e-01,-3.905488086030849959e-01,-5.347913442265381789e-01,-3.905488086030902695e-01,-5.569711933059853237e-01,-3.431173339568256986e-01,-6.324849776532996959e-01,-2.119899223703801128e-01,-8.031246997825975953e-01,1.447340152118419265e-01
1.444266950196863020e-01,-8.043468604543775324e-01,-2.104196322327945290e-01,-6.331146158854047412e-01,-3.417081959401547797e-01,-5.572073797803944739e-01,-3.901000827596161069e-01,-5.364082930524736170e-01,-3.901000827596202147e-01,-5.572073797803953621e-01,-3.417081959401505054e-01,-6.331146158853999673e-01,-2.104196322328060198e-01,-8.043468604543732026e-01,1.444266950196804733e-01
1.443922409245684269e-01,-8.053296489745426223e-01,-2.082457250240122570e-01,-6.336577720477207798e-01,-3.400228745292770416e-01,-5.568513040083924448e-01,-3.888749853545657165e-01,-5.369512342769604540e-01,-3.888749853545659940e-01,-5.568513040083973298e-01,-3.400228745292724897e-01,-6.336577720477176712e-01,-2.082457250240166702e-01,-8.053296489745380704e-01,1.443922409245657623e-01
1.459900017249984028e-01,-8.056625200765583639e-01,-2.058439818976356972e-01,-6.342016406889263713e-01,-3.381866687233934243e-01,-5.562840647095983471e-01,-3.870717132875803324e-01,-5.363954793031915358e-01,-3.870717132875761690e-01,-5.562840647096054525e-01,-3.381866687233917590e-01,-6.342016406889268154e-01,-2.058439818976323110e-01,-8.056625200765550332e-01,1.459900017249989301e-01
1.490876479718461489e-01,-8.055759205224489738e-01,-2.038019974649421528e-01,-6.349303874948948323e-01,-3.366033130804247930e-01,-5.561570344205737371e-01,-3.854588760947597059e-01,-5.354820125707580036e-01,-3.854588760947523784e-01,-5.561570344205803984e-01,-3.366033130804248485e-01,-6.349303874948999393e-01,-2.038019974649327715e-01,-8.055759205224484187e-01,1.490876479718486747e-01
1.523110975908766318e-01,-8.056409149094028166e-01,-2.022911575106422777e-01,-6.357648931179020746e-01,-3.354608865047254973e-01,-5.567360492151479656e-01,-3.844609033408102894e-01,-5.348225920422911006e-01,-3.844609033408024068e-01,-5.567360492151522955e-01,-3.354608865047249422e-01,-6.357648931179114005e-01,-2.022911575106302040e-01,-8.056409149094068134e-01,1.523110975908802678e-01
1.544014479596929057e-01,-8.062065437126622047e-01,-2.008730898422031452e-01,-6.363396400993452939e-01,-3.344686802994450425e-01,-5.576387396094999449e-01,-3.837695850911238549e-01,-5.344437064452325359e-01,-3.837695850911193030e-01,-5.576387396095020543e-01,-3.344686802994419894e-01,-6.363396400993568403e-01,-2.008730898421918765e-01,-8.062065437126704204e-01,1.544014479596994005e-01
1.554386092794097785e-01,-8.071215500240073171e-01,-1.989130155393465660e-01,-6.363646529467951174e-01,-3.330621825547886439e-01,-5.581705364904996358e-01,-3.827281149257246717e-01,-5.340804032850425820e-01,-3.827281149257261150e-01,-5.581705364905007460e-01,-3.330621825547830372e-01,-6.363646529468063306e-01,-1.989130155393373234e-01,-8.071215500240176421e-01,1.554386092794218244e-01
1.566231423451600602e-01,-8.080212627547853632e-01,-1.963055035057220954e-01,-6.360529128827476786e-01,-3.309818071678500839e-01,-5.579959328216486103e-01,-3.810822450109818127e-01,-5.337967408927972723e-01,-3.810822450109884740e-01,-5.579959328216497205e-01,-3.309818071678432005e-01,-6.360529128827570045e-01,-1.963055035057141018e-01,-8.080212627547953552e-01,1.566231423451761584e-01
1.591135390950626227e-01,-8.087086988624172523e-01,-1.935240352250859330e-01,-6.359795755415134089e-01,-3.284623430843847114e-01,-5.573619031906809074e-01,-3.791223545889155222e-01,-5.340028942605036244e-01,-3.791223545889235158e-01,-5.573619031906820176e-01,-3.284623430843782166e-01,-6.359795755415198482e-01,-1.935240352250785223e-01,-8.087086988624248018e-01,1.591135390950787765e-01
1.631592148967229705e-01,-8.092362598628621839e-01,-1.908767155571130247e-01,-6.364848663126582151e-01,-3.258392391134881105e-01,-5.567307594057784303e-01,-3.770980015507554017e-01,-5.348192054786489180e-01,-3.770980015507594540e-01,-5.567307594057792075e-01,-3.258392391134838917e-01,-6.364848663126612127e-01,-1.908767155571065299e-01,-8.092362598628661807e-01,1.631592148967347111e-01
1.679803950468057305e-01,-8.098168929271790661e-01,-1.880440458531134063e-01,-6.374205848943408359e-01,-3.232475252923657782e-01,-5.564821594100640700e-01,-3.748596460849639711e-01,-5.357576695888535134e-01,-3.748596460849616951e-01,-5.564821594100655133e-01,-3.232475252923658893e-01,-6.374205848943421682e-01,-1.880440458531089098e-01,-8.098168929271793992e-01,1.679803950468096441e-01
1.724204591059775860e-01,-8.106589402163251190e-01,-1.843778237938856757e-01,-6.384157041290796641e-01,-3.205902476581736771e-01,-5.568392445399510393e-01,-3.720772909531721573e-01,-5.361243929002421638e-01,-3.720772909531641082e-01,-5.568392445399541479e-01,-3.205902476581784510e-01,-6.384157041290812185e-01,-1.843778237938849263e-01,-8.106589402163224545e-01,1.724204591059722569e-01
1.758413537731670084e-01,-8.118373202496451668e-01,-1.796258817021450793e-01,-6.393126496410035386e-01,-3.176259842932793176e-01,-5.578366237909968550e-01,-3.686630128759604275e-01,-5.357217679909562769e-01,-3.686630128759504910e-01,-5.578366237910006298e-01,-3.176259842932858679e-01,-6.393126496410046489e-01,-1.796258817021491039e-01,-8.118373202496400598e-01,1.758413537731546294e-01
1.785922198136841721e-01,-8.132753352562344107e-01,-1.743084953723034181e-01,-6.403650640922868842e-01,-3.140755938017033566e-01,-5.592937563845745697e-01,-3.648937279098478648e-01,-5.351210441231548653e-01,-3.648937279098408704e-01,-5.592937563845770121e-01,-3.140755938017065763e-01,-6.403650640922855519e-01,-1.743084953723113284e-01,-8.132753352562267501e-01,1.785922198136707939e-01
1.817330711690345879e-01,-8.148024452188190603e-01,-1.692773613779089970e-01,-6.420148245243647578e-01,-3.097238981956311199e-01,-5.608900703769800211e-01,-3.611293930059536472e-01,-5.352303292997440121e-01,-3.611293930059529256e-01,-5.608900703769803542e-01,-3.097238981956295101e-01,-6.420148245243604279e-01,-1.692773613779199604e-01,-8.148024452188102895e-01,1.817330711690254008e-01
1.862297933325618993e-01,-8.162718045564789637e-01,-1.648557054819823064e-01,-6.444271671695657178e-01,-3.045014797902272363e-01,-5.623527113240436304e-01,-3.574316053743566979e-01,-5.365697598775859278e-01,-3.574316053743621935e-01,-5.623527113240431863e-01,-3.045014797902252379e-01,-6.444271671695593895e-01,-1.648557054819950740e-01,-8.162718045564720803e-01,1.862297933325576804e-01
1.922272884717319830e-01,-8.176878063910284489e-01,-1.604213036931350367e-01,-6.472284234315998086e-01,-2.985437406510570435e-01,-5.636417107253444136e-01,-3.534314058405751413e-01,-5.388750604152789947e-01,-3.534314058405830794e-01,-5.636417107253434144e-01,-2.985437406510595970e-01,-6.472284234315925922e-01,-1.604213036931470271e-01,-8.176878063910253402e-01,1.922272884717309283e-01
1.989723459587691423e-01,-8.192114306544976410e-01,-1.548539176016426322e-01,-6.497489283254200831e-01,-2.921761854495664168e-01,-5.649735672207150117e-01,-3.485534700139464315e-01,-5.413315651785626237e-01,-3.485534700139524822e-01,-5.649735672207122361e-01,-2.921761854495755761e-01,-6.497489283254133108e-01,-1.548539176016500429e-01,-8.192114306544980851e-01,1.989723459587703358e-01
2.054437248797258975e-01,-8.210278758172523395e-01,-1.474736774839580100e-01,-6.515803290173738382e-01,-2.857558908797811492e-01,-5.666408379450190713e-01,-3.424318439871790742e-01,-5.432353753675593921e-01,-3.424318439871814057e-01,-5.666408379450134092e-01,-2.857558908797953046e-01,-6.515803290173693973e-01,-1.474736774839577880e-01,-8.210278758172545599e-01,2.054437248797304494e-01
2.111794682581584759e-01,-8.231831186813755030e-01,-1.386602659419484407e-01,-6.529439604166936695e-01,-2.794421064369502217e-01,-5.687895171235624048e-01,-3.352207722307064541e-01,-5.445557706924537555e-01,-3.352207722307061211e-01,-5.687895171235544112e-01,-2.794421064369652097e-01,-6.529439604166932254e-01,-1.386602659419416128e-01,-8.231831186813789447e-01,2.111794682581661919e-01
2.166372174790107130e-01,-8.255031744856733411e-01,-1.296167271203975679e-01,-6.545537833647698811e-01,-2.730813537820964698e-01,-5.713621237633083050e-01,-3.275740578234151990e-01,-5.459760273880432946e-01,-3.275740578234154210e-01,-5.713621237633006444e-01,-2.730813537821078496e-01,-6.545537833647737669e-01,-1.296167271203888249e-01,-8.255031744856780040e-01,2.166372174790199834e-01
2.227849608163792738e-01,-8.277258981597833687e-01,-1.214863517847124402e-01,-6.570906112472048033e-01,-2.662875246366491755e-01,-5.742174511139672699e-01,-3.202385637025054743e-01,-5.483554917788179273e-01,-3.202385637025083054e-01,-5.742174511139632731e-01,-2.662875246366532833e-01,-6.570906112472123528e-01,-1.214863517847056262e-01,-8.277258981597883647e-01,2.227849608163889050e-01
2.302855738010063658e-01,-8.297865656845999638e-01,-1.144998238234002097e-01,-6.607193977777727767e-01,-2.586461848083956849e-01,-5.772421411069095232e-01,-3.134430610526083294e-01,-5.519568144034561197e-01,-3.134430610526126038e-01,-5.772421411069105224e-01,-2.586461848083896342e-01,-6.607193977777821026e-01,-1.144998238233957827e-01,-8.297865656846047377e-01,2.302855738010148035e-01
2.390363593959531907e-01,-8.319140399791709051e-01,-1.076797709424836685e-01,-6.650023926242685235e-01,-2.498930509273906697e-01,-5.803285203775035983e-01,-3.065246337676416077e-01,-5.560524684240256699e-01,-3.065246337676447164e-01,-5.803285203775095935e-01,-2.498930509273761813e-01,-6.650023926242776273e-01,-1.076797709424796579e-01,-8.319140399791744578e-01,2.390363593959584365e-01
2.484547792604019367e-01,-8.343916756986589078e-01,-9.926096136818655935e-02,-6.691755750867878216e-01,-2.399154657581289152e-01,-5.833059462502536707e-01,-2.982124765993906523e-01,-5.593475523083458745e-01,-2.982124765993894866e-01,-5.833059462502644399e-01,-2.399154657581117067e-01,-6.691755750867948160e-01,-9.926096136818080007e-02,-8.343916756986602401e-01,2.484547792604027139e-01
2.581420021885548755e-01,-8.372846219298395454e-01,-8.769462840083618038e-02,-6.726064295980282992e-01,-2.286464938019993620e-01,-5.860074806319357510e-01,-2.875228158580828697e-01,-5.610208312121710561e-01,-2.875228158580757643e-01,-5.860074806319504059e-01,-2.286464938019860116e-01,-6.726064295980331842e-01,-8.769462840082933863e-02,-8.372846219298392123e-01,2.581420021885524885e-01
2.682597340980135137e-01,-8.404431188034237055e-01,-7.274954263382654718e-02,-6.753024734621262404e-01,-2.161079788578854910e-01,-5.885124347861598881e-01,-2.746299791190433548e-01,-5.615757521673707675e-01,-2.746299791190316419e-01,-5.885124347861758753e-01,-2.161079788578795235e-01,-6.753024734621311254e-01,-7.274954263382170383e-02,-8.404431188034229283e-01,2.682597340980106271e-01
2.793469584292028740e-01,-8.437459175137743683e-01,-5.587931362294915050e-02,-6.781255455593622194e-01,-2.025581248750288332e-01,-5.913223858930400922e-01,-2.608929127106038859e-01,-5.626979344843199282e-01,-2.608929127105911183e-01,-5.913223858930531929e-01,-2.025581248750292773e-01,-6.781255455593677706e-01,-5.587931362294823456e-02,-8.437459175137735912e-01,2.793469584292014307e-01
2.918801453936816781e-01,-8.472983041384815062e-01,-3.925468441341938008e-02,-6.823169600278837787e-01,-1.883417825362753151e-01,-5.951422820042464590e-01,-2.477589816650560273e-01,-5.660895348805830007e-01,-2.477589816650466181e-01,-5.951422820042523432e-01,-1.883417825362784237e-01,-6.823169600278886637e-01,-3.925468441342143400e-02,-8.472983041384806180e-01,2.918801453936825663e-01
3.060579685643763370e-01,-8.513538274965057884e-01,-2.389965934031461001e-02,-6.885472761264093133e-01,-1.733287919013685452e-01,-6.003098509447450937e-01,-2.352369277124178593e-01,-5.721232871941881459e-01,-2.352369277124156943e-01,-6.003098509447424291e-01,-1.733287919013715705e-01,-6.885472761264117558e-01,-2.389965934031659800e-02,-8.513538274965047892e-01,3.060579685643795012e-01
3.219438736582194149e-01,-8.560539257997601403e-01,-8.407891821283559192e-03,-6.963201875989011302e-01,-1.564831869247275409e-01,-6.064377623547283491e-01,-2.212654889236580491e-01,-5.794377809035191618e-01,-2.212654889236653766e-01,-6.064377623547196894e-01,-1.564831869247313434e-01,-6.963201875989003531e-01,-8.407891821283939096e-03,-8.560539257997599183e-01,3.219438736582231897e-01
3.396851842763329854e-01,-8.613158631315038782e-01,1.044457520032829323e-02,-7.043967284440797449e-01,-1.362421617075600944e-01,-6.128240440804296751e-01,-2.028806950854951663e-01,-5.860700336694735224e-01,-2.028806950855110980e-01,-6.128240440804185729e-01,-1.362421617075681990e-01,-7.043967284440764143e-01,1.044457520032729403e-02,-8.613158631315057656e-01,3.396851842763363161e-01
3.595449172241529934e-01,-8.670200237130145648e-01,3.543588934823603542e-02,-7.119949544271795272e-01,-1.115560257000627609e-01,-6.193730392599656742e-01,-1.784312276442568956e-01,-5.913494198324429352e-01,-1.784312276442759360e-01,-6.193730392599535728e-01,-1.115560257000779015e-01,-7.119949544271746422e-01,3.543588934823221903e-02,-8.670200237130174514e-01,3.595449172241561575e-01
3.818357742769416530e-01,-8.732584350098434589e-01,6.691619169305858261e-02,-7.196578897312407852e-01,-8.244553231427625972e-02,-6.269829946270423227e-01,-1.486535807175418666e-01,-5.967123231072583023e-01,-1.486535807175564661e-01,-6.269829946270292220e-01,-8.244553231429690987e-02,-7.196578897312340128e-01,6.691619169305101922e-02,-8.732584350098455683e-01,3.818357742769453722e-01
4.069956273875738884e-01,-8.803133260382971503e-01,1.030547877501855197e-01,-7.288881866794636455e-01,-4.920526779208768409e-02,-6.368084441935212281e-01,-1.152585624303478218e-01,-6.045120121784145484e-01,-1.152585624303535394e-01,-6.368084441935080164e-01,-4.920526779210990242e-02,-7.288881866794543196e-01,1.030547877501744036e-01,-8.803133260382970393e-01,4.069956273875768860e-01
4.357618920514296224e-01,-8.883763490676143126e-01,1.422537660938994752e-01,-7.408783641627465499e-01,-1.092335542863744763e-02,-6.491744047302376863e-01,-7.827887862195997970e-02,-6.160219599855745187e-01,-7.827887862195820334e-02,-6.491744047302263620e-01,-1.092335542865848635e-02,-7.408783641627354477e-01,1.422537660938852921e-01,-8.883763490676113150e-01,4.357618920514298444e-01
4.691152283633193143e-01,-8.973618762796352621e-01,1.855016741113258982e-01,-7.556179354693277617e-01,3.499965095688132438e-02,-6.634519128221604278e-01,-3.486290892722404555e-02,-6.306736872267346694e-01,-3.486290892722045121e-02,-6.634519128221534334e-01,3.499965095686367877e-02,-7.556179354693164374e-01,1.855016741113087453e-01,-8.973618762796293780e-01,4.691152283633154285e-01
5.078852953692937211e-01,-9.070670147069190836e-01,2.364113862462867144e-01,-7.722624279744610964e-01,9.158095486135363339e-02,-6.790895741281892661e-01,1.926425961350086702e-02,-6.471617271407477112e-01,1.926425961350174132e-02,-6.790895741281862685e-01,9.158095486134086582e-02,-7.722624279744507714e-01,2.364113862462670634e-01,-9.070670147069123113e-01,5.078852953692855055e-01
5.524798302046222132e-01,-9.174901086336257894e-01,2.989624393797039592e-01,-7.902330830085246838e-01,1.605589813461708870e-01,-6.965231664472890660e-01,8.730294120900689014e-02,-6.649717627656064334e-01,8.730294120900380928e-02,-6.965231664472871786e-01,1.605589813461642534e-01,-7.902330830085162461e-01,2.989624393796839197e-01,-9.174901086336201272e-01,5.524798302046111109e-01
6.033172870105105723e-01,-9.288374349239042482e-01,3.752232647663371612e-01,-8.096546077464572555e-01,2.423587005070802769e-01,-7.166975936081461107e-01,1.704857091294457172e-01,-6.845778443718757433e-01,1.704857091294402771e-01,-7.166975936081438903e-01,2.423587005070791389e-01,-8.096546077464503721e-01,3.752232647663214515e-01,-9.288374349239000294e-01,6.033172870105009133e-01
6.616668745018050579e-01,-9.410455269141146939e-01,4.650515934168409915e-01,-8.305572228453657058e-01,3.378419499988843944e-01,-7.395075860867099671e-01,2.693565563527395290e-01,-7.061558111933747828e-01,2.693565563527344220e-01,-7.395075860867075246e-01,3.378419499988857266e-01,-8.305572228453595995e-01,4.650515934168333865e-01,-9.410455269141119183e-01,6.616668745018013942e-01
7.293720193293607990e-01,-9.532637814298503542e-01,5.670785079496915015e-01,-8.516731603377154514e-01,4.488980198369996177e-01,-7.626269436487738140e-01,3.845990781996591057e-01,-7.280180542803471599e-01,3.845990781996564412e-01,-7.626269436487719267e-01,4.488980198369982855e-01,-8.516731603377105664e-01,5.670785079496903913e-01,-9.532637814298484669e-01,7.293720193293626863e-01
8.058944366737673670e-01,-9.637476003619662723e-01,6.776634858920630444e-01,-8.697268165476763624e-01,5.734941227319656498e-01,-7.814272749924722206e-01,5.128956661114476567e-01,-7.458044831840561217e-01,5.128956661114463245e-01,-7.814272749924704442e-01,5.734941227319598767e-01,-8.697268165476729207e-01,6.776634858920626003e-01,-9.637476003619648290e-01,8.058944366737678111e-01
8.829635281004855063e-01,-9.701566006137560816e-01,7.834120096527502630e-01,-8.794749812785119802e-01,6.914650693155559580e-01,-7.895809897196486293e-01,6.330707932936917581e-01,-7.527615549423006813e-01,6.330707932936889826e-01,-7.895809897196465199e-01,6.914650693155521832e-01,-8.794749812785100929e-01,7.834120096527477095e-01,-9.701566006137545273e-01,8.829635281004807323e-01
