-1.000000000000000000e+00,-1.000000000000000000e+00,-1.000000000000000000e+00,-1.000000000000000000e+00,-1.000000000000000000e+00,-1.000000000000000000e+00,-1.000000000000000000e+00,-1.000000000000000000e+00,-1.000000000000000000e+00,-1.000000000000000000e+00,-1.000000000000000000e+00,-1.000000000000000000e+00,-1.000000000000000000e+00,-1.000000000000000000e+00,-1.000000000000000000e+00
-9.999820258619728230e-01,-9.999820259764110597e-01,-9.999820259818553714e-01,-9.999820259823393176e-01,-9.999820259824252489e-01,-9.999820259824473423e-01,-9.999820259824542257e-01,-9.999820259824558910e-01,-9.999820259824542257e-01,-9.999820259824474533e-01,-9.999820259824251378e-01,-9.999820259823392066e-01,-9.999820259818553714e-01,-9.999820259764110597e-01,-9.999820258619728230e-01
-9.999278062770109443e-01,-9.999278101156441334e-01,-9.999278102518115441e-01,-9.999278102639329591e-01,-9.999278102660887901e-01,-9.999278102666463441e-01,-9.999278102668196500e-01,-9.999278102668610613e-01,-9.999278102668195389e-01,-9.999278102666465662e-01,-9.999278102660887901e-01,-9.999278102639329591e-01,-9.999278102518115441e-01,-9.999278101156440224e-01,-9.999278062770107223e-01
-9.998384919287613970e-01,-9.998385141706114254e-01,-9.998385149592901033e-01,-9.998385150295706625e-01,-9.998385150420788792e-01,-9.998385150453160675e-01,-9.998385150463208193e-01,-9.998385150465617377e-01,-9.998385150463209303e-01,-9.998385150453159564e-01,-9.998385150420788792e-01,-9.998385150295707735e-01,-9.998385149592901033e-01,-9.998385141706114254e-01,-9.998384919287612860e-01
-9.997113810303703829e-01,-9.997114499388634057e-01,-9.997114523106429562e-01,-9.997114525220588410e-01,-9.997114525597164958e-01,-9.997114525694661413e-01,-9.997114525724933864e-01,-9.997114525732189172e-01,-9.997114525724933864e-01,-9.997114525694661413e-01,-9.997114525597162737e-01,-9.997114525220589520e-01,-9.997114523106429562e-01,-9.997114499388632947e-01,-9.997113810303703829e-01
-9.995517131442615000e-01,-9.995518921040568161e-01,-9.995518983445853545e-01,-9.995518989014716693e-01,-9.995518990007868920e-01,-9.995518990265157555e-01,-9.995518990345059196e-01,-9.995518990364211653e-01,-9.995518990345058086e-01,-9.995518990265153114e-01,-9.995518990007864479e-01,-9.995518989014715583e-01,-9.995518983445851324e-01,-9.995518921040567051e-01,-9.995517131442613890e-01
-9.993511912499174477e-01,-9.993515461166342373e-01,-9.993515582081101689e-01,-9.993515592879642639e-01,-9.993515594807981239e-01,-9.993515595307852495e-01,-9.993515595463137169e-01,-9.993515595500362947e-01,-9.993515595463137169e-01,-9.993515595307850274e-01,-9.993515594807980129e-01,-9.993515592879642639e-01,-9.993515582081101689e-01,-9.993515461166340152e-01,-9.993511912499174477e-01
-9.991222617739192735e-01,-9.991229527741209981e-01,-9.991229765849853894e-01,-9.991229787142290597e-01,-9.991229790951884349e-01,-9.991229791940331451e-01,-9.991229792247531272e-01,-9.991229792321187908e-01,-9.991229792247530161e-01,-9.991229791940331451e-01,-9.991229790951885459e-01,-9.991229787142290597e-01,-9.991229765849852784e-01,-9.991229527741211092e-01,-9.991222617739190515e-01
-9.988480132826711433e-01,-9.988491383992134098e-01,-9.988491763568095871e-01,-9.988491797559226892e-01,-9.988491803650583201e-01,-9.988491805232171394e-01,-9.988491805723872519e-01,-9.988491805841783755e-01,-9.988491805723872519e-01,-9.988491805232170284e-01,-9.988491803650584311e-01,-9.988491797559228003e-01,-9.988491763568095871e-01,-9.988491383992135209e-01,-9.988480132826711433e-01
-9.985509827061730403e-01,-9.985528628060232892e-01,-9.985529266635116974e-01,-9.985529323903793442e-01,-9.985529334196777684e-01,-9.985529336873111284e-01,-9.985529337705719710e-01,-9.985529337905436620e-01,-9.985529337705720820e-01,-9.985529336873112394e-01,-9.985529334196778795e-01,-9.985529323903794552e-01,-9.985529266635116974e-01,-9.985528628060234002e-01,-9.985509827061731514e-01
-9.982029317199656582e-01,-9.982056764860929299e-01,-9.982057679807502248e-01,-9.982057762037103155e-01,-9.982057776837959251e-01,-9.982057780688522453e-01,-9.982057781886727321e-01,-9.982057782174170724e-01,-9.982057781886727321e-01,-9.982057780688520232e-01,-9.982057776837958141e-01,-9.982057762037102044e-01,-9.982057679807500028e-01,-9.982056764860927078e-01,-9.982029317199656582e-01
-9.978389802004967724e-01,-9.978431406408529991e-01,-9.978432793106327692e-01,-9.978432917935504687e-01,-9.978432940505085336e-01,-9.978432946389709235e-01,-9.978432948222771826e-01,-9.978432948662704360e-01,-9.978432948222771826e-01,-9.978432946389711455e-01,-9.978432940505086446e-01,-9.978432917935503577e-01,-9.978432793106327692e-01,-9.978431406408531101e-01,-9.978389802004967724e-01
-9.974173404026517309e-01,-9.974230211269936586e-01,-9.974232077707034794e-01,-9.974232246201294450e-01,-9.974232276683759890e-01,-9.974232284631681100e-01,-9.974232287107442918e-01,-9.974232287701622068e-01,-9.974232287107442918e-01,-9.974232284631678880e-01,-9.974232276683758780e-01,-9.974232246201294450e-01,-9.974232077707034794e-01,-9.974230211269937696e-01,-9.974173404026518419e-01
-9.969876038255992556e-01,-9.969956342219929990e-01,-9.969958954857931488e-01,-9.969959191142060417e-01,-9.969959234180995056e-01,-9.969959245440762619e-01,-9.969959248953724762e-01,-9.969959249797388789e-01,-9.969959248953724762e-01,-9.969959245440762619e-01,-9.969959234180996166e-01,-9.969959191142059307e-01,-9.969958954857931488e-01,-9.969956342219932210e-01,-9.969876038255994777e-01
-9.964929457981054339e-01,-9.965034504733900622e-01,-9.965037898807136418e-01,-9.965038206813898736e-01,-9.965038262843123329e-01,-9.965038277486590879e-01,-9.965038282053032548e-01,-9.965038283149478815e-01,-9.965038282053031438e-01,-9.965038277486590879e-01,-9.965038262843123329e-01,-9.965038206813899846e-01,-9.965037898807137529e-01,-9.965034504733901732e-01,-9.964929457981055450e-01
-9.959984345921057969e-01,-9.960124997608176267e-01,-9.960129438652224332e-01,-9.960129842580853765e-01,-9.960129916810837036e-01,-9.960129936308342868e-01,-9.960129942402732306e-01,-9.960129943867486180e-01,-9.960129942402732306e-01,-9.960129936308341758e-01,-9.960129916810835926e-01,-9.960129842580853765e-01,-9.960129438652225442e-01,-9.960124997608177377e-01,-9.959984345921061299e-01
-9.954317705616222423e-01,-9.954496679164328565e-01,-9.954502354796057606e-01,-9.954502872852242223e-01,-9.954502967627967269e-01,-9.954502992458320598e-01,-9.954503000210348507e-01,-9.954503002072588869e-01,-9.954503000210348507e-01,-9.954502992458320598e-01,-9.954502967627965049e-01,-9.954502872852241113e-01,-9.954502354796057606e-01,-9.954496679164327455e-01,-9.954317705616222423e-01
-9.948732711551740993e-01,-9.948961806017654341e-01,-9.948968785026800488e-01,-9.948969424288125474e-01,-9.948969542969570146e-01,-9.948969574282239270e-01,-9.948969584090132656e-01,-9.948969586449478708e-01,-9.948969584090132656e-01,-9.948969574282241490e-01,-9.948969542969571256e-01,-9.948969424288128804e-01,-9.948968785026800488e-01,-9.948961806017655451e-01,-9.948732711551742103e-01
-9.942361521114493339e-01,-9.942648016747739348e-01,-9.942656917194719890e-01,-9.942657734665923952e-01,-9.942657885083664437e-01,-9.942657924592641638e-01,-9.942657936942526087e-01,-9.942657939910839460e-01,-9.942657936942527197e-01,-9.942657924592642749e-01,-9.942657885083663327e-01,-9.942657734665923952e-01,-9.942656917194719890e-01,-9.942648016747739348e-01,-9.942361521114493339e-01
-9.936141156156804710e-01,-9.936493840767210983e-01,-9.936504146466418330e-01,-9.936505099259252960e-01,-9.936505278162183208e-01,-9.936505325584673587e-01,-9.936505340471055714e-01,-9.936505344055406308e-01,-9.936505340471055714e-01,-9.936505325584673587e-01,-9.936505278162182098e-01,-9.936505099259250740e-01,-9.936504146466418330e-01,-9.936493840767209873e-01,-9.936141156156804710e-01
-9.929087286816046243e-01,-9.929523816107572731e-01,-9.929537066739805296e-01,-9.929538291600107369e-01,-9.929538518365823574e-01,-9.929538578104890600e-01,-9.929538596805475015e-01,-9.929538601302926315e-01,-9.929538596805475015e-01,-9.929538578104891711e-01,-9.929538518365825794e-01,-9.929538291600109590e-01,-9.929537066739806406e-01,-9.929523816107571621e-01,-9.929087286816045133e-01
-9.922231601236067844e-01,-9.922750572247982515e-01,-9.922765037840838298e-01,-9.922766392902599986e-01,-9.922766650410071998e-01,-9.922766718970116306e-01,-9.922766740536473895e-01,-9.922766745733949678e-01,-9.922766740536472785e-01,-9.922766718970114086e-01,-9.922766650410071998e-01,-9.922766392902597765e-01,-9.922765037840837188e-01,-9.922750572247982515e-01,-9.922231601236068954e-01
-9.914524049625548230e-01,-9.915162782306192746e-01,-9.915181639614617515e-01,-9.915183393961692904e-01,-9.915183721138624007e-01,-9.915183807669896154e-01,-9.915183834809756513e-01,-9.915183841342024573e-01,-9.915183834809756513e-01,-9.915183807669893934e-01,-9.915183721138622897e-01,-9.915183393961690683e-01,-9.915181639614616405e-01,-9.915162782306192746e-01,-9.914524049625549340e-01
-9.907027798964053167e-01,-9.907763711332607803e-01,-9.907783184011955679e-01,-9.907785043866860208e-01,-9.907785401506443712e-01,-9.907785497047730816e-01,-9.907785527150483329e-01,-9.907785534410756823e-01,-9.907785527150482219e-01,-9.907785497047729706e-01,-9.907785401506442602e-01,-9.907785043866861319e-01,-9.907783184011956790e-01,-9.907763711332608914e-01,-9.907027798964054277e-01
-9.898702921044303382e-01,-9.899605949591001597e-01,-9.899631673260019804e-01,-9.899634081052220980e-01,-9.899634534615987524e-01,-9.899634655275756367e-01,-9.899634693225173310e-01,-9.899634702369394246e-01,-9.899634693225173310e-01,-9.899634655275756367e-01,-9.899634534615987524e-01,-9.899634081052223200e-01,-9.899631673260019804e-01,-9.899605949591002707e-01,-9.898702921044302272e-01
-9.890555444858049050e-01,-9.891567367644380493e-01,-9.891592710559842239e-01,-9.891595201385966485e-01,-9.891595685174268127e-01,-9.891595814579376977e-01,-9.891595855383792379e-01,-9.891595865229748652e-01,-9.891595855383792379e-01,-9.891595814579373647e-01,-9.891595685174268127e-01,-9.891595201385965375e-01,-9.891592710559841128e-01,-9.891567367644380493e-01,-9.890555444858049050e-01
-9.881656224054341520e-01,-9.882895173897514596e-01,-9.882928795758265661e-01,-9.882931959933213273e-01,-9.882932565076979481e-01,-9.882932727502066195e-01,-9.882932778793344086e-01,-9.882932791171882281e-01,-9.882932778793344086e-01,-9.882932727502063974e-01,-9.882932565076977260e-01,-9.882931959933212163e-01,-9.882928795758263441e-01,-9.882895173897515706e-01,-9.881656224054343740e-01
-9.872842635312278903e-01,-9.874198847045499994e-01,-9.874231025324342603e-01,-9.874234316967636094e-01,-9.874234959775077813e-01,-9.874235131377604446e-01,-9.874235185467390430e-01,-9.874235198519941692e-01,-9.874235185467390430e-01,-9.874235131377604446e-01,-9.874234959775080034e-01,-9.874234316967636094e-01,-9.874231025324342603e-01,-9.874198847045501104e-01,-9.872842635312280013e-01
-9.863416457863074527e-01,-9.865071383025562080e-01,-9.865113376715658466e-01,-9.865117347265747183e-01,-9.865118124963557777e-01,-9.865118336460197979e-01,-9.865118403611615738e-01,-9.865118419851508502e-01,-9.865118403611615738e-01,-9.865118336460194648e-01,-9.865118124963557777e-01,-9.865117347265748293e-01,-9.865113376715657356e-01,-9.865071383025562080e-01,-9.863416457863073417e-01
-9.853920794594668298e-01,-9.855700330352934468e-01,-9.855740637679067939e-01,-9.855744973180410318e-01,-9.855745817412989718e-01,-9.855746041504326316e-01,-9.855746112041890994e-01,-9.855746129058963190e-01,-9.855746112041890994e-01,-9.855746041504326316e-01,-9.855745817412988607e-01,-9.855744973180410318e-01,-9.855740637679069049e-01,-9.855700330352934468e-01,-9.853920794594669408e-01
-9.844015207499527964e-01,-9.846172884421349192e-01,-9.846222789667269382e-01,-9.846227534460728625e-01,-9.846228499479592333e-01,-9.846228766581266445e-01,-9.846228851926869252e-01,-9.846228872615947481e-01,-9.846228851926869252e-01,-9.846228766581267555e-01,-9.846228499479592333e-01,-9.846227534460727515e-01,-9.846222789667269382e-01,-9.846172884421349192e-01,-9.844015207499527964e-01
-9.833826007786260481e-01,-9.836121259748850099e-01,-9.836171679837993898e-01,-9.836177400431552753e-01,-9.836178498149823479e-01,-9.836178787147913383e-01,-9.836178878011549997e-01,-9.836178899928469388e-01,-9.836178878011551108e-01,-9.836178787147911162e-01,-9.836178498149823479e-01,-9.836177400431551643e-01,-9.836171679837993898e-01,-9.836121259748851209e-01,-9.833826007786261592e-01
-9.823482160376844075e-01,-9.826234071505022261e-01,-9.826290183893031660e-01,-9.826295590638604027e-01,-9.826296755691679152e-01,-9.826297084600124077e-01,-9.826297190256607639e-01,-9.826297215921491190e-01,-9.826297190256608749e-01,-9.826297084600122966e-01,-9.826296755691679152e-01,-9.826295590638605137e-01,-9.826290183893030550e-01,-9.826234071505022261e-01,-9.823482160376846295e-01
-9.812600337558881058e-01,-9.815520474410676099e-01,-9.815583994715021410e-01,-9.815591520547665150e-01,-9.815592924852793999e-01,-9.815593292244781942e-01,-9.815593407965386152e-01,-9.815593435900452635e-01,-9.815593407965386152e-01,-9.815593292244780832e-01,-9.815592924852795109e-01,-9.815591520547667370e-01,-9.815583994715021410e-01,-9.815520474410676099e-01,-9.812600337558881058e-01
-9.801844439021969446e-01,-9.805284912462214342e-01,-9.805344206580552946e-01,-9.805350163771408001e-01,-9.805351556508690170e-01,-9.805351955252160634e-01,-9.805352083387943729e-01,-9.805352114529648500e-01,-9.805352083387941509e-01,-9.805351955252159524e-01,-9.805351556508687949e-01,-9.805350163771410221e-01,-9.805344206580552946e-01,-9.805284912462215452e-01,-9.801844439021970556e-01
-9.790292272786806915e-01,-9.793966241760339031e-01,-9.794046664574718175e-01,-9.794056361311113124e-01,-9.794058100848130888e-01,-9.794058557948388533e-01,-9.794058703220672735e-01,-9.794058738391023811e-01,-9.794058703220672735e-01,-9.794058557948386312e-01,-9.794058100848129778e-01,-9.794056361311114234e-01,-9.794046664574719285e-01,-9.793966241760341251e-01,-9.790292272786808025e-01
-9.779126589672798575e-01,-9.783351831026430023e-01,-9.783410360941627859e-01,-9.783416975282021033e-01,-9.783418672651643666e-01,-9.783419155056702898e-01,-9.783419308519838431e-01,-9.783419345734040151e-01,-9.783419308519836211e-01,-9.783419155056704009e-01,-9.783418672651643666e-01,-9.783416975282022143e-01,-9.783410360941628969e-01,-9.783351831026432244e-01,-9.779126589672800796e-01
-9.766955216848234311e-01,-9.771531972523451737e-01,-9.771632570114026084e-01,-9.771644428562104023e-01,-9.771646462808030176e-01,-9.771647013812110316e-01,-9.771647192563642781e-01,-9.771647236077624088e-01,-9.771647192563643891e-01,-9.771647013812109206e-01,-9.771646462808030176e-01,-9.771644428562104023e-01,-9.771632570114023864e-01,-9.771531972523452847e-01,-9.766955216848235422e-01
-9.755351810731812678e-01,-9.760461085416350935e-01,-9.760515218222685085e-01,-9.760523197224036940e-01,-9.760525368826735715e-01,-9.760525957829965238e-01,-9.760526140814551610e-01,-9.760526184976527908e-01,-9.760526140814550500e-01,-9.760525957829963017e-01,-9.760525368826735715e-01,-9.760523197224038050e-01,-9.760515218222683975e-01,-9.760461085416352045e-01,-9.755351810731814899e-01
-9.742643237762732555e-01,-9.748286429223577132e-01,-9.748406990153016816e-01,-9.748420129139309109e-01,-9.748422305502079110e-01,-9.748422945497168257e-01,-9.748423160143264710e-01,-9.748423212732212351e-01,-9.748423160143264710e-01,-9.748422945497166037e-01,-9.748422305502076890e-01,-9.748420129139307999e-01,-9.748406990153015705e-01,-9.748286429223578242e-01,-9.742643237762733666e-01
-9.730545189297272746e-01,-9.736646086417646284e-01,-9.736694956843143789e-01,-9.736706069714959888e-01,-9.736708991344744657e-01,-9.736709714484761413e-01,-9.736709932314749905e-01,-9.736709984726058531e-01,-9.736709932314749905e-01,-9.736709714484760303e-01,-9.736708991344746877e-01,-9.736706069714964329e-01,-9.736694956843144899e-01,-9.736646086417647394e-01,-9.730545189297274966e-01
-9.366841687598082000e-01,-9.393403201863712582e-01,-9.393834768817332925e-01,-9.393893969743151162e-01,-9.393905091713983246e-01,-9.393908310715261001e-01,-9.393909380394258601e-01,-9.393909642399629334e-01,-9.393909380394257491e-01,-9.393908310715262111e-01,-9.393905091713979916e-01,-9.393893969743150052e-01,-9.393834768817327374e-01,-9.393403201863711471e-01,-9.366841687598084221e-01
-8.843759019652531750e-01,-8.961321485126669817e-01,-8.960161443153993321e-01,-8.960261174092254421e-01,-8.960300183515124139e-01,-8.960312830671490758e-01,-8.960317123149224017e-01,-8.960318192235474655e-01,-8.960317123149224017e-01,-8.960312830671492978e-01,-8.960300183515126360e-01,-8.960261174092256642e-01,-8.960161443153995542e-01,-8.961321485126672037e-01,-8.843759019652536191e-01
-8.177910049038723539e-01,-8.476910192054623039e-01,-8.461869720587529287e-01,-8.462208424984842825e-01,-8.462290472383227069e-01,-8.462314394364810477e-01,-8.462322844276076728e-01,-8.462325011156569543e-01,-8.462322844276077838e-01,-8.462314394364807146e-01,-8.462290472383240392e-01,-8.462208424984846156e-01,-8.461869720587533727e-01,-8.476910192054626370e-01,-8.177910049038723539e-01
-7.474909113000955951e-01,-8.068057600851223921e-01,-8.012887182115702167e-01,-8.015757089791923917e-01,-8.015869760584141135e-01,-8.015904024613884626e-01,-8.015917395108191901e-01,-8.015920893023135152e-01,-8.015917395108194121e-01,-8.015904024613873524e-01,-8.015869760584144466e-01,-8.015757089791926138e-01,-8.012887182115703277e-01,-8.068057600851218369e-01,-7.474909113000947070e-01
-6.810822457688322507e-01,-7.800611059085258425e-01,-7.661942138102315614e-01,-7.674735297169483772e-01,-7.674375095671464031e-01,-7.674414628086075885e-01,-7.674431949227535910e-01,-7.674436428669338950e-01,-7.674431949227545902e-01,-7.674414628086068113e-01,-7.674375095671439606e-01,-7.674735297169469339e-01,-7.661942138102317834e-01,-7.800611059085243992e-01,-6.810822457688306963e-01
-6.190927977516116343e-01,-7.626566452088594517e-01,-7.350104982763523420e-01,-7.388789789256040574e-01,-7.385764595588474313e-01,-7.385912481894538750e-01,-7.385930941597336208e-01,-7.385935484044694466e-01,-7.385930941597350641e-01,-7.385912481894538750e-01,-7.385764595588437675e-01,-7.388789789256019480e-01,-7.350104982763534522e-01,-7.626566452088586745e-01,-6.190927977516099689e-01
-5.597281795737319987e-01,-7.480814276293843434e-01,-7.020371213792034881e-01,-7.110660864412015059e-01,-7.099132460845491988e-01,-7.100042823375110057e-01,-7.100032843164610918e-01,-7.100037439977240350e-01,-7.100032843164609808e-01,-7.100042823375116718e-01,-7.099132460845470893e-01,-7.110660864412002846e-01,-7.020371213792042653e-01,-7.480814276293852316e-01,-5.597281795737306664e-01
-5.035945380919052417e-01,-7.358124461111457126e-01,-6.691013131767018507e-01,-6.863033141463299458e-01,-6.831645522424285577e-01,-6.835464215201002558e-01,-6.835218972483257938e-01,-6.835233782313944184e-01,-6.835218972483237954e-01,-6.835464215201019211e-01,-6.831645522424287797e-01,-6.863033141463303899e-01,-6.691013131767004074e-01,-7.358124461111470449e-01,-5.035945380919053527e-01
-4.532276520148097454e-01,-7.288872229280589643e-01,-6.413321113787453509e-01,-6.690729658767048393e-01,-6.623141177318633277e-01,-6.634757459363388454e-01,-6.633482161922916731e-01,-6.633582446214655315e-01,-6.633482161922892306e-01,-6.634757459363389565e-01,-6.623141177318645489e-01,-6.690729658767053945e-01,-6.413321113787422423e-01,-7.288872229280591863e-01,-4.532276520148111887e-01
-4.097815335336581488e-01,-7.278516158077485976e-01,-6.198137618513004377e-01,-6.590427918326258183e-01,-6.469827738824234231e-01,-6.497540125848086934e-01,-6.493154965206922036e-01,-6.493668123167956052e-01,-6.493154965206915374e-01,-6.497540125848069170e-01,-6.469827738824226460e-01,-6.590427918326250412e-01,-6.198137618512974401e-01,-7.278516158077472653e-01,-4.097815335336597586e-01
-3.716080475483648504e-01,-7.293013932586038806e-01,-6.005394677140978299e-01,-6.510897286356063240e-01,-6.326268428634012064e-01,-6.380647148107483346e-01,-6.369075937095014517e-01,-6.371002149610125453e-01,-6.369075937095033391e-01,-6.380647148107471134e-01,-6.326268428633973206e-01,-6.510897286356054359e-01,-6.005394677140971638e-01,-7.293013932586016601e-01,-3.716080475483651835e-01
-3.361508254605839463e-01,-7.295418706360237149e-01,-5.795171312009133047e-01,-6.411470462684992766e-01,-6.160689998587205451e-01,-6.251301998307492447e-01,-6.226385526390143532e-01,-6.232056186421575106e-01,-6.226385526390171288e-01,-6.251301998307505770e-01,-6.160689998587149940e-01,-6.411470462685002758e-01,-5.795171312009156361e-01,-7.295418706360212724e-01,-3.361508254605829471e-01
-3.025306878635632968e-01,-7.280838739411856775e-01,-5.571046810569423302e-01,-6.301850222009303115e-01,-5.988715026592803525e-01,-6.120281732745590508e-01,-6.075009641583253295e-01,-6.088704806828637572e-01,-6.075009641583264397e-01,-6.120281732745626035e-01,-5.988715026592746904e-01,-6.301850222009333091e-01,-5.571046810569456609e-01,-7.280838739411841232e-01,-3.025306878635611874e-01
-2.718745181208054307e-01,-7.271783630385364461e-01,-5.368541221383453799e-01,-6.220664409698408726e-01,-5.848166993132157820e-01,-6.019212511103966268e-01,-5.948150035375153744e-01,-5.976055043911008280e-01,-5.948150035375129319e-01,-6.019212511104008456e-01,-5.848166993132115632e-01,-6.220664409698449804e-01,-5.368541221383464901e-01,-7.271783630385358910e-01,-2.718745181208022110e-01
-2.453865137595560297e-01,-7.287076936592509213e-01,-5.210319598428811982e-01,-6.185949663540935006e-01,-5.751663098850279265e-01,-5.957551148077917524e-01,-5.858909552504485418e-01,-5.907859275271033495e-01,-5.858909552504438789e-01,-5.957551148077951941e-01,-5.751663098850261502e-01,-6.185949663540970533e-01,-5.210319598428774235e-01,-7.287076936592518095e-01,-2.453865137595519774e-01
-2.225814645089455035e-01,-7.322124869242403467e-01,-5.082669357259252951e-01,-6.176451361659280881e-01,-5.673877750920509611e-01,-5.912347279592269356e-01,-5.787766570600996197e-01,-5.862960526798101091e-01,-5.787766570600961780e-01,-5.912347279592284899e-01,-5.673877750920517382e-01,-6.176451361659294204e-01,-5.082669357259179677e-01,-7.322124869242434553e-01,-2.225814645089418953e-01
-2.015366407902281498e-01,-7.357422537859606981e-01,-4.954372903032907005e-01,-6.158095987226581691e-01,-5.582118045738836409e-01,-5.856741192707217714e-01,-5.708511274593071061e-01,-5.811303947787693769e-01,-5.708511274593075502e-01,-5.856741192707213273e-01,-5.582118045738866385e-01,-6.158095987226581691e-01,-4.954372903032845388e-01,-7.357422537859654721e-01,-2.015366407902259294e-01
-1.806484876074359036e-01,-7.379763503620714316e-01,-4.809864802966466457e-01,-6.119232928976466868e-01,-5.469993567270764467e-01,-5.788543246061216285e-01,-5.616338623612300296e-01,-5.743617456852103675e-01,-5.616338623612345815e-01,-5.788543246061186309e-01,-5.469993567270803325e-01,-6.119232928976456876e-01,-4.809864802966450359e-01,-7.379763503620760945e-01,-1.806484876074341273e-01
-1.599557918807930079e-01,-7.392649097816199610e-01,-4.659999949470723934e-01,-6.076706767497856987e-01,-5.358115506579087528e-01,-5.727365572390954451e-01,-5.527338239273900111e-01,-5.673442967635465850e-01,-5.527338239273973386e-01,-5.727365572390896720e-01,-5.358115506579125276e-01,-6.076706767497832562e-01,-4.659999949470758351e-01,-7.392649097816214043e-01,-1.599557918807898993e-01
-1.407972890911969588e-01,-7.408758985347565496e-01,-4.524757258778829283e-01,-6.052675765537435248e-01,-5.267479713862245339e-01,-5.689089518188321648e-01,-5.456302522006757361e-01,-5.616837136377255124e-01,-5.456302522006830635e-01,-5.689089518188245043e-01,-5.267479713862279755e-01,-6.052675765537394170e-01,-4.524757258778889790e-01,-7.408758985347534409e-01,-1.407972890911920183e-01
-1.243225467035275339e-01,-7.435531610620575993e-01,-4.411558524112424440e-01,-6.051768433931468127e-01,-5.198421829220645218e-01,-5.669274467863759659e-01,-5.401370515663417304e-01,-5.576594759943397372e-01,-5.401370515663469485e-01,-5.669274467863695266e-01,-5.198421829220689627e-01,-6.051768433931417057e-01,-4.411558524112495494e-01,-7.435531610620522702e-01,-1.243225467035244808e-01
-1.103720501144854205e-01,-7.468780480230964303e-01,-4.311572448377975486e-01,-6.060864176394862302e-01,-5.134909342724807146e-01,-5.651006008421406435e-01,-5.349696069360789785e-01,-5.545101639558225326e-01,-5.349696069360807549e-01,-5.651006008421366467e-01,-5.134909342724868209e-01,-6.060864176394806790e-01,-4.311572448378047095e-01,-7.468780480230925445e-01,-1.103720501144885846e-01
-9.768524654210897218e-02,-7.498715143000689309e-01,-4.212852241193265623e-01,-6.065664783421843564e-01,-5.063791383816749203e-01,-5.623772124346170243e-01,-5.292634319657200104e-01,-5.516203045003770233e-01,-5.292634319657184561e-01,-5.623772124346159140e-01,-5.063791383816812486e-01,-6.065664783421785833e-01,-4.212852241193312253e-01,-7.498715143000662664e-01,-9.768524654211663272e-02
-8.503713220908305781e-02,-7.519845423655564520e-01,-4.112293009552674961e-01,-6.062958730046446032e-01,-4.986291724418582261e-01,-5.591717486856834229e-01,-5.232112648466475946e-01,-5.490188967646086882e-01,-5.232112648466448190e-01,-5.591717486856840891e-01,-4.986291724418626670e-01,-6.062958730046389411e-01,-4.112293009552683287e-01,-7.519845423655540095e-01,-8.503713220908987180e-02
-7.216039421356656991e-02,-7.534603594527398140e-01,-4.014799263245887317e-01,-6.057881291919098299e-01,-4.912443628929665795e-01,-5.565640050464608635e-01,-5.174178112513867500e-01,-5.468903899031638538e-01,-5.174178112513856398e-01,-5.565640050464623068e-01,-4.912443628929680783e-01,-6.057881291919064992e-01,-4.014799263245881211e-01,-7.534603594527380377e-01,-7.216039421356890138e-02
-5.973228941297474559e-02,-7.549362524419475085e-01,-3.925090119050074211e-01,-6.054499016825742874e-01,-4.848811394752010617e-01,-5.551047254313049573e-01,-5.120735209419042810e-01,-5.450614162669236151e-01,-5.120735209419063905e-01,-5.551047254313061785e-01,-4.848811394751998960e-01,-6.054499016825756197e-01,-3.925090119050084203e-01,-7.549362524419472864e-01,-5.973228941297227534e-02
-4.861966259326170464e-02,-7.568504794569841376e-01,-3.843098554491610752e-01,-6.052164114541325191e-01,-4.793356963117756386e-01,-5.544724174827047047e-01,-5.069179958829803656e-01,-5.431727756168824861e-01,-5.069179958829843624e-01,-5.544724174827041496e-01,-4.793356963117723080e-01,-6.052164114541371820e-01,-3.843098554491632957e-01,-7.568504794569859140e-01,-4.861966259325566087e-02
-3.910588244654712026e-02,-7.591702554532835379e-01,-3.766193084234670252e-01,-6.049288363224764042e-01,-4.739754378812111590e-01,-5.539730951589478813e-01,-5.017640627705179934e-01,-5.411750075296580809e-01,-5.017640627705222123e-01,-5.539730951589454389e-01,-4.739754378812074398e-01,-6.049288363224811782e-01,-3.766193084234671917e-01,-7.591702554532872016e-01,-3.910588244654034096e-02
-3.068571428231088236e-02,-7.615235571719114471e-01,-3.693307210079042058e-01,-6.047601971869742687e-01,-4.684245276783096656e-01,-5.531460915368511255e-01,-4.967942363898792957e-01,-5.394450851533995062e-01,-4.967942363898825153e-01,-5.531460915368484610e-01,-4.684245276783082224e-01,-6.047601971869767112e-01,-3.693307210079002090e-01,-7.615235571719161101e-01,-3.068571428230668779e-02
-2.249432173675348923e-02,-7.635042681446920776e-01,-3.625273129138755768e-01,-6.051230136927533421e-01,-4.628245674446652136e-01,-5.519759268015012044e-01,-4.923290265412842981e-01,-5.383747692997625789e-01,-4.923290265412860744e-01,-5.519759268014995390e-01,-4.628245674446676006e-01,-6.051230136927532310e-01,-3.625273129138680828e-01,-7.635042681446962964e-01,-2.249432173675222635e-02
-1.398471381943771144e-02,-7.649466736617600571e-01,-3.561588993174870654e-01,-6.061837229348772116e-01,-4.575448318809984816e-01,-5.507194668453262443e-01,-4.884273159058267755e-01,-5.378750718743183779e-01,-4.884273159058269420e-01,-5.507194668453255781e-01,-4.575448318810043657e-01,-6.061837229348754352e-01,-3.561588993174797380e-01,-7.649466736617622775e-01,-1.398471381943781205e-02
-5.321509106932624522e-03,-7.660586485569280679e-01,-3.498744200335850985e-01,-6.075866348615879264e-01,-4.527749699890441515e-01,-5.496630346318948090e-01,-4.848221299065972878e-01,-5.373505852209586875e-01,-4.848221299065963996e-01,-5.496630346318940319e-01,-4.527749699890504798e-01,-6.075866348615857060e-01,-3.498744200335822119e-01,-7.660586485569269577e-01,-5.321509106931845631e-03
2.829841867312895155e-03,-7.672906870340507890e-01,-3.432729420410768340e-01,-6.087067698006767280e-01,-4.484096014325494872e-01,-5.490063851095823289e-01,-4.812402984726530941e-01,-5.362273452143293540e-01,-4.812402984726528166e-01,-5.490063851095808856e-01,-4.484096014325532620e-01,-6.087067698006743965e-01,-3.432729420410810528e-01,-7.672906870340472363e-01,2.829841867314350588e-03
9.945518942874716217e-03,-7.689810929182414601e-01,-3.363107574731900029e-01,-6.091580059176930906e-01,-4.441829557049222776e-01,-5.487779378914370287e-01,-4.776588235382919212e-01,-5.344876417609932817e-01,-4.776588235382940306e-01,-5.487779378914350303e-01,-4.441829557049231658e-01,-6.091580059176899820e-01,-3.363107574732002725e-01,-7.689810929182375743e-01,9.945518942873824569e-03
1.614671136627991721e-02,-7.710830479073567112e-01,-3.294580053334001390e-01,-6.091105697668635077e-01,-4.398560353203139761e-01,-5.487599040183800403e-01,-4.742125806512028641e-01,-5.326723769068955061e-01,-4.742125806512070829e-01,-5.487599040183781529e-01,-4.398560353203132545e-01,-6.091105697668587338e-01,-3.294580053334115188e-01,-7.710830479073529364e-01,1.614671136627589959e-02
2.210944941200867001e-02,-7.732150426136055188e-01,-3.234080112481063640e-01,-6.091600617008842145e-01,-4.353641254546420924e-01,-5.485977203404039937e-01,-4.709728474482975935e-01,-5.314255333983565199e-01,-4.709728474483022564e-01,-5.485977203404022173e-01,-4.353641254546426476e-01,-6.091600617008781082e-01,-3.234080112481145242e-01,-7.732150426136016330e-01,2.210944941200283093e-02
2.846244234476961316e-02,-7.749640243179269916e-01,-3.185227197099906871e-01,-6.098206613197703074e-01,-4.308530516902230323e-01,-5.480800013323519071e-01,-4.678601869475029762e-01,-5.310177486589180429e-01,-4.678601869475063069e-01,-5.480800013323496866e-01,-4.308530516902263630e-01,-6.098206613197647563e-01,-3.185227197099942398e-01,-7.749640243179237720e-01,2.846244234476452695e-02
3.520367538856906953e-02,-7.761918379156260706e-01,-3.144979194637960718e-01,-6.110810100811456813e-01,-4.265938889597679640e-01,-5.473367719567171497e-01,-4.646981871613496407e-01,-5.311824522045862640e-01,-4.646981871613507509e-01,-5.473367719567140410e-01,-4.265938889597737926e-01,-6.110810100811419066e-01,-3.144979194637955722e-01,-7.761918379156240722e-01,3.520367538856744583e-02
4.165776295641349103e-02,-7.771143887841476250e-01,-3.105628837845294532e-01,-6.124376612549640164e-01,-4.228501092424019614e-01,-5.467841670446416114e-01,-4.613513630644942021e-01,-5.313751716391108548e-01,-4.613513630644941466e-01,-5.467841670446382807e-01,-4.228501092424090668e-01,-6.124376612549629062e-01,-3.105628837845267887e-01,-7.771143887841467368e-01,4.165776295641554494e-02
4.704165336145189197e-02,-7.780868890827692397e-01,-3.060372228867909161e-01,-6.133372636572059777e-01,-4.197193281003184784e-01,-5.468250164557718618e-01,-4.578597066634037538e-01,-5.312398055690747967e-01,-4.578597066634043644e-01,-5.468250164557688642e-01,-4.197193281003245846e-01,-6.133372636572073100e-01,-3.060372228867881406e-01,-7.780868890827705719e-01,4.704165336145608306e-02
5.116574389789894928e-02,-7.792809829751238260e-01,-3.008095831058740788e-01,-6.136079324703009874e-01,-4.169813901004804646e-01,-5.474877306849371683e-01,-4.544235941021500524e-01,-5.308455653039916289e-01,-4.544235941021521619e-01,-5.474877306849352809e-01,-4.169813901004829071e-01,-6.136079324703038740e-01,-3.008095831058722469e-01,-7.792809829751277118e-01,5.116574389790552735e-02
5.464918948495416789e-02,-7.805584040856214934e-01,-2.954221018944900301e-01,-6.135607115682144563e-01,-4.141232980810068409e-01,-5.483296319562931398e-01,-4.512451257755774048e-01,-5.305285731781925751e-01,-4.512451257755810130e-01,-5.483296319562929177e-01,-4.141232980810047315e-01,-6.135607115682175650e-01,-2.954221018944884758e-01,-7.805584040856271555e-01,5.464918948496329948e-02
5.844439028504472278e-02,-7.816625453012812086e-01,-2.907097702527711158e-01,-6.137406154436115813e-01,-4.106566244258357257e-01,-5.487675354938872374e-01,-4.483960377947068254e-01,-5.305696256437116842e-01,-4.483960377947104892e-01,-5.487675354938887917e-01,-4.106566244258302856e-01,-6.137406154436143568e-01,-2.907097702527672856e-01,-7.816625453012877589e-01,5.844439028505565153e-02
6.308721518371443460e-02,-7.825113945937489657e-01,-2.871850436606980805e-01,-6.145242056796744734e-01,-4.065275074402773248e-01,-5.485666735481252720e-01,-4.458027653122255685e-01,-5.309652491007808006e-01,-4.458027653122267342e-01,-5.485666735481291578e-01,-4.065275074402716626e-01,-6.145242056796782482e-01,-2.871850436606906420e-01,-7.825113945937554050e-01,6.308721518372550907e-02
6.832223857587324534e-02,-7.832700728414818681e-01,-2.845545781006340036e-01,-6.158333178137553876e-01,-4.022348470196154824e-01,-5.480343749040650358e-01,-4.433094969361444648e-01,-5.313962571969519377e-01,-4.433094969361411342e-01,-5.480343749040705870e-01,-4.022348470196118742e-01,-6.158333178137611608e-01,-2.845545781006248998e-01,-7.832700728414871971e-01,6.832223857588091975e-02
7.337826179897649626e-02,-7.841641859239365520e-01,-2.818085242917224287e-01,-6.171824167750110668e-01,-3.985036184476836718e-01,-5.477544621086758436e-01,-4.407687953340212461e-01,-5.314234367022557803e-01,-4.407687953340139186e-01,-5.477544621086820609e-01,-3.985036184476821175e-01,-6.171824167750187273e-01,-2.818085242917129918e-01,-7.841641859239401047e-01,7.337826179897902201e-02
7.759762101893367958e-02,-7.852928062085631211e-01,-2.779831944938019328e-01,-6.180813005014096362e-01,-3.957822152467844745e-01,-5.481208966685205963e-01,-4.381410870809537839e-01,-5.308445326638329131e-01,-4.381410870809455682e-01,-5.481208966685260364e-01,-3.957822152467833088e-01,-6.180813005014172967e-01,-2.779831944937932731e-01,-7.852928062085638983e-01,7.759762101893197261e-02
8.090324911347378245e-02,-7.866303463827670761e-01,-2.730466734008080154e-01,-6.185007213808667581e-01,-3.939654488986638059e-01,-5.490550651384134007e-01,-4.355601705435753201e-01,-5.299606227479344289e-01,-4.355601705435708237e-01,-5.490550651384176195e-01,-3.939654488986611969e-01,-6.185007213808724202e-01,-2.730466734008027418e-01,-7.866303463827651887e-01,8.090324911346899461e-02
8.381809293952810491e-02,-7.881064948797961156e-01,-2.680292205304263264e-01,-6.189213597661382682e-01,-3.924634768310844013e-01,-5.500538603904172597e-01,-4.332498535351378965e-01,-5.294257346104347395e-01,-4.332498535351397284e-01,-5.500538603904203683e-01,-3.924634768310806265e-01,-6.189213597661409327e-01,-2.680292205304269371e-01,-7.881064948797926739e-01,8.381809293952219297e-02
8.709141437519471451e-02,-7.895712333104564218e-01,-2.640986102177613204e-01,-6.197937490338216726e-01,-3.904650043623953959e-01,-5.504592925832381134e-01,-4.312558609493480910e-01,-5.296656070131006144e-01,-4.312558609493541972e-01,-5.504592925832395567e-01,-3.904650043623923428e-01,-6.197937490338210065e-01,-2.640986102177683148e-01,-7.895712333104533132e-01,8.709141437518952422e-02
9.115446436668997454e-02,-7.907357464517614787e-01,-2.614315225931950759e-01,-6.209477243466307028e-01,-3.873288849642188003e-01,-5.498552552987268083e-01,-4.292776473807741189e-01,-5.304017477503599753e-01,-4.292776473807805582e-01,-5.498552552987252540e-01,-3.873288849642189668e-01,-6.209477243466261509e-01,-2.614315225932055675e-01,-7.907357464517588141e-01,9.115446436668708796e-02
9.569959281392242945e-02,-7.913539882963644967e-01,-2.591343627070097355e-01,-6.217334889468464354e-01,-3.831229243188389866e-01,-5.485198702926383785e-01,-4.269709366254755833e-01,-5.308996644268980658e-01,-4.269709366254791916e-01,-5.485198702926333825e-01,-3.831229243188443712e-01,-6.217334889468388859e-01,-2.591343627070183953e-01,-7.913539882963614991e-01,9.569959281392335926e-02
9.974162649436621453e-02,-7.915604295066820395e-01,-2.563487369313010578e-01,-6.218552286922646166e-01,-3.789458743832601062e-01,-5.475596930955661801e-01,-4.244979573913365556e-01,-5.307802024799823659e-01,-4.244979573913365556e-01,-5.475596930955590746e-01,-3.789458743832713750e-01,-6.218552286922565120e-01,-2.563487369313054431e-01,-7.915604295066794860e-01,9.974162649436951744e-02
1.023276060305850221e-01,-7.918851078600976923e-01,-2.532355128921084386e-01,-6.218756720901734703e-01,-3.763613645677352793e-01,-5.482303303891089552e-01,-4.225245907278002422e-01,-5.304365482700692525e-01,-4.225245907277984658e-01,-5.482303303891015167e-01,-3.763613645677499897e-01,-6.218756720901668089e-01,-2.532355128921101040e-01,-7.918851078600966931e-01,1.023276060305879087e-01
1.034654343363492490e-01,-7.927524878541355458e-01,-2.506338591075781830e-01,-6.226331789160211017e-01,-3.759783738867055192e-01,-5.506877192977968072e-01,-4.213918537321993951e-01,-5.304847727241004396e-01,-4.213918537321992286e-01,-5.506877192977910340e-01,-3.759783738867189529e-01,-6.226331789160168828e-01,-2.506338591075799593e-01,-7.927524878541369890e-01,1.034654343363520246e-01
1.043820855939314313e-01,-7.939685182587494783e-01,-2.488199292026368470e-01,-6.241573682281460478e-01,-3.764692938491799867e-01,-5.533902085892441480e-01,-4.203858928000461237e-01,-5.309195731539876340e-01,-4.203858928000499540e-01,-5.533902085892405953e-01,-3.764692938491879803e-01,-6.241573682281449376e-01,-2.488199292026398723e-01,-7.939685182587530310e-01,1.043820855939354142e-01
1.066283654058516328e-01,-7.948479609532925760e-01,-2.469461802897941483e-01,-6.254224038130740126e-01,-3.753948545062785191e-01,-5.541473287041255302e-01,-4.182292783576526118e-01,-5.311121067959572173e-01,-4.182292783576593842e-01,-5.541473287041236429e-01,-3.753948545062784081e-01,-6.254224038130752339e-01,-2.469461802897963687e-01,-7.948479609532959067e-01,1.066283654058574198e-01
1.106662264399103229e-01,-7.949577470862727591e-01,-2.439642018983321226e-01,-6.254053036891271677e-01,-3.714660067790243048e-01,-5.521772221910036249e-01,-4.145485012842530237e-01,-5.307391031617235688e-01,-4.145485012842587969e-01,-5.521772221910030698e-01,-3.714660067790164777e-01,-6.254053036891302764e-01,-2.439642018983310123e-01,-7.949577470862745354e-01,1.106662264399176088e-01
1.152885948956304529e-01,-7.947054258879295841e-01,-2.399991053047362266e-01,-6.243529866821967422e-01,-3.660577489021512032e-01,-5.491591605067461801e-01,-4.106706846983440573e-01,-5.304381668709701181e-01,-4.106706846983455006e-01,-5.491591605067487336e-01,-3.660577489021406006e-01,-6.243529866822016272e-01,-2.399991053047306755e-01,-7.947054258879302502e-01,1.152885948956365869e-01
1.186156241282430857e-01,-7.950465881834418713e-01,-2.364556259115703774e-01,-6.237409284160893019e-01,-3.621658912733468627e-01,-5.479304721503279740e-01,-4.085526845473272384e-01,-5.311724693835664368e-01,-4.085526845473230750e-01,-5.479304721503350795e-01,-3.621658912733388691e-01,-6.237409284160966294e-01,-2.364556259115617731e-01,-7.950465881834427595e-01,1.186156241282447510e-01
1.198754316477467496e-01,-7.964955460961817835e-01,-2.345492301531325874e-01,-6.247854943515330772e-01,-3.615623215023019421e-01,-5.498521633195695424e-01,-4.087362685388569727e-01,-5.328978830453063864e-01,-4.087362685388473693e-01,-5.498521633195803116e-01,-3.615623215022981674e-01,-6.247854943515422921e-01,-2.345492301531233725e-01,-7.964955460961840039e-01,1.198754316477433496e-01
1.202323592049907297e-01,-7.984845035183443240e-01,-2.338933786346885091e-01,-6.271158789344321027e-01,-3.630072332672906743e-01,-5.534731724591109847e-01,-4.095818898998424551e-01,-5.342161384425180293e-01,-4.095818898998297986e-01,-5.534731724591226421e-01,-3.630072332672886759e-01,-6.271158789344415396e-01,-2.338933786346800991e-01,-7.984845035183467665e-01,1.202323592049862194e-01
1.217237244331268176e-01,-7.998521398347361311e-01,-2.328197766154984083e-01,-6.291486769180184568e-01,-3.634425246937050824e-01,-5.559299569179695366e-01,-4.088182093838642617e-01,-5.337203724629775436e-01,-4.088182093838529929e-01,-5.559299569179787515e-01,-3.634425246937010301e-01,-6.291486769180254512e-01,-2.328197766154915249e-01,-7.998521398347367972e-01,1.217237244331268176e-01
1.252643301413484123e-01,-8.000075062637039824e-01,-2.301025005981210958e-01,-6.297408586717798684e-01,-3.609283129883726904e-01,-5.556396508768925990e-01,-4.058289675729117585e-01,-5.316526004010864170e-01,-4.058289675729064294e-01,-5.556396508768982612e-01,-3.609283129883658070e-01,-6.297408586717836432e-01,-2.301025005981172655e-01,-8.000075062637033163e-01,1.252643301413544075e-01
1.297029380653070829e-01,-7.995304149433248853e-01,-2.261652261981857981e-01,-6.292606270717420180e-01,-3.563035971093330145e-01,-5.535526367968396366e-01,-4.021943586531269710e-01,-5.299048230648522040e-01,-4.021943586531302461e-01,-5.535526367968421901e-01,-3.563035971093267973e-01,-6.292606270717437944e-01,-2.261652261981872969e-01,-7.995304149433253293e-01,1.297029380653148545e-01
1.329095188233989089e-01,-7.995656497213732283e-01,-2.225290841521510854e-01,-6.290050669147009277e-01,-3.520769249661784839e-01,-5.519109101079573421e-01,-3.999487405623942671e-01,-5.301995876008886999e-01,-3.999487405624035929e-01,-5.519109101079564539e-01,-3.520769249661763745e-01,-6.290050669147010387e-01,-2.225290841521571916e-01,-7.995656497213765590e-01,1.329095188234036273e-01
1.338348811952834450e-01,-8.006562765296687534e-01,-2.202420552327881142e-01,-6.297653963527580778e-01,-3.499596390784394107e-01,-5.520515690545360066e-01,-3.995042967104788234e-01,-5.323671723222883623e-01,-3.995042967104884823e-01,-5.520515690545302334e-01,-3.499596390784440736e-01,-6.297653963527560794e-01,-2.202420552327942205e-01,-8.006562765296725281e-01,1.338348811952842499e-01
1.335117305184405079e-01,-8.022309484719785111e-01,-2.190248889231937168e-01,-6.311246037869817638e-01,-3.495818955228171543e-01,-5.534972593418751030e-01,-3.994209694551763556e-01,-5.345558209712488740e-01,-3.994209694551825174e-01,-5.534972593418656661e-01,-3.495818955228292557e-01,-6.311246037869766567e-01,-2.190248889231961316e-01,-8.022309484719799544e-01,1.335117305184407299e-01
1.340410718256668243e-01,-8.032329770544014425e-01,-2.178922534017914969e-01,-6.320969486456340380e-01,-3.493640320961922119e-01,-5.549224113857678109e-01,-3.980890907154994718e-01,-5.351049004534836895e-01,-3.980890907155014147e-01,-5.549224113857570417e-01,-3.493640320962101420e-01,-6.320969486456264885e-01,-2.178922534017911361e-01,-8.032329770543995551e-01,1.340410718256686007e-01
1.366002700367762446e-01,-8.031839680460894915e-01,-2.163224612209908027e-01,-6.322370285192274730e-01,-3.482452130078169672e-01,-5.556235797408262123e-01,-3.953895601626170597e-01,-5.340890912800355661e-01,-3.953895601626173928e-01,-5.556235797408166643e-01,-3.482452130078372843e-01,-6.322370285192191464e-01,-2.163224612209925790e-01,-8.031839680460860498e-01,1.366002700367771605e-01
1.404021536937364867e-01,-8.026000538448975208e-01,-2.146117744024577390e-01,-6.319794136745906510e-01,-3.464147241182350401e-01,-5.559193350325934979e-01,-3.926250202627610264e-01,-5.330343396028557335e-01,-3.926250202627626917e-01,-5.559193350325861704e-01,-3.464147241182524151e-01,-6.319794136745833235e-01,-2.146117744024657881e-01,-8.026000538448938570e-01,1.404021536937340442e-01
1.435230107275892453e-01,-8.024226040726024634e-01,-2.132007122486850870e-01,-6.319929673173168005e-01,-3.446147815811911319e-01,-5.563669682745888689e-01,-3.910160955485356138e-01,-5.332877889368506930e-01,-3.910160955485395551e-01,-5.563669682745835399e-01,-3.446147815812009574e-01,-6.319929673173105833e-01,-2.132007122486989092e-01,-8.024226040725992437e-01,1.435230107275833333e-01
1.447113876242553943e-01,-8.031157299751117140e-01,-2.119771104375069437e-01,-6.324628747937597328e-01,-3.431481377823496492e-01,-5.569605475768231173e-01,-3.905098222881189240e-01,-5.347838888824052450e-01,-3.905098222881243086e-01,-5.569605475768202307e-01,-3.431481377823510925e-01,-6.324628747937544038e-01,-2.119771104375218762e-01,-8.031157299751083833e-01,1.447113876242481223e-01
1.444605689428981321e-01,-8.043212667574182184e-01,-2.104149708683570874e-01,-6.331022327710038589e-01,-3.417175514721150220e-01,-5.572168935894996622e-01,-3.900647544525249755e-01,-5.363193817366943561e-01,-3.900647544525295274e-01,-5.572168935895001063e-01,-3.417175514721110807e-01,-6.331022327709989739e-01,-2.104149708683678843e-01,-8.043212667574142216e-01,1.444605689428922202e-01
1.444532545280218794e-01,-8.053051535548578777e-01,-2.082625636916838607e-01,-6.336662773909368385e-01,-3.400102953738080025e-01,-5.568766162759213323e-01,-3.888744653138625496e-01,-5.368347824813979319e-01,-3.888744653138633822e-01,-5.568766162759256622e-01,-3.400102953738036726e-01,-6.336662773909339519e-01,-2.082625636916877743e-01,-8.053051535548534368e-01,1.444532545280190483e-01
1.460235501777941702e-01,-8.056593497474984211e-01,-2.058749698699490205e-01,-6.342325027411056526e-01,-3.381593982791616382e-01,-5.563084611565808357e-01,-3.871134593832733506e-01,-5.363002618670315025e-01,-3.871134593832696869e-01,-5.563084611565874971e-01,-3.381593982791600839e-01,-6.342325027411062077e-01,-2.058749698699454400e-01,-8.056593497474946464e-01,1.460235501777945311e-01
1.490621329470915302e-01,-8.055996001243157512e-01,-2.038222407086909271e-01,-6.349722016403804847e-01,-3.365715168540435176e-01,-5.561602114277859332e-01,-3.855233216400212881e-01,-5.354303561116726673e-01,-3.855233216400144602e-01,-5.561602114277921505e-01,-3.365715168540437396e-01,-6.349722016403855918e-01,-2.038222407086819066e-01,-8.055996001243149740e-01,1.490621329470939171e-01
1.522447457718572039e-01,-8.056787925107322668e-01,-2.022795351801284502e-01,-6.358012436617430652e-01,-3.354359909940957118e-01,-5.567087409085620386e-01,-3.845199143256800012e-01,-5.348143032730939828e-01,-3.845199143256724517e-01,-5.567087409085660354e-01,-3.354359909940952122e-01,-6.358012436617521690e-01,-2.022795351801172092e-01,-8.056787925107355974e-01,1.522447457718604513e-01
1.543468802677138707e-01,-8.062392275881906656e-01,-2.008310411930023798e-01,-6.363597670199685474e-01,-3.344622702592648933e-01,-5.575910900725885577e-01,-3.838057933220372364e-01,-5.344687510347729820e-01,-3.838057933220326290e-01,-5.575910900725908892e-01,-3.344622702592618957e-01,-6.363597670199794276e-01,-2.008310411929920547e-01,-8.062392275881984371e-01,1.543468802677196716e-01
1.554404977525774556e-01,-8.071374555423975750e-01,-1.988624396293134922e-01,-6.363657928675113817e-01,-3.330809853613805882e-01,-5.581263721768900954e-01,-3.827395636290610303e-01,-5.341247001730746735e-01,-3.827395636290619740e-01,-5.581263721768916497e-01,-3.330809853613750926e-01,-6.363657928675217068e-01,-1.988624396293049990e-01,-8.071374555424075670e-01,1.554404977525887244e-01
1.566839532243059496e-01,-8.080224693860353913e-01,-1.962703459869332701e-01,-6.360349380725811574e-01,-3.310207775350579862e-01,-5.579768072982390636e-01,-3.810741326307732213e-01,-5.338418836013232305e-01,-3.810741326307793275e-01,-5.579768072982402849e-01,-3.310207775350513248e-01,-6.360349380725894841e-01,-1.962703459869258871e-01,-8.080224693860452723e-01,1.566839532243214927e-01
1.591927892892514018e-01,-8.087061405801814207e-01,-1.935157483255684485e-01,-6.359430685780850245e-01,-3.285045896441660673e-01,-5.573745718892273437e-01,-3.790992693753733600e-01,-5.340301213598283026e-01,-3.790992693753810761e-01,-5.573745718892284540e-01,-3.285045896441599611e-01,-6.359430685780906867e-01,-1.935157483255614541e-01,-8.087061405801887481e-01,1.591927892892675001e-01
1.632046530768593295e-01,-8.092395694742668955e-01,-1.908943062835803395e-01,-6.364366548136795032e-01,-3.258655528077392116e-01,-5.567666443343136651e-01,-3.770647112649657684e-01,-5.348200477659768026e-01,-3.770647112649699872e-01,-5.567666443343143312e-01,-3.258655528077353258e-01,-6.364366548136822788e-01,-1.908943062835740667e-01,-8.092395694742706702e-01,1.632046530768714865e-01
1.679661417163012260e-01,-8.098258840907366363e-01,-1.880817398640661775e-01,-6.373776156119304037e-01,-3.232471067311905033e-01,-5.565242663484664121e-01,-3.748246089444051687e-01,-5.357411874416733166e-01,-3.748246089444031703e-01,-5.565242663484674113e-01,-3.232471067311907809e-01,-6.373776156119320691e-01,-1.880817398640616811e-01,-8.098258840907368583e-01,1.679661417163055559e-01
1.723631891980386133e-01,-8.106625270128005045e-01,-1.844284939030533255e-01,-6.383986491652898776e-01,-3.205648041912781965e-01,-5.568701137726465022e-01,-3.720503659641887784e-01,-5.361110823306121098e-01,-3.720503659641815064e-01,-5.568701137726489447e-01,-3.205648041912827484e-01,-6.383986491652917650e-01,-1.844284939030522152e-01,-8.106625270127980620e-01,1.723631891980333397e-01
1.757833949476427793e-01,-8.118216918967242623e-01,-1.796771597734919679e-01,-6.393324749615588720e-01,-3.175872204596452697e-01,-5.578458859413488735e-01,-3.686486862601763836e-01,-5.357272887306732123e-01,-3.686486862601672798e-01,-5.578458859413522042e-01,-3.175872204596514869e-01,-6.393324749615605374e-01,-1.796771597734951320e-01,-8.118216918967195994e-01,1.757833949476302060e-01
1.785667869990404943e-01,-8.132365995106551892e-01,-1.743400013819462191e-01,-6.404136020299222576e-01,-3.140390340671803671e-01,-5.592829920692117263e-01,-3.648876911238254084e-01,-5.351438134084018916e-01,-3.648876911238189136e-01,-5.592829920692139467e-01,-3.140390340671833647e-01,-6.404136020299213694e-01,-1.743400013819530192e-01,-8.132365995106480838e-01,1.785667869990272272e-01
1.817410965880409957e-01,-8.147531190891206254e-01,-1.692683599309555142e-01,-6.420679448714396997e-01,-3.097020372841023939e-01,-5.608714337877569456e-01,-3.611224043422292529e-01,-5.352533529515954847e-01,-3.611224043422284202e-01,-5.608714337877573897e-01,-3.097020372841006175e-01,-6.420679448714354809e-01,-1.692683599309656450e-01,-8.147531190891121877e-01,1.817410965880323914e-01
1.862466877488200001e-01,-8.162342148843068079e-01,-1.648008845890243934e-01,-6.444598339165149570e-01,-3.044990975863433036e-01,-5.623415962780096145e-01,-3.574179247020537464e-01,-5.365750607976429443e-01,-3.574179247020584094e-01,-5.623415962780095034e-01,-3.044990975863410831e-01,-6.444598339165086287e-01,-1.648008845890367446e-01,-8.162342148843002576e-01,1.862466877488166972e-01
1.922305835710051425e-01,-8.176805217422555838e-01,-1.603417066363765908e-01,-6.472308010892908747e-01,-2.985560792610295611e-01,-5.636475649820302802e-01,-3.534157526829014850e-01,-5.388601400117707385e-01,-3.534157526829083684e-01,-5.636475649820298361e-01,-2.985560792610315040e-01,-6.472308010892838803e-01,-1.603417066363887200e-01,-8.176805217422526972e-01,1.922305835710050315e-01
1.989640557572945612e-01,-8.192396357850588728e-01,-1.547904567743912940e-01,-6.497309885944072549e-01,-2.921905914174406371e-01,-5.649942826145801789e-01,-3.485498773930941763e-01,-5.413140241571856581e-01,-3.485498773930993943e-01,-5.649942826145781805e-01,-2.921905914174490748e-01,-6.497309885944004826e-01,-1.547904567743992321e-01,-8.192396357850593169e-01,1.989640557572962265e-01
2.054483556257124255e-01,-8.210816767486961432e-01,-1.474628971003425215e-01,-6.515625349183800097e-01,-2.857589176166427380e-01,-5.666649698487327136e-01,-3.424527801894386991e-01,-5.432391128066217378e-01,-3.424527801894405865e-01,-5.666649698487278286e-01,-2.857589176166562828e-01,-6.515625349183755688e-01,-1.474628971003426881e-01,-8.210816767486983636e-01,2.054483556257165611e-01
2.112197161111909749e-01,-8.232436996193336354e-01,-1.387078755668575691e-01,-6.529419785120633701e-01,-2.794291267107905652e-01,-5.688049935857802941e-01,-3.352642467561486317e-01,-5.445890478659535239e-01,-3.352642467561481876e-01,-5.688049935857727446e-01,-2.794291267108051091e-01,-6.529419785120631481e-01,-1.387078755668507968e-01,-8.232436996193368550e-01,2.112197161111977750e-01
2.167083448781521871e-01,-8.255535908216109497e-01,-1.296886818721821877e-01,-6.545674702035511050e-01,-2.730598880658862693e-01,-5.713634712840425234e-01,-3.276193815704282475e-01,-5.460204108794427524e-01,-3.276193815704286361e-01,-5.713634712840348628e-01,-2.730598880658973160e-01,-6.545674702035551018e-01,-1.296886818721732504e-01,-8.255535908216151686e-01,2.167083448781605415e-01
2.228517514334811267e-01,-8.277573948001639703e-01,-1.215263650031173648e-01,-6.571051038533387567e-01,-2.662708517751490311e-01,-5.742055618600445666e-01,-3.202556117677368697e-01,-5.483759017906630895e-01,-3.202556117677397562e-01,-5.742055618600397926e-01,-2.662708517751528059e-01,-6.571051038533464173e-01,-1.215263650031102871e-01,-8.277573948001687443e-01,2.228517514334902028e-01
2.303064225374336915e-01,-8.297960507332189373e-01,-1.144657987588490328e-01,-6.607181842080360745e-01,-2.586437233337942621e-01,-5.772205596860985333e-01,-3.134122714099002449e-01,-5.519270487075303988e-01,-3.134122714099047968e-01,-5.772205596860986443e-01,-2.586437233337886554e-01,-6.607181842080452894e-01,-1.144657987588443976e-01,-8.297960507332233782e-01,2.303064225374420460e-01
2.389939720678585233e-01,-8.319002086067341928e-01,-1.075775466596265162e-01,-6.649820436055267070e-01,-2.499055406513678856e-01,-5.803032665042140437e-01,-3.064568569552306165e-01,-5.559792949291212372e-01,-3.064568569552342248e-01,-5.803032665042195948e-01,-2.499055406513543409e-01,-6.649820436055356998e-01,-1.075775466596225194e-01,-8.319002086067375235e-01,2.389939720678639912e-01
2.483681447606491399e-01,-8.343567195027995487e-01,-9.915031290207994286e-02,-6.691507072219464725e-01,-2.399373406333170089e-01,-5.832873513232283980e-01,-2.981508807703182051e-01,-5.592734017093584642e-01,-2.981508807703173169e-01,-5.832873513232390561e-01,-2.399373406333009662e-01,-6.691507072219531338e-01,-9.915031290207446113e-02,-8.343567195028012140e-01,2.483681447606502779e-01
2.580525144551520378e-01,-8.372381878096519792e-01,-8.765662209494495816e-02,-6.725999975281952148e-01,-2.286711238717272499e-01,-5.860067661725958388e-01,-2.875158119628193898e-01,-5.609955649787352616e-01,-2.875158119628125064e-01,-5.860067661726102717e-01,-2.286711238717147321e-01,-6.725999975281996557e-01,-8.765662209493850499e-02,-8.372381878096522012e-01,2.580525144551499839e-01
2.682052438182800369e-01,-8.404009500437268354e-01,-7.283033848743736272e-02,-6.753254619909598855e-01,-2.161294807308011545e-01,-5.885323963124370339e-01,-2.746906017641547182e-01,-5.616155281246603126e-01,-2.746906017641429498e-01,-5.885323963124529101e-01,-2.161294807307957422e-01,-6.753254619909641043e-01,-7.283033848743319938e-02,-8.404009500437263913e-01,2.682052438182772613e-01
2.793429989636559974e-01,-8.437216034244134910e-01,-5.604841260537747616e-02,-6.781617932453238851e-01,-2.025699339649640607e-01,-5.913514157393022774e-01,-2.609813385043955325e-01,-5.627688665383998590e-01,-2.609813385043825984e-01,-5.913514157393151560e-01,-2.025699339649647546e-01,-6.781617932453287700e-01,-5.604841260537734432e-02,-8.437216034244128249e-01,2.793429989636547206e-01
2.919172685367003584e-01,-8.472955081455507687e-01,-3.941569123332645114e-02,-6.823307632654027621e-01,-1.883385934771165671e-01,-5.951603728076775290e-01,-2.478094406134114247e-01,-5.661341087816962325e-01,-2.478094406134018490e-01,-5.951603728076830802e-01,-1.883385934771196202e-01,-6.823307632654072030e-01,-3.941569123332908098e-02,-8.472955081455496584e-01,2.919172685367015796e-01
3.061118315773367904e-01,-8.513661052564281961e-01,-2.395550562401221883e-02,-6.885127657459305661e-01,-1.733140190975135109e-01,-6.003038430206321108e-01,-2.352104600132645662e-01,-5.721078772742353991e-01,-2.352104600132622902e-01,-6.003038430206297793e-01,-1.733140190975163974e-01,-6.885127657459328976e-01,-2.395550562401428316e-02,-8.513661052564267528e-01,3.061118315773400100e-01
3.219899043086034696e-01,-8.560705390906739876e-01,-8.333221994847279240e-03,-6.962480013955864022e-01,-1.564727384304533397e-01,-6.064122678689471968e-01,-2.211850514142870427e-01,-5.793812878469432048e-01,-2.211850514142946755e-01,-6.064122678689389812e-01,-1.564727384304568092e-01,-6.962480013955856251e-01,-8.333221994847263628e-03,-8.560705390906735435e-01,3.219899043086070778e-01
3.397101338197705545e-01,-8.613279320623594693e-01,1.058421541581506392e-02,-7.043310699417555387e-01,-1.362531454423248911e-01,-6.127957319325849639e-01,-2.028153615928852405e-01,-5.860274533205606096e-01,-2.028153615929011444e-01,-6.127957319325738617e-01,-1.362531454423325239e-01,-7.043310699417524301e-01,1.058421541581468749e-02,-8.613279320623610236e-01,3.397101338197729969e-01
3.595504349941053834e-01,-8.670230597729309263e-01,3.553681676697604402e-02,-7.119800993765781350e-01,-1.115860601507079608e-01,-6.193525836262907536e-01,-1.784383839955250295e-01,-5.913622468702488533e-01,-1.784383839955435702e-01,-6.193525836262789852e-01,-1.115860601507224770e-01,-7.119800993765736941e-01,3.553681676697281050e-02,-8.670230597729337019e-01,3.595504349941074373e-01
3.818330589190253033e-01,-8.732507460478695638e-01,6.691873780872781285e-02,-7.197032344176130803e-01,-8.246652134401295797e-02,-6.269651069255837150e-01,-1.487297850483794426e-01,-5.967705482831474617e-01,-1.487297850483935147e-01,-6.269651069255710585e-01,-8.246652134403310852e-02,-7.197032344176068630e-01,6.691873780872056865e-02,-8.732507460478716732e-01,3.818330589190286339e-01
4.069940843274472142e-01,-8.802950570456670176e-01,1.029857356779367850e-01,-7.289622756529090530e-01,-4.918609313178325115e-02,-6.367829471838476474e-01,-1.153456733100408083e-01,-6.045632606667835640e-01,-1.153456733100463039e-01,-6.367829471838347688e-01,-4.918609313180508785e-02,-7.289622756529001713e-01,1.029857356779258215e-01,-8.802950570456670176e-01,4.069940843274507114e-01
4.357600713522666869e-01,-8.883523926358730671e-01,1.421939471901181862e-01,-7.409356567205488409e-01,-1.086459133412914779e-02,-6.491455222074528075e-01,-7.831967066023581836e-02,-6.160190548309355529e-01,-7.831967066023408364e-02,-6.491455222074420384e-01,-1.086459133414961059e-02,-7.409356567205376276e-01,1.421939471901040863e-01,-8.883523926358702916e-01,4.357600713522680747e-01
4.691044462787741232e-01,-8.973429854216304902e-01,1.855099539920082030e-01,-7.556341669638091396e-01,3.505503261030926826e-02,-6.634409112652824847e-01,-3.485085952535293963e-02,-6.306151455535941031e-01,-3.485085952534951875e-02,-6.634409112652759344e-01,3.505503261029183776e-02,-7.556341669637979264e-01,1.855099539919912166e-01,-8.973429854216252721e-01,4.691044462787711811e-01
5.078653159813297790e-01,-9.070637643350359935e-01,2.364748948202536061e-01,-7.722475775421411281e-01,9.158075810017266005e-02,-6.791142141389434617e-01,1.928953603194299982e-02,-6.470879321339153556e-01,1.928953603194391575e-02,-6.791142141389403530e-01,9.158075810016007290e-02,-7.722475775421306921e-01,2.364748948202341494e-01,-9.070637643350298873e-01,5.078653159813218965e-01
5.524688928992089743e-01,-9.175042875065287928e-01,2.990169281815093782e-01,-7.902134743850300902e-01,1.604947439515145013e-01,-6.965756054791700791e-01,8.730506774099083822e-02,-6.649268469313882601e-01,8.730506774098786837e-02,-6.965756054791683027e-01,1.604947439515078678e-01,-7.902134743850216525e-01,2.990169281814893942e-01,-9.175042875065235748e-01,5.524688928991978720e-01
6.033380236581123990e-01,-9.288599826375694146e-01,3.752201040223873685e-01,-8.096472852457337055e-01,2.422833827730431211e-01,-7.167473567732556283e-01,1.704710759092828987e-01,-6.845780635375886547e-01,1.704710759092775418e-01,-7.167473567732536299e-01,2.422833827730419554e-01,-8.096472852457271552e-01,3.752201040223717698e-01,-9.288599826375653068e-01,6.033380236581027400e-01
6.617148692521648279e-01,-9.410643116470135405e-01,4.650050696744999490e-01,-8.305624180750537100e-01,3.378228935347088457e-01,-7.395294353121972808e-01,2.693627388060161887e-01,-7.061893621552230993e-01,2.693627388060114147e-01,-7.395294353121948383e-01,3.378228935347099560e-01,-8.305624180750483809e-01,4.650050696744925105e-01,-9.410643116470107650e-01,6.617148692521618303e-01
7.294054370988614089e-01,-9.532732241757166936e-01,5.670489009616754839e-01,-8.516840895858689420e-01,4.489446328176430745e-01,-7.626231790504502950e-01,3.846451651308315789e-01,-7.280669008036039225e-01,3.846451651308290254e-01,-7.626231790504479635e-01,4.489446328176415202e-01,-8.516840895858641680e-01,5.670489009616748177e-01,-9.532732241757142511e-01,7.294054370988631852e-01
8.058790306110935608e-01,-9.637502786076559413e-01,6.776880686269770582e-01,-8.697394114207823712e-01,5.735420535575753709e-01,-7.814182297747173100e-01,5.129511067552455783e-01,-7.458608488988994756e-01,5.129511067552441350e-01,-7.814182297747152006e-01,5.735420535575695977e-01,-8.697394114207791516e-01,6.776880686269768361e-01,-9.637502786076543870e-01,8.058790306110933388e-01
8.829380604958958489e-01,-9.701585337761973182e-01,7.834468077267043862e-01,-8.794880446712105559e-01,6.914624775326247974e-01,-7.895761177293501021e-01,6.330897815868651302e-01,-7.528244881251778819e-01,6.330897815868624656e-01,-7.895761177293482147e-01,6.914624775326209116e-01,-8.794880446712088906e-01,7.834468077267020547e-01,-9.701585337761956529e-01,8.829380604958905199e-01
