-1.000000000000000000e+00,-1.000000000000000000e+00,-1.000000000000000000e+00,-1.000000000000000000e+00,-1.000000000000000000e+00,-1.000000000000000000e+00,-1.000000000000000000e+00,-1.000000000000000000e+00,-1.000000000000000000e+00,-1.000000000000000000e+00,-1.000000000000000000e+00,-1.000000000000000000e+00,-1.000000000000000000e+00,-1.000000000000000000e+00,-1.000000000000000000e+00
-9.999565215736060386e-01,-9.999565218838628589e-01,-9.999565218885640983e-01,-9.999565218889618912e-01,-9.999565218890322793e-01,-9.999565218890505980e-01,-9.999565218890561491e-01,-9.999565218890574814e-01,-9.999565218890561491e-01,-9.999565218890504870e-01,-9.999565218890322793e-01,-9.999565218889620022e-01,-9.999565218885640983e-01,-9.999565218838627478e-01,-9.999565215736059276e-01
-9.994041685605897785e-01,-9.994042336594127773e-01,-9.994042357075808569e-01,-9.994042358841995766e-01,-9.994042359155355104e-01,-9.994042359236400275e-01,-9.994042359261553488e-01,-9.994042359267580888e-01,-9.994042359261553488e-01,-9.994042359236400275e-01,-9.994042359155355104e-01,-9.994042358841994655e-01,-9.994042357075807459e-01,-9.994042336594127773e-01,-9.994041685605898895e-01
-9.976169738359557115e-01,-9.976183241941094515e-01,-9.976183985367491625e-01,-9.976184050745551257e-01,-9.976184062377773110e-01,-9.976184065389228639e-01,-9.976184066324231825e-01,-9.976184066548327012e-01,-9.976184066324232935e-01,-9.976184065389226419e-01,-9.976184062377773110e-01,-9.976184050745552367e-01,-9.976183985367491625e-01,-9.976183241941095625e-01,-9.976169738359557115e-01
-9.946116625525588395e-01,-9.946217502085104023e-01,-9.946225226773217631e-01,-9.946225920986840885e-01,-9.946226045015811312e-01,-9.946226077202382498e-01,-9.946226087207036270e-01,-9.946226089605990639e-01,-9.946226087207035160e-01,-9.946226077202382498e-01,-9.946226045015810202e-01,-9.946225920986840885e-01,-9.946225226773217631e-01,-9.946217502085102913e-01,-9.946116625525586175e-01
-9.915323219926567289e-01,-9.915729985684728076e-01,-9.915766767048592722e-01,-9.915770128494815205e-01,-9.915770732258438747e-01,-9.915770889713140246e-01,-9.915770938779171484e-01,-9.915770950557010188e-01,-9.915770938779172594e-01,-9.915770889713140246e-01,-9.915770732258437636e-01,-9.915770128494815205e-01,-9.915766767048592722e-01,-9.915729985684726966e-01,-9.915323219926566178e-01
-9.897653696577298765e-01,-9.898703637292173285e-01,-9.898803194222065560e-01,-9.898812304116567651e-01,-9.898813952404289518e-01,-9.898814386250488484e-01,-9.898814522114313119e-01,-9.898814554795974940e-01,-9.898814522114313119e-01,-9.898814386250488484e-01,-9.898813952404287297e-01,-9.898812304116570981e-01,-9.898803194222065560e-01,-9.898703637292173285e-01,-9.897653696577299876e-01
-9.894510032958385715e-01,-9.896385634420786781e-01,-9.896554898711305004e-01,-9.896569911286793308e-01,-9.896572665522969103e-01,-9.896573403398345459e-01,-9.896573636614134362e-01,-9.896573692933667843e-01,-9.896573636614135472e-01,-9.896573403398344349e-01,-9.896572665522963552e-01,-9.896569911286793308e-01,-9.896554898711302783e-01,-9.896385634420785671e-01,-9.894510032958384604e-01
-9.888656198554907073e-01,-9.891071771604339480e-01,-9.891255277471469043e-01,-9.891269973890511880e-01,-9.891272780182135405e-01,-9.891273562344908843e-01,-9.891273814236594131e-01,-9.891273875539100535e-01,-9.891273814236594131e-01,-9.891273562344907733e-01,-9.891272780182133184e-01,-9.891269973890514100e-01,-9.891255277471466822e-01,-9.891071771604338370e-01,-9.888656198554905963e-01
-9.855934817756861754e-01,-9.858402073279768363e-01,-9.858521195976159834e-01,-9.858528036946537787e-01,-9.858529612097247652e-01,-9.858530103811310452e-01,-9.858530269212949504e-01,-9.858530310157742615e-01,-9.858530269212950614e-01,-9.858530103811313783e-01,-9.858529612097247652e-01,-9.858528036946538897e-01,-9.858521195976160945e-01,-9.858402073279770583e-01,-9.855934817756859534e-01
-9.787761229220770520e-01,-9.790756828888750318e-01,-9.790842917849558180e-01,-9.790846803032886569e-01,-9.790848051616425352e-01,-9.790848456718951320e-01,-9.790848592903755865e-01,-9.790848626603968485e-01,-9.790848592903755865e-01,-9.790848456718949100e-01,-9.790848051616423131e-01,-9.790846803032886569e-01,-9.790842917849558180e-01,-9.790756828888749208e-01,-9.787761229220770520e-01
-9.704282752097643794e-01,-9.710381865511181765e-01,-9.710692551373005799e-01,-9.710718885404999723e-01,-9.710724422186610694e-01,-9.710725922780965025e-01,-9.710726394836062259e-01,-9.710726508649137889e-01,-9.710726394836062259e-01,-9.710725922780962804e-01,-9.710724422186607363e-01,-9.710718885405003054e-01,-9.710692551373003578e-01,-9.710381865511182875e-01,-9.704282752097644904e-01
-9.642210785035087994e-01,-9.655248934243275682e-01,-9.656128294172026116e-01,-9.656202246888765384e-01,-9.656217056640694629e-01,-9.656221095518479069e-01,-9.656222378385537208e-01,-9.656222689030752315e-01,-9.656222378385538319e-01,-9.656221095518480180e-01,-9.656217056640687968e-01,-9.656202246888766494e-01,-9.656128294172021675e-01,-9.655248934243272352e-01,-9.642210785035085774e-01
-9.622923723871925628e-01,-9.644486524630615509e-01,-9.645906541626991793e-01,-9.646006291459814364e-01,-9.646027792922241550e-01,-9.646034095776667705e-01,-9.646036167854041832e-01,-9.646036676765811224e-01,-9.646036167854042942e-01,-9.646034095776669925e-01,-9.646027792922228228e-01,-9.646006291459816584e-01,-9.645906541626985131e-01,-9.644486524630612179e-01,-9.622923723871923407e-01
-9.628186214806244703e-01,-9.654255085718417284e-01,-9.655520438916056492e-01,-9.655566324565022507e-01,-9.655582303004809352e-01,-9.655587990266959464e-01,-9.655589985527814889e-01,-9.655590487914549325e-01,-9.655589985527817110e-01,-9.655587990266962795e-01,-9.655582303004798250e-01,-9.655566324565026948e-01,-9.655520438916050940e-01,-9.654255085718416174e-01,-9.628186214806242482e-01
-9.610095033281366161e-01,-9.632904098499519563e-01,-9.633161886295364962e-01,-9.633100575539069732e-01,-9.633102541984260858e-01,-9.633104874196651846e-01,-9.633105820242302553e-01,-9.633106070778255647e-01,-9.633105820242302553e-01,-9.633104874196654066e-01,-9.633102541984255307e-01,-9.633100575539070842e-01,-9.633161886295363852e-01,-9.632904098499518453e-01,-9.610095033281363941e-01
-9.533260080803632741e-01,-9.549860457234570221e-01,-9.549253913293584972e-01,-9.549176457111360206e-01,-9.549177439396473455e-01,-9.549178233102955105e-01,-9.549178453860582838e-01,-9.549178507635321944e-01,-9.549178453860582838e-01,-9.549178233102957325e-01,-9.549177439396474565e-01,-9.549176457111362426e-01,-9.549253913293584972e-01,-9.549860457234571331e-01,-9.533260080803630521e-01
-9.413165752467730352e-01,-9.433621373358682671e-01,-9.433799062612010511e-01,-9.433914252782723553e-01,-9.433943401214973656e-01,-9.433949083060294560e-01,-9.433950534395405541e-01,-9.433950859723203575e-01,-9.433950534395405541e-01,-9.433949083060294560e-01,-9.433943401214973656e-01,-9.433914252782723553e-01,-9.433799062612008290e-01,-9.433621373358680451e-01,-9.413165752467730352e-01
-9.309596984349693960e-01,-9.353133847277209645e-01,-9.355762931157995954e-01,-9.356128155853096207e-01,-9.356190922432080503e-01,-9.356204971760783140e-01,-9.356209274185086633e-01,-9.356210313518245059e-01,-9.356209274185089964e-01,-9.356204971760782030e-01,-9.356190922432070511e-01,-9.356128155853099537e-01,-9.355762931157991513e-01,-9.353133847277208535e-01,-9.309596984349692850e-01
-9.272106378393037973e-01,-9.348659572359777625e-01,-9.352688213108024673e-01,-9.352955641021836186e-01,-9.353003797721932688e-01,-9.353019308340714266e-01,-9.353025119812423682e-01,-9.353026618075193088e-01,-9.353025119812427013e-01,-9.353019308340714266e-01,-9.353003797721912704e-01,-9.352955641021840627e-01,-9.352688213108018012e-01,-9.348659572359774295e-01,-9.272106378393034642e-01
-9.286368122276389414e-01,-9.379841361901051222e-01,-9.381052698586193062e-01,-9.380736098465329853e-01,-9.380719463825004656e-01,-9.380726064561670796e-01,-9.380729851350038118e-01,-9.380730911015353612e-01,-9.380729851350040338e-01,-9.380726064561674127e-01,-9.380719463824985782e-01,-9.380736098465337625e-01,-9.381052698586185290e-01,-9.379841361901046781e-01,-9.286368122276383863e-01
-9.280565655179345841e-01,-9.357603702537127255e-01,-9.352991721623129528e-01,-9.352241954213175168e-01,-9.352210801879663471e-01,-9.352212020214192290e-01,-9.352212701260156358e-01,-9.352212870915939114e-01,-9.352212701260156358e-01,-9.352212020214195620e-01,-9.352210801879654589e-01,-9.352241954213182940e-01,-9.352991721623125088e-01,-9.357603702537128365e-01,-9.280565655179342510e-01
-9.196226158437368348e-01,-9.242413469436396856e-01,-9.235706149297199241e-01,-9.235604325275151849e-01,-9.235695585678631581e-01,-9.235708717455758388e-01,-9.235710033863311352e-01,-9.235710146871035642e-01,-9.235710033863311352e-01,-9.235708717455757277e-01,-9.235695585678631581e-01,-9.235604325275152959e-01,-9.235706149297200351e-01,-9.242413469436394635e-01,-9.196226158437367237e-01
-9.054866466047999385e-01,-9.102839374851214860e-01,-9.102914321105417539e-01,-9.104307741813948418e-01,-9.104536523312528606e-01,-9.104563679746439098e-01,-9.104569458871871745e-01,-9.104570799697937478e-01,-9.104569458871871745e-01,-9.104563679746434657e-01,-9.104536523312529717e-01,-9.104307741813945087e-01,-9.102914321105417539e-01,-9.102839374851212639e-01,-9.054866466048000495e-01
-8.942370980539393610e-01,-9.049196845269116274e-01,-9.058978881156668495e-01,-9.060726295789108820e-01,-9.060831037589111014e-01,-9.060842309432135533e-01,-9.060850333312169269e-01,-9.060852831326727808e-01,-9.060850333312172600e-01,-9.060842309432131092e-01,-9.060831037589098802e-01,-9.060726295789107709e-01,-9.058978881156661833e-01,-9.049196845269110723e-01,-8.942370980539391390e-01
-8.916216595304260473e-01,-9.098357145706015281e-01,-9.105979066743181694e-01,-9.105424219735108737e-01,-9.105160096463669195e-01,-9.105140675264855599e-01,-9.105146313597027863e-01,-9.105148384006327422e-01,-9.105146313597031194e-01,-9.105140675264857819e-01,-9.105160096463643660e-01,-9.105424219735119840e-01,-9.105979066743173922e-01,-9.098357145706010840e-01,-8.916216595304256032e-01
-8.936372267408035919e-01,-9.134691985263428959e-01,-9.123258048690648936e-01,-9.120002325457233772e-01,-9.119704436832823946e-01,-9.119712443300574956e-01,-9.119717578915027545e-01,-9.119718223915188604e-01,-9.119717578915029765e-01,-9.119712443300581617e-01,-9.119704436832798411e-01,-9.120002325457247094e-01,-9.123258048690641164e-01,-9.134691985263425629e-01,-8.936372267408030368e-01
-8.907885272395814624e-01,-9.043758926100179396e-01,-9.015511340001245433e-01,-9.014006134582137619e-01,-9.014430228823018254e-01,-9.014523098654795286e-01,-9.014530706769492419e-01,-9.014530703433193404e-01,-9.014530706769489088e-01,-9.014523098654800837e-01,-9.014430228823007152e-01,-9.014006134582147611e-01,-9.015511340001240992e-01,-9.043758926100180506e-01,-8.907885272395812404e-01
-8.794096350309035248e-01,-8.871294023670934781e-01,-8.854430171059303190e-01,-8.859415624467634753e-01,-8.860482541779661769e-01,-8.860556837832440635e-01,-8.860557832858374505e-01,-8.860558512914551432e-01,-8.860557832858372285e-01,-8.860556837832442856e-01,-8.860482541779663990e-01,-8.859415624467634753e-01,-8.854430171059302079e-01,-8.871294023670935891e-01,-8.794096350309034138e-01
-8.662339505510464610e-01,-8.784736017635983440e-01,-8.801077524632293647e-01,-8.808938978916049933e-01,-8.809095115677988419e-01,-8.808960716613796205e-01,-8.808949743542169308e-01,-8.808952298899490607e-01,-8.808949743542170419e-01,-8.808960716613790654e-01,-8.809095115677985088e-01,-8.808938978916046603e-01,-8.801077524632288096e-01,-8.784736017635979000e-01,-8.662339505510461279e-01
-8.597661130542875174e-01,-8.850333960712398751e-01,-8.876311659048914393e-01,-8.875882259701414201e-01,-8.874102197954458759e-01,-8.873879764279295479e-01,-8.873889076097202233e-01,-8.873894591851888558e-01,-8.873889076097208894e-01,-8.873879764279294369e-01,-8.874102197954435445e-01,-8.875882259701419752e-01,-8.876311659048907732e-01,-8.850333960712392090e-01,-8.597661130542874064e-01
-8.593695234915901260e-01,-8.921108888892265165e-01,-8.904402860008996390e-01,-8.892869891310353214e-01,-8.891415062146980075e-01,-8.891605762952907721e-01,-8.891665476041593630e-01,-8.891670370083405439e-01,-8.891665476041599181e-01,-8.891605762952914382e-01,-8.891415062146950099e-01,-8.892869891310372088e-01,-8.904402860008990839e-01,-8.921108888892261835e-01,-8.593695234915899039e-01
-8.569235732056736943e-01,-8.828789944574166881e-01,-8.761018662848421013e-01,-8.755002277001844302e-01,-8.757443957218085107e-01,-8.758077105216668379e-01,-8.758107023056604934e-01,-8.758100893906262119e-01,-8.758107023056602713e-01,-8.758077105216679481e-01,-8.757443957218067343e-01,-8.755002277001863176e-01,-8.761018662848415461e-01,-8.828789944574167992e-01,-8.569235732056733612e-01
-8.485499070620871054e-01,-8.638060319590712410e-01,-8.586075064193519069e-01,-8.602651784692874060e-01,-8.607165486472899696e-01,-8.607173070201216136e-01,-8.607051192692081187e-01,-8.607036976845714449e-01,-8.607051192692076746e-01,-8.607173070201222798e-01,-8.607165486472896365e-01,-8.602651784692876280e-01,-8.586075064193512407e-01,-8.638060319590715741e-01,-8.485499070620867723e-01
-8.390962812272907412e-01,-8.570186409974125397e-01,-8.593220245637902543e-01,-8.617858569889702558e-01,-8.616666300721307348e-01,-8.615378586396629235e-01,-8.615246179907469770e-01,-8.615258077951182258e-01,-8.615246179907466439e-01,-8.615378586396624794e-01,-8.616666300721300686e-01,-8.617858569889698117e-01,-8.593220245637895882e-01,-8.570186409974124286e-01,-8.390962812272902971e-01
-8.332637008588110739e-01,-8.667219324980999229e-01,-8.715828109363671361e-01,-8.711867453077819512e-01,-8.703389728734691744e-01,-8.702653819664964985e-01,-8.702877928865881962e-01,-8.702927784038724246e-01,-8.702877928865889734e-01,-8.702653819664960544e-01,-8.703389728734673980e-01,-8.711867453077821732e-01,-8.715828109363665810e-01,-8.667219324980992567e-01,-8.332637008588109628e-01
-8.286329701215848775e-01,-8.713542350357692534e-01,-8.678100098314364130e-01,-8.644541557089671091e-01,-8.641721696336683856e-01,-8.643901371046860405e-01,-8.644314773223372717e-01,-8.644314119663467633e-01,-8.644314773223381598e-01,-8.643901371046865956e-01,-8.641721696336659431e-01,-8.644541557089688855e-01,-8.678100098314363020e-01,-8.713542350357688093e-01,-8.286329701215846555e-01
-8.220213889706554644e-01,-8.576651048046890491e-01,-8.453864805424895490e-01,-8.445549043908229248e-01,-8.458537430635792997e-01,-8.461115582754107356e-01,-8.460788036850103166e-01,-8.460665570143260927e-01,-8.460788036850099836e-01,-8.461115582754119568e-01,-8.458537430635771903e-01,-8.445549043908250342e-01,-8.453864805424889939e-01,-8.576651048046892711e-01,-8.220213889706551313e-01
-8.162770646387957907e-01,-8.427793871976277940e-01,-8.350953711538599000e-01,-8.400150833975144060e-01,-8.412236667117957145e-01,-8.409395864420410316e-01,-8.408321474769205883e-01,-8.408274406218599895e-01,-8.408321474769194781e-01,-8.409395864420416977e-01,-8.412236667117942712e-01,-8.400150833975148501e-01,-8.350953711538585678e-01,-8.427793871976279050e-01,-8.162770646387954576e-01
-8.135299221339020725e-01,-8.448900307841196167e-01,-8.489937299632168699e-01,-8.534885687090000284e-01,-8.520886605274937686e-01,-8.514856791813562031e-01,-8.515063283121671045e-01,-8.515339450846881597e-01,-8.515063283121671045e-01,-8.514856791813558701e-01,-8.520886605274924364e-01,-8.534885687089996953e-01,-8.489937299632157597e-01,-8.448900307841193946e-01,-8.135299221339016285e-01
-8.083441992491088302e-01,-8.518446584236136765e-01,-8.557046091110163122e-01,-8.522672546045484410e-01,-8.498109380345114650e-01,-8.500745814424501834e-01,-8.502975933637052508e-01,-8.503178322862426919e-01,-8.502975933637065831e-01,-8.500745814424497393e-01,-8.498109380345102437e-01,-8.522672546045493291e-01,-8.557046091110160901e-01,-8.518446584236134544e-01,-8.083441992491086081e-01
-7.638122422456246063e-01,-8.179692351120773086e-01,-8.079024576218619691e-01,-8.009994471809451788e-01,-8.020619894756116919e-01,-8.033400724708238405e-01,-8.033769290574115374e-01,-8.033153130927328522e-01,-8.033769290574128696e-01,-8.033400724708233964e-01,-8.020619894756095825e-01,-8.009994471809454009e-01,-8.079024576218620801e-01,-8.179692351120779747e-01,-7.638122422456254945e-01
-6.460964988678845611e-01,-7.326694988435124012e-01,-7.095966645308315890e-01,-7.103435232687278500e-01,-7.155171398313024955e-01,-7.160061375534517714e-01,-7.154883973410924858e-01,-7.153896158080750300e-01,-7.154883973410923748e-01,-7.160061375534509942e-01,-7.155171398313006081e-01,-7.103435232687258516e-01,-7.095966645308307008e-01,-7.326694988435140665e-01,-6.460964988678861154e-01
-4.928449576998931159e-01,-6.651110697069039235e-01,-6.308311927291714305e-01,-6.439528526484075144e-01,-6.480138978729725885e-01,-6.460310127264291546e-01,-6.453512616816549086e-01,-6.454118785930922364e-01,-6.453512616816532432e-01,-6.460310127264290436e-01,-6.480138978729725885e-01,-6.439528526484050719e-01,-6.308311927291700982e-01,-6.651110697069053668e-01,-4.928449576998934489e-01
-3.740129440224607693e-01,-6.778865501126760673e-01,-6.181269510619746832e-01,-6.405694314104568576e-01,-6.372759050951294357e-01,-6.338073364107359442e-01,-6.340074785501478294e-01,-6.343380089264106791e-01,-6.340074785501459420e-01,-6.338073364107368324e-01,-6.372759050951303239e-01,-6.405694314104549703e-01,-6.181269510619740171e-01,-6.778865501126760673e-01,-3.740129440224594370e-01
-3.120134594571850606e-01,-7.466312567407116241e-01,-6.333874032850014268e-01,-6.642538168681124677e-01,-6.516206225552353404e-01,-6.503965507717663908e-01,-6.520031485576951447e-01,-6.523341155324270391e-01,-6.520031485576944785e-01,-6.503965507717682781e-01,-6.516206225552356734e-01,-6.642538168681120236e-01,-6.333874032850030922e-01,-7.466312567407106249e-01,-3.120134594571821740e-01
-2.767210970127368386e-01,-7.982853776132214918e-01,-6.076257465303485095e-01,-6.584155962304918397e-01,-6.382592018259984901e-01,-6.431932495482439727e-01,-6.450546287913768717e-01,-6.447841577603131702e-01,-6.450546287913776489e-01,-6.431932495482460821e-01,-6.382592018259974909e-01,-6.584155962304926168e-01,-6.076257465303527283e-01,-7.982853776132214918e-01,-2.767210970127328418e-01
-2.340110716334357632e-01,-7.915498315805347129e-01,-5.237725313204948385e-01,-6.168094529652319302e-01,-5.883037549006786548e-01,-6.008680334363648567e-01,-6.002227657263382588e-01,-5.990378702743555106e-01,-6.002227657263399241e-01,-6.008680334363658559e-01,-5.883037549006766564e-01,-6.168094529652330404e-01,-5.237725313204997235e-01,-7.915498315805360452e-01,-2.340110716334324326e-01
-1.833130865005291876e-01,-7.470873465767100541e-01,-4.342042383682457318e-01,-5.847295122505355991e-01,-5.391152201506091979e-01,-5.587366087809422233e-01,-5.529416081427180885e-01,-5.517372843645693692e-01,-5.529416081427200869e-01,-5.587366087809414461e-01,-5.391152201506081987e-01,-5.847295122505353770e-01,-4.342042383682480633e-01,-7.470873465767121635e-01,-1.833130865005280219e-01
-1.489276066543729904e-01,-7.115439282211460936e-01,-3.989887466813986094e-01,-5.968957141071533634e-01,-5.215553263380092730e-01,-5.493235965964361478e-01,-5.375002114904391393e-01,-5.386148496506664163e-01,-5.375002114904406936e-01,-5.493235965964341494e-01,-5.215553263380108273e-01,-5.968957141071518091e-01,-3.989887466813970551e-01,-7.115439282211470928e-01,-1.489276066543736843e-01
-1.452998267813028210e-01,-7.086423682573980143e-01,-4.231529802752979075e-01,-6.364014858518033391e-01,-5.255584331265239495e-01,-5.670719535057160421e-01,-5.492771388629620333e-01,-5.556484418954239501e-01,-5.492771388629631435e-01,-5.670719535057134886e-01,-5.255584331265275022e-01,-6.364014858518004525e-01,-4.231529802752937997e-01,-7.086423682573970151e-01,-1.452998267813035704e-01
-1.578564295580219268e-01,-7.276108552771423099e-01,-4.614560395241642521e-01,-6.575824477289254899e-01,-5.199371701073844942e-01,-5.831640820750735310e-01,-5.576080018627234125e-01,-5.718037073578140506e-01,-5.576080018627244117e-01,-5.831640820750715326e-01,-5.199371701073883800e-01,-6.575824477289224923e-01,-4.614560395241604773e-01,-7.276108552771398674e-01,-1.578564295580203170e-01
-1.557704442024163694e-01,-7.450166732611538389e-01,-4.701711810213327070e-01,-6.353594111060589800e-01,-4.932607104964830125e-01,-5.812856241502750709e-01,-5.428026316678244978e-01,-5.669160519297724576e-01,-5.428026316678256080e-01,-5.812856241502740717e-01,-4.932607104964860101e-01,-6.353594111060576477e-01,-4.701711810213327070e-01,-7.450166732611516185e-01,-1.557704442024130387e-01
-1.197767880689457887e-01,-7.479189288789673817e-01,-4.436339128813920341e-01,-5.875485618264062460e-01,-4.657750002289445246e-01,-5.697697785193027720e-01,-5.126522836385261073e-01,-5.490090308515639395e-01,-5.126522836385278836e-01,-5.697697785193024389e-01,-4.657750002289463565e-01,-5.875485618264061349e-01,-4.436339128813969745e-01,-7.479189288789678258e-01,-1.197767880689433601e-01
-5.894151930882871732e-02,-7.413294570001419670e-01,-4.064925006753187242e-01,-5.527121442743025970e-01,-4.616970342695627116e-01,-5.624233250718349009e-01,-4.867426177484497352e-01,-5.380922277445151503e-01,-4.867426177484517336e-01,-5.624233250718346788e-01,-4.616970342695633223e-01,-5.527121442743021529e-01,-4.064925006753262737e-01,-7.413294570001438544e-01,-5.894151930882682300e-02
-2.790649915721848257e-03,-7.400813865743867126e-01,-3.815384348702178796e-01,-5.524779935462691416e-01,-4.803545400543257626e-01,-5.592290679513096663e-01,-4.747151009341755157e-01,-5.424623803485785212e-01,-4.747151009341775696e-01,-5.592290679513092222e-01,-4.803545400543258737e-01,-5.524779935462669211e-01,-3.815384348702233197e-01,-7.400813865743877118e-01,-2.790649915719188925e-03
2.383338710330210053e-02,-7.521711918121694040e-01,-3.686165313480158079e-01,-5.770497166559623858e-01,-4.987415340159742083e-01,-5.500355532031114825e-01,-4.726445717348846109e-01,-5.536817291020684761e-01,-4.726445717348863873e-01,-5.500355532031109274e-01,-4.987415340159742083e-01,-5.770497166559587221e-01,-3.686165313480155303e-01,-7.521711918121687379e-01,2.383338710330543120e-02
1.999326640322755463e-02,-7.706593356806374917e-01,-3.530280296613794722e-01,-6.021400509148358005e-01,-4.953992942429218393e-01,-5.313250412021522928e-01,-4.738762091090957251e-01,-5.582699989170392119e-01,-4.738762091090964468e-01,-5.313250412021515157e-01,-4.953992942429223945e-01,-6.021400509148338021e-01,-3.530280296613743096e-01,-7.706593356806358264e-01,1.999326640323102061e-02
5.542891647768622906e-03,-7.834306051668484816e-01,-3.289833902067250126e-01,-6.150612378250328582e-01,-4.687796380575086075e-01,-5.140792138447172199e-01,-4.774461501358399640e-01,-5.492741977716233404e-01,-4.774461501358399640e-01,-5.140792138447167758e-01,-4.687796380575105504e-01,-6.150612378250341905e-01,-3.289833902067184623e-01,-7.834306051668473714e-01,5.542891647770735800e-03
2.749077459830483530e-03,-7.853034515715165975e-01,-3.059358338513169517e-01,-6.210389265585772867e-01,-4.343153767816665400e-01,-5.130632371700195593e-01,-4.852093131352135380e-01,-5.281832856397333797e-01,-4.852093131352133160e-01,-5.130632371700194483e-01,-4.343153767816690936e-01,-6.210389265585820606e-01,-3.059358338513105124e-01,-7.853034515715177077e-01,2.749077459831004815e-03
2.035046504385427252e-02,-7.791446518828673007e-01,-2.937948064267478232e-01,-6.276347618421884711e-01,-4.068963016209594663e-01,-5.302542613723000287e-01,-4.941427878052154221e-01,-5.011505098255204516e-01,-4.941427878052158662e-01,-5.302542613723000287e-01,-4.068963016209593553e-01,-6.276347618421943553e-01,-2.937948064267419390e-01,-7.791446518828708534e-01,2.035046504385578867e-02
4.996484761238678685e-02,-7.710476463451978457e-01,-2.917492102565940604e-01,-6.336096544702947142e-01,-3.912867947320582407e-01,-5.534170796582227325e-01,-4.962657034500996267e-01,-4.774767057777238866e-01,-4.962657034501006259e-01,-5.534170796582233987e-01,-3.912867947320536333e-01,-6.336096544703001543e-01,-2.917492102565897305e-01,-7.710476463452020646e-01,4.996484761239192857e-02
7.439535938227267997e-02,-7.663785538136627107e-01,-2.913917321897312451e-01,-6.336937358374706841e-01,-3.861187232724383467e-01,-5.689237388693313413e-01,-4.862943196759983433e-01,-4.687182875882247579e-01,-4.862943196759997866e-01,-5.689237388693338948e-01,-3.861187232724311857e-01,-6.336937358374752360e-01,-2.913917321897292467e-01,-7.663785538136669295e-01,7.439535938228249157e-02
8.091471630714698604e-02,-7.682952571594259261e-01,-2.859626354183363306e-01,-6.261055989055503979e-01,-3.881147392939884311e-01,-5.706197595473383455e-01,-4.657603923101533150e-01,-4.821843133566771078e-01,-4.657603923101538701e-01,-5.706197595473432305e-01,-3.881147392939822138e-01,-6.261055989055540616e-01,-2.859626354183361641e-01,-7.682952571594310331e-01,8.091471630715835195e-02
7.089507388393608001e-02,-7.766579189906860359e-01,-2.766513791318822024e-01,-6.145663797737561662e-01,-3.935688101602636824e-01,-5.601735200215824939e-01,-4.404867921840093237e-01,-5.144514749686281974e-01,-4.404867921840078249e-01,-5.601735200215883781e-01,-3.935688101602607958e-01,-6.145663797737587197e-01,-2.766513791318810922e-01,-7.766579189906912539e-01,7.089507388394472587e-02
5.926583493264536706e-02,-7.860976333005592620e-01,-2.701753219412291740e-01,-6.052049334393669877e-01,-3.999038856243454232e-01,-5.450148935765588565e-01,-4.169513548112933621e-01,-5.537879525240505529e-01,-4.169513548112896428e-01,-5.450148935765641856e-01,-3.999038856243455342e-01,-6.052049334393683200e-01,-2.701753219412249551e-01,-7.860976333005627037e-01,5.926583493265030061e-02
6.239190113398622450e-02,-7.888752592848514711e-01,-2.710702993148633722e-01,-6.014786788780159821e-01,-4.047380880914603907e-01,-5.339294739916677912e-01,-3.990626081064717612e-01,-5.860877865803901798e-01,-3.990626081064672648e-01,-5.339294739916711219e-01,-4.047380880914622781e-01,-6.014786788780172033e-01,-2.710702993148559337e-01,-7.888752592848522482e-01,6.239190113398854209e-02
8.316283281292918828e-02,-7.832682243624554674e-01,-2.778247569221887758e-01,-6.027965704899596044e-01,-4.049053991272142383e-01,-5.325080345689456873e-01,-3.874349013503909367e-01,-5.985066285000063546e-01,-3.874349013503885497e-01,-5.325080345689464645e-01,-4.049053991272160702e-01,-6.027965704899621580e-01,-2.778247569221807822e-01,-7.832682243624549123e-01,8.316283281292993768e-02
1.080833752293062222e-01,-7.757950789330905206e-01,-2.839029784531084122e-01,-6.063510258624226212e-01,-3.984108656506015755e-01,-5.424602254865096285e-01,-3.830694521824745680e-01,-5.853391497313419345e-01,-3.830694521824763443e-01,-5.424602254865076301e-01,-3.984108656506018531e-01,-6.063510258624265070e-01,-2.839029784531037492e-01,-7.757950789330901875e-01,1.080833752293058614e-01
1.199076495114009822e-01,-7.732763304084575573e-01,-2.811063809492866938e-01,-6.087027060157597091e-01,-3.852901167776643376e-01,-5.606752409242747870e-01,-3.882263818097320129e-01,-5.535367221770840507e-01,-3.882263818097376751e-01,-5.606752409242710122e-01,-3.852901167776631164e-01,-6.087027060157639280e-01,-2.811063809492856391e-01,-7.732763304084573353e-01,1.199076495114018287e-01
1.127257275064038194e-01,-7.767298476753455860e-01,-2.659665600653501327e-01,-6.091534833861356191e-01,-3.671774904641074144e-01,-5.777540015452606870e-01,-4.014754140274378047e-01,-5.185558004028697487e-01,-4.014754140274443550e-01,-5.777540015452569122e-01,-3.671774904641064152e-01,-6.091534833861388387e-01,-2.659665600653506878e-01,-7.767298476753452530e-01,1.127257275064071085e-01
9.616084239613981177e-02,-7.831374509044295440e-01,-2.438015640370334858e-01,-6.124799009302827058e-01,-3.484071011366559611e-01,-5.827518765901169573e-01,-4.168431972178569533e-01,-4.950488120967797001e-01,-4.168431972178607836e-01,-5.827518765901146258e-01,-3.484071011366573489e-01,-6.124799009302840380e-01,-2.438015640370345682e-01,-7.831374509044307652e-01,9.616084239614347551e-02
8.739067477962125796e-02,-7.887822039836384080e-01,-2.236769995747507345e-01,-6.240024555009556773e-01,-3.351877703496954908e-01,-5.713802527610968296e-01,-4.293025610165439598e-01,-4.912537621288299849e-01,-4.293025610165436268e-01,-5.713802527610971627e-01,-3.351877703497002647e-01,-6.240024555009540119e-01,-2.236769995747514561e-01,-7.887822039836409616e-01,8.739067477962390862e-02
9.799102486479280283e-02,-7.914204911453741609e-01,-2.105156268536625408e-01,-6.417128176258073413e-01,-3.314661463058233282e-01,-5.485943928959695626e-01,-4.361348068713987169e-01,-5.046820969650865907e-01,-4.361348068713951642e-01,-5.485943928959717830e-01,-3.314661463058297119e-01,-6.417128176258040106e-01,-2.105156268536631237e-01,-7.914204911453766034e-01,9.799102486479549512e-02
1.250548121804643253e-01,-7.924940227750638666e-01,-2.035315560102801402e-01,-6.562708274093383976e-01,-3.371610893451385538e-01,-5.253893470520026865e-01,-4.345147950841428686e-01,-5.222078485375589718e-01,-4.345147950841382056e-01,-5.253893470520056841e-01,-3.371610893451434388e-01,-6.562708274093353999e-01,-2.035315560102817778e-01,-7.924940227750647548e-01,1.250548121804675450e-01
1.538284536031458427e-01,-7.966199519384531413e-01,-1.998401336302029485e-01,-6.584876914398765102e-01,-3.499927229279983787e-01,-5.136021973714577360e-01,-4.236053977401320614e-01,-5.306567168199548545e-01,-4.236053977401283421e-01,-5.136021973714604005e-01,-3.499927229280006546e-01,-6.584876914398754000e-01,-1.998401336302057241e-01,-7.966199519384524752e-01,1.538284536031485905e-01
1.701774100119714528e-01,-8.061792463420704991e-01,-1.974712055762451457e-01,-6.460706077495851352e-01,-3.662493026604912161e-01,-5.193749519292795158e-01,-4.075843661751891722e-01,-5.271522994186894628e-01,-4.075843661751881730e-01,-5.193749519292809591e-01,-3.662493026604904944e-01,-6.460706077495862454e-01,-1.974712055762476715e-01,-8.061792463420685007e-01,1.701774100119721744e-01
1.713662465823422021e-01,-8.166572208454898618e-01,-1.965720033636444430e-01,-6.249999556267304968e-01,-3.793764310315752009e-01,-5.384429384967901466e-01,-3.933297291168407206e-01,-5.183947340101593415e-01,-3.933297291168423859e-01,-5.384429384967899246e-01,-3.793764310315721477e-01,-6.249999556267331613e-01,-1.965720033636453867e-01,-8.166572208454876414e-01,1.713662465823395931e-01
1.649649193482256582e-01,-8.199223721068747972e-01,-2.002404735038395556e-01,-6.060767407577634103e-01,-3.806155518223545142e-01,-5.583437594839562035e-01,-3.852356488889120412e-01,-5.134160941331492589e-01,-3.852356488889144837e-01,-5.583437594839553153e-01,-3.806155518223514056e-01,-6.060767407577669630e-01,-2.002404735038385841e-01,-8.199223721068732429e-01,1.649649193482198850e-01
1.586871226021202841e-01,-8.122625268855014902e-01,-2.125148966715150189e-01,-5.989688612992012384e-01,-3.649008260653965330e-01,-5.671660176052251146e-01,-3.825727014861829978e-01,-5.176535134346355038e-01,-3.825727014861850517e-01,-5.671660176052248925e-01,-3.649008260653959224e-01,-5.989688612992052352e-01,-2.125148966715123822e-01,-8.122625268855006020e-01,1.586871226021144832e-01
1.532565812128908189e-01,-7.978035131112268807e-01,-2.319095253014435420e-01,-6.062021657888532200e-01,-3.368752130859463678e-01,-5.617651682350434106e-01,-3.816074401338606092e-01,-5.308500269692831841e-01,-3.816074401338614974e-01,-5.617651682350441877e-01,-3.368752130859491434e-01,-6.062021657888567727e-01,-2.319095253014399061e-01,-7.978035131112262146e-01,1.532565812128891813e-01
1.452078604609909895e-01,-7.836736552102305797e-01,-2.465652638854827217e-01,-6.208940939410421134e-01,-3.092272069661867739e-01,-5.487306567411017744e-01,-3.788011905271417845e-01,-5.467366176749203222e-01,-3.788011905271406743e-01,-5.487306567411029956e-01,-3.092272069661914369e-01,-6.208940939410441118e-01,-2.465652638854792522e-01,-7.836736552102309128e-01,1.452078604609947088e-01
1.340093230834439875e-01,-7.732151728409444313e-01,-2.397801314230046388e-01,-6.317288322788106036e-01,-2.947179278663499824e-01,-5.390821002718401145e-01,-3.721902012578124364e-01,-5.556384271530996344e-01,-3.721902012578097718e-01,-5.390821002718417798e-01,-2.947179278663543123e-01,-6.317288322788109367e-01,-2.397801314230027514e-01,-7.732151728409457636e-01,1.340093230834519256e-01
1.242638040651360132e-01,-7.670014220985110764e-01,-2.063110675637613300e-01,-6.327119910462210006e-01,-2.990086082382235055e-01,-5.417093455137296232e-01,-3.625545917231546289e-01,-5.518739417902980282e-01,-3.625545917231524085e-01,-5.417093455137318436e-01,-2.990086082382259480e-01,-6.327119910462211116e-01,-2.063110675637610802e-01,-7.670014220985132969e-01,1.242638040651463383e-01
1.224941132170454805e-01,-7.688299714864921253e-01,-1.639153562286997379e-01,-6.291865700352975432e-01,-3.181976006738821416e-01,-5.583057141366051246e-01,-3.543632233888956984e-01,-5.398770606125378180e-01,-3.543632233888956429e-01,-5.583057141366072340e-01,-3.181976006738824192e-01,-6.291865700352987645e-01,-1.639153562287006261e-01,-7.688299714864959000e-01,1.224941132170556252e-01
1.349351004258036446e-01,-7.840349988545770588e-01,-1.417397474000177404e-01,-6.324512267288161516e-01,-3.394608251063241378e-01,-5.805015873730212661e-01,-3.526553063856840975e-01,-5.312444163193613678e-01,-3.526553063856863179e-01,-5.805015873730221543e-01,-3.394608251063219173e-01,-6.324512267288182610e-01,-1.417397474000180457e-01,-7.840349988545820548e-01,1.349351004258114717e-01
1.670688425046452930e-01,-8.106406993608133993e-01,-1.510946986998156771e-01,-6.456934973325356708e-01,-3.437069755991377651e-01,-5.917584036610178400e-01,-3.549623917994287337e-01,-5.326083106582960580e-01,-3.549623917994317868e-01,-5.917584036610171738e-01,-3.437069755991341569e-01,-6.456934973325381133e-01,-1.510946986998133457e-01,-8.106406993608177292e-01,1.670688425046492898e-01
2.191226611733241292e-01,-8.370727995448776770e-01,-1.696083620329109087e-01,-6.573680392935148387e-01,-3.153327598264528131e-01,-5.784923337767124973e-01,-3.495432018261778184e-01,-5.373627586564709846e-01,-3.495432018261798168e-01,-5.784923337767116092e-01,-3.153327598264509812e-01,-6.573680392935185024e-01,-1.696083620329072172e-01,-8.370727995448800085e-01,2.191226611733240182e-01
2.785974201790172300e-01,-8.516914061939770964e-01,-1.613584243869975454e-01,-6.540162116396847081e-01,-2.586626438255139604e-01,-5.452264703691600545e-01,-3.290369005196541741e-01,-5.349361914891213043e-01,-3.290369005196540630e-01,-5.452264703691598324e-01,-2.586626438255155147e-01,-6.540162116396895930e-01,-1.613584243869929935e-01,-8.516914061939764302e-01,2.785974201790152316e-01
3.211015495359682004e-01,-8.532477613846257691e-01,-1.145102085200306735e-01,-6.389890269365592346e-01,-2.044021137082617512e-01,-5.170800538941745517e-01,-3.035643386345325823e-01,-5.263113590910327710e-01,-3.035643386345312500e-01,-5.170800538941756619e-01,-2.044021137082653872e-01,-6.389890269365632314e-01,-1.145102085200257191e-01,-8.532477613846218834e-01,3.211015495359668681e-01
3.263114367803142679e-01,-8.504033567936555293e-01,-5.443087325946796562e-02,-6.325737248636386090e-01,-1.890881409044460615e-01,-5.209922828581813325e-01,-2.917230122401225367e-01,-5.228810936361457662e-01,-2.917230122401210934e-01,-5.209922828581836640e-01,-1.890881409044498085e-01,-6.325737248636403853e-01,-5.443087325946587007e-02,-8.504033567936507554e-01,3.263114367803128246e-01
2.984909493590958696e-01,-8.512857760553926845e-01,-1.692207906075386681e-02,-6.513274433125513241e-01,-2.180169365013931437e-01,-5.590724072462419647e-01,-2.966918759059790078e-01,-5.303225609462204337e-01,-2.966918759059778976e-01,-5.590724072462447403e-01,-2.180169365013965299e-01,-6.513274433125508800e-01,-1.692207906075785667e-02,-8.512857760553894648e-01,2.984909493590920393e-01
2.704210968796201264e-01,-8.543930531306158649e-01,-1.033158218418026020e-02,-6.886716541570976347e-01,-2.500459133169375958e-01,-6.019283207678970404e-01,-2.971171759167506310e-01,-5.403435079158711574e-01,-2.971171759167510196e-01,-6.019283207678995939e-01,-2.500459133169413151e-01,-6.886716541570951922e-01,-1.033158218419042915e-02,-8.543930531306147547e-01,2.704210968796155190e-01
2.804705647204173702e-01,-8.519077800371430698e-01,-7.786480296175265006e-03,-7.187410821291027041e-01,-2.298788075267259035e-01,-6.152343769982464572e-01,-2.672505079110630288e-01,-5.414998152105341411e-01,-2.672505079110643611e-01,-6.152343769982471233e-01,-2.298788075267305109e-01,-7.187410821290989293e-01,-7.786480296188849626e-03,-8.519077800371429587e-01,2.804705647204155938e-01
3.396489898715145395e-01,-8.427075915610446888e-01,2.334480327897665505e-02,-7.220773190059361912e-01,-1.418813778883340482e-01,-5.948510027706626069e-01,-2.046604589544432362e-01,-5.348141205023453360e-01,-2.046604589544452069e-01,-5.948510027706600534e-01,-1.418813778883402654e-01,-7.220773190059308622e-01,2.334480327896334972e-02,-8.427075915610445778e-01,3.396489898715169820e-01
4.221778903411415040e-01,-8.384192164337849196e-01,8.979053295506499166e-02,-7.056846996741393818e-01,-2.722375758983890115e-02,-5.708490397408005901e-01,-1.320692437316076107e-01,-5.339089343417824374e-01,-1.320692437316103307e-01,-5.708490397407952610e-01,-2.722375758984742211e-02,-7.056846996741328315e-01,8.979053295505551313e-02,-8.384192164337840314e-01,4.221778903411466111e-01
4.955301476442341424e-01,-8.512196135963328025e-01,1.760259083252860013e-01,-6.924386880186346183e-01,6.084728331355845898e-02,-5.723923583372459989e-01,-6.654793769420583316e-02,-5.473049462011466693e-01,-6.654793769420973282e-02,-5.723923583372383384e-01,6.084728331354753023e-02,-6.924386880186272908e-01,1.760259083252810886e-01,-8.512196135963315813e-01,4.955301476442375286e-01
5.640741808111311428e-01,-8.773355968176934638e-01,2.772673493388360666e-01,-6.924332443302376738e-01,1.209372528718174050e-01,-5.922247077414223293e-01,1.163530474118967817e-02,-5.629886764533758026e-01,1.163530474118476543e-02,-5.922247077414137806e-01,1.209372528718044432e-01,-6.924332443302311235e-01,2.772673493388327914e-01,-8.773355968176921316e-01,5.640741808111288114e-01
6.787376818201669160e-01,-9.003459471701887873e-01,4.177655759649484546e-01,-6.933275793195424752e-01,2.206131559471573023e-01,-5.944113471129134352e-01,1.491407458885183612e-01,-5.564931176835787863e-01,1.491407458885125881e-01,-5.944113471129045534e-01,2.206131559471432302e-01,-6.933275793195374792e-01,4.177655759649422929e-01,-9.003459471701878991e-01,6.787376818201616979e-01
